2408.0	1434.0	2047.5
2395.0	1434.0	2047.5
2397.0	1434.0	2047.5
2395.0	1435.0	2047.5
2399.0	1435.0	2047.5
2396.0	1432.0	2047.5
2396.0	1435.0	2047.5
2397.0	1433.0	2047.5
2395.0	1435.0	2047.5
2396.0	1436.0	2047.5
2395.0	1433.0	2047.5
2397.0	1433.0	2047.5
2400.0	1434.0	2047.5
2397.0	1434.0	2047.5
2400.0	1434.0	2047.5
2397.0	1433.0	2047.5
2398.0	1434.0	2047.5
2395.0	1435.0	2047.5
2396.0	1434.0	2047.5
2415.0	1434.0	2047.5
2394.0	1433.0	2047.5
2395.0	1434.0	2047.5
2399.0	1436.0	2047.5
2395.0	1434.0	2047.5
2398.0	1435.0	2047.5
2395.0	1432.0	2047.5
2395.0	1434.0	2047.5
2395.0	1432.0	2047.5
2397.0	1433.0	2047.5
2395.0	1436.0	2047.5
2395.0	1435.0	2047.5
2395.0	1437.0	2047.5
2394.0	1433.0	2047.5
2398.0	1435.0	2047.5
2395.0	1430.0	2047.5
2395.0	1438.0	2047.5
2396.0	1435.0	2047.5
2396.0	1431.0	2047.5
2390.0	1434.0	2047.5
2396.0	1442.0	2047.5
2397.0	1435.0	2047.5
2396.0	1433.0	2047.5
2396.0	1436.0	2047.5
2397.0	1448.0	2047.5
2396.0	1435.0	2047.5
2399.0	1439.0	2047.5
2395.0	1435.0	2047.5
2395.0	1434.0	2047.5
2396.0	1435.0	2047.5
2395.0	1433.0	2047.5
2397.0	1434.0	2047.5
2396.0	1434.0	2047.5
2396.0	1432.0	2047.5
2395.0	1433.0	2047.5
2396.0	1434.0	2047.5
2396.0	1433.0	2047.5
2395.0	1434.0	2047.5
2394.0	1431.0	2047.5
2397.0	1435.0	2047.5
2393.0	1431.0	2047.5
2395.0	1434.0	2047.5
2394.0	1438.0	2047.5
2396.0	1432.0	2047.5
2394.0	1437.0	2047.5
2394.0	1434.0	2047.5
2394.0	1433.0	2047.5
2397.0	1435.0	2047.5
2389.0	1434.0	2047.5
2396.0	1433.0	2047.5
2393.0	1431.0	2047.5
2395.0	1432.0	2047.5
2404.0	1435.0	2047.5
2398.0	1436.0	2047.5
2397.0	1435.0	2047.5
2395.0	1431.0	2047.5
2399.0	1434.0	2047.5
2395.0	1432.0	2047.5
2402.0	1435.0	2047.5
2395.0	1433.0	2047.5
2400.0	1434.0	2047.5
2395.0	1435.0	2047.5
2393.0	1434.0	2047.5
2395.0	1435.0	2047.5
2397.0	1438.0	2047.5
2395.0	1432.0	2047.5
2396.0	1434.0	2047.5
2398.0	1434.0	2047.5
2397.0	1435.0	2047.5
2396.0	1436.0	2047.5
2394.0	1434.0	2047.5
2395.0	1432.0	2047.5
2395.0	1433.0	2047.5
2399.0	1433.0	2047.5
2394.0	1433.0	2047.5
2395.0	1435.0	2047.5
2398.0	1433.0	2047.5
2395.0	1434.0	2047.5
2397.0	1433.0	2047.5
2396.0	1435.0	2047.5
2395.0	1434.0	2047.5
2397.0	1436.0	2047.5
2397.0	1436.0	2047.5
2395.0	1432.0	2047.5
2397.0	1432.0	2047.5
2395.0	1433.0	2047.5
2395.0	1435.0	2047.5
2396.0	1434.0	2047.5
2397.0	1436.0	2047.5
2394.0	1432.0	2047.5
2394.0	1434.0	2047.5
2395.0	1438.0	2047.5
2398.0	1436.0	2047.5
2396.0	1432.0	2047.5
2395.0	1435.0	2047.5
2398.0	1433.0	2047.5
2396.0	1433.0	2047.5
2397.0	1428.0	2047.5
2395.0	1436.0	2047.5
2395.0	1436.0	2047.5
2395.0	1434.0	2047.5
2396.0	1434.0	2047.5
2395.0	1433.0	2047.5
2396.0	1437.0	2047.5
2398.0	1434.0	2047.5
2397.0	1433.0	2047.5
2394.0	1434.0	2047.5
2397.0	1431.0	2047.5
2395.0	1435.0	2047.5
2396.0	1434.0	2047.5
2397.0	1434.0	2047.5
2397.0	1436.0	2047.5
2398.0	1435.0	2047.5
2396.0	1435.0	2047.5
2396.0	1435.0	2047.5
2394.0	1431.0	2047.5
2397.0	1436.0	2047.5
2396.0	1433.0	2047.5
2395.0	1433.0	2047.5
2396.0	1432.0	2047.5
2394.0	1433.0	2047.5
2405.0	1434.0	2047.5
2396.0	1434.0	2047.5
2397.0	1433.0	2047.5
2397.0	1433.0	2047.5
2402.0	1435.0	2047.5
2395.0	1435.0	2047.5
2398.0	1433.0	2047.5
2396.0	1433.0	2047.5
2399.0	1434.0	2047.5
2394.0	1434.0	2047.5
2393.0	1435.0	2047.5
2399.0	1434.0	2047.5
2397.0	1433.0	2047.5
2397.0	1432.0	2047.5
2396.0	1434.0	2047.5
2395.0	1432.0	2047.5
2399.0	1432.0	2047.5
2394.0	1435.0	2047.5
2396.0	1433.0	2047.5
2396.0	1435.0	2047.5
2398.0	1434.0	2047.5
2395.0	1435.0	2047.5
2397.0	1435.0	2047.5
2396.0	1432.0	2047.5
2397.0	1434.0	2047.5
2397.0	1433.0	2047.5
2397.0	1434.0	2047.5
2396.0	1433.0	2047.5
2396.0	1433.0	2047.5
2396.0	1435.0	2047.5
2395.0	1431.0	2047.5
2396.0	1435.0	2047.5
2395.0	1437.0	2047.5
2398.0	1432.0	2047.5
2394.0	1435.0	2047.5
2396.0	1435.0	2047.5
2398.0	1435.0	2047.5
2395.0	1432.0	2047.5
2397.0	1435.0	2047.5
2395.0	1432.0	2047.5
2396.0	1435.0	2047.5
2397.0	1432.0	2047.5
2395.0	1434.0	2047.5
2396.0	1434.0	2047.5
2395.0	1433.0	2047.5
2395.0	1430.0	2047.5
2396.0	1436.0	2047.5
2395.0	1433.0	2047.5
2395.0	1433.0	2047.5
2395.0	1428.0	2047.5
2396.0	1435.0	2047.5
2396.0	1437.0	2047.5
2395.0	1434.0	2047.5
2395.0	1446.0	2047.5
2396.0	1434.0	2047.5
2397.0	1440.0	2047.5
2394.0	1434.0	2047.5
2398.0	1433.0	2047.5
2396.0	1434.0	2047.5
2393.0	1431.0	2047.5
2394.0	1435.0	2047.5
2396.0	1436.0	2047.5
1972.0	2054.0	2047.5
1973.0	2053.0	2047.5
1968.0	2052.0	2047.5
1982.0	2058.0	2047.5
1987.0	2052.0	2047.5
2018.0	2053.0	2047.5
2039.0	2054.0	2047.5
2036.0	2054.0	2047.5
2035.0	2054.0	2047.5
2037.0	2042.0	2047.5
2044.0	2039.0	2047.5
2046.0	2042.0	2047.5
2048.0	2043.0	2047.5
2047.0	2041.0	2047.5
2047.0	2040.0	2047.5
2049.0	2046.0	2047.5
2045.0	2041.0	2047.5
2047.0	2039.0	2047.5
2047.0	2042.0	2047.5
2045.0	2041.0	2047.5
2047.0	2041.0	2047.5
2045.0	2039.0	2047.5
2046.0	2041.0	2047.5
2046.0	2041.0	2047.5
2050.0	2041.0	2047.5
2046.0	2038.0	2047.5
2048.0	2042.0	2047.5
2046.0	2039.0	2047.5
2046.0	2039.0	2047.5
2045.0	2046.0	2047.5
2047.0	2041.0	2047.5
2055.0	2040.0	2047.5
2045.0	2042.0	2047.5
2046.0	2039.0	2047.5
2045.0	2040.0	2047.5
2045.0	2040.0	2047.5
2049.0	2040.0	2047.5
2048.0	2040.0	2047.5
2045.0	2045.0	2047.5
2045.0	2040.0	2047.5
2048.0	2042.0	2047.5
2045.0	2041.0	2047.5
2046.0	2039.0	2047.5
2046.0	2042.0	2047.5
2048.0	2039.0	2047.5
2046.0	2040.0	2047.5
2044.0	2042.0	2047.5
2046.0	2039.0	2047.5
2046.0	2041.0	2047.5
2045.0	2041.0	2047.5
2047.0	2034.0	2047.5
2046.0	2039.0	2047.5
2046.0	2028.0	2047.5
2045.0	2040.0	2047.5
2048.0	2041.0	2047.5
2044.0	2042.0	2047.5
2047.0	2039.0	2047.5
2046.0	2039.0	2047.5
2045.0	2038.0	2047.5
2049.0	2042.0	2047.5
2046.0	2041.0	2047.5
2054.0	2039.0	2047.5
2047.0	2041.0	2047.5
2047.0	2040.0	2047.5
2046.0	2039.0	2047.5
2049.0	2038.0	2047.5
2047.0	2038.0	2047.5
2047.0	2039.0	2047.5
2046.0	2041.0	2047.5
2046.0	2040.0	2047.5
2047.0	2038.0	2047.5
2047.0	2041.0	2047.5
2045.0	2039.0	2047.5
2045.0	2041.0	2047.5
2048.0	2041.0	2047.5
2050.0	2042.0	2047.5
2047.0	2039.0	2047.5
2049.0	2041.0	2047.5
2046.0	2040.0	2047.5
2046.0	2041.0	2047.5
2044.0	2047.0	2047.5
2046.0	2039.0	2047.5
2058.0	2041.0	2047.5
2047.0	2040.0	2047.5
2046.0	2039.0	2047.5
2048.0	2041.0	2047.5
2045.0	2039.0	2047.5
2045.0	2042.0	2047.5
2046.0	2040.0	2047.5
2045.0	2040.0	2047.5
2047.0	2039.0	2047.5
2047.0	2041.0	2047.5
2047.0	2041.0	2047.5
2045.0	2041.0	2047.5
2047.0	2043.0	2047.5
2048.0	2040.0	2047.5
2043.0	2037.0	2047.5
2047.0	2041.0	2047.5
2047.0	2040.0	2047.5
2048.0	2043.0	2047.5
2047.0	2040.0	2047.5
2047.0	2049.0	2047.5
2045.0	2040.0	2047.5
2043.0	2041.0	2047.5
2047.0	2039.0	2047.5
2048.0	2040.0	2047.5
2045.0	2040.0	2047.5
2045.0	2040.0	2047.5
2046.0	2037.0	2047.5
2046.0	2042.0	2047.5
2046.0	2035.0	2047.5
2046.0	2042.0	2047.5
2042.0	2041.0	2047.5
2046.0	2042.0	2047.5
2046.0	2042.0	2047.5
2047.0	2041.0	2047.5
2046.0	2041.0	2047.5
2045.0	2043.0	2047.5
2046.0	2041.0	2047.5
2039.0	2036.0	2047.5
2048.0	2038.0	2047.5
2046.0	2039.0	2047.5
2047.0	2040.0	2047.5
2046.0	2038.0	2047.5
2045.0	2044.0	2047.5
2047.0	2040.0	2047.5
2044.0	2038.0	2047.5
2046.0	2041.0	2047.5
2046.0	2041.0	2047.5
2045.0	2043.0	2047.5
2048.0	2043.0	2047.5
2046.0	2040.0	2047.5
2047.0	2042.0	2047.5
2046.0	2038.0	2047.5
2048.0	2043.0	2047.5
2047.0	2041.0	2047.5
2047.0	2043.0	2047.5
2045.0	2041.0	2047.5
2045.0	2034.0	2047.5
2045.0	2039.0	2047.5
2045.0	2042.0	2047.5
2045.0	2042.0	2047.5
2046.0	2027.0	2047.5
2046.0	2041.0	2047.5
2041.0	2040.0	2047.5
2048.0	2042.0	2047.5
2047.0	2040.0	2047.5
2047.0	2041.0	2047.5
2047.0	2041.0	2047.5
2046.0	2046.0	2047.5
2048.0	2039.0	2047.5
2057.0	2040.0	2047.5
2047.0	2041.0	2047.5
2047.0	2039.0	2047.5
2046.0	2041.0	2047.5
2048.0	2040.0	2047.5
2046.0	2034.0	2047.5
2047.0	2041.0	2047.5
2045.0	2044.0	2047.5
2044.0	2040.0	2047.5
2049.0	2043.0	2047.5
2045.0	2040.0	2047.5
2045.0	2041.0	2047.5
2045.0	2036.0	2047.5
2049.0	2043.0	2047.5
2047.0	2040.0	2047.5
2047.0	2041.0	2047.5
2044.0	2042.0	2047.5
2047.0	2042.0	2047.5
2049.0	2039.0	2047.5
2046.0	2041.0	2047.5
2046.0	2040.0	2047.5
2046.0	2042.0	2047.5
2045.0	2042.0	2047.5
2047.0	2041.0	2047.5
2045.0	2040.0	2047.5
2044.0	2038.0	2047.5
2046.0	2041.0	2047.5
2047.0	2041.0	2047.5
2048.0	2041.0	2047.5
2048.0	2040.0	2047.5
2044.0	2041.0	2047.5
2048.0	2041.0	2047.5
2044.0	2045.0	2047.5
2045.0	2042.0	2047.5
2049.0	2042.0	2047.5
2047.0	2042.0	2047.5
2050.0	2042.0	2047.5
2047.0	2040.0	2047.5
2046.0	2040.0	2047.5
2046.0	2040.0	2047.5
2048.0	2041.0	2047.5
2037.0	2035.0	2047.5
2037.0	2042.0	2047.5
2044.0	2054.0	2047.5
2037.0	2054.0	2047.5
2039.0	2050.0	2047.5
2036.0	2053.0	2047.5
2036.0	2051.0	2047.5
2036.0	2060.0	2047.5
2038.0	2052.0	2047.5
2034.0	2052.0	2047.5
2037.0	2053.0	2047.5
2037.0	2053.0	2047.5
2037.0	2053.0	2047.5
2038.0	2053.0	2047.5
2037.0	2050.0	2047.5
2036.0	2054.0	2047.5
2039.0	2046.0	2047.5
2036.0	2053.0	2047.5
2044.0	2054.0	2047.5
2039.0	2052.0	2047.5
2038.0	2053.0	2047.5
2039.0	2051.0	2047.5
2037.0	2053.0	2047.5
2025.0	2056.0	2047.5
2028.0	2055.0	2047.5
2025.0	2055.0	2047.5
2028.0	2053.0	2047.5
2026.0	2053.0	2047.5
2026.0	2052.0	2047.5
2028.0	2052.0	2047.5
2026.0	2053.0	2047.5
2026.0	2055.0	2047.5
2027.0	2048.0	2047.5
2025.0	2054.0	2047.5
2026.0	2052.0	2047.5
2024.0	2052.0	2047.5
2026.0	2054.0	2047.5
2026.0	2053.0	2047.5
2025.0	2051.0	2047.5
2026.0	2051.0	2047.5
2027.0	2052.0	2047.5
2030.0	2049.0	2047.5
2027.0	2052.0	2047.5
2032.0	2054.0	2047.5
2026.0	2052.0	2047.5
2028.0	2054.0	2047.5
2027.0	2052.0	2047.5
2038.0	2053.0	2047.5
2037.0	2048.0	2047.5
2035.0	2052.0	2047.5
2036.0	2054.0	2047.5
2038.0	2053.0	2047.5
2036.0	2052.0	2047.5
2035.0	2053.0	2047.5
2036.0	2054.0	2047.5
2036.0	2053.0	2047.5
2038.0	2054.0	2047.5
2036.0	2046.0	2047.5
2038.0	2054.0	2047.5
2044.0	2053.0	2047.5
2038.0	2065.0	2047.5
2035.0	2052.0	2047.5
2038.0	2056.0	2047.5
2036.0	2051.0	2047.5
2038.0	2052.0	2047.5
2037.0	2053.0	2047.5
2035.0	2058.0	2047.5
2037.0	2055.0	2047.5
2038.0	2052.0	2047.5
2037.0	2054.0	2047.5
2038.0	2051.0	2047.5
2036.0	2054.0	2047.5
2036.0	2054.0	2047.5
2036.0	2068.0	2047.5
2036.0	2054.0	2047.5
2036.0	2053.0	2047.5
2036.0	2052.0	2047.5
2038.0	2052.0	2047.5
2038.0	2051.0	2047.5
2038.0	2054.0	2047.5
2037.0	2052.0	2047.5
2035.0	2052.0	2047.5
2035.0	2053.0	2047.5
2038.0	2053.0	2047.5
2041.0	2053.0	2047.5
2039.0	2054.0	2047.5
2035.0	2055.0	2047.5
2037.0	2055.0	2047.5
2036.0	2054.0	2047.5
2037.0	2053.0	2047.5
2036.0	2055.0	2047.5
2035.0	2051.0	2047.5
2037.0	2054.0	2047.5
2036.0	2052.0	2047.5
2037.0	2052.0	2047.5
2035.0	2055.0	2047.5
2036.0	2048.0	2047.5
2038.0	2051.0	2047.5
2036.0	2057.0	2047.5
2037.0	2053.0	2047.5
2041.0	2053.0	2047.5
2036.0	2053.0	2047.5
2040.0	2054.0	2047.5
2038.0	2054.0	2047.5
2036.0	2053.0	2047.5
2039.0	2048.0	2047.5
2037.0	2054.0	2047.5
2038.0	2059.0	2047.5
2039.0	2052.0	2047.5
2039.0	2053.0	2047.5
2036.0	2054.0	2047.5
2037.0	2052.0	2047.5
2037.0	2051.0	2047.5
2038.0	2057.0	2047.5
2035.0	2055.0	2047.5
2038.0	2054.0	2047.5
2035.0	2056.0	2047.5
2038.0	2054.0	2047.5
2038.0	2053.0	2047.5
2037.0	2052.0	2047.5
2036.0	2053.0	2047.5
2037.0	2052.0	2047.5
2036.0	2052.0	2047.5
2031.0	2052.0	2047.5
2036.0	2055.0	2047.5
2044.0	2053.0	2118.8583984375
2039.0	2055.0	2127.673828125
2035.0	2054.0	2134.7431640625
2037.0	2052.0	2131.325927734375
2034.0	2053.0	2136.6826171875
2036.0	2054.0	2133.26708984375
2037.0	2054.0	2131.624755859375
2037.0	2052.0	2131.695068359375
2038.0	2053.0	2130.047607421875
2036.0	2051.0	2133.67626953125
2040.0	2054.0	2126.73193359375
2036.0	2054.0	2133.825927734375
2035.0	2054.0	2135.64990234375
2037.0	2052.0	2132.183349609375
2025.0	2053.0	2152.93310546875
2027.0	2051.0	2149.102294921875
2028.0	2054.0	2147.04541015625
2027.0	2053.0	2148.519287109375
2026.0	2053.0	2150.005615234375
2026.0	2050.0	2149.74560546875
2028.0	2052.0	2146.00048828125
2026.0	2052.0	2149.3017578125
2027.0	2052.0	2147.337646484375
2026.0	2055.0	2148.9150390625
2028.0	2054.0	2145.244873046875
2025.0	2052.0	2150.349853515625
2029.0	2050.0	2143.169921875
2030.0	2054.0	2141.28271484375
2028.0	2047.0	2144.685791015625
2026.0	2055.0	2148.1123046875
2022.0	2052.0	2155.070068359375
2027.0	2054.0	2146.216552734375
2026.0	2055.0	2147.870361328125
2027.0	2051.0	2146.032958984375
2029.0	2053.0	2142.4970703125
2026.0	2049.0	2147.70068359375
2026.0	2053.0	2147.66357421875
2024.0	2053.0	2151.115478515625
2025.0	2053.0	2149.352783203125
2030.0	2055.0	2140.522705078125
2025.0	2053.0	2149.320068359375
2028.0	2052.0	2144.05517578125
2028.0	2054.0	2144.096435546875
2029.0	2054.0	2142.345947265625
2026.0	2048.0	2147.614990234375
2026.0	2056.0	2147.599609375
2033.0	2052.0	2135.357177734375
2025.0	2055.0	2149.390869140625
2026.0	2054.0	2147.641357421875
2027.0	2050.0	2145.909423828125
2019.0	2055.0	2159.979736328125
2019.0	2051.0	2159.596435546875
2018.0	2054.0	2161.01806640625
2017.0	2050.0	2162.418701171875
2021.0	2053.0	2155.096923828125
2019.0	2054.0	2158.34423828125
2017.0	2050.0	2161.59765625
2020.0	2051.0	2156.111328125
2017.0	2055.0	2161.15869140625
2017.0	2053.0	2160.937255859375
2015.0	2049.0	2164.269775390625
2018.0	2052.0	2158.854248046875
2015.0	2052.0	2163.95263671875
2018.0	2055.0	2158.54345703125
2017.0	2052.0	2160.148681640625
2018.0	2060.0	2158.244140625
2018.0	2053.0	2158.161376953125
2017.0	2054.0	2159.855224609375
2017.0	2054.0	2159.771728515625
2016.0	2055.0	2161.432373046875
2017.0	2052.0	2159.597900390625
2018.0	2054.0	2157.771240234375
2019.0	2052.0	2155.961181640625
2017.0	2066.0	2159.41259765625
2021.0	2072.0	2152.370849609375
2018.0	2068.0	2157.61767578125
2021.0	2067.0	2152.339111328125
2007.0	2067.0	2176.76318359375
2009.0	2066.0	2172.81201171875
2009.0	2067.0	2172.395263671875
2006.0	2080.0	2177.2724609375
2007.0	2078.0	2175.15380859375
2007.0	2079.0	2174.864501953125
2009.0	2080.0	2171.03955078125
2008.0	2092.0	2172.52001953125
2007.0	2092.0	2173.996337890625
2006.0	2094.0	2175.4990234375
2009.0	2091.0	2169.995849609375
2007.0	2111.0	2173.2626953125
2007.0	2107.0	2173.072998046875
2006.0	2109.0	2174.6455078125
2011.0	2105.0	2165.742431640625
2008.0	2106.0	2170.863037109375
2010.0	2117.0	2167.198486328125
2009.0	2118.0	2168.856689453125
2008.0	2125.0	2170.5224609375
2006.0	2131.0	2173.91748046875
2007.0	2134.0	2172.079833984375
2008.0	2146.0	2170.254638671875
2009.0	2145.0	2168.39013671875
2006.0	2143.0	2173.593994140625
2008.0	2144.0	2170.04638671875
2007.0	2154.0	2171.7568359375
2006.0	2133.0	2173.40673828125
2007.0	2173.0	2171.608154296875
2007.0	2167.0	2171.576416015625
2005.0	2185.0	2175.04833984375
2017.0	2183.0	2154.161865234375
2021.0	2198.0	2147.56591796875
2016.0	2194.0	2156.7529296875
2016.0	2194.0	2157.153076171875
2017.0	2212.0	2155.780029296875
2018.0	2210.0	2154.430908203125
2001.0	2209.0	2184.537109375
2018.0	2224.0	2155.07470703125
2015.0	2236.0	2160.64404296875
2018.0	2239.0	2155.68505859375
2016.0	2233.0	2159.496826171875
2019.0	2251.0	2154.559814453125
2016.0	2245.0	2160.11328125
2024.0	2248.0	2146.371826171875
2019.0	2262.0	2155.396484375
2016.0	2275.0	2160.880859375
2029.0	2274.0	2138.401123046875
2028.0	2290.0	2140.7978515625
2026.0	2300.0	2144.9130859375
2026.0	2299.0	2145.50732421875
2027.0	2301.0	2144.303955078125
2025.0	2313.0	2148.34765625
2026.0	2314.0	2147.087646484375
2029.0	2327.0	2142.29638671875
2029.0	2327.0	2142.751708984375
2026.0	2328.0	2148.451904296875
2028.0	2340.0	2145.361083984375
2039.0	2338.0	2126.65966796875
2036.0	2352.0	2132.732421875
2037.0	2363.0	2131.7490234375
2035.0	2364.0	2135.9912109375
2037.0	2367.0	2133.191650390625
2037.0	2365.0	2133.85302734375
2036.0	2379.0	2136.25927734375
2036.0	2383.0	2136.880859375
2039.0	2379.0	2132.208251953125
2039.0	2391.0	2132.763916015625
2039.0	2393.0	2133.27490234375
2036.0	2404.0	2139.07763671875
2037.0	2403.0	2137.8017578125
2037.0	2405.0	2138.276123046875
2037.0	2403.0	2138.741455078125
2038.0	2419.0	2137.410400390625
2044.0	2415.0	2127.514892578125
2045.0	2417.0	2126.5546875
2046.0	2434.0	2125.559326171875
2046.0	2430.0	2126.283203125
2046.0	2432.0	2126.960205078125
2046.0	2435.0	2127.6240234375
2048.0	2444.0	2124.735595703125
2043.0	2443.0	2134.0732421875
2046.0	2445.0	2129.360107421875
2047.0	2444.0	2128.10888671875
2048.0	2443.0	2126.871826171875
2047.0	2445.0	2129.105224609375
2046.0	2445.0	2131.312255859375
2046.0	2444.0	2131.76318359375
2047.0	2453.0	2130.427978515625
2045.0	2446.0	2134.331298828125
2045.0	2459.0	2134.701416015625
2046.0	2459.0	2133.308837890625
2049.0	2459.0	2128.425048828125
2047.0	2458.0	2132.271240234375
2047.0	2458.0	2132.63232421875
2047.0	2456.0	2132.914794921875
2046.0	2458.0	2134.963134765625
2047.0	2460.0	2133.527099609375
2048.0	2457.0	2132.043701171875
2050.0	2457.0	2128.831787109375
2049.0	2454.0	2130.8623046875
2045.0	2456.0	2138.131103515625
2045.0	2458.0	2138.414306640625
2045.0	2444.0	2138.63623046875
2046.0	2450.0	2137.128662109375
2047.0	2444.0	2135.60205078125
2046.0	2443.0	2137.531494140625
2046.0	2443.0	2137.725830078125
2050.0	2442.0	2130.887451171875
2048.0	2443.0	2134.572265625
2047.0	2433.0	2136.482421875
2047.0	2430.0	2136.67333984375
2050.0	2433.0	2131.607421875
2046.0	2433.0	2138.810791015625
2046.0	2418.0	2138.97021484375
2038.0	2413.0	2153.12158203125
2046.0	2416.0	2139.275634765625
2045.0	2412.0	2141.1787109375
2044.0	2403.0	2143.065185546875
2046.0	2404.0	2139.72607421875
2046.0	2408.0	2139.84375
2048.0	2394.0	2136.501953125
2045.0	2391.0	2141.89599609375
2046.0	2378.0	2140.258056640625
2045.0	2381.0	2142.123291015625
2046.0	2380.0	2140.471435546875
2049.0	2366.0	2135.336669921875
2047.0	2364.0	2138.924072265625
2047.0	2355.0	2139.042724609375
2048.0	2354.0	2137.422607421875
2045.0	2352.0	2142.785400390625
2040.0	2340.0	2151.359130859375
2036.0	2340.0	2158.128662109375
2036.0	2326.0	2157.84716796875
2037.0	2326.0	2155.859130859375
2038.0	2312.0	2153.875
2035.0	2318.0	2158.937255859375
2037.0	2313.0	2155.204833984375
2053.0	2315.0	2126.988037109375
2036.0	2301.0	2156.63818359375
2038.0	2289.0	2152.98974609375
2036.0	2288.0	2156.336181640625
2039.0	2273.0	2150.9443359375
2038.0	2274.0	2152.561279296875
2037.0	2259.0	2154.192138671875
2037.0	2245.0	2154.09033203125
2036.0	2248.0	2155.811279296875
2030.0	2247.0	2166.23828125
2029.0	2235.0	2167.56787109375
2026.0	2236.0	2172.3740234375
2026.0	2224.0	2171.90478515625
2027.0	2221.0	2169.724853515625
2021.0	2204.0	2179.8251953125
2029.0	2208.0	2165.416748046875
2028.0	2196.0	2166.826416015625
2026.0	2195.0	2170.001708984375
2026.0	2183.0	2169.6845703125
2028.0	2183.0	2165.89794921875
2017.0	2182.0	2184.5927734375
2015.0	2171.0	2187.483154296875
2018.0	2170.0	2181.635009765625
2018.0	2158.0	2181.160400390625
2017.0	2157.0	2182.398681640625
2020.0	2144.0	2176.673828125
2016.0	2151.0	2183.232421875
2018.0	2144.0	2179.28271484375
2017.0	2128.0	2180.6474609375
2019.0	2131.0	2176.804931640625
2015.0	2130.0	2183.483154296875
2018.0	2117.0	2177.856201171875
2016.0	2119.0	2181.084228515625
2016.0	2123.0	2180.8056640625
2017.0	2105.0	2178.7919921875
2016.0	2110.0	2180.309814453125
2020.0	2104.0	2173.056884765625
2015.0	2105.0	2181.64990234375
2016.0	2093.0	2179.707275390625
2017.0	2092.0	2177.7607421875
2015.0	2091.0	2181.0859375
2017.0	2092.0	2177.399169921875
2017.0	2080.0	2177.2587890625
2017.0	2079.0	2177.145263671875
2022.0	2080.0	2168.248291015625
2017.0	2082.0	2176.9287109375
2017.0	2065.0	2176.85205078125
2018.0	2064.0	2174.976318359375
2019.0	2067.0	2173.156982421875
2016.0	2073.0	2178.362060546875
2018.0	2067.0	2174.81982421875
2032.0	2071.0	2150.235107421875
2021.0	2067.0	2169.502197265625
2015.0	2066.0	2180.02294921875
2019.0	2066.0	2172.9853515625
2016.0	2065.0	2178.223388671875
2019.0	2069.0	2172.9794921875
2018.0	2052.0	2174.74658203125
2016.0	2053.0	2178.23046875
2016.0	2053.0	2178.2177734375
2017.0	2055.0	2176.470458984375
2018.0	2054.0	2174.754150390625
2017.0	2052.0	2176.522705078125
2017.0	2060.0	2176.527099609375
2018.0	2054.0	2174.81494140625
2018.0	2051.0	2174.81689453125
2027.0	2053.0	2159.4052734375
2025.0	2054.0	2163.323486328125
2025.0	2066.0	2163.74658203125
2027.0	2068.0	2160.5947265625
2028.0	2065.0	2159.20556640625
2026.0	2066.0	2163.1083984375
2025.0	2066.0	2165.21923828125
2025.0	2067.0	2165.55078125
2030.0	2067.0	2157.127197265625
2027.0	2069.0	2162.704345703125
2036.0	2069.0	2147.588623046875
2035.0	2087.0	2150.01220703125
2037.0	2079.0	2147.14794921875
2039.0	2083.0	2144.255615234375
2037.0	2079.0	2148.35693359375
2038.0	2092.0	2147.223876953125
2038.0	2093.0	2147.78271484375
2035.0	2093.0	2153.54736328125
2036.0	2093.0	2152.298095703125
2038.0	2095.0	2149.281005859375
2046.0	2104.0	2136.065185546875
2049.0	2106.0	2131.613525390625
2047.0	2107.0	2135.9013671875
2045.0	2117.0	2140.138916015625
2049.0	2118.0	2133.8662109375
2046.0	2117.0	2139.783203125
2057.0	2132.0	2121.182861328125
2055.0	2133.0	2125.7529296875
2055.0	2132.0	2126.789794921875
2054.0	2132.0	2129.465087890625
2057.0	2145.0	2125.110595703125
2058.0	2146.0	2124.1787109375
2056.0	2145.0	2128.52490234375
2065.0	2159.0	2113.830810546875
2066.0	2161.0	2113.246337890625
2067.0	2171.0	2112.578369140625
2065.0	2168.0	2117.121826171875
2066.0	2171.0	2116.362060546875
2074.0	2184.0	2103.29931640625
2067.0	2184.0	2116.465087890625
2075.0	2196.0	2103.667236328125
2077.0	2195.0	2101.376708984375
2077.0	2194.0	2102.51953125
2076.0	2217.0	2105.376708984375
2073.0	2209.0	2111.655517578125
2089.0	2223.0	2084.677490234375
2085.0	2221.0	2093.0302734375
2086.0	2221.0	2092.58056640625
2085.0	2241.0	2095.563232421875
2086.0	2234.0	2094.9736328125
2084.0	2249.0	2099.553466796875
2087.0	2249.0	2095.344482421875
2099.0	2246.0	2075.475830078125
2096.0	2261.0	2082.054443359375
2096.0	2273.0	2083.328125
2096.0	2272.0	2084.519775390625
2094.0	2289.0	2089.15380859375
2094.0	2286.0	2090.227294921875
2095.0	2287.0	2089.49853515625
2104.0	2302.0	2075.00439453125
2105.0	2302.0	2074.63134765625
2107.0	2314.0	2072.379150390625
2103.0	2310.0	2080.567626953125
2105.0	2328.0	2078.198974609375
2103.0	2342.0	2082.781494140625
2103.0	2325.0	2083.812255859375
2107.0	2342.0	2077.80615234375
2107.0	2340.0	2078.75732421875
2107.0	2341.0	2079.632568359375
2115.0	2353.0	2066.739990234375
2115.0	2352.0	2067.9140625
2115.0	2363.0	2069.059814453125
2114.0	2365.0	2071.84912109375
2111.0	2364.0	2078.087158203125
2112.0	2381.0	2077.2998046875
2115.0	2381.0	2072.89013671875
2116.0	2381.0	2071.999267578125
2115.0	2380.0	2074.5966796875
2114.0	2393.0	2077.135009765625
2116.0	2393.0	2074.35302734375
2121.0	2388.0	2066.445068359375
2125.0	2393.0	2060.5009765625
2127.0	2405.0	2058.036865234375
2125.0	2405.0	2062.49658203125
2124.0	2405.0	2065.157958984375
2123.0	2404.0	2067.77685546875
2125.0	2405.0	2065.1142578125
2125.0	2422.0	2065.910888671875
2123.0	2418.0	2070.1552734375
2124.0	2415.0	2069.126953125
2123.0	2420.0	2071.578369140625
2126.0	2418.0	2066.950439453125
2123.0	2417.0	2072.806396484375
2125.0	2418.0	2069.8212890625
2125.0	2417.0	2070.393310546875
2125.0	2420.0	2070.903564453125
2125.0	2421.0	2071.3876953125
2125.0	2418.0	2071.857666015625
2131.0	2420.0	2061.7900390625
2124.0	2420.0	2074.483154296875
2123.0	2418.0	2076.6455078125
2125.0	2419.0	2073.53271484375
2125.0	2415.0	2073.89404296875
2124.0	2422.0	2075.990234375
2125.0	2418.0	2074.55908203125
2122.0	2415.0	2080.069091796875
2123.0	2416.0	2078.7197265625
2126.0	2419.0	2073.759033203125
2124.0	2416.0	2077.529541015625
2125.0	2419.0	2076.01611328125
2125.0	2433.0	2076.2431640625
2124.0	2404.0	2078.22265625
2124.0	2399.0	2078.424560546875
2125.0	2403.0	2076.88134765625
2122.0	2407.0	2082.312255859375
2125.0	2406.0	2077.237060546875
2123.0	2405.0	2080.90771484375
2126.0	2392.0	2075.811767578125
2123.0	2393.0	2081.206787109375
2123.0	2401.0	2081.39501953125
2127.0	2379.0	2074.51806640625
2123.0	2379.0	2081.67822265625
2124.0	2381.0	2080.044677734375
2125.0	2378.0	2078.4365234375
2124.0	2365.0	2080.280517578125
2114.0	2365.0	2097.66650390625
2115.0	2362.0	2095.62548828125
2116.0	2351.0	2093.579345703125
2112.0	2354.0	2100.318359375
2113.0	2354.0	2098.304931640625
2118.0	2339.0	2089.312744140625
2113.0	2338.0	2097.8349609375
2115.0	2326.0	2094.1484375
2115.0	2326.0	2093.9267578125
2105.0	2327.0	2110.92041015625
2103.0	2316.0	2113.8427734375
2104.0	2316.0	2111.557373046875
2109.0	2315.0	2102.280517578125
2104.0	2301.0	2110.552978515625
2105.0	2301.0	2108.352294921875
2095.0	2287.0	2125.41748046875
2096.0	2286.0	2122.810546875
2093.0	2284.0	2127.27001953125
2093.0	2276.0	2126.512939453125
2096.0	2260.0	2120.53271484375
2086.0	2246.0	2137.11083984375
2087.0	2249.0	2134.327880859375
2086.0	2235.0	2135.11865234375
2084.0	2235.0	2137.63037109375
2086.0	2222.0	2133.27392578125
2075.0	2220.0	2151.704833984375
2074.0	2227.0	2152.2724609375
2075.0	2210.0	2149.384521484375
2077.0	2209.0	2144.781982421875
2076.0	2194.0	2145.534912109375
2074.0	2198.0	2148.110595703125
2067.0	2176.0	2159.27734375
2066.0	2184.0	2159.791748046875
2066.0	2172.0	2158.61328125
2065.0	2171.0	2159.236572265625
2056.0	2156.0	2173.92236328125
2057.0	2156.0	2170.72900390625
2056.0	2158.0	2171.13427734375
2057.0	2142.0	2168.15966796875
2057.0	2143.0	2166.95751953125
2048.0	2130.0	2181.31982421875
2048.0	2128.0	2179.8046875
2051.0	2130.0	2173.13134765625
2045.0	2119.0	2182.349609375
2046.0	2118.0	2179.376220703125
2036.0	2101.0	2195.705078125
2036.0	2107.0	2194.194091796875
2037.0	2107.0	2190.994384765625
2037.0	2104.0	2189.648193359375
2041.0	2091.0	2181.357177734375
2026.0	2092.0	2206.144775390625
2026.0	2093.0	2204.603271484375
2028.0	2079.0	2199.6357421875
2026.0	2078.0	2201.766357421875
2027.0	2081.0	2198.7060546875
2017.0	2067.0	2214.62646484375
2020.0	2068.0	2207.8046875
2016.0	2067.0	2213.36572265625
2017.0	2066.0	2210.25341796875
2017.0	2067.0	2208.944580078125
2008.0	2054.0	2223.24365234375
2010.0	2058.0	2218.1484375
2009.0	2053.0	2218.423828125
2008.0	2056.0	2218.7958984375
2006.0	2051.0	2220.97119140625
2010.0	2041.0	2212.73779296875
2011.0	2040.0	2209.820556640625
2006.0	2040.0	2217.49951171875
2009.0	2035.0	2211.226318359375
1999.0	2038.0	2227.536376953125
1998.0	2043.0	2227.97802734375
2000.0	2040.0	2223.285400390625
2002.0	2028.0	2218.6103515625
1999.0	2028.0	2222.756103515625
1999.0	2029.0	2221.7041015625
1998.0	2026.0	2222.49755859375
1998.0	2013.0	2221.5830078125
1997.0	2014.0	2222.462890625
1996.0	2016.0	2223.412353515625
1998.0	2015.0	2219.160888671875
1999.0	2015.0	2216.684326171875
1996.0	2027.0	2221.265869140625
1999.0	2027.0	2215.3662109375
1999.0	2027.0	2214.7802734375
1998.0	2027.0	2215.984375
1999.0	2039.0	2213.711669921875
1999.0	2039.0	2213.2138671875
2000.0	2041.0	2211.0205078125
1996.0	2040.0	2217.63818359375
1999.0	2039.0	2211.989501953125
1997.0	2040.0	2215.130615234375
1999.0	2042.0	2211.27880859375
1998.0	2053.0	2212.71484375
1999.0	2047.0	2210.671630859375
1998.0	2052.0	2212.129150390625
1995.0	2054.0	2217.140380859375
1999.0	2052.0	2209.91943359375
1997.0	2067.0	2213.23876953125
1999.0	2066.0	2209.54833984375
1998.0	2066.0	2211.125
1997.0	2062.0	2212.6875
2000.0	2077.0	2207.2890625
1996.0	2077.0	2214.1689453125
2007.0	2082.0	2195.12646484375
2004.0	2081.0	2200.6396484375
2008.0	2094.0	2193.882568359375
2007.0	2094.0	2195.907470703125
2007.0	2089.0	2196.155029296875
2009.0	2106.0	2192.876220703125
2005.0	2105.0	2200.10986328125
2009.0	2115.0	2193.31787109375
2018.0	2118.0	2177.75146484375
2018.0	2118.0	2178.4013671875
2018.0	2119.0	2179.00146484375
2017.0	2124.0	2181.3876953125
2019.0	2130.0	2178.463623046875
2016.0	2143.0	2184.230224609375
2028.0	2143.0	2163.8759765625
2026.0	2145.0	2168.2861328125
2027.0	2158.0	2167.354248046875
2025.0	2171.0	2171.6640625
2038.0	2168.0	2149.621337890625
2037.0	2172.0	2152.546875
2036.0	2181.0	2155.404296875
2036.0	2182.0	2156.4609375
2035.0	2195.0	2159.20068359375
2047.0	2195.0	2139.378662109375
2045.0	2206.0	2144.187744140625
2046.0	2205.0	2143.7021484375
2056.0	2206.0	2127.380615234375
2059.0	2216.0	2123.692626953125
2057.0	2235.0	2128.696044921875
2061.0	2237.0	2123.06640625
2058.0	2234.0	2129.638427734375
2055.0	2237.0	2136.123779296875
2067.0	2246.0	2116.499267578125
2066.0	2248.0	2119.826171875
2066.0	2262.0	2121.347412109375
2076.0	2274.0	2105.3583984375
2080.0	2273.0	2100.064208984375
2076.0	2274.0	2108.73583984375
2084.0	2288.0	2096.30029296875
2087.0	2288.0	2092.9560546875
2085.0	2301.0	2098.2763671875
2084.0	2308.0	2101.765380859375
2088.0	2314.0	2096.401123046875
2095.0	2313.0	2085.802490234375
2092.0	2326.0	2092.93505859375
2094.0	2326.0	2091.188720703125
2105.0	2338.0	2073.554443359375
2104.0	2340.0	2077.35986328125
2104.0	2343.0	2079.306884765625
2107.0	2352.0	2075.8564453125
2110.0	2350.0	2072.326416015625
2104.0	2365.0	2084.474853515625
2116.0	2365.0	2065.17236328125
2116.0	2367.0	2067.036865234375
2117.0	2381.0	2067.07177734375
2115.0	2386.0	2072.25390625
2114.0	2379.0	2075.572021484375
2131.0	2383.0	2047.2589111328125
2125.0	2391.0	2059.61328125
2124.0	2393.0	2063.159912109375
2123.0	2393.0	2066.578369140625
2124.0	2403.0	2066.419921875
2132.0	2406.0	2054.1064453125
2134.0	2407.0	2052.41748046875
2131.0	2407.0	2059.411376953125
2133.0	2421.0	2057.509033203125
2134.0	2420.0	2057.265869140625
2132.0	2418.0	2062.229736328125
2135.0	2416.0	2058.364501953125
2133.0	2415.0	2063.17626953125
2133.0	2417.0	2064.450439453125
2134.0	2432.0	2063.874267578125
2147.0	2432.0	2042.4127197265625
2146.0	2434.0	2045.6363525390625
2144.0	2431.0	2050.5556640625
2142.0	2430.0	2055.42236328125
2152.0	2429.0	2039.1375732421875
2152.0	2432.0	2040.7308349609375
2152.0	2438.0	2042.216796875
2152.0	2441.0	2043.6390380859375
2149.0	2441.0	2050.251220703125
2153.0	2445.0	2044.5164794921875
2152.0	2446.0	2047.4891357421875
2153.0	2429.0	2046.9068603515625
2151.0	2428.0	2051.490966796875
2154.0	2429.0	2047.2720947265625
2152.0	2430.0	2051.73095703125
2144.0	2424.0	2066.373291015625
2143.0	2430.0	2068.616455078125
2146.0	2432.0	2063.80419921875
2143.0	2429.0	2069.49853515625
2145.0	2430.0	2066.372802734375
2133.0	2425.0	2087.746337890625
2134.0	2417.0	2085.912841796875
2132.0	2416.0	2089.344970703125
2134.0	2417.0	2085.772216796875
2135.0	2416.0	2083.974365234375
2136.0	2404.0	2082.166259765625
2136.0	2404.0	2082.09521484375
2135.0	2407.0	2083.787353515625
2123.0	2404.0	2104.623291015625
2125.0	2390.0	2100.6708984375
2125.0	2392.0	2100.245849609375
2126.0	2396.0	2098.10009765625
2114.0	2379.0	2118.77783203125
2115.0	2378.0	2116.22802734375
2116.0	2379.0	2113.750732421875
2115.0	2378.0	2114.790283203125
2117.0	2363.0	2110.612548828125
2102.0	2366.0	2136.001953125
2105.0	2348.0	2129.807373046875
2107.0	2350.0	2125.390625
2104.0	2339.0	2129.785400390625
2105.0	2338.0	2127.173583984375
2097.0	2340.0	2140.362548828125
2094.0	2337.0	2144.449462890625
2093.0	2325.0	2145.102783203125
2093.0	2326.0	2144.07763671875
2085.0	2315.0	2156.935791015625
2094.0	2313.0	2139.840087890625
2088.0	2300.0	2149.12353515625
2076.0	2300.0	2168.829345703125
2077.0	2286.0	2165.5146484375
2078.0	2286.0	2162.304443359375
2073.0	2276.0	2169.681396484375
2067.0	2274.0	2178.60302734375
2065.0	2256.0	2180.496337890625
2067.0	2249.0	2175.456298828125
2059.0	2249.0	2187.840087890625
2056.0	2235.0	2191.273681640625
2057.0	2235.0	2187.831298828125
2056.0	2217.0	2187.985595703125
2049.0	2224.0	2198.691162109375
2049.0	2225.0	2196.79150390625
2045.0	2209.0	2202.0361328125
2047.0	2208.0	2196.860595703125
2038.0	2195.0	2210.91015625
2038.0	2183.0	2209.0126953125
2037.0	2187.0	2208.989013671875
2040.0	2171.0	2202.06884765625
2034.0	2173.0	2211.00732421875
2026.0	2171.0	2223.0771484375
2026.0	2157.0	2221.23046875
2029.0	2158.0	2214.227294921875
2018.0	2145.0	2231.586669921875
2019.0	2157.0	2227.8759765625
2018.0	2131.0	2227.782470703125
2019.0	2130.0	2224.289306640625
2008.0	2118.0	2241.74853515625
2008.0	2118.0	2239.78955078125
2010.0	2105.0	2234.437255859375
2008.0	2105.0	2236.230224609375
2008.0	2091.0	2234.596435546875
2006.0	2093.0	2236.5498046875
1993.0	2092.0	2257.484375
1998.0	2080.0	2246.9462890625
1997.0	2081.0	2247.050048828125
2001.0	2080.0	2238.48486328125
1997.0	2064.0	2244.05517578125
2000.0	2060.0	2237.416259765625
1987.0	2066.0	2258.8544921875
1988.0	2064.0	2255.482666015625
1988.0	2052.0	2253.90185546875
1990.0	2053.0	2248.8837890625
1989.0	2038.0	2249.258544921875
1989.0	2038.0	2247.949951171875
1987.0	2047.0	2250.205078125
1989.0	2025.0	2245.50732421875
1978.0	2016.0	2263.646240234375
1978.0	1988.0	2262.216796875
1983.0	2013.0	2252.1044921875
1980.0	2013.0	2256.105712890625
1982.0	1999.0	2251.382080078125
1981.0	2000.0	2252.046142578125
1980.0	2002.0	2252.73291015625
1978.0	2008.0	2255.227783203125
1989.0	2004.0	2235.2001953125
1986.0	2003.0	2239.989501953125
1988.0	1987.0	2236.024169921875
1991.0	1988.0	2230.3291015625
1989.0	1989.0	2233.442626953125
1989.0	1988.0	2233.080810546875
1989.0	1984.0	2232.74609375
1999.0	1989.0	2215.188232421875
1998.0	1988.0	2217.0849609375
1999.0	1988.0	2215.440185546875
1999.0	1989.0	2215.538330078125
1998.0	1986.0	2217.405517578125
2007.0	1990.0	2201.780517578125
2007.0	1987.0	2202.30322265625
2008.0	1988.0	2201.032470703125
2007.0	1989.0	2203.271240234375
2008.0	1989.0	2201.983154296875
2009.0	1989.0	2200.660400390625
2019.0	1990.0	2183.72119140625
2019.0	1986.0	2184.534423828125
2018.0	1990.0	2187.048828125
2018.0	2001.0	2187.820068359375
2026.0	1995.0	2174.525634765625
2026.0	2001.0	2175.591064453125
2025.0	2003.0	2178.339599609375
2039.0	2000.0	2155.061279296875
2039.0	2004.0	2156.41162109375
2036.0	2014.0	2162.940673828125
2048.0	2015.0	2143.332275390625
2047.0	2022.0	2146.64794921875
2046.0	2029.0	2149.891845703125
2055.0	2043.0	2135.642822265625
2057.0	2038.0	2133.88623046875
2059.0	2039.0	2132.05859375
2055.0	2042.0	2140.67138671875
2064.0	2054.0	2126.712646484375
2066.0	2052.0	2125.087158203125
2076.0	2051.0	2109.594482421875
2076.0	2066.0	2111.666015625
2076.0	2068.0	2113.619140625
2091.0	2067.0	2089.232177734375
2086.0	2079.0	2100.195068359375
2093.0	2080.0	2090.010498046875
2094.0	2080.0	2090.6201171875
2095.0	2091.0	2091.101318359375
2104.0	2092.0	2077.746337890625
2104.0	2106.0	2080.1943359375
2106.0	2104.0	2079.020263671875
2114.0	2104.0	2067.407958984375
2115.0	2117.0	2068.1328125
2113.0	2128.0	2074.00390625
2114.0	2132.0	2074.4453125
2124.0	2127.0	2059.43896484375
2123.0	2129.0	2063.580078125
2138.0	2145.0	2039.924560546875
2134.0	2144.0	2049.50244140625
2143.0	2162.0	2036.3541259765625
2152.0	2158.0	2023.4180908203125
2153.0	2170.0	2024.61669921875
2154.0	2172.0	2025.671630859375
2164.0	2184.0	2010.8226318359375
2160.0	2182.0	2020.7830810546875
2165.0	2184.0	2014.7989501953125
2171.0	2198.0	2007.1864013671875
2174.0	2194.0	2004.789306640625
2172.0	2207.0	2011.02099609375
2179.0	2210.0	2001.5638427734375
2185.0	2223.0	1993.9232177734375
2188.0	2224.0	1991.431640625
2192.0	2235.0	1987.1300048828125
2194.0	2236.0	1986.4488525390625
2192.0	2234.0	1992.666259765625
2191.0	2249.0	1996.9473876953125
2192.0	2252.0	1997.5850830078125
2203.0	2263.0	1980.8382568359375
2207.0	2271.0	1976.3856201171875
2199.0	2273.0	1992.85546875
2201.0	2289.0	1991.651611328125
2201.0	2287.0	1993.8155517578125
2212.0	2302.0	1976.756103515625
2211.0	2303.0	1980.8599853515625
2210.0	2301.0	1984.8189697265625
2216.0	2311.0	1976.4071044921875
2210.0	2313.0	1988.954833984375
2209.0	2326.0	1992.5848388671875
2222.0	2324.0	1971.869873046875
2221.0	2340.0	1975.77099609375
2220.0	2336.0	1979.4908447265625
2221.0	2353.0	1979.60791015625
2227.0	2348.0	1970.8594970703125
2221.0	2350.0	1983.0513916015625
2222.0	2353.0	1982.895263671875
2222.0	2364.0	1984.4205322265625
2220.0	2364.0	1989.3358154296875
2222.0	2364.0	1987.1768798828125
2220.0	2379.0	1991.921875
2220.0	2376.0	1993.109130859375
2221.0	2378.0	1992.4573974609375
2220.0	2393.0	1995.2855224609375
2222.0	2392.0	1992.79052734375
2222.0	2392.0	1993.7667236328125
2222.0	2395.0	1994.677001953125
2220.0	2391.0	1999.0146484375
2221.0	2409.0	1998.0452880859375
2220.0	2404.0	2000.560791015625
2222.0	2408.0	1997.760498046875
2221.0	2404.0	2000.1593017578125
2224.0	2406.0	1995.470703125
2222.0	2402.0	1999.5657958984375
2220.0	2406.0	2003.61181640625
2223.0	2410.0	1998.8740234375
2210.0	2418.0	2021.86767578125
2210.0	2417.0	2021.9287109375
2211.0	2416.0	2020.21875
2210.0	2418.0	2021.997314453125
2201.0	2417.0	2037.69140625
2201.0	2418.0	2037.3243408203125
2205.0	2426.0	2029.9886474609375
2201.0	2418.0	2036.67138671875
2201.0	2421.0	2036.35302734375
2193.0	2404.0	2049.723876953125
2194.0	2405.0	2047.2667236328125
2192.0	2404.0	2050.114501953125
2182.0	2405.0	2066.691162109375
2183.0	2404.0	2063.928466796875
2182.0	2404.0	2064.735595703125
2169.0	2406.0	2086.56982421875
2173.0	2403.0	2078.31005859375
2180.0	2390.0	2064.822265625
2174.0	2390.0	2074.1787109375
2161.0	2392.0	2095.516357421875
2162.0	2390.0	2092.347412109375
2152.0	2381.0	2108.30322265625
2151.0	2372.0	2108.321533203125
2174.0	2378.0	2066.392578125
2144.0	2382.0	2117.363037109375
2134.0	2367.0	2133.00732421875
2133.0	2363.0	2132.588134765625
2132.0	2365.0	2132.232421875
2127.0	2351.0	2138.72314453125
2122.0	2355.0	2145.302490234375
2113.0	2353.0	2158.632568359375
2114.0	2343.0	2154.46240234375
2103.0	2339.0	2171.3173828125
2105.0	2327.0	2165.24462890625
2107.0	2325.0	2159.294189453125
2095.0	2314.0	2178.0341796875
2096.0	2316.0	2173.645263671875
2098.0	2314.0	2167.673828125
2083.0	2309.0	2191.3623046875
2087.0	2304.0	2181.736083984375
2077.0	2302.0	2196.490966796875
2077.0	2289.0	2193.716064453125
2066.0	2272.0	2210.2568359375
2069.0	2275.0	2202.146728515625
2058.0	2261.0	2218.579345703125
2055.0	2242.0	2220.828857421875
2057.0	2250.0	2214.50146484375
2048.0	2248.0	2227.239013671875
2046.0	2234.0	2227.78125
2036.0	2237.0	2242.3388671875
2036.0	2224.0	2239.3154296875
2026.0	2223.0	2253.7900390625
2024.0	2209.0	2254.235107421875
2016.0	2210.0	2265.275146484375
2016.0	2208.0	2262.080322265625
2008.0	2183.0	2273.08740234375
2006.0	2183.0	2273.283203125
2010.0	2182.0	2263.139892578125
2009.0	2172.0	2261.96533203125
1996.0	2165.0	2281.7685546875
1999.0	2158.0	2273.476318359375
1999.0	2158.0	2270.620849609375
1989.0	2145.0	2285.322998046875
1986.0	2144.0	2287.59716796875
1986.0	2148.0	2284.7978515625
1989.0	2132.0	2276.87451171875
1981.0	2131.0	2288.09423828125
1980.0	2116.0	2287.105224609375
1983.0	2119.0	2279.254638671875
1970.0	2106.0	2299.405517578125
1969.0	2105.0	2298.405517578125
1969.0	2090.0	2295.8046875
1970.0	2091.0	2291.62060546875
1959.0	2071.0	2308.558349609375
1960.0	2080.0	2304.195068359375
1964.0	2078.0	2294.744384765625
1960.0	2067.0	2299.476806640625
1959.0	2070.0	2299.058349609375
1950.0	2052.0	2312.462158203125
1950.0	2052.0	2310.15087890625
1950.0	2055.0	2307.939208984375
1952.0	2042.0	2302.34423828125
1951.0	2043.0	2302.109619140625
1951.0	2028.0	2300.24658203125
1951.0	2027.0	2298.47998046875
1952.0	2014.0	2295.0498046875
1950.0	2015.0	2297.001708984375
1951.0	1999.0	2293.792724609375
1952.0	2004.0	2290.67138671875
1952.0	2004.0	2289.3701171875
1949.0	1988.0	2293.379150390625
1958.0	1986.0	2276.425048828125
1953.0	1990.0	2284.097900390625
1949.0	1990.0	2290.095947265625
1949.0	1986.0	2289.126708984375
1949.0	1975.0	2288.23974609375
1950.0	1980.0	2285.620849609375
1950.0	1977.0	2284.82958984375
1944.0	1972.0	2294.61865234375
1950.0	1961.0	2283.3984375
1949.0	1962.0	2284.5087890625
1949.0	1962.0	2283.904052734375
1953.0	1962.0	2276.29833984375
1950.0	1959.0	2281.026123046875
1951.0	1961.0	2278.806396484375
1948.0	1960.0	2283.59716796875
1959.0	1963.0	2264.226318359375
1961.0	1964.0	2260.74560546875
1963.0	1964.0	2257.26904296875
1959.0	1963.0	2264.296142578125
1968.0	1968.0	2248.70263671875
1969.0	1963.0	2247.39697265625
1970.0	1964.0	2246.0673828125
1970.0	1963.0	2246.49755859375
1973.0	1963.0	2241.63623046875
1978.0	1963.0	2233.4853515625
1981.0	1963.0	2229.04736328125
1980.0	1963.0	2231.568115234375
1992.0	1977.0	2211.36669921875
1986.0	1977.0	2222.98046875
1988.0	1975.0	2220.486572265625
1996.0	1975.0	2207.44775390625
1999.0	1977.0	2203.587158203125
1998.0	1975.0	2206.642333984375
2008.0	1988.0	2190.65966796875
2008.0	1988.0	2192.2080078125
2007.0	1994.0	2195.471923828125
2016.0	1988.0	2181.31982421875
2015.0	2000.0	2184.83203125
2026.0	2002.0	2167.268310546875
2028.0	2004.0	2165.733154296875
2035.0	2014.0	2155.414306640625
2036.0	2014.0	2155.87841796875
2038.0	2020.0	2154.518798828125
2047.0	2026.0	2141.04638671875
2044.0	2048.0	2148.619384765625
2056.0	2039.0	2129.90380859375
2053.0	2037.0	2137.65380859375
2066.0	2052.0	2117.36328125
2067.0	2052.0	2118.290771484375
2066.0	2052.0	2122.565673828125
2076.0	2068.0	2107.792236328125
2076.0	2067.0	2110.470947265625
2088.0	2079.0	2092.34619140625
2085.0	2082.0	2100.441650390625
2094.0	2092.0	2087.582275390625
2096.0	2092.0	2086.98974609375
2103.0	2101.0	2077.577392578125
2104.0	2106.0	2078.88720703125
2113.0	2119.0	2066.0517578125
2113.0	2117.0	2069.19091796875
2112.0	2119.0	2073.914794921875
2123.0	2130.0	2057.763916015625
2125.0	2132.0	2057.35498046875
2133.0	2144.0	2046.5687255859375
2145.0	2144.0	2028.89453125
2151.0	2150.0	2021.9283447265625
2153.0	2168.0	2022.0582275390625
2152.0	2171.0	2027.2784423828125
2164.0	2184.0	2009.8876953125
2162.0	2182.0	2016.888916015625
2173.0	2181.0	2001.3060302734375
2174.0	2198.0	2003.1007080078125
2181.0	2198.0	1994.39111328125
2181.0	2211.0	1997.9139404296875
2196.0	2210.0	1975.2293701171875
2190.0	2223.0	1989.3277587890625
2192.0	2222.0	1989.2373046875
2192.0	2222.0	1992.4556884765625
2203.0	2249.0	1976.6114501953125
2201.0	2250.0	1983.430908203125
2200.0	2246.0	1988.3194580078125
2211.0	2262.0	1972.2828369140625
2210.0	2259.0	1977.228271484375
2219.0	2275.0	1964.6678466796875
2220.0	2284.0	1966.2427978515625
2219.0	2286.0	1971.1033935546875
2229.0	2306.0	1956.5550537109375
2229.0	2300.0	1959.759521484375
2234.0	2302.0	1954.0255126953125
2229.0	2315.0	1965.6627197265625
2231.0	2313.0	1964.8665771484375
2240.0	2340.0	1951.9686279296875
2241.0	2326.0	1953.0438232421875
2242.0	2338.0	1953.97021484375
2241.0	2338.0	1958.26708984375
2243.0	2353.0	1957.1571044921875
2251.0	2351.0	1945.4334716796875
2251.0	2352.0	1947.963134765625
2251.0	2350.0	1950.3839111328125
2252.0	2364.0	1950.895751953125
2248.0	2363.0	1960.0526123046875
2249.0	2366.0	1960.32275390625
2266.0	2379.0	1932.6773681640625
2259.0	2380.0	1947.1898193359375
2259.0	2378.0	1949.31298828125
2258.0	2389.0	1953.0147705078125
2262.0	2393.0	1947.8468017578125
2258.0	2383.0	1956.63818359375
2259.0	2390.0	1956.556884765625
2255.0	2386.0	1965.183349609375
2259.0	2392.0	1959.68212890625
2257.0	2403.0	1964.607421875
2259.0	2405.0	1962.478759765625
2261.0	2405.0	1960.2523193359375
2261.0	2401.0	1961.436279296875
2262.0	2404.0	1960.804931640625
2248.0	2408.0	1986.378173828125
2250.0	2405.0	1983.39111328125
2249.0	2403.0	1985.6612548828125
2249.0	2404.0	1986.146484375
2251.0	2418.0	1983.1121826171875
2248.0	2414.0	1988.7952880859375
2250.0	2418.0	1985.71435546875
2249.0	2419.0	1987.8914794921875
2249.0	2404.0	1988.2625732421875
2256.0	2405.0	1976.3143310546875
2242.0	2405.0	2000.8717041015625
2240.0	2403.0	2004.2740478515625
2240.0	2403.0	2004.1751708984375
2241.0	2402.0	2002.3590087890625
2242.0	2401.0	2000.5089111328125
2226.0	2404.0	2028.3468017578125
2231.0	2404.0	2019.065673828125
2245.0	2404.0	1994.03271484375
2231.0	2405.0	2018.091552734375
2229.0	2403.0	2021.126708984375
2222.0	2390.0	2032.60009765625
2220.0	2388.0	2035.365234375
2208.0	2391.0	2055.41162109375
2208.0	2392.0	2054.25048828125
2201.0	2378.0	2065.186767578125
2202.0	2378.0	2061.994873046875
2203.0	2378.0	2058.8857421875
2201.0	2380.0	2061.132080078125
2191.0	2364.0	2077.05322265625
2191.0	2364.0	2075.471435546875
2190.0	2363.0	2075.721435546875
2184.0	2352.0	2084.5263671875
2179.0	2352.0	2091.558349609375
2173.0	2338.0	2100.15966796875
2173.0	2338.0	2098.175537109375
2165.0	2340.0	2110.2255859375
2163.0	2326.0	2111.56591796875
2162.0	2336.0	2111.271484375
2154.0	2314.0	2122.957275390625
2158.0	2309.0	2113.6767578125
2142.0	2313.0	2139.24462890625
2133.0	2300.0	2152.297607421875
2132.0	2302.0	2151.311279296875
2125.0	2289.0	2160.838623046875
2125.0	2288.0	2158.015380859375
2116.0	2274.0	2170.970703125
2111.0	2262.0	2176.715576171875
2103.0	2262.0	2187.505615234375
2107.0	2249.0	2177.447998046875
2104.0	2247.0	2179.825439453125
2096.0	2235.0	2190.75390625
2086.0	2239.0	2205.006103515625
2087.0	2224.0	2200.049560546875
2074.0	2209.0	2219.703369140625
2079.0	2210.0	2207.633544921875
2068.0	2197.0	2223.68115234375
2066.0	2195.0	2223.81396484375
2066.0	2195.0	2220.630615234375
2056.0	2187.0	2234.767578125
2056.0	2182.0	2231.4912109375
2047.0	2167.0	2243.952392578125
2047.0	2159.0	2240.600341796875
2040.0	2158.0	2249.5185546875
2036.0	2144.0	2253.16162109375
2029.0	2144.0	2262.231689453125
2029.0	2144.0	2258.746826171875
2018.0	2119.0	2274.7119140625
2017.0	2119.0	2272.973388671875
2016.0	2117.0	2271.429443359375
2009.0	2107.0	2280.259521484375
2007.0	2104.0	2280.3681640625
1998.0	2093.0	2292.686279296875
1997.0	2108.0	2291.071533203125
1999.0	2080.0	2284.352294921875
1990.0	2076.0	2297.045166015625
1988.0	2080.0	2297.240966796875
1980.0	2069.0	2308.10791015625
1979.0	2067.0	2306.50830078125
1979.0	2053.0	2303.331298828125
1980.0	2052.0	2298.614013671875
1970.0	2041.0	2313.10693359375
1969.0	2042.0	2311.76220703125
1962.0	2016.0	2320.900390625
1962.0	2017.0	2317.787841796875
1959.0	2001.0	2320.107421875
1960.0	2002.0	2315.553466796875
1951.0	2003.0	2328.3193359375
1950.0	2002.0	2327.122802734375
1950.0	1985.0	2324.378662109375
1950.0	1987.0	2321.76318359375
1940.0	1988.0	2336.6318359375
1942.0	1976.0	2330.466552734375
1948.0	1975.0	2317.39208984375
1941.0	1964.0	2327.267822265625
1933.0	1963.0	2338.973876953125
1932.0	1962.0	2338.13818359375
1930.0	1965.0	2339.235595703125
1930.0	1967.0	2336.94921875
1930.0	1962.0	2334.79443359375
1930.0	1949.0	2332.75732421875
1930.0	1949.0	2330.85546875
1934.0	1949.0	2322.03955078125
1920.0	1950.0	2344.83837890625
1923.0	1950.0	2337.593505859375
1924.0	1951.0	2333.927490234375
1921.0	1949.0	2337.4052734375
1921.0	1943.0	2335.709716796875
1922.0	1950.0	2332.37646484375
1922.0	1950.0	2330.873779296875
1921.0	1949.0	2331.227294921875
1926.0	1951.0	2321.131591796875
1921.0	1949.0	2328.70263671875
1924.0	1948.0	2322.2529296875
1924.0	1951.0	2321.158935546875
1922.0	1950.0	2323.643310546875
1920.0	1950.0	2326.18359375
1922.0	1948.0	2321.751220703125
1930.0	1951.0	2307.19140625
1931.0	1950.0	2305.0146484375
1935.0	1950.0	2297.614013671875
1933.0	1961.0	2300.794189453125
1930.0	1958.0	2305.71875
1932.0	1962.0	2301.9345703125
1932.0	1964.0	2301.661376953125
1931.0	1970.0	2303.161376953125
1940.0	1976.0	2287.470947265625
1939.0	1978.0	2289.423583984375
1944.0	1976.0	2280.876708984375
1945.0	1987.0	2279.328125
1950.0	1988.0	2270.88818359375
1950.0	1989.0	2271.4951171875
1951.0	2004.0	2270.3076171875
1948.0	2002.0	2276.111328125
1951.0	2008.0	2271.365966796875
1959.0	2014.0	2258.26123046875
1958.0	2018.0	2260.905029296875
1959.0	2027.0	2260.022216796875
1973.0	2042.0	2236.588623046875
1968.0	2038.0	2246.55810546875
1978.0	2052.0	2230.292724609375
1978.0	2062.0	2231.832275390625
1980.0	2067.0	2229.763916015625
1988.0	2079.0	2217.140380859375
1987.0	2081.0	2220.570068359375
1989.0	2079.0	2218.66064453125
1999.0	2093.0	2202.9755859375
1999.0	2095.0	2204.841796875
2007.0	2104.0	2192.877685546875
2007.0	2103.0	2194.940185546875
2017.0	2119.0	2179.54150390625
2017.0	2131.0	2181.851806640625
2021.0	2134.0	2176.997802734375
2026.0	2145.0	2170.653564453125
2028.0	2144.0	2169.520263671875
2036.0	2144.0	2158.118408203125
2039.0	2158.0	2155.384765625
2045.0	2173.0	2147.465087890625
2046.0	2169.0	2148.375244140625
2050.0	2181.0	2144.095458984375
2056.0	2198.0	2136.41064453125
2068.0	2198.0	2118.092041015625
2070.0	2197.0	2117.591064453125
2076.0	2210.0	2110.2431640625
2077.0	2209.0	2111.58544921875
2084.0	2222.0	2102.593017578125
2084.0	2234.0	2105.77685546875
2096.0	2235.0	2087.93701171875
2096.0	2247.0	2091.1708984375
2105.0	2248.0	2078.480712890625
2103.0	2261.0	2085.353515625
2114.0	2274.0	2069.28369140625
2115.0	2274.0	2070.942138671875
2124.0	2286.0	2058.758056640625
2123.0	2286.0	2063.982177734375
2136.0	2299.0	2044.674072265625
2144.0	2314.0	2034.4462890625
2143.0	2312.0	2039.9146728515625
2152.0	2326.0	2027.8145751953125
2164.0	2329.0	2010.567138671875
2164.0	2343.0	2014.5347900390625
2174.0	2341.0	2000.814208984375
2184.0	2337.0	1987.2872314453125
2172.0	2352.0	2012.07666015625
2180.0	2363.0	2001.9298095703125
2181.0	2365.0	2003.9803466796875
2190.0	2365.0	1992.0806884765625
2191.0	2374.0	1994.1474609375
2203.0	2380.0	1976.847412109375
2199.0	2396.0	1987.676025390625
2201.0	2392.0	1987.8056640625
2217.0	2404.0	1963.50390625
2211.0	2404.0	1977.6385498046875
2223.0	2405.0	1960.463623046875
2221.0	2405.0	1967.6217041015625
2229.0	2418.0	1957.268798828125
2230.0	2413.0	1959.1690673828125
2243.0	2418.0	1940.083740234375
2240.0	2415.0	1949.034912109375
2239.0	2430.0	1954.2564697265625
2242.0	2431.0	1952.337890625
2249.0	2431.0	1943.5643310546875
2250.0	2428.0	1945.1468505859375
2248.0	2429.0	1951.826171875
2261.0	2444.0	1932.3504638671875
2261.0	2455.0	1935.643310546875
2260.0	2442.0	1940.479248046875
2273.0	2442.0	1920.65625
2272.0	2443.0	1925.616943359375
2271.0	2444.0	1930.372314453125
2270.0	2443.0	1934.991943359375
2279.0	2444.0	1922.2923583984375
2279.0	2440.0	1925.2156982421875
2278.0	2443.0	1929.7113037109375
2279.0	2446.0	1930.5992431640625
2281.0	2441.0	1929.5732421875
2292.0	2446.0	1912.745361328125
2288.0	2444.0	1922.398193359375
2289.0	2445.0	1923.1690673828125
2288.0	2431.0	1927.2569580078125
2290.0	2430.0	1926.0057373046875
2289.0	2435.0	1929.86865234375
2289.0	2432.0	1931.8662109375
2288.0	2428.0	1935.5137939453125
2288.0	2430.0	1937.310546875
2288.0	2417.0	1938.993408203125
2289.0	2418.0	1938.7991943359375
2289.0	2417.0	1940.3023681640625
2290.0	2418.0	1939.95556640625
2290.0	2405.0	1941.2572021484375
2291.0	2411.0	1940.7054443359375
2290.0	2406.0	1943.627197265625
2286.0	2392.0	1951.718505859375
2290.0	2391.0	1945.736328125
2289.0	2390.0	1948.45654296875
2281.0	2378.0	1963.185546875
2279.0	2380.0	1967.1285400390625
2280.0	2365.0	1965.7908935546875
2280.0	2365.0	1966.1942138671875
2282.0	2360.0	1963.04248046875
2280.0	2354.0	1966.8985595703125
2270.0	2351.0	1984.3597412109375
2270.0	2338.0	1984.2899169921875
2270.0	2338.0	1984.1865234375
2261.0	2326.0	1999.732177734375
2260.0	2314.0	2000.9677734375
2263.0	2315.0	1995.2044677734375
2259.0	2301.0	2001.72998046875
2258.0	2302.0	2003.0452880859375
2250.0	2285.0	2016.2125244140625
2248.0	2274.0	2018.9105224609375
2239.0	2273.0	2033.6661376953125
2241.0	2259.0	2029.012451171875
2241.0	2249.0	2027.901123046875
2230.0	2249.0	2045.988525390625
2227.0	2237.0	2049.821044921875
2231.0	2233.0	2041.45751953125
2221.0	2222.0	2057.341796875
2220.0	2221.0	2057.48779296875
2212.0	2210.0	2069.606689453125
2212.0	2194.0	2067.719482421875
2202.0	2194.0	2083.22119140625
2202.0	2181.0	2081.139892578125
2191.0	2171.0	2098.232421875
2193.0	2171.0	2092.4169921875
2183.0	2155.0	2107.72314453125
2183.0	2159.0	2105.295166015625
2171.0	2128.0	2123.9638671875
2172.0	2132.0	2119.5654296875
2162.0	2131.0	2134.2783203125
2164.0	2117.0	2128.009033203125
2158.0	2106.0	2135.71484375
2152.0	2104.0	2143.35107421875
2143.0	2093.0	2156.197265625
2136.0	2079.0	2165.34912109375
2123.0	2078.0	2184.823974609375
2127.0	2079.0	2174.37353515625
2113.0	2068.0	2195.207275390625
2115.0	2068.0	2188.1787109375
2104.0	2055.0	2203.764404296875
2105.0	2041.0	2198.453857421875
2094.0	2040.0	2214.120849609375
2084.0	2024.0	2227.79638671875
2085.0	2022.0	2222.1796875
2076.0	2003.0	2234.18798828125
2054.0	2001.0	2268.851318359375
2069.0	2002.0	2238.471435546875
2055.0	1989.0	2258.8330078125
2055.0	1988.0	2254.823974609375
2046.0	1976.0	2266.564453125
2049.0	1975.0	2257.269287109375
2038.0	1963.0	2272.538330078125
2024.0	1964.0	2292.930908203125
2018.0	1951.0	2299.1953125
2021.0	1948.0	2289.505126953125
2009.0	1939.0	2306.32470703125
2006.0	1939.0	2307.2109375
2007.0	1937.0	2301.316162109375
1999.0	1938.0	2311.154296875
2001.0	1934.0	2303.57763671875
1989.0	1923.0	2320.43994140625
1978.0	1925.0	2335.493408203125
1979.0	1922.0	2329.490234375
1967.0	1912.0	2346.503662109375
1970.0	1911.0	2337.040771484375
1959.0	1913.0	2352.286376953125
1959.0	1912.0	2348.115478515625
1958.0	1911.0	2345.9248046875
1952.0	1896.0	2352.431396484375
1949.0	1898.0	2353.74267578125
1934.0	1895.0	2376.198974609375
1942.0	1899.0	2358.27490234375
1940.0	1898.0	2358.120849609375
1930.0	1899.0	2372.11572265625
1932.0	1897.0	2364.90576171875
1931.0	1899.0	2363.15576171875
1921.0	1898.0	2377.07763671875
1921.0	1893.0	2373.5869140625
1923.0	1898.0	2366.76611328125
1920.0	1899.0	2368.8798828125
1912.0	1900.0	2379.7890625
1910.0	1898.0	2380.068115234375
1900.0	1898.0	2394.455322265625
1902.0	1898.0	2387.7041015625
1902.0	1898.0	2384.628662109375
1892.0	1909.0	2398.864990234375
1892.0	1909.0	2395.7099609375
1893.0	1912.0	2390.976318359375
1889.0	1910.0	2395.22802734375
1894.0	1924.0	2383.810546875
1893.0	1925.0	2383.05322265625
1893.0	1924.0	2380.677734375
1882.0	1922.0	2397.60400390625
1882.0	1936.0	2395.125732421875
1885.0	1939.0	2387.51806640625
1893.0	1940.0	2371.66015625
1891.0	1937.0	2373.45751953125
1893.0	1952.0	2368.335205078125
1892.0	1950.0	2368.57421875
1900.0	1963.0	2353.140380859375
1903.0	1963.0	2346.6923828125
1896.0	1975.0	2358.154296875
1905.0	1974.0	2341.58740234375
1912.0	1988.0	2328.96484375
1912.0	1994.0	2328.6689453125
1922.0	1991.0	2311.29150390625
1922.0	2003.0	2311.444580078125
1923.0	2003.0	2309.84228515625
1928.0	2016.0	2301.22265625
1931.0	2027.0	2296.3203125
1930.0	2027.0	2298.615966796875
1942.0	2041.0	2278.18310546875
1941.0	2040.0	2280.9169921875
1940.0	2051.0	2283.592529296875
1941.0	2066.0	2282.7119140625
1953.0	2067.0	2262.890625
1949.0	2079.0	2271.07861328125
1957.0	2094.0	2258.367919921875
1959.0	2092.0	2256.357421875
1969.0	2107.0	2240.30224609375
1969.0	2106.0	2242.07373046875
1979.0	2118.0	2226.25634765625
1979.0	2121.0	2228.2705078125
1989.0	2131.0	2213.029296875
1990.0	2133.0	2213.447265625
2000.0	2145.0	2198.159912109375
2007.0	2156.0	2188.5849609375
2006.0	2157.0	2192.990234375
2019.0	2171.0	2172.864990234375
2015.0	2185.0	2182.74365234375
2027.0	2197.0	2164.55224609375
2033.0	2197.0	2157.025390625
2036.0	2197.0	2155.015625
2045.0	2209.0	2142.65673828125
2045.0	2209.0	2145.924560546875
2060.0	2223.0	2122.99169921875
2065.0	2233.0	2117.965087890625
2064.0	2235.0	2123.3681640625
2076.0	2247.0	2105.921142578125
2084.0	2261.0	2095.581787109375
2087.0	2265.0	2094.28759765625
2094.0	2273.0	2086.06494140625
2094.0	2274.0	2089.95166015625
2103.0	2288.0	2078.259765625
2113.0	2302.0	2064.927734375
2115.0	2314.0	2065.50537109375
2123.0	2312.0	2055.475830078125
2134.0	2324.0	2040.50732421875
2145.0	2328.0	2025.6512451171875
2153.0	2338.0	2016.1871337890625
2152.0	2333.0	2022.554931640625
2162.0	2354.0	2009.824462890625
2173.0	2352.0	1995.3887939453125
2173.0	2364.0	2000.113525390625
2182.0	2366.0	1989.12255859375
2191.0	2376.0	1978.2398681640625
2201.0	2379.0	1965.656982421875
2203.0	2401.0	1967.108642578125
2211.0	2392.0	1957.923095703125
2217.0	2407.0	1952.30419921875
2222.0	2404.0	1948.55419921875
2223.0	2405.0	1951.5634765625
2229.0	2416.0	1945.85107421875
2240.0	2419.0	1931.3966064453125
2240.0	2429.0	1936.25
2251.0	2429.0	1921.7745361328125
2249.0	2400.0	1929.980712890625
2260.0	2443.0	1915.2037353515625
2273.0	2442.0	1897.20849609375
2268.0	2443.0	1910.81494140625
2274.0	2444.0	1904.8814697265625
2277.0	2444.0	1904.32373046875
2280.0	2456.0	1903.5433349609375
2288.0	2462.0	1894.00390625
2288.0	2459.0	1898.4813232421875
2299.0	2458.0	1883.58544921875
2298.0	2468.0	1889.702392578125
2309.0	2466.0	1874.550048828125
2308.0	2469.0	1880.654052734375
2309.0	2470.0	1882.972900390625
2308.0	2470.0	1888.607177734375
2318.0	2472.0	1875.0782470703125
2319.0	2470.0	1877.164794921875
2317.0	2471.0	1884.2938232421875
2328.0	2468.0	1868.599365234375
2329.0	2469.0	1870.543212890625
2329.0	2473.0	1874.0614013671875
2339.0	2472.0	1859.879150390625
2335.0	2470.0	1870.3929443359375
2339.0	2472.0	1866.671875
2337.0	2471.0	1873.2685546875
2337.0	2457.0	1876.1922607421875
2337.0	2459.0	1878.9783935546875
2336.0	2458.0	1883.3798828125
2347.0	2456.0	1866.7679443359375
2350.0	2460.0	1864.2916259765625
2347.0	2443.0	1872.1768798828125
2345.0	2442.0	1878.1396484375
2347.0	2441.0	1876.9866943359375
2346.0	2444.0	1880.939453125
2350.0	2442.0	1876.0364990234375
2351.0	2432.0	1876.222900390625
2347.0	2433.0	1885.09130859375
2350.0	2418.0	1881.5765380859375
2348.0	2416.0	1886.7332763671875
2350.0	2419.0	1884.7869873046875
2347.0	2404.0	1891.519287109375
2346.0	2406.0	1894.6201171875
2350.0	2405.0	1888.911376953125
2336.0	2389.0	1914.270263671875
2337.0	2392.0	1913.2200927734375
2336.0	2382.0	1915.6522216796875
2340.0	2381.0	1909.2752685546875
2340.0	2366.0	1909.8829345703125
2336.0	2365.0	1917.419921875
2328.0	2351.0	1931.90283203125
2330.0	2351.0	1928.4737548828125
2318.0	2342.0	1949.5281982421875
2318.0	2345.0	1949.147705078125
2317.0	2329.0	1950.57470703125
2317.0	2317.0	1950.1903076171875
2313.0	2313.0	1956.665771484375
2307.0	2303.0	1966.4246826171875
2307.0	2289.0	1965.7181396484375
2300.0	2274.0	1977.17041015625
2301.0	2275.0	1974.3291015625
2298.0	2274.0	1978.577392578125
2290.0	2265.0	1991.24560546875
2290.0	2248.0	1989.930908203125
2282.0	2237.0	2002.3389892578125
2278.0	2235.0	2007.7467041015625
2271.0	2223.0	2018.2708740234375
2261.0	2208.0	2033.7955322265625
2261.0	2196.0	2031.6219482421875
2248.0	2200.0	2052.16455078125
2241.0	2184.0	2062.00927734375
2242.0	2182.0	2057.571044921875
2241.0	2169.0	2056.77001953125
2231.0	2159.0	2071.591796875
2220.0	2147.0	2087.9892578125
2220.0	2145.0	2085.031005859375
2210.0	2128.0	2099.5107421875
2204.0	2119.0	2106.818359375
2201.0	2107.0	2108.763671875
2191.0	2105.0	2122.93603515625
2184.0	2091.0	2131.775634765625
2182.0	2092.0	2131.647216796875
2171.0	2081.0	2147.103271484375
2162.0	2065.0	2158.890625
2154.0	2067.0	2168.7802734375
2151.0	2050.0	2169.935546875
2147.0	2040.0	2172.8701171875
2134.0	2029.0	2191.4462890625
2123.0	2013.0	2206.357666015625
2125.0	2013.0	2198.39501953125
2107.0	2001.0	2225.268310546875
2103.0	2002.0	2227.490234375
2095.0	2005.0	2236.5478515625
2084.0	1976.0	2250.773193359375
2084.0	1973.0	2245.917236328125
2076.0	1964.0	2255.251220703125
2068.0	1949.0	2264.28466796875
2055.0	1949.0	2282.008544921875
2046.0	1939.0	2292.670166015625
2045.0	1936.0	2289.123046875
2046.0	1935.0	2282.388671875
2037.0	1921.0	2293.1474609375
2026.0	1925.0	2307.18896484375
2021.0	1909.0	2310.69873046875
2008.0	1912.0	2328.140380859375
2006.0	1900.0	2326.395263671875
1998.0	1889.0	2335.4208984375
1990.0	1887.0	2344.218505859375
1978.0	1885.0	2359.98486328125
1981.0	1887.0	2349.39111328125
1968.0	1900.0	2366.70947265625
1970.0	1874.0	2357.98486328125
1961.0	1877.0	2368.6435546875
1952.0	1874.0	2379.083984375
1949.0	1859.0	2379.13330078125
1941.0	1861.0	2388.115234375
1931.0	1860.0	2400.536376953125
1930.0	1860.0	2397.12744140625
1921.0	1861.0	2407.95458984375
1922.0	1860.0	2401.173828125
1921.0	1860.0	2398.196044921875
1912.0	1856.0	2409.18505859375
1904.0	1850.0	2418.333984375
1909.0	1852.0	2404.474365234375
1883.0	1847.0	2444.902587890625
1883.0	1846.0	2439.84326171875
1874.0	1846.0	2450.76318359375
1871.0	1848.0	2451.078125
1845.0	1846.0	2491.95458984375
1873.0	1848.0	2438.457763671875
1864.0	1852.0	2449.6484375
1863.0	1849.0	2447.074951171875
1862.0	1846.0	2444.74951171875
1853.0	1848.0	2456.514892578125
1854.0	1860.0	2450.711669921875
1853.0	1860.0	2448.607177734375
1845.0	1861.0	2458.985595703125
1846.0	1859.0	2453.38916015625
1844.0	1859.0	2453.27294921875
1844.0	1858.0	2449.856201171875
1844.0	1873.0	2446.62109375
1847.0	1886.0	2438.3251953125
1843.0	1871.0	2442.466064453125
1836.0	1891.0	2451.89990234375
1837.0	1885.0	2447.1875
1841.0	1889.0	2437.54931640625
1843.0	1895.0	2431.818115234375
1847.0	1898.0	2422.7431640625
1844.0	1898.0	2426.014892578125
1843.0	1911.0	2425.908935546875
1845.0	1919.0	2420.68212890625
1845.0	1924.0	2419.038330078125
1843.0	1933.0	2421.01708984375
1844.0	1936.0	2417.822509765625
1852.0	1937.0	2402.476806640625
1857.0	1950.0	2392.878662109375
1861.0	1948.0	2385.111328125
1853.0	1951.0	2398.4375
1864.0	1961.0	2378.8427734375
1864.0	1977.0	2378.558837890625
1862.0	1976.0	2381.889892578125
1875.0	1996.0	2359.2177734375
1874.0	2003.0	2361.177490234375
1883.0	2003.0	2345.80712890625
1886.0	2015.0	2341.227294921875
1885.0	2015.0	2343.6025390625
1901.0	2060.0	2316.603759765625
1904.0	2041.0	2312.77197265625
1910.0	2050.0	2303.987060546875
1922.0	2068.0	2284.92138671875
1920.0	2072.0	2290.31884765625
1932.0	2082.0	2271.28369140625
1928.0	2093.0	2280.47021484375
1941.0	2104.0	2259.9345703125
1952.0	2119.0	2243.132568359375
1951.0	2119.0	2247.5654296875
1958.0	2120.0	2238.279052734375
1968.0	2115.0	2223.872802734375
1970.0	2146.0	2223.448486328125
1978.0	2162.0	2212.7265625
1990.0	2173.0	2195.078369140625
2001.0	2171.0	2179.22412109375
2000.0	2182.0	2184.27099609375
2008.0	2196.0	2173.873291015625
2018.0	2207.0	2160.109619140625
2018.0	2210.0	2164.087646484375
2028.0	2224.0	2150.673583984375
2038.0	2236.0	2137.409423828125
2034.0	2236.0	2148.5888671875
2044.0	2249.0	2135.294677734375
2058.0	2264.0	2115.05859375
2066.0	2274.0	2105.526123046875
2076.0	2287.0	2092.57958984375
2087.0	2298.0	2078.150146484375
2094.0	2312.0	2070.8388671875
2065.0	2313.0	2126.6630859375
2095.0	2310.0	2078.80322265625
2114.0	2327.0	2050.321533203125
2114.0	2337.0	2055.263427734375
2124.0	2338.0	2042.9464111328125
2131.0	2352.0	2035.888916015625
2143.0	2364.0	2020.1392822265625
2152.0	2388.0	2009.679443359375
2153.0	2376.0	2013.33154296875
2170.0	2394.0	1989.12744140625
2172.0	2392.0	1991.281494140625
2193.0	2404.0	1960.2366943359375
2182.0	2406.0	1985.0316162109375
2193.0	2417.0	1971.16650390625
2204.0	2418.0	1957.3817138671875
2211.0	2431.0	1950.78515625
2223.0	2446.0	1935.495849609375
2221.0	2445.0	1944.713623046875
2234.0	2446.0	1927.3289794921875
2230.0	2458.0	1939.85595703125
2242.0	2456.0	1924.40869140625
2239.0	2458.0	1935.0125732421875
2251.0	2471.0	1919.2864990234375
2259.0	2471.0	1910.6488037109375
2274.0	2482.0	1889.8233642578125
2272.0	2485.0	1898.830810546875
2280.0	2482.0	1890.15625
2300.0	2482.0	1860.4727783203125
2289.0	2484.0	1885.1981201171875
2291.0	2496.0	1886.8839111328125
2300.0	2496.0	1876.2677001953125
2309.0	2485.0	1865.7635498046875
2308.0	2496.0	1872.6763916015625
2317.0	2497.0	1861.9803466796875
2318.0	2503.0	1865.214111328125
2328.0	2509.0	1852.52685546875
2327.0	2511.0	1859.20166015625
2337.0	2509.0	1846.406494140625
2342.0	2510.0	1842.452392578125
2339.0	2496.0	1852.262939453125
2346.0	2498.0	1844.60205078125
2350.0	2496.0	1842.05224609375
2350.0	2496.0	1846.2763671875
2356.0	2503.0	1839.9437255859375
2356.0	2497.0	1844.0950927734375
2365.0	2499.0	1832.307373046875
2367.0	2497.0	1832.93798828125
2370.0	2485.0	1831.642578125
2367.0	2482.0	1840.6307373046875
2378.0	2481.0	1825.275146484375
2375.0	2471.0	1834.2208251953125
2386.0	2469.0	1818.6446533203125
2388.0	2470.0	1818.8656005859375
2385.0	2456.0	1827.630859375
2387.0	2454.0	1827.418212890625
2396.0	2443.0	1814.8135986328125
2395.0	2451.0	1819.91162109375
2395.0	2443.0	1823.09228515625
2397.0	2430.0	1822.5877685546875
2395.0	2430.0	1828.8836669921875
2397.0	2417.0	1828.075927734375
2395.0	2415.0	1834.0755615234375
2395.0	2404.0	1836.435791015625
2394.0	2395.0	1840.378173828125
2399.0	2392.0	1833.686279296875
2394.0	2379.0	1844.4576416015625
2396.0	2379.0	1842.8050537109375
2395.0	2366.0	1846.283203125
2396.0	2366.0	1846.153564453125
2388.0	2354.0	1861.490966796875
2385.0	2341.0	1867.8118896484375
2386.0	2327.0	1867.0865478515625
2376.0	2312.0	1885.4166259765625
2376.0	2313.0	1885.86083984375
2369.0	2302.0	1898.3953857421875
2366.0	2286.0	1903.627685546875
2369.0	2284.0	1898.37451171875
2368.0	2272.0	1900.1005859375
2359.0	2261.0	1915.5205078125
2357.0	2250.0	1918.5662841796875
2348.0	2236.0	1933.5882568359375
2346.0	2226.0	1936.2738037109375
2338.0	2208.0	1949.3416748046875
2337.0	2196.0	1949.904296875
2336.0	2196.0	1950.5216064453125
2327.0	2186.0	1965.1300048828125
2331.0	2182.0	1956.700439453125
2318.0	2172.0	1977.6968994140625
2316.0	2159.0	1979.477783203125
2308.0	2143.0	1991.686279296875
2316.0	2129.0	1975.7208251953125
2299.0	2119.0	2003.4693603515625
2290.0	2105.0	2016.8719482421875
2290.0	2091.0	2014.394775390625
2289.0	2079.0	2013.8028564453125
2279.0	2080.0	2028.6568603515625
2271.0	2065.0	2039.823974609375
2259.0	2066.0	2057.607421875
2261.0	2054.0	2051.060546875
2249.0	2041.0	2068.9716796875
2240.0	2025.0	2081.4501953125
2228.0	2003.0	2099.005126953125
2230.0	1999.0	2091.819580078125
2222.0	1990.0	2102.314697265625
2218.0	1987.0	2105.679443359375
2210.0	1975.0	2115.76123046875
2199.0	1960.0	2131.009765625
2191.0	1949.0	2140.885009765625
2182.0	1951.0	2152.22705078125
2172.0	1938.0	2165.184326171875
2171.0	1926.0	2162.468017578125
2153.0	1915.0	2189.65234375
2150.0	1911.0	2190.03466796875
2135.0	1903.0	2211.578125
2133.0	1900.0	2209.838134765625
2125.0	1885.0	2218.533203125
2114.0	1886.0	2232.43017578125
2106.0	1875.0	2241.03662109375
2103.0	1872.0	2240.9150390625
2093.0	1860.0	2253.148193359375
2083.0	1848.0	2265.2919921875
2079.0	1848.0	2266.923828125
2073.0	1846.0	2271.96923828125
2057.0	1835.0	2294.403076171875
2054.0	1833.0	2293.947509765625
2044.0	1835.0	2305.641357421875
2035.0	1819.0	2315.55419921875
2026.0	1832.0	2325.4541015625
2017.0	1820.0	2335.302978515625
2007.0	1810.0	2346.78466796875
1997.0	1810.0	2358.21484375
1987.0	1812.0	2369.68798828125
1990.0	1811.0	2358.28173828125
1988.0	1807.0	2355.987548828125
1980.0	1798.0	2364.24560546875
1970.0	1797.0	2375.774658203125
1959.0	1797.0	2389.09033203125
1950.0	1799.0	2398.873291015625
1938.0	1791.0	2413.8916015625
1941.0	1796.0	2402.7255859375
1928.0	1798.0	2419.699462890625
1921.0	1796.0	2426.236572265625
1926.0	1798.0	2411.6650390625
1911.0	1795.0	2432.022705078125
1904.0	1796.0	2438.364013671875
1894.0	1795.0	2450.002685546875
1884.0	1797.0	2461.426025390625
1875.0	1809.0	2471.12353515625
1874.0	1807.0	2466.904296875
1862.0	1820.0	2482.227294921875
1864.0	1810.0	2472.9658203125
1855.0	1822.0	2483.23681640625
1854.0	1821.0	2479.500732421875
1861.0	1819.0	2461.602783203125
1845.0	1821.0	2484.3203125
1834.0	1836.0	2498.322509765625
1834.0	1832.0	2493.167724609375
1835.0	1848.0	2486.582763671875
1824.0	1843.0	2501.140625
1826.0	1858.0	2492.859619140625
1826.0	1855.0	2488.369140625
1817.0	1873.0	2499.86376953125
1815.0	1871.0	2498.990966796875
1817.0	1873.0	2491.371826171875
1820.0	1887.0	2482.1962890625
1809.0	1885.0	2497.5400390625
1804.0	1898.0	2502.39501953125
1808.0	1911.0	2491.7099609375
1806.0	1911.0	2491.70654296875
1805.0	1928.0	2490.158935546875
1809.0	1924.0	2480.052978515625
1807.0	1944.0	2480.638671875
1807.0	1937.0	2477.89501953125
1807.0	1953.0	2475.313232421875
1807.0	1962.0	2472.85595703125
1821.0	1975.0	2446.03173828125
1806.0	1974.0	2470.156494140625
1807.0	1988.0	2466.361328125
1805.0	2003.0	2467.9599609375
1805.0	2014.0	2466.168701171875
1805.0	2014.0	2464.43994140625
1817.0	2026.0	2442.258544921875
1816.0	2046.0	2442.957763671875
1817.0	2051.0	2440.204345703125
1816.0	2065.0	2441.017822265625
1826.0	2080.0	2422.81689453125
1829.0	2093.0	2417.113037109375
1825.0	2104.0	2423.738525390625
1834.0	2118.0	2407.79541015625
1835.0	2132.0	2406.135009765625
1836.0	2131.0	2404.5
1846.0	2145.0	2387.454833984375
1845.0	2142.0	2389.702392578125
1853.0	2174.0	2376.396240234375
1863.0	2171.0	2360.02099609375
1859.0	2194.0	2368.279296875
1873.0	2199.0	2345.0869140625
1874.0	2210.0	2344.8720703125
1887.0	2222.0	2323.5927734375
1894.0	2237.0	2313.196533203125
1891.0	2239.0	2320.604248046875
1911.0	2248.0	2288.404052734375
1921.0	2264.0	2273.909912109375
1923.0	2273.0	2273.427001953125
1932.0	2285.0	2260.650146484375
1942.0	2291.0	2246.46337890625
1950.0	2314.0	2235.948974609375
1960.0	2327.0	2222.088134765625
1959.0	2327.0	2227.703369140625
1969.0	2338.0	2214.178466796875
1971.0	2353.0	2214.51220703125
1978.0	2377.0	2206.309814453125
1987.0	2378.0	2194.73095703125
1995.0	2388.0	2185.0234375
2007.0	2406.0	2168.446044921875
2018.0	2405.0	2153.643310546875
2026.0	2417.0	2144.429443359375
2038.0	2429.0	2128.23828125
2035.0	2429.0	2138.4912109375
2047.0	2443.0	2122.567626953125
2056.0	2443.0	2112.058349609375
2066.0	2455.0	2099.775634765625
2076.0	2468.0	2087.75927734375
2086.0	2484.0	2075.81201171875
2097.0	2483.0	2062.15087890625
2105.0	2494.0	2053.688720703125
2114.0	2495.0	2043.7745361328125
2124.0	2510.0	2032.0738525390625
2123.0	2512.0	2039.7579345703125
2133.0	2524.0	2028.2103271484375
2151.0	2519.0	2003.0423583984375
2163.0	2535.0	1988.4544677734375
2173.0	2550.0	1977.5771484375
2182.0	2548.0	1968.4171142578125
2191.0	2549.0	1959.244140625
2201.0	2561.0	1948.248291015625
2202.0	2562.0	1953.07666015625
2221.0	2561.0	1926.4234619140625
2224.0	2571.0	1927.8660888671875
2231.0	2573.0	1922.32568359375
2239.0	2581.0	1915.0455322265625
2249.0	2573.0	1904.1512451171875
2259.0	2572.0	1893.34765625
2271.0	2574.0	1879.1181640625
2283.0	2591.0	1864.9241943359375
2291.0	2587.0	1857.6639404296875
2290.0	2587.0	1866.197509765625
2291.0	2586.0	1870.837646484375
2308.0	2586.0	1847.427490234375
2311.0	2588.0	1848.7611083984375
2320.0	2587.0	1839.501220703125
2319.0	2574.0	1847.5247802734375
2329.0	2573.0	1836.0965576171875
2336.0	2580.0	1829.922119140625
2349.0	2573.0	1813.4205322265625
2345.0	2580.0	1826.641357421875
2348.0	2573.0	1827.26318359375
2366.0	2557.0	1801.6524658203125
2367.0	2561.0	1805.89453125
2376.0	2562.0	1796.0814208984375
2387.0	2550.0	1782.95849609375
2388.0	2548.0	1787.1278076171875
2396.0	2537.0	1778.866455078125
2394.0	2522.0	1788.08203125
2408.0	2518.0	1769.092529296875
2406.0	2510.0	1778.135986328125
2415.0	2493.0	1767.5794677734375
2416.0	2498.0	1771.19482421875
2429.0	2497.0	1753.4495849609375
2425.0	2481.0	1765.4896240234375
2427.0	2471.0	1766.904052734375
2425.0	2471.0	1775.0684814453125
2433.0	2459.0	1765.6097412109375
2435.0	2443.0	1766.5863037109375
2434.0	2444.0	1772.609130859375
2436.0	2426.0	1773.1629638671875
2434.0	2417.0	1780.4718017578125
2435.0	2421.0	1782.335693359375
2444.0	2405.0	1770.3388671875
2449.0	2393.0	1765.2288818359375
2445.0	2379.0	1775.6832275390625
2448.0	2364.0	1773.7064208984375
2443.0	2350.0	1785.5428466796875
2447.0	2337.0	1781.4052734375
2446.0	2335.0	1785.903076171875
2445.0	2327.0	1790.21484375
2446.0	2316.0	1790.909912109375
2445.0	2302.0	1794.8604736328125
2442.0	2285.0	1802.2591552734375
2444.0	2274.0	1800.794677734375
2445.0	2250.0	1800.9276123046875
2446.0	2236.0	1800.984375
2445.0	2222.0	1804.412109375
2444.0	2212.0	1807.7686767578125
2442.0	2209.0	1812.7637939453125
2436.0	2194.0	1824.275634765625
2436.0	2183.0	1825.14208984375
2435.0	2170.0	1827.7320556640625
2435.0	2158.0	1828.5177001953125
2428.0	2131.0	1841.279541015625
2424.0	2115.0	1848.60595703125
2428.0	2106.0	1841.8345947265625
2415.0	2092.0	1864.71533203125
2414.0	2073.0	1866.259033203125
2414.0	2079.0	1866.0433349609375
2407.0	2065.0	1877.6802978515625
2403.0	2040.0	1884.1041259765625
2395.0	2026.0	1897.284423828125
2386.0	2012.0	1911.766845703125
2378.0	2002.0	1924.1943359375
2368.0	1989.0	1939.84033203125
2358.0	1961.0	1955.2869873046875
2357.0	1966.0	1954.6871337890625
2348.0	1936.0	1967.8692626953125
2338.0	1924.0	1982.866943359375
2334.0	1922.0	1987.0091552734375
2328.0	1909.0	1994.534423828125
2320.0	1902.0	2005.36083984375
2317.0	1887.0	2007.375732421875
2309.0	1885.0	2018.0623779296875
2300.0	1875.0	2030.396728515625
2290.0	1862.0	2044.2991943359375
2289.0	1862.0	2042.2554931640625
2280.0	1850.0	2054.01025390625
2269.0	1832.0	2069.18359375
2260.0	1820.0	2080.51025390625
2251.0	1809.0	2091.750732421875
2242.0	1796.0	2102.859375
2231.0	1784.0	2117.39990234375
2222.0	1783.0	2128.364990234375
2210.0	1772.0	2144.310791015625
2204.0	1757.0	2149.639892578125
2202.0	1757.0	2147.90673828125
2191.0	1746.0	2161.81396484375
2182.0	1744.0	2172.157958984375
2172.0	1736.0	2184.23486328125
2151.0	1733.0	2214.990478515625
2145.0	1722.0	2219.37646484375
2134.0	1718.0	2232.510009765625
2124.0	1707.0	2243.886962890625
2112.0	1706.0	2258.53759765625
2104.0	1695.0	2266.252197265625
2094.0	1700.0	2277.4228515625
2094.0	1694.0	2270.991943359375
2086.0	1695.0	2278.6328125
2069.0	1682.0	2301.8232421875
2057.0	1687.0	2315.8623046875
2047.0	1683.0	2326.444091796875
2040.0	1679.0	2331.783447265625
2026.0	1682.0	2349.4638671875
2019.0	1672.0	2354.852294921875
2007.0	1669.0	2368.92138671875
2007.0	1667.0	2361.953125
2000.0	1670.0	2367.23291015625
1989.0	1672.0	2379.57666015625
1980.0	1667.0	2388.442626953125
1968.0	1681.0	2402.637939453125
1960.0	1680.0	2409.62451171875
1950.0	1681.0	2420.288818359375
1939.0	1685.0	2432.681640625
1944.0	1683.0	2417.070068359375
1929.0	1679.0	2436.43798828125
1921.0	1694.0	2443.575439453125
1914.0	1697.0	2448.867431640625
1905.0	1696.0	2457.673583984375
1895.0	1708.0	2468.306396484375
1883.0	1709.0	2482.44677734375
1876.0	1708.0	2487.931884765625
1865.0	1720.0	2500.254150390625
1856.0	1720.0	2509.140380859375
1844.0	1731.0	2523.29052734375
1846.0	1732.0	2512.85107421875
1844.0	1754.0	2509.83349609375
1835.0	1742.0	2519.224609375
1827.0	1766.0	2526.67431640625
1825.0	1772.0	2523.9013671875
1817.0	1787.0	2531.7880859375
1815.0	1798.0	2529.281494140625
1813.0	1798.0	2526.90869140625
1806.0	1809.0	2533.39599609375
1810.0	1809.0	2520.900390625
1797.0	1820.0	2538.1337890625
1798.0	1835.0	2531.147216796875
1789.0	1841.0	2541.75244140625
1788.0	1860.0	2538.41455078125
1784.0	1872.0	2540.59423828125
1779.0	1886.0	2544.6728515625
1776.0	1899.0	2545.25244140625
1779.0	1898.0	2535.61376953125
1777.0	1920.0	2534.94140625
1780.0	1925.0	2525.754638671875
1777.0	1942.0	2527.316650390625
1782.0	1950.0	2515.03955078125
1782.0	1965.0	2511.73828125
1778.0	1974.0	2515.630126953125
1777.0	2001.0	2514.47412109375
1778.0	2015.0	2510.007080078125
1781.0	2027.0	2502.163818359375
1778.0	2023.0	2504.966552734375
1778.0	2054.0	2502.638916015625
1777.0	2080.0	2502.21044921875
1779.0	2081.0	2496.64599609375
1778.0	2098.0	2496.4833984375
1787.0	2118.0	2479.131103515625
1794.0	2127.0	2465.585205078125
1787.0	2144.0	2476.61962890625
1798.0	2158.0	2456.34619140625
1797.0	2184.0	2457.445068359375
1805.0	2194.0	2442.8525390625
1807.0	2195.0	2439.20751953125
1805.0	2210.0	2442.6025390625
1815.0	2229.0	2425.192626953125
1816.0	2235.0	2423.760986328125
1825.0	2264.0	2408.51904296875
1825.0	2274.0	2409.23974609375
1836.0	2285.0	2390.716552734375
1838.0	2314.0	2388.310546875
1845.0	2325.0	2377.1064453125
1855.0	2340.0	2360.95703125
1853.0	2338.0	2366.2529296875
1862.0	2351.0	2352.449951171875
1863.0	2365.0	2352.665771484375
1874.0	2383.0	2335.555419921875
1882.0	2404.0	2324.039794921875
1892.0	2423.0	2309.16015625
1912.0	2429.0	2277.013671875
1906.0	2427.0	2290.9990234375
1931.0	2458.0	2250.935302734375
1929.0	2456.0	2258.372314453125
1942.0	2472.0	2239.726318359375
1952.0	2484.0	2226.512939453125
1959.0	2493.0	2218.608154296875
1970.0	2509.0	2203.86669921875
1979.0	2520.0	2192.8515625
1988.0	2535.0	2181.944580078125
1998.0	2546.0	2169.336181640625
2009.0	2562.0	2155.09619140625
2006.0	2570.0	2165.57373046875
2026.0	2586.0	2135.708984375
2022.0	2584.0	2148.20263671875
2036.0	2601.0	2129.20068359375
2048.0	2596.0	2113.756591796875
2057.0	2613.0	2103.63623046875
2067.0	2627.0	2091.763671875
2084.0	2627.0	2067.976318359375
2093.0	2641.0	2058.5087890625
2094.0	2640.0	2063.101318359375
2105.0	2639.0	2050.2666015625
2113.0	2652.0	2042.66259765625
2124.0	2653.0	2029.8270263671875
2135.0	2666.0	2017.1419677734375
2154.0	2665.0	1990.5748291015625
2162.0	2680.0	1983.5369873046875
2173.0	2682.0	1971.16357421875
2182.0	2682.0	1962.4725341796875
2191.0	2678.0	1953.73095703125
2192.0	2680.0	1958.9495849609375
2203.0	2679.0	1946.7054443359375
2209.0	2677.0	1943.2188720703125
2220.0	2680.0	1930.877685546875
2244.0	2689.0	1895.89501953125
2241.0	2694.0	1908.201904296875
2257.0	2679.0	1887.189697265625
2260.0	2678.0	1888.8707275390625
2260.0	2677.0	1895.8392333984375
2280.0	2679.0	1867.9163818359375
2279.0	2680.0	1876.7191162109375
2288.0	2678.0	1868.024169921875
2299.0	2678.0	1855.8116455078125
2309.0	2666.0	1845.3070068359375
2317.0	2667.0	1838.2613525390625
2329.0	2651.0	1824.2869873046875
2339.0	2651.0	1813.8515625
2336.0	2647.0	1826.0234375
2337.0	2655.0	1830.82666015625
2346.0	2647.0	1821.6602783203125
2359.0	2628.0	1805.3741455078125
2368.0	2642.0	1796.3321533203125
2376.0	2613.0	1789.0008544921875
2384.0	2619.0	1781.689697265625
2387.0	2599.0	1782.9442138671875
2409.0	2588.0	1750.6102294921875
2405.0	2574.0	1763.9930419921875
2403.0	2563.0	1773.832763671875
2418.0	2548.0	1753.5220947265625
2417.0	2546.0	1761.3642578125
2425.0	2534.0	1753.3533935546875
2426.0	2520.0	1757.4571533203125
2433.0	2508.0	1750.9559326171875
2438.0	2495.0	1747.7928466796875
2433.0	2487.0	1761.8616943359375
2445.0	2468.0	1745.8663330078125
2444.0	2458.0	1752.7947998046875
2455.0	2445.0	1738.441162109375
2465.0	2443.0	1725.9716796875
2458.0	2417.0	1742.991943359375
2456.0	2407.0	1751.06103515625
2465.0	2393.0	1739.772216796875
2466.0	2379.0	1742.4271240234375
2464.0	2364.0	1750.068359375
2474.0	2340.0	1736.6314697265625
2476.0	2332.0	1737.2318115234375
2474.0	2327.0	1744.643798828125
2473.0	2289.0	1750.1119384765625
2475.0	2287.0	1750.094970703125
2477.0	2275.0	1749.8443603515625
2474.0	2247.0	1758.21240234375
2486.0	2237.0	1740.2879638671875
2486.0	2224.0	1743.424560546875
2484.0	2210.0	1749.8580322265625
2483.0	2182.0	1754.365478515625
2487.0	2170.0	1749.942626953125
2482.0	2173.0	1761.1776123046875
