1988.0	2013.0	2047.5
1988.0	2014.0	2047.5
1987.0	2016.0	2047.5
1989.0	2013.0	2047.5
1989.0	2011.0	2047.5
1991.0	2015.0	2047.5
1989.0	2027.0	2047.5
1987.0	2028.0	2047.5
1990.0	2027.0	2047.5
1987.0	2027.0	2047.5
1996.0	2028.0	2047.5
2000.0	2028.0	2047.5
1999.0	2026.0	2047.5
1999.0	2028.0	2047.5
2001.0	2038.0	2047.5
1999.0	2026.0	2047.5
2000.0	2027.0	2047.5
2007.0	2028.0	2047.5
2009.0	2031.0	2047.5
2008.0	2027.0	2047.5
2008.0	2027.0	2047.5
2007.0	2014.0	2047.5
2012.0	2014.0	2047.5
2007.0	2014.0	2047.5
2006.0	2016.0	2047.5
2007.0	2016.0	2047.5
2017.0	2013.0	2047.5
2020.0	2015.0	2047.5
2017.0	2015.0	2047.5
2019.0	2017.0	2047.5
2017.0	2016.0	2047.5
2017.0	2010.0	2047.5
2031.0	2016.0	2047.5
2029.0	2004.0	2047.5
2028.0	2000.0	2047.5
2026.0	2004.0	2047.5
2026.0	1997.0	2047.5
2026.0	2002.0	2047.5
2027.0	2002.0	2047.5
2028.0	2003.0	2047.5
2027.0	2004.0	2047.5
2030.0	2015.0	2047.5
2028.0	2014.0	2047.5
2029.0	2017.0	2047.5
2015.0	2016.0	2047.5
2017.0	2012.0	2047.5
2017.0	2015.0	2047.5
2018.0	2016.0	2047.5
2017.0	2013.0	2047.5
2015.0	2029.0	2047.5
2020.0	2028.0	2047.5
2018.0	2040.0	2047.5
2018.0	2040.0	2047.5
2018.0	2039.0	2047.5
2014.0	2041.0	2047.5
2020.0	2040.0	2047.5
2019.0	2047.0	2047.5
2017.0	2039.0	2047.5
2019.0	2033.0	2047.5
2023.0	2041.0	2047.5
2018.0	2039.0	2047.5
2018.0	2027.0	2047.5
2019.0	2028.0	2047.5
2017.0	2028.0	2047.5
2019.0	2027.0	2047.5
2017.0	2014.0	2047.5
2018.0	2015.0	2047.5
2017.0	2014.0	2047.5
2016.0	2008.0	2047.5
2018.0	2016.0	2047.5
2019.0	2015.0	2047.5
2017.0	2015.0	2047.5
2017.0	2013.0	2047.5
2017.0	2018.0	2047.5
2018.0	2014.0	2047.5
2020.0	2017.0	2047.5
2018.0	2027.0	2047.5
2020.0	2029.0	2047.5
2019.0	2030.0	2047.5
2019.0	2031.0	2047.5
2019.0	2028.0	2047.5
2013.0	2029.0	2047.5
2017.0	2027.0	2047.5
2012.0	2029.0	2047.5
2018.0	2027.0	2047.5
2018.0	2027.0	2047.5
2022.0	2027.0	2047.5
2017.0	2027.0	2047.5
2019.0	2026.0	2047.5
2018.0	2027.0	2047.5
2007.0	2027.0	2047.5
2010.0	2027.0	2047.5
2010.0	2028.0	2047.5
2007.0	2028.0	2047.5
2010.0	2026.0	2047.5
2007.0	2026.0	2047.5
2004.0	2028.0	2047.5
2010.0	2029.0	2047.5
2010.0	2032.0	2047.5
2008.0	2028.0	2047.5
2008.0	2031.0	2047.5
2011.0	2028.0	2047.5
2009.0	2027.0	2047.5
2007.0	2030.0	2047.5
2006.0	2028.0	2047.5
2008.0	2024.0	2047.5
2009.0	2015.0	2047.5
2010.0	2017.0	2047.5
2007.0	2017.0	2047.5
2008.0	2015.0	2047.5
2010.0	2023.0	2047.5
2011.0	2014.0	2047.5
2009.0	2014.0	2047.5
2008.0	2017.0	2047.5
2006.0	2012.0	2047.5
2008.0	2009.0	2047.5
2008.0	2015.0	2047.5
2008.0	2016.0	2047.5
2001.0	2013.0	2047.5
2008.0	2016.0	2047.5
2008.0	2010.0	2047.5
2011.0	2012.0	2047.5
2008.0	2014.0	2047.5
2013.0	2015.0	2047.5
2009.0	2014.0	2047.5
2006.0	2013.0	2047.5
2006.0	2015.0	2047.5
2009.0	2015.0	2047.5
2010.0	2014.0	2047.5
2008.0	2014.0	2047.5
2007.0	2018.0	2047.5
2008.0	2015.0	2047.5
2010.0	2013.0	2047.5
2005.0	2016.0	2047.5
2007.0	2016.0	2047.5
2008.0	2012.0	2047.5
2008.0	2016.0	2047.5
2007.0	2018.0	2047.5
2005.0	2017.0	2047.5
2007.0	2012.0	2047.5
2008.0	2017.0	2047.5
2006.0	2012.0	2047.5
2007.0	2022.0	2047.5
2009.0	2013.0	2047.5
2007.0	2013.0	2047.5
2005.0	2013.0	2047.5
2007.0	2014.0	2047.5
2009.0	2019.0	2047.5
2008.0	2013.0	2047.5
2007.0	2015.0	2047.5
2008.0	2015.0	2047.5
2008.0	2016.0	2047.5
2008.0	2010.0	2047.5
2006.0	2015.0	2047.5
2008.0	2016.0	2047.5
2005.0	2015.0	2047.5
2007.0	2016.0	2047.5
2007.0	2040.0	2047.5
2007.0	2013.0	2047.5
2007.0	2014.0	2047.5
2010.0	2016.0	2047.5
2008.0	2016.0	2047.5
2007.0	2013.0	2047.5
2008.0	2014.0	2047.5
2007.0	2013.0	2047.5
2014.0	2017.0	2047.5
2008.0	2014.0	2047.5
2006.0	2011.0	2047.5
2010.0	2016.0	2047.5
2006.0	2026.0	2047.5
2007.0	2015.0	2047.5
2011.0	2014.0	2047.5
2008.0	2015.0	2047.5
2011.0	2016.0	2047.5
2009.0	2013.0	2047.5
2010.0	2013.0	2047.5
2007.0	2015.0	2047.5
2007.0	2014.0	2047.5
2007.0	2014.0	2047.5
2006.0	2007.0	2047.5
2010.0	2015.0	2047.5
2007.0	2015.0	2047.5
2006.0	2015.0	2047.5
2008.0	2014.0	2047.5
2007.0	2016.0	2047.5
2006.0	2014.0	2047.5
2008.0	2013.0	2047.5
2006.0	2015.0	2047.5
2009.0	2014.0	2047.5
2008.0	2016.0	2047.5
2007.0	2016.0	2047.5
2008.0	2015.0	2047.5
2006.0	2014.0	2047.5
2006.0	2016.0	2047.5
2009.0	2021.0	2047.5
2008.0	2013.0	2047.5
2007.0	2014.0	2047.5
2006.0	2015.0	2047.5
2007.0	2015.0	2047.5
2009.0	2026.0	2047.5
2007.0	2015.0	2047.5
2008.0	2016.0	2047.5
2007.0	2014.0	2047.5
2010.0	2015.0	2047.5
2007.0	2019.0	2047.5
2009.0	2014.0	2047.5
2007.0	2014.0	2047.5
2007.0	2015.0	2047.5
2009.0	2015.0	2047.5
2008.0	2012.0	2047.5
2007.0	2015.0	2047.5
2007.0	2014.0	2047.5
2008.0	2016.0	2047.5
2006.0	2013.0	2047.5
2008.0	2016.0	2047.5
2009.0	2014.0	2047.5
2007.0	2012.0	2047.5
2009.0	2015.0	2047.5
2006.0	2014.0	2047.5
2008.0	2015.0	2047.5
2009.0	2013.0	2047.5
2008.0	2012.0	2047.5
2020.0	2014.0	2047.5
2017.0	2016.0	2047.5
2018.0	2019.0	2047.5
2018.0	2017.0	2047.5
2018.0	2015.0	2047.5
2022.0	2015.0	2047.5
2017.0	2014.0	2047.5
2019.0	2017.0	2047.5
2018.0	2015.0	2047.5
2008.0	2016.0	2047.5
2009.0	2014.0	2047.5
2008.0	2016.0	2047.5
2007.0	2026.0	2047.5
2006.0	2028.0	2047.5
2010.0	2027.0	2047.5
2013.0	2027.0	2047.5
2009.0	2029.0	2047.5
2006.0	2040.0	2047.5
2008.0	2039.0	2047.5
2008.0	2039.0	2047.5
2008.0	2040.0	2047.5
2008.0	2042.0	2047.5
2008.0	2046.0	2047.5
2009.0	2039.0	2047.5
2007.0	2039.0	2047.5
2008.0	2042.0	2047.5
2007.0	2040.0	2047.5
2007.0	2039.0	2047.5
2009.0	2042.0	2047.5
2008.0	2039.0	2047.5
2008.0	2041.0	2047.5
2007.0	2039.0	2047.5
2007.0	2043.0	2047.5
2008.0	2039.0	2047.5
2017.0	2050.0	2047.5
2020.0	2042.0	2047.5
2016.0	2039.0	2047.5
2017.0	2041.0	2047.5
2016.0	2041.0	2047.5
2019.0	2047.0	2047.5
2019.0	2041.0	2047.5
2017.0	2039.0	2047.5
2014.0	2041.0	2047.5
2017.0	2040.0	2047.5
2020.0	2041.0	2047.5
2017.0	2039.0	2047.5
2020.0	2040.0	2047.5
2029.0	2041.0	2047.5
2018.0	2040.0	2047.5
2016.0	2045.0	2047.5
2020.0	2040.0	2047.5
2019.0	2040.0	2047.5
2020.0	2040.0	2047.5
2016.0	2040.0	2047.5
2020.0	2042.0	2047.5
2019.0	2040.0	2047.5
2017.0	2038.0	2047.5
2016.0	2040.0	2047.5
2018.0	2042.0	2047.5
2018.0	2045.0	2047.5
2017.0	2040.0	2047.5
2017.0	2038.0	2047.5
2025.0	2039.0	2047.5
2017.0	2040.0	2047.5
2017.0	2040.0	2193.57763671875
2016.0	2041.0	2195.954345703125
2019.0	2039.0	2189.675537109375
2017.0	2038.0	2194.2294921875
2018.0	2041.0	2192.240234375
2019.0	2044.0	2190.28515625
2018.0	2040.0	2192.627197265625
2019.0	2038.0	2190.61376953125
2019.0	2041.0	2190.7880859375
2020.0	2039.0	2188.777587890625
2016.0	2042.0	2197.639892578125
2018.0	2041.0	2193.476806640625
2017.0	2046.0	2195.80078125
2020.0	2042.0	2189.43359375
2017.0	2042.0	2196.081787109375
2017.0	2039.0	2196.2216796875
2018.0	2040.0	2194.13427734375
2019.0	2040.0	2192.13427734375
2018.0	2055.0	2194.45947265625
2019.0	2052.0	2192.43310546875
2013.0	2051.0	2205.619384765625
2017.0	2055.0	2197.09130859375
2018.0	2053.0	2195.027099609375
2017.0	2054.0	2197.344482421875
2018.0	2051.0	2195.2783203125
2023.0	2053.0	2184.5673828125
2019.0	2051.0	2193.36669921875
2018.0	2051.0	2195.64599609375
2018.0	2053.0	2195.781982421875
2019.0	2051.0	2193.775634765625
2018.0	2052.0	2196.014892578125
2018.0	2054.0	2196.148193359375
2017.0	2057.0	2198.45166015625
2020.0	2056.0	2192.104248046875
2017.0	2052.0	2198.7509765625
2020.0	2055.0	2192.393798828125
2018.0	2051.0	2196.870849609375
2018.0	2048.0	2196.99658203125
2016.0	2052.0	2201.438232421875
2017.0	2056.0	2199.41748046875
2017.0	2053.0	2199.49560546875
2019.0	2054.0	2195.28173828125
2005.0	2053.0	2225.4892578125
2009.0	2051.0	2216.23681640625
2006.0	2060.0	2222.273193359375
2009.0	2052.0	2215.25341796875
2008.0	2053.0	2216.978271484375
2006.0	2055.0	2220.845703125
2008.0	2054.0	2216.12646484375
2007.0	2055.0	2217.936279296875
2008.0	2068.0	2215.416748046875
2010.0	2067.0	2210.79833984375
2008.0	2065.0	2214.859375
2019.0	2067.0	2190.9384765625
2017.0	2066.0	2195.720703125
2018.0	2065.0	2193.94580078125
2018.0	2067.0	2194.30810546875
2032.0	2067.0	2164.2265625
2019.0	2067.0	2192.799072265625
2018.0	2066.0	2195.3095703125
2016.0	2067.0	2199.94091796875
2019.0	2065.0	2193.722412109375
2024.0	2066.0	2183.47216796875
2030.0	2068.0	2171.30712890625
2028.0	2065.0	2176.4990234375
2028.0	2068.0	2177.295654296875
2026.0	2072.0	2182.42333984375
2026.0	2079.0	2183.156982421875
2038.0	2081.0	2158.416259765625
2036.0	2078.0	2164.008544921875
2040.0	2083.0	2156.598388671875
2037.0	2075.0	2164.279052734375
2039.0	2079.0	2161.017822265625
2047.0	2079.0	2144.8447265625
2040.0	2080.0	2161.677734375
2049.0	2080.0	2143.681396484375
2048.0	2080.0	2147.2861328125
2045.0	2093.0	2155.141845703125
2044.0	2091.0	2158.58056640625
2059.0	2092.0	2127.679443359375
2056.0	2091.0	2136.021484375
2057.0	2094.0	2135.595703125
2055.0	2090.0	2141.5791015625
2056.0	2091.0	2140.93701171875
2056.0	2090.0	2142.4423828125
2057.0	2092.0	2141.64306640625
2067.0	2104.0	2121.857666015625
2068.0	2105.0	2121.57080078125
2067.0	2116.0	2125.48046875
2066.0	2104.0	2129.324462890625
2066.0	2105.0	2130.911865234375
2074.0	2105.0	2115.263671875
2077.0	2105.0	2110.81591796875
2075.0	2111.0	2117.094970703125
2073.0	2117.0	2123.29443359375
2076.0	2117.0	2118.48876953125
2074.0	2118.0	2124.4619140625
2086.0	2117.0	2100.38916015625
2087.0	2118.0	2100.3701171875
2086.0	2120.0	2104.575439453125
2085.0	2130.0	2108.69140625
2086.0	2131.0	2108.35107421875
2087.0	2132.0	2107.87451171875
2084.0	2132.0	2115.95703125
2095.0	2129.0	2094.173095703125
2096.0	2131.0	2093.95556640625
2093.0	2130.0	2102.36572265625
2095.0	2130.0	2099.88818359375
2094.0	2145.0	2103.798828125
2096.0	2146.0	2101.10888671875
2108.0	2147.0	2076.645263671875
2105.0	2146.0	2085.291015625
2103.0	2144.0	2091.658447265625
2109.0	2145.0	2080.566650390625
2106.0	2144.0	2088.982177734375
2104.0	2147.0	2095.068359375
2104.0	2145.0	2096.73095703125
2105.0	2172.0	2096.13916015625
2108.0	2157.0	2091.109619140625
2114.0	2159.0	2079.677490234375
2113.0	2155.0	2083.77734375
2115.0	2157.0	2081.2578125
2114.0	2152.0	2085.173095703125
2117.0	2159.0	2080.27490234375
2116.0	2157.0	2084.02197265625
2110.0	2156.0	2098.49951171875
2117.0	2172.0	2084.705322265625
2114.0	2175.0	2092.517333984375
2113.0	2169.0	2095.90673828125
2115.0	2168.0	2092.769287109375
2121.0	2171.0	2080.89599609375
2115.0	2170.0	2095.05126953125
2115.0	2174.0	2096.08203125
2114.0	2172.0	2099.201904296875
2125.0	2171.0	2076.777099609375
2126.0	2170.0	2076.118896484375
2125.0	2171.0	2079.607177734375
2126.0	2172.0	2078.78857421875
2124.0	2170.0	2084.416259765625
2124.0	2166.0	2085.609375
2124.0	2168.0	2086.7568359375
2126.0	2171.0	2083.466552734375
2128.0	2172.0	2080.15478515625
2127.0	2172.0	2083.3271484375
2125.0	2168.0	2088.626220703125
2124.0	2170.0	2091.697021484375
2123.0	2164.0	2094.651123046875
2127.0	2172.0	2086.7451171875
2124.0	2170.0	2094.001220703125
2124.0	2157.0	2094.705810546875
2124.0	2156.0	2095.391845703125
2124.0	2159.0	2096.083740234375
2126.0	2158.0	2092.32373046875
2127.0	2157.0	2090.728515625
2127.0	2157.0	2091.269287109375
2127.0	2156.0	2091.75244140625
2125.0	2156.0	2096.586669921875
2124.0	2156.0	2099.2177734375
2125.0	2141.0	2097.505126953125
2125.0	2142.0	2097.943115234375
2123.0	2124.0	2102.64501953125
2125.0	2142.0	2098.66943359375
2125.0	2144.0	2099.02880859375
2123.0	2159.0	2103.7158203125
2125.0	2145.0	2099.691162109375
2115.0	2145.0	2121.544921875
2114.0	2145.0	2123.37744140625
2115.0	2145.0	2120.870849609375
2114.0	2132.0	2122.716796875
2115.0	2131.0	2120.230712890625
2114.0	2119.0	2122.118896484375
2118.0	2128.0	2113.170654296875
2114.0	2131.0	2121.62255859375
2114.0	2134.0	2121.396728515625
2114.0	2129.0	2121.15283203125
2115.0	2129.0	2118.7587890625
2106.0	2131.0	2137.781494140625
2104.0	2118.0	2141.330810546875
2106.0	2119.0	2136.22119140625
2104.0	2118.0	2139.853759765625
2105.0	2118.0	2137.040283203125
2106.0	2119.0	2134.254150390625
2106.0	2119.0	2133.66015625
2121.0	2117.0	2100.585205078125
2106.0	2104.0	2132.6015625
2105.0	2105.0	2134.274169921875
2093.0	2105.0	2159.81787109375
2095.0	2107.0	2154.3515625
2093.0	2106.0	2157.622802734375
2090.0	2104.0	2163.099853515625
2093.0	2106.0	2155.64599609375
2094.0	2104.0	2152.5869140625
2095.0	2096.0	2149.635009765625
2087.0	2092.0	2165.824951171875
2087.0	2091.0	2164.539794921875
2083.0	2091.0	2171.936279296875
2085.0	2091.0	2166.45263671875
2085.0	2092.0	2165.33642578125
2086.0	2092.0	2162.138427734375
2085.0	2094.0	2163.320556640625
2086.0	2091.0	2160.1962890625
2086.0	2093.0	2159.30859375
2085.0	2092.0	2160.635498046875
2076.0	2094.0	2179.204833984375
2074.0	2085.0	2182.1513671875
2078.0	2091.0	2172.131103515625
2075.0	2094.0	2177.391357421875
2074.0	2092.0	2178.390869140625
2067.0	2094.0	2192.490478515625
2067.0	2093.0	2190.834716796875
2068.0	2093.0	2187.048828125
2067.0	2094.0	2187.74609375
2069.0	2093.0	2181.99072265625
2066.0	2093.0	2187.1689453125
2067.0	2092.0	2183.7421875
2067.0	2094.0	2182.54541015625
2059.0	2093.0	2198.676025390625
2056.0	2091.0	2203.505859375
2055.0	2093.0	2204.096435546875
2058.0	2091.0	2196.06787109375
2059.0	2095.0	2192.46533203125
2055.0	2122.0	2199.781494140625
2058.0	2105.0	2191.997802734375
2059.0	2104.0	2188.589599609375
2050.0	2106.0	2206.974609375
2046.0	2104.0	2214.438232421875
2045.0	2112.0	2214.954345703125
2045.0	2104.0	2213.426513671875
2047.0	2105.0	2207.593505859375
2052.0	2106.0	2195.325439453125
2046.0	2105.0	2207.056884765625
2049.0	2111.0	2199.31787109375
2047.0	2106.0	2202.466796875
2047.0	2102.0	2201.3388671875
2047.0	2106.0	2200.254150390625
2045.0	2104.0	2203.5908203125
2040.0	2106.0	2212.975341796875
2035.0	2104.0	2222.428955078125
2036.0	2099.0	2218.87060546875
2035.0	2104.0	2219.752197265625
2039.0	2107.0	2209.822021484375
2032.0	2117.0	2223.814208984375
2037.0	2122.0	2211.908935546875
2038.0	2109.0	2208.681640625
2038.0	2116.0	2207.67529296875
2039.0	2120.0	2204.5576171875
2042.0	2119.0	2197.1865234375
2039.0	2118.0	2202.875244140625
2036.0	2124.0	2208.58544921875
2041.0	2117.0	2197.047119140625
2037.0	2117.0	2205.018310546875
2035.0	2129.0	2208.662353515625
2039.0	2132.0	2199.41650390625
2037.0	2131.0	2203.203369140625
2038.0	2131.0	2200.505859375
2036.0	2125.0	2204.35205078125
2039.0	2131.0	2197.384765625
2036.0	2130.0	2203.47119140625
2034.0	2131.0	2207.398681640625
2039.0	2132.0	2196.156494140625
2039.0	2136.0	2195.83251953125
2036.0	2131.0	2202.01513671875
2037.0	2133.0	2199.515625
2055.0	2145.0	2160.323974609375
2046.0	2144.0	2180.20703125
2045.0	2142.0	2182.7314453125
2045.0	2147.0	2183.0283203125
2046.0	2146.0	2181.170654296875
2049.0	2145.0	2174.941650390625
2048.0	2145.0	2177.3701171875
2045.0	2144.0	2184.125
2046.0	2146.0	2182.16943359375
2046.0	2144.0	2182.389892578125
2047.0	2145.0	2180.443359375
2058.0	2145.0	2157.3720703125
2055.0	2144.0	2164.736572265625
2057.0	2144.0	2161.219970703125
2057.0	2145.0	2161.984619140625
2057.0	2143.0	2162.71630859375
2057.0	2143.0	2163.4375
2069.0	2145.0	2138.41357421875
2064.0	2147.0	2150.566650390625
2066.0	2145.0	2147.4501953125
2066.0	2144.0	2148.585205078125
2066.0	2148.0	2149.6376953125
2068.0	2143.0	2146.330810546875
2067.0	2143.0	2149.485107421875
2077.0	2142.0	2129.13818359375
2076.0	2145.0	2132.77294921875
2077.0	2143.0	2131.981689453125
2076.0	2144.0	2135.455078125
2075.0	2142.0	2138.875732421875
2089.0	2142.0	2109.7041015625
2086.0	2145.0	2118.021728515625
2086.0	2149.0	2119.757080078125
2084.0	2147.0	2125.755615234375
2088.0	2144.0	2118.584716796875
2087.0	2145.0	2122.182373046875
2096.0	2146.0	2104.33349609375
2094.0	2142.0	2110.504638671875
2095.0	2144.0	2110.130859375
2097.0	2154.0	2107.522216796875
2097.0	2145.0	2109.121337890625
2096.0	2144.0	2112.804443359375
2104.0	2145.0	2097.436279296875
2107.0	2145.0	2092.9189453125
2105.0	2147.0	2099.16015625
2106.0	2143.0	2098.762451171875
2104.0	2145.0	2104.777099609375
2105.0	2145.0	2104.193115234375
2114.0	2143.0	2086.281005859375
2114.0	2144.0	2088.364990234375
2117.0	2145.0	2083.7958984375
2116.0	2151.0	2087.775634765625
2116.0	2148.0	2089.51416015625
2113.0	2145.0	2097.703125
2113.0	2144.0	2099.331787109375
2115.0	2148.0	2096.439697265625
2124.0	2133.0	2078.664794921875
2124.0	2131.0	2080.655517578125
2126.0	2129.0	2078.205810546875
2127.0	2129.0	2077.779541015625
2125.0	2129.0	2083.8154296875
2125.0	2129.0	2085.37646484375
2132.0	2132.0	2072.233642578125
2132.0	2132.0	2074.259521484375
2137.0	2132.0	2065.323486328125
2134.0	2129.0	2073.63232421875
2134.0	2132.0	2075.31787109375
2131.0	2128.0	2083.439453125
2131.0	2127.0	2084.967041015625
2135.0	2133.0	2077.73291015625
2134.0	2133.0	2081.2412109375
2129.0	2129.0	2093.39111328125
2142.0	2131.0	2067.06982421875
2144.0	2137.0	2064.622314453125
2144.0	2130.0	2066.295654296875
2142.0	2131.0	2072.24365234375
2162.0	2133.0	2030.3802490234375
2151.0	2132.0	2056.374267578125
2152.0	2129.0	2056.2041015625
2153.0	2127.0	2055.8828125
2154.0	2127.0	2055.488037109375
2153.0	2132.0	2059.275146484375
2153.0	2118.0	2060.820068359375
2154.0	2116.0	2060.141845703125
2153.0	2119.0	2063.747314453125
2152.0	2116.0	2067.19677734375
2155.0	2118.0	2061.939453125
2153.0	2119.0	2067.470947265625
2151.0	2119.0	2072.958984375
2155.0	2118.0	2065.3505859375
2153.0	2113.0	2070.69384765625
2152.0	2117.0	2073.826416015625
2152.0	2117.0	2074.72705078125
2160.0	2117.0	2058.213623046875
2152.0	2118.0	2076.424560546875
2153.0	2119.0	2075.02978515625
2151.0	2120.0	2080.088623046875
2156.0	2116.0	2069.89501953125
2153.0	2117.0	2077.03369140625
2152.0	2118.0	2079.791259765625
2154.0	2123.0	2076.01611328125
2154.0	2120.0	2076.582763671875
2156.0	2112.0	2072.77783203125
2155.0	2117.0	2075.4384765625
2144.0	2116.0	2099.4609375
2142.0	2115.0	2103.635009765625
2143.0	2118.0	2101.3623046875
2144.0	2120.0	2099.0361328125
2146.0	2118.0	2094.57666015625
2145.0	2120.0	2096.63525390625
2140.0	2116.0	2106.76708984375
2132.0	2118.0	2123.35595703125
2134.0	2119.0	2118.35791015625
2133.0	2118.0	2119.857666015625
2135.0	2117.0	2114.902099609375
2136.0	2117.0	2112.08251953125
2134.0	2118.0	2115.86474609375
2133.0	2120.0	2117.500732421875
2133.0	2118.0	2116.992431640625
2125.0	2115.0	2133.471923828125
2126.0	2119.0	2130.248291015625
2125.0	2117.0	2131.440185546875
2121.0	2119.0	2139.192626953125
2124.0	2117.0	2131.7978515625
2115.0	2121.0	2150.51220703125
2114.0	2119.0	2151.2353515625
2114.0	2136.0	2149.8994140625
2116.0	2117.0	2144.29345703125
2113.0	2117.0	2149.58203125
2113.0	2119.0	2148.45654296875
2115.0	2117.0	2143.03125
2103.0	2117.0	2167.849609375
2107.0	2119.0	2157.556396484375
2106.0	2117.0	2158.21875
2107.0	2117.0	2154.682861328125
2105.0	2116.0	2157.70458984375
2103.0	2112.0	2160.769775390625
2107.0	2119.0	2150.86767578125
2096.0	2119.0	2173.0419921875
2094.0	2119.0	2175.70849609375
2098.0	2105.0	2165.40673828125
2095.0	2111.0	2170.41162109375
2089.0	2103.0	2181.942626953125
2087.0	2104.0	2184.330322265625
2084.0	2105.0	2188.986572265625
2087.0	2104.0	2180.712890625
2084.0	2101.0	2185.602294921875
2086.0	2104.0	2179.71337890625
2074.0	2106.0	2203.65234375
2073.0	2106.0	2203.77099609375
2077.0	2105.0	2193.130859375
2076.0	2111.0	2193.534423828125
2074.0	2105.0	2196.1845703125
2077.0	2106.0	2188.10498046875
2071.0	2105.0	2199.595458984375
2078.0	2105.0	2182.939453125
2064.0	2105.0	2211.423583984375
2065.0	2104.0	2207.36474609375
2064.0	2103.0	2207.787841796875
2067.0	2104.0	2199.57958984375
2067.0	2105.0	2197.995849609375
2065.0	2103.0	2200.870849609375
2066.0	2107.0	2197.34716796875
2066.0	2101.0	2196.008056640625
2057.0	2106.0	2213.656005859375
2056.0	2104.0	2213.979736328125
2052.0	2104.0	2220.812744140625
2059.0	2107.0	2204.011474609375
2057.0	2107.0	2206.875
2058.0	2103.0	2203.228271484375
2055.0	2104.0	2208.39892578125
2060.0	2105.0	2196.2607421875
2058.0	2105.0	2199.40185546875
2056.0	2101.0	2202.578369140625
2057.0	2103.0	2199.334228515625
2057.0	2104.0	2198.28857421875
2058.0	2105.0	2195.131103515625
2054.0	2105.0	2202.917236328125
2057.0	2104.0	2195.560302734375
2057.0	2106.0	2194.741455078125
2057.0	2099.0	2193.9384765625
2054.0	2104.0	2199.719970703125
2056.0	2103.0	2194.68505859375
2055.0	2105.0	2196.23828125
2057.0	2106.0	2191.2900390625
2057.0	2111.0	2190.737548828125
2056.0	2106.0	2192.434326171875
2056.0	2105.0	2191.9296875
2055.0	2106.0	2193.6279296875
2058.0	2121.0	2186.703857421875
2056.0	2119.0	2190.6455078125
2060.0	2120.0	2181.572509765625
2057.0	2118.0	2187.699951171875
2060.0	2119.0	2180.828369140625
2057.0	2117.0	2187.009521484375
2055.0	2119.0	2191.1171875
2057.0	2120.0	2186.47705078125
2056.0	2117.0	2188.370849609375
2057.0	2120.0	2185.97314453125
2055.0	2117.0	2190.074951171875
2069.0	2117.0	2159.51220703125
2066.0	2120.0	2166.612548828125
2067.0	2124.0	2164.886962890625
2065.0	2117.0	2169.604736328125
2068.0	2118.0	2163.487548828125
2068.0	2118.0	2163.865478515625
2067.0	2118.0	2166.426025390625
2066.0	2124.0	2168.954345703125
2069.0	2116.0	2162.88134765625
2068.0	2117.0	2165.268310546875
2076.0	2118.0	2148.222412109375
2075.0	2119.0	2151.2958984375
2078.0	2118.0	2145.6875
2078.0	2118.0	2146.55517578125
2077.0	2129.0	2149.576416015625
2081.0	2130.0	2141.6123046875
2088.0	2131.0	2127.390380859375
2089.0	2132.0	2126.516357421875
2086.0	2129.0	2134.2607421875
2084.0	2128.0	2139.77490234375
2084.0	2130.0	2140.87841796875
2084.0	2129.0	2141.8876953125
2085.0	2128.0	2140.766845703125
2095.0	2129.0	2120.4423828125
2096.0	2126.0	2119.801513671875
2095.0	2130.0	2123.343017578125
2095.0	2132.0	2124.61767578125
2095.0	2130.0	2125.884033203125
2105.0	2130.0	2105.425537109375
2104.0	2134.0	2109.42919921875
2107.0	2130.0	2104.663818359375
2104.0	2129.0	2112.7939453125
2103.0	2129.0	2116.479736328125
2106.0	2132.0	2111.381591796875
2107.0	2134.0	2110.6328125
2104.0	2130.0	2118.47509765625
2103.0	2145.0	2121.84521484375
2113.0	2143.0	2101.50537109375
2116.0	2146.0	2096.758056640625
2113.0	2147.0	2104.89208984375
2118.0	2145.0	2095.572265625
2113.0	2143.0	2107.86669921875
2119.0	2143.0	2096.1982421875
2115.0	2144.0	2106.14697265625
2112.0	2144.0	2113.894287109375
2125.0	2144.0	2087.057373046875
2124.0	2143.0	2090.981201171875
2125.0	2144.0	2090.45751953125
2124.0	2146.0	2094.2080078125
2121.0	2144.0	2102.2802734375
2125.0	2146.0	2094.992919921875
2126.0	2138.0	2094.13623046875
2125.0	2147.0	2097.5654296875
2134.0	2142.0	2079.617919921875
2133.0	2146.0	2083.5166015625
2134.0	2144.0	2082.968994140625
2133.0	2154.0	2086.694091796875
2134.0	2146.0	2086.015380859375
2133.0	2145.0	2089.573974609375
2133.0	2143.0	2090.90625
2134.0	2143.0	2089.9384765625
2135.0	2149.0	2089.01708984375
2133.0	2145.0	2094.4296875
2133.0	2142.0	2095.512939453125
2142.0	2143.0	2077.264892578125
2143.0	2146.0	2076.711669921875
2140.0	2145.0	2084.677001953125
2144.0	2144.0	2077.4375
2144.0	2160.0	2078.82958984375
2144.0	2144.0	2080.110107421875
2145.0	2144.0	2079.1669921875
2143.0	2146.0	2084.67578125
2153.0	2145.0	2064.35546875
2155.0	2136.0	2061.66064453125
2153.0	2129.0	2067.55615234375
2154.0	2130.0	2066.82763671875
2153.0	2131.0	2070.377197265625
2154.0	2132.0	2069.501708984375
2153.0	2133.0	2072.932373046875
2154.0	2131.0	2072.023681640625
2151.0	2135.0	2079.633056640625
2153.0	2131.0	2076.303955078125
2155.0	2132.0	2072.974365234375
2152.0	2132.0	2080.405029296875
2156.0	2131.0	2072.611572265625
2153.0	2143.0	2079.970458984375
2155.0	2130.0	2076.436279296875
2153.0	2129.0	2081.569580078125
2161.0	2131.0	2064.955078125
2153.0	2130.0	2082.990478515625
2155.0	2123.0	2079.298095703125
2152.0	2115.0	2086.430419921875
2153.0	2118.0	2084.826416015625
2162.0	2118.0	2065.806640625
2152.0	2118.0	2088.075439453125
2154.0	2120.0	2084.245849609375
2142.0	2117.0	2110.7548828125
2142.0	2117.0	2110.5478515625
2146.0	2119.0	2101.64306640625
2144.0	2118.0	2105.808837890625
2142.0	2121.0	2110.034423828125
2145.0	2121.0	2103.38037109375
2147.0	2113.0	2098.935302734375
2133.0	2118.0	2128.979248046875
2134.0	2117.0	2126.067626953125
2129.0	2118.0	2136.240478515625
2134.0	2115.0	2124.699951171875
2133.0	2125.0	2126.193115234375
2135.0	2119.0	2121.234130859375
2132.0	2119.0	2127.161865234375
2136.0	2117.0	2117.91552734375
2135.0	2117.0	2119.534912109375
2133.0	2119.0	2123.362548828125
2125.0	2119.0	2140.1220703125
2124.0	2118.0	2141.2490234375
2126.0	2120.0	2135.90771484375
2125.0	2116.0	2137.134765625
2123.0	2121.0	2140.569580078125
2123.0	2117.0	2139.72412109375
2126.0	2112.0	2132.40478515625
2113.0	2118.0	2159.5068359375
2114.0	2120.0	2156.00927734375
2112.0	2116.0	2159.09326171875
2115.0	2117.0	2151.391845703125
2113.0	2118.0	2154.589599609375
2115.0	2118.0	2149.15966796875
2114.0	2117.0	2150.32958984375
2118.0	2118.0	2140.6591796875
2104.0	2117.0	2169.5458984375
2105.0	2105.0	2165.97607421875
2106.0	2103.0	2162.46875
2105.0	2104.0	2163.35595703125
2107.0	2105.0	2157.794189453125
2106.0	2103.0	2158.83203125
2104.0	2105.0	2162.08349609375
2107.0	2104.0	2154.553955078125
2096.0	2103.0	2176.83349609375
2094.0	2106.0	2179.608642578125
2095.0	2106.0	2175.96240234375
2093.0	2105.0	2178.92236328125
2096.0	2104.0	2171.085693359375
2096.0	2109.0	2169.810791015625
2087.0	2105.0	2188.15087890625
2085.0	2105.0	2190.762939453125
2083.0	2106.0	2193.4873046875
2087.0	2106.0	2183.3515625
2086.0	2106.0	2184.1064453125
2086.0	2103.0	2182.736083984375
2086.0	2103.0	2181.399658203125
2088.0	2106.0	2175.8154296875
2089.0	2105.0	2172.4638671875
2083.0	2104.0	2184.38623046875
2074.0	2104.0	2202.847412109375
2074.0	2105.0	2201.21728515625
2078.0	2104.0	2190.9580078125
2076.0	2104.0	2193.83984375
2076.0	2105.0	2192.44384765625
2076.0	2106.0	2191.1640625
2075.0	2112.0	2192.087646484375
2076.0	2106.0	2188.69482421875
2077.0	2106.0	2185.417236328125
2074.0	2104.0	2190.846923828125
2075.0	2105.0	2187.694091796875
2079.0	2108.0	2178.06689453125
2078.0	2103.0	2179.36083984375
2077.0	2102.0	2180.732666015625
2069.0	2108.0	2196.759521484375
2069.0	2107.0	2195.4599609375
2066.0	2106.0	2200.712890625
2066.0	2106.0	2199.540771484375
2066.0	2105.0	2198.43359375
2066.0	2107.0	2197.32080078125
2067.0	2104.0	2194.1728515625
2066.0	2107.0	2195.46435546875
2067.0	2104.0	2192.385009765625
2066.0	2110.0	2193.755615234375
2063.0	2104.0	2199.472900390625
2067.0	2107.0	2190.067138671875
2064.0	2105.0	2195.945068359375
2066.0	2104.0	2190.962646484375
2065.0	2106.0	2192.505126953125
2067.0	2106.0	2187.5771484375
2066.0	2103.0	2189.18408203125
2061.0	2105.0	2199.5009765625
2066.0	2104.0	2188.1435546875
2067.0	2109.0	2185.5419921875
2067.0	2106.0	2185.099609375
2065.0	2100.0	2189.040771484375
2067.0	2118.0	2184.30810546875
2067.0	2119.0	2183.96044921875
2068.0	2123.0	2181.502197265625
2067.0	2114.0	2183.39208984375
2069.0	2119.0	2178.725830078125
2065.0	2120.0	2187.177978515625
2069.0	2119.0	2178.256103515625
2065.0	2118.0	2186.7109375
2068.0	2119.0	2180.036376953125
2065.0	2119.0	2186.35302734375
2067.0	2120.0	2181.852783203125
2067.0	2119.0	2181.6923828125
2066.0	2118.0	2183.7177734375
2067.0	2119.0	2181.385986328125
2067.0	2115.0	2181.228515625
2066.0	2131.0	2183.28173828125
2066.0	2132.0	2183.158203125
2067.0	2131.0	2180.8388671875
2066.0	2131.0	2182.940185546875
2066.0	2135.0	2182.8349609375
2068.0	2134.0	2178.374755859375
2066.0	2128.0	2182.62255859375
2068.0	2130.0	2178.231689453125
2066.0	2131.0	2182.4853515625
2067.0	2132.0	2180.28662109375
2065.0	2109.0	2184.564697265625
2068.0	2128.0	2178.005615234375
2068.0	2131.0	2177.982421875
2068.0	2130.0	2177.957763671875
2066.0	2133.0	2182.29052734375
2065.0	2146.0	2184.42041015625
2067.0	2151.0	2180.060791015625
2069.0	2144.0	2175.7333984375
2069.0	2146.0	2175.73193359375
2067.0	2146.0	2180.08349609375
2066.0	2146.0	2182.254150390625
2068.0	2146.0	2177.9716796875
2067.0	2145.0	2180.160888671875
2075.0	2143.0	2163.10888671875
2081.0	2144.0	2150.706298828125
2077.0	2143.0	2159.969482421875
2074.0	2144.0	2167.030517578125
2074.0	2143.0	2167.5380859375
2075.0	2143.0	2165.84375
2074.0	2147.0	2168.499267578125
2076.0	2142.0	2164.586669921875
2078.0	2142.0	2160.697265625
2078.0	2146.0	2161.096923828125
2085.0	2148.0	2146.634521484375
2087.0	2157.0	2143.278564453125
2084.0	2158.0	2150.766845703125
2084.0	2158.0	2151.687744140625
2084.0	2157.0	2152.54833984375
2087.0	2157.0	2146.901123046875
2086.0	2156.0	2149.82568359375
2082.0	2157.0	2159.226806640625
2084.0	2157.0	2155.56982421875
2083.0	2157.0	2158.418212890625
2094.0	2155.0	2135.20751953125
2095.0	2158.0	2134.23681640625
2094.0	2153.0	2137.60302734375
2097.0	2158.0	2132.244140625
2094.0	2158.0	2139.77294921875
2096.0	2158.0	2136.2900390625
2097.0	2157.0	2135.009765625
2095.0	2165.0	2140.241455078125
2107.0	2157.0	2115.37451171875
2105.0	2158.0	2121.1669921875
2102.0	2157.0	2129.056396484375
2105.0	2157.0	2123.82275390625
2105.0	2145.0	2125.0537109375
2106.0	2143.0	2124.0537109375
2105.0	2143.0	2127.344970703125
2106.0	2145.0	2126.211181640625
2106.0	2145.0	2127.159912109375
2104.0	2142.0	2132.468505859375
2104.0	2144.0	2133.38916015625
2105.0	2143.0	2132.051025390625
2114.0	2145.0	2113.337158203125
2113.0	2144.0	2116.910400390625
2114.0	2143.0	2116.09765625
2115.0	2147.0	2115.170166015625
2117.0	2152.0	2112.0029296875
2118.0	2144.0	2110.90234375
2115.0	2144.0	2118.46240234375
2114.0	2144.0	2121.619384765625
2115.0	2131.0	2120.41552734375
2124.0	2142.0	2101.950439453125
2125.0	2132.0	2101.29833984375
2125.0	2132.0	2102.67724609375
2137.0	2132.0	2077.987060546875
2123.0	2132.0	2109.646484375
2124.0	2130.0	2108.673583984375
2123.0	2131.0	2111.995849609375
2123.0	2128.0	2113.12060546875
2125.0	2129.0	2109.770263671875
2132.0	2132.0	2095.519775390625
2134.0	2133.0	2092.701416015625
2132.0	2133.0	2098.4853515625
2135.0	2130.0	2093.33447265625
2134.0	2118.0	2096.814697265625
2135.0	2118.0	2095.894775390625
2132.0	2118.0	2103.595947265625
2134.0	2119.0	2100.305419921875
2135.0	2130.0	2099.1767578125
2133.0	2118.0	2104.49658203125
2133.0	2119.0	2105.40673828125
2147.0	2119.0	2075.92236328125
2144.0	2118.0	2083.29052734375
2144.0	2114.0	2084.777587890625
2144.0	2120.0	2086.14599609375
2143.0	2119.0	2089.63818359375
2140.0	2120.0	2097.37744140625
2145.0	2117.0	2087.709228515625
2144.0	2107.0	2091.045654296875
2154.0	2105.0	2070.5927734375
2152.0	2101.0	2076.522216796875
2154.0	2105.0	2073.677490234375
2155.0	2105.0	2072.968017578125
2152.0	2110.0	2080.8017578125
2153.0	2105.0	2079.907470703125
2153.0	2117.0	2081.092529296875
2156.0	2104.0	2075.70654296875
2152.0	2103.0	2085.4443359375
2145.0	2107.0	2101.676513671875
2153.0	2105.0	2085.298828125
2153.0	2108.0	2086.230712890625
2152.0	2103.0	2089.2724609375
2152.0	2104.0	2090.10986328125
2162.0	2105.0	2069.201904296875
2153.0	2105.0	2089.5263671875
2153.0	2106.0	2090.185302734375
2154.0	2109.0	2088.72802734375
2152.0	2107.0	2093.675537109375
2152.0	2105.0	2094.27197265625
2153.0	2105.0	2092.623046875
2153.0	2108.0	2093.177978515625
2155.0	2106.0	2089.329833984375
2123.0	2103.0	2159.224853515625
2158.0	2105.0	2083.668212890625
2153.0	2106.0	2094.99658203125
2151.0	2104.0	2099.780517578125
2152.0	2104.0	2098.01025390625
2154.0	2113.0	2094.1181640625
2153.0	2104.0	2096.6943359375
2153.0	2105.0	2097.007568359375
2145.0	2106.0	2114.0966796875
2144.0	2105.0	2115.99755859375
2144.0	2106.0	2115.694091796875
2145.0	2104.0	2113.244140625
2145.0	2106.0	2113.0126953125
2145.0	2092.0	2112.77294921875
2136.0	2092.0	2131.72607421875
2132.0	2093.0	2139.57861328125
2135.0	2093.0	2132.248291015625
2133.0	2091.0	2135.83837890625
2133.0	2092.0	2135.145263671875
2135.0	2092.0	2130.12451171875
2132.0	2097.0	2135.981689453125
2123.0	2093.0	2154.483154296875
2125.0	2104.0	2148.973388671875
2125.0	2106.0	2147.859375
2123.0	2106.0	2151.162109375
2123.0	2108.0	2150.175537109375
2124.0	2091.0	2147.062744140625
2126.0	2096.0	2141.822998046875
2123.0	2090.0	2147.44384765625
2124.0	2092.0	2144.478759765625
2124.0	2090.0	2143.73095703125
2134.0	2093.0	2121.7783203125
2134.0	2098.0	2121.73388671875
2134.0	2093.0	2121.64599609375
2135.0	2092.0	2119.3671875
2141.0	2094.0	2106.271728515625
2132.0	2092.0	2125.73681640625
2132.0	2094.0	2125.665283203125
2134.0	2094.0	2121.261962890625
2134.0	2092.0	2121.209228515625
2134.0	2092.0	2121.14111328125
2134.0	2092.0	2121.07373046875
2134.0	2093.0	2121.044189453125
2147.0	2093.0	2092.98828125
2142.0	2087.0	2104.486328125
2146.0	2070.0	2096.39306640625
2143.0	2104.0	2103.442626953125
2140.0	2106.0	2110.46826171875
2144.0	2105.0	2102.288330078125
2151.0	2109.0	2087.98486328125
2151.0	2104.0	2088.998291015625
2155.0	2104.0	2081.2314453125
2153.0	2104.0	2086.50341796875
2152.0	2106.0	2089.5546875
2152.0	2118.0	2090.363525390625
2155.0	2105.0	2084.65087890625
2153.0	2103.0	2089.72998046875
2151.0	2106.0	2094.768798828125
2153.0	2105.0	2091.11376953125
2153.0	2101.0	2091.74609375
2152.0	2106.0	2094.528564453125
2163.0	2105.0	2071.422119140625
2162.0	2106.0	2074.74267578125
2163.0	2106.0	2073.724365234375
2164.0	2116.0	2072.683349609375
2164.0	2105.0	2073.6083984375
2164.0	2106.0	2074.502197265625
2160.0	2102.0	2084.086669921875
2163.0	2104.0	2078.443359375
2164.0	2113.0	2077.035400390625
2164.0	2105.0	2077.78759765625
2162.0	2102.0	2082.849853515625
2166.0	2105.0	2074.847900390625
2161.0	2107.0	2086.34033203125
2165.0	2107.0	2078.274169921875
2163.0	2106.0	2083.1845703125
2162.0	2105.0	2085.95166015625
2160.0	2107.0	2090.80126953125
2162.0	2106.0	2086.963134765625
2153.0	2100.0	2106.538818359375
2153.0	2106.0	2106.33447265625
2152.0	2104.0	2108.338623046875
2149.0	2103.0	2114.656005859375
2156.0	2107.0	2099.288818359375
2156.0	2110.0	2099.103759765625
2152.0	2106.0	2107.65087890625
2153.0	2104.0	2105.35009765625
2152.0	2094.0	2107.33349609375
2153.0	2093.0	2105.01025390625
2153.0	2091.0	2104.904541015625
2153.0	2092.0	2104.751953125
2143.0	2092.0	2126.16943359375
2146.0	2092.0	2118.902587890625
2147.0	2092.0	2116.055419921875
2144.0	2090.0	2121.978759765625
2142.0	2091.0	2125.7119140625
2133.0	2091.0	2144.103515625
2134.0	2091.0	2140.759521484375
2133.0	2091.0	2141.805908203125
2133.0	2093.0	2140.76611328125
2137.0	2091.0	2131.1162109375
2135.0	2097.0	2134.56103515625
2133.0	2092.0	2137.99853515625
2135.0	2092.0	2132.841064453125
2122.0	2093.0	2159.6865234375
2124.0	2090.0	2154.0625
2125.0	2091.0	2150.61279296875
2126.0	2092.0	2147.244384765625
2126.0	2092.0	2146.15673828125
2124.0	2089.0	2149.445068359375
2123.0	2095.0	2150.618408203125
2123.0	2092.0	2149.66064453125
2115.0	2089.0	2166.0771484375
2114.0	2092.0	2166.729248046875
2108.0	2080.0	2178.327880859375
2116.0	2079.0	2159.580322265625
2113.0	2081.0	2164.779541015625
2113.0	2078.0	2163.584716796875
2114.0	2080.0	2160.227294921875
2109.0	2079.0	2169.97705078125
2112.0	2078.0	2162.45361328125
2114.0	2080.0	2157.207275390625
2114.0	2080.0	2156.257080078125
2115.0	2080.0	2153.19140625
2109.0	2077.0	2165.407958984375
2117.0	2065.0	2147.2998046875
2112.0	2070.0	2157.324951171875
2115.0	2067.0	2150.1416015625
2116.0	2066.0	2147.366943359375
2113.0	2068.0	2153.2705078125
2114.0	2068.0	2150.5302734375
2114.0	2067.0	2149.941650390625
2114.0	2067.0	2149.448486328125
2114.0	2066.0	2148.9375
2109.0	2065.0	2159.3056640625
2116.0	2065.0	2143.68798828125
2114.0	2061.0	2147.651611328125
2115.0	2066.0	2145.119384765625
2116.0	2068.0	2142.588623046875
2112.0	2067.0	2150.93701171875
2114.0	2067.0	2146.259765625
2115.0	2070.0	2143.8310546875
2115.0	2067.0	2143.564453125
2117.0	2067.0	2138.958251953125
2126.0	2066.0	2119.16259765625
2113.0	2066.0	2147.1357421875
2114.0	2066.0	2144.7109375
2115.0	2068.0	2142.284912109375
2115.0	2068.0	2142.041259765625
2117.0	2068.0	2137.511962890625
2113.0	2080.0	2146.0166015625
2113.0	2081.0	2145.8310546875
2114.0	2082.0	2143.503173828125
2113.0	2080.0	2145.496826171875
2116.0	2079.0	2138.851806640625
2113.0	2080.0	2145.24267578125
2113.0	2080.0	2145.110595703125
2114.0	2079.0	2142.8291015625
2112.0	2080.0	2147.076416015625
2121.0	2080.0	2127.402099609375
2113.0	2094.0	2144.682373046875
2113.0	2093.0	2144.585693359375
2114.0	2091.0	2142.34521484375
2115.0	2092.0	2140.095947265625
2125.0	2092.0	2118.66064453125
2125.0	2092.0	2119.252197265625
2123.0	2094.0	2124.156982421875
2124.0	2091.0	2122.550537109375
2124.0	2093.0	2123.01513671875
2119.0	2091.0	2134.35205078125
2126.0	2092.0	2119.582763671875
2125.0	2092.0	2122.182373046875
2128.0	2093.0	2116.077392578125
2126.0	2091.0	2120.796875
2124.0	2092.0	2125.49072265625
2123.0	2092.0	2127.969482421875
2124.0	2089.0	2126.142333984375
2124.0	2091.0	2126.45556640625
2127.0	2094.0	2120.199951171875
2125.0	2094.0	2124.807861328125
2127.0	2092.0	2120.716552734375
2132.0	2094.0	2110.542236328125
2132.0	2092.0	2111.380615234375
2132.0	2090.0	2112.127197265625
2134.0	2092.0	2108.511474609375
2132.0	2080.0	2113.528564453125
2132.0	2081.0	2114.182373046875
2133.0	2081.0	2112.6748046875
2134.0	2080.0	2111.107177734375
2133.0	2080.0	2113.83251953125
2134.0	2080.0	2112.207275390625
2133.0	2085.0	2114.841796875
2145.0	2080.0	2089.661376953125
2144.0	2080.0	2092.969482421875
2145.0	2075.0	2091.717041015625
2144.0	2080.0	2094.90234375
2152.0	2082.0	2078.56787109375
2155.0	2079.0	2073.552001953125
2156.0	2079.0	2072.761962890625
2154.0	2081.0	2078.447509765625
2149.0	2080.0	2090.5810546875
2151.0	2078.0	2087.506591796875
2153.0	2080.0	2084.2939453125
2153.0	2079.0	2085.3837890625
2154.0	2080.0	2084.21435546875
2151.0	2080.0	2091.6904296875
2153.0	2076.0	2088.262939453125
2153.0	2080.0	2089.18798828125
2154.0	2076.0	2087.843017578125
2154.0	2079.0	2088.57470703125
2163.0	2080.0	2070.35009765625
2162.0	2080.0	2073.79736328125
2162.0	2079.0	2074.981201171875
2162.0	2080.0	2076.224365234375
2159.0	2077.0	2083.85498046875
2165.0	2079.0	2071.8974609375
2164.0	2077.0	2075.020751953125
2164.0	2080.0	2075.977294921875
2165.0	2092.0	2074.726318359375
2164.0	2093.0	2077.715087890625
2164.0	2091.0	2078.50439453125
2163.0	2090.0	2081.44873046875
2162.0	2094.0	2084.373046875
2163.0	2092.0	2082.84423828125
2164.0	2094.0	2081.3193359375
2162.0	2095.0	2086.30712890625
2165.0	2093.0	2080.43701171875
2164.0	2093.0	2083.196533203125
2151.0	2088.0	2111.91162109375
2165.0	2093.0	2081.974609375
2165.0	2093.0	2082.398681640625
2164.0	2090.0	2084.989013671875
2161.0	2104.0	2091.933837890625
2154.0	2110.0	2107.288330078125
2152.0	2105.0	2111.304443359375
2153.0	2104.0	2108.856201171875
2152.0	2102.0	2110.78173828125
2153.0	2104.0	2108.402099609375
2155.0	2106.0	2103.89697265625
2152.0	2105.0	2110.15380859375
2152.0	2104.0	2109.9462890625
2154.0	2106.0	2105.436767578125
2152.0	2106.0	2109.57470703125
2144.0	2110.0	2126.56787109375
2147.0	2106.0	2119.302978515625
2142.0	2105.0	2129.406494140625
2145.0	2098.0	2122.2841796875
2133.0	2118.0	2147.197998046875
2135.0	2115.0	2141.566162109375
2135.0	2118.0	2140.40625
2133.0	2117.0	2143.59326171875
2130.0	2118.0	2149.008056640625
2132.0	2120.0	2143.7275390625
2123.0	2125.0	2162.146728515625
2124.0	2118.0	2158.485595703125
2125.0	2116.0	2154.873779296875
2121.0	2118.0	2162.207275390625
2126.0	2120.0	2150.085205078125
2124.0	2129.0	2153.22998046875
2115.0	2128.0	2171.158203125
2116.0	2131.0	2167.28515625
2114.0	2131.0	2169.971435546875
2114.0	2130.0	2168.44873046875
2116.0	2134.0	2162.688720703125
2114.0	2132.0	2165.656494140625
2115.0	2130.0	2162.2158203125
2116.0	2130.0	2158.81787109375
2104.0	2131.0	2183.31201171875
2105.0	2141.0	2179.434326171875
2106.0	2128.0	2175.636474609375
2104.0	2132.0	2178.452392578125
2109.0	2132.0	2166.157470703125
2105.0	2144.0	2173.5
2106.0	2153.0	2169.994140625
2095.0	2143.0	2192.551513671875
2097.0	2146.0	2186.422607421875
2094.0	2145.0	2191.231689453125
2096.0	2143.0	2185.291259765625
2094.0	2145.0	2188.126220703125
2094.0	2144.0	2186.638427734375
2086.0	2143.0	2202.385498046875
2095.0	2145.0	2180.97021484375
2084.0	2144.0	2203.08544921875
2087.0	2150.0	2194.902587890625
2087.0	2143.0	2193.30224609375
2088.0	2146.0	2189.636474609375
2088.0	2144.0	2188.2080078125
2086.0	2144.0	2191.19091796875
2086.0	2144.0	2189.92578125
2076.0	2145.0	2210.2255859375
2074.0	2144.0	2212.802001953125
2078.0	2146.0	2202.43994140625
2075.0	2156.0	2207.39306640625
2076.0	2154.0	2203.695556640625
2077.0	2160.0	2200.164306640625
2076.0	2157.0	2201.008056640625
2084.0	2156.0	2182.37158203125
2075.0	2156.0	2200.700927734375
2075.0	2159.0	2199.569091796875
2067.0	2159.0	2215.68896484375
2066.0	2158.0	2216.20947265625
2067.0	2158.0	2212.505859375
2067.0	2157.0	2211.11474609375
2068.0	2159.0	2207.620849609375
2067.0	2158.0	2208.50390625
2068.0	2162.0	2205.095458984375
2067.0	2156.0	2206.131103515625
2066.0	2157.0	2207.316650390625
2065.0	2157.0	2208.476318359375
2065.0	2157.0	2207.525146484375
2068.0	2154.0	2200.15234375
2067.0	2157.0	2201.4541015625
2065.0	2159.0	2204.994140625
2066.0	2155.0	2202.06640625
2068.0	2157.0	2197.016845703125
2067.0	2158.0	2198.502197265625
2066.0	2144.0	2200.010986328125
2068.0	2144.0	2195.055419921875
2066.0	2144.0	2198.82373046875
2078.0	2144.0	2172.4619140625
2074.0	2145.0	2181.221923828125
2077.0	2145.0	2174.76806640625
2075.0	2144.0	2179.1923828125
2077.0	2145.0	2174.95361328125
2075.0	2144.0	2179.3798828125
2077.0	2147.0	2175.138427734375
2076.0	2144.0	2177.375244140625
2075.0	2144.0	2179.61279296875
2085.0	2146.0	2157.986083984375
2086.0	2146.0	2156.120361328125
2085.0	2148.0	2158.94287109375
2087.0	2145.0	2155.3330078125
2086.0	2143.0	2158.161376953125
2089.0	2144.0	2152.27001953125
2086.0	2142.0	2159.40478515625
2084.0	2144.0	2164.2939453125
2086.0	2145.0	2160.474365234375
2088.0	2145.0	2156.669189453125
2095.0	2146.0	2142.023193359375
2096.0	2144.0	2140.919921875
2094.0	2134.0	2146.28515625
2095.0	2130.0	2145.065185546875
2096.0	2127.0	2143.838134765625
2102.0	2130.0	2132.156494140625
2105.0	2131.0	2127.1181640625
2106.0	2135.0	2126.31787109375
2104.0	2129.0	2131.927734375
2103.0	2130.0	2135.374267578125
2107.0	2130.0	2127.866455078125
2106.0	2130.0	2131.174072265625
2105.0	2127.0	2134.47998046875
2103.0	2130.0	2139.816650390625
2114.0	2128.0	2117.423583984375
2115.0	2117.0	2116.739501953125
2115.0	2119.0	2118.16064453125
2114.0	2114.0	2121.689453125
2113.0	2116.0	2125.12646484375
2112.0	2123.0	2128.526611328125
2121.0	2118.0	2110.16748046875
2124.0	2118.0	2105.30224609375
2123.0	2123.0	2109.16650390625
2125.0	2117.0	2106.36962890625
2126.0	2120.0	2105.687255859375
2125.0	2120.0	2109.235107421875
2126.0	2118.0	2108.384521484375
2123.0	2123.0	2116.140380859375
2132.0	2119.0	2097.857421875
2134.0	2119.0	2095.167724609375
2133.0	2118.0	2098.90673828125
2135.0	2118.0	2096.109619140625
2135.0	2105.0	2097.54638671875
2132.0	2105.0	2105.434814453125
2135.0	2105.0	2100.220703125
2145.0	2105.0	2080.254638671875
2145.0	2106.0	2082.1845703125
2145.0	2110.0	2083.951171875
2146.0	2105.0	2083.365478515625
2146.0	2105.0	2084.922607421875
2152.0	2104.0	2073.8759765625
2152.0	2106.0	2075.845703125
2151.0	2115.0	2079.89111328125
2152.0	2106.0	2079.48095703125
2153.0	2104.0	2078.963623046875
2153.0	2104.0	2080.53466796875
2155.0	2103.0	2077.68017578125
2151.0	2104.0	2087.84765625
2155.0	2106.0	2080.5009765625
2152.0	2100.0	2088.330078125
2162.0	2104.0	2068.380126953125
2160.0	2105.0	2074.47119140625
2161.0	2109.0	2073.932373046875
2162.0	2105.0	2073.328125
2163.0	2106.0	2072.664794921875
2166.0	2104.0	2067.58984375
2164.0	2104.0	2073.27294921875
2162.0	2105.0	2078.857421875
2161.0	2106.0	2082.255859375
2163.0	2104.0	2079.0458984375
2158.0	2106.0	2090.981689453125
2163.0	2106.0	2081.128662109375
2164.0	2105.0	2079.90087890625
2165.0	2105.0	2078.662109375
2162.0	2107.0	2086.0078125
2164.0	2108.0	2082.501953125
2163.0	2105.0	2085.423828125
2162.0	2106.0	2088.322021484375
2163.0	2105.0	2086.822509765625
2163.0	2105.0	2087.48583984375
2163.0	2103.0	2088.093017578125
2167.0	2104.0	2080.058837890625
2162.0	2106.0	2091.484619140625
2163.0	2104.0	2089.910400390625
2164.0	2106.0	2088.249755859375
2166.0	2105.0	2084.35302734375
2164.0	2106.0	2089.12255859375
2166.0	2109.0	2085.224609375
2162.0	2104.0	2094.3037109375
2164.0	2105.0	2090.316650390625
2175.0	2104.0	2066.78955078125
2162.0	2104.0	2095.345703125
2163.0	2103.0	2093.477294921875
2163.0	2105.0	2093.77783203125
2165.0	2104.0	2089.718994140625
2163.0	2105.0	2094.3369140625
2163.0	2105.0	2094.572998046875
2164.0	2104.0	2092.639404296875
2162.0	2105.0	2097.183837890625
2164.0	2104.0	2093.017822265625
2152.0	2105.0	2118.659912109375
2154.0	2106.0	2113.88330078125
2154.0	2099.0	2113.51318359375
2152.0	2107.0	2117.432373046875
2153.0	2106.0	2114.884521484375
2149.0	2104.0	2123.1943359375
2153.0	2106.0	2114.1142578125
2153.0	2108.0	2113.818359375
2156.0	2106.0	2107.01513671875
2143.0	2105.0	2134.53125
2137.0	2106.0	2146.68017578125
2144.0	2104.0	2130.7080078125
2143.0	2113.0	2132.164794921875
2135.0	2106.0	2148.56689453125
2135.0	2105.0	2147.24951171875
2136.0	2104.0	2143.79443359375
2134.0	2106.0	2146.931640625
2133.0	2122.0	2147.97998046875
2131.0	2107.0	2151.260009765625
2124.0	2105.0	2165.117919921875
2122.0	2103.0	2167.8876953125
2124.0	2105.0	2162.08544921875
2124.0	2102.0	2160.64111328125
2125.0	2106.0	2157.182373046875
2123.0	2105.0	2160.258056640625
2122.0	2104.0	2161.2509765625
2123.0	2117.0	2158.00927734375
2123.0	2115.0	2156.934326171875
2116.0	2117.0	2170.5380859375
2118.0	2117.0	2164.626953125
2113.0	2122.0	2174.005859375
2115.0	2124.0	2168.24169921875
2114.0	2117.0	2169.08837890625
2113.0	2118.0	2169.9853515625
2115.0	2130.0	2164.46484375
2115.0	2131.0	2163.36279296875
2115.0	2129.0	2162.281494140625
2114.0	2130.0	2163.442626953125
2118.0	2130.0	2153.807861328125
2111.0	2130.0	2168.052490234375
2105.0	2129.0	2179.89599609375
2105.0	2131.0	2178.5009765625
2107.0	2132.0	2172.853271484375
2106.0	2146.0	2173.767822265625
2107.0	2144.0	2170.412841796875
2104.0	2149.0	2175.892333984375
2105.0	2145.0	2172.626953125
2105.0	2147.0	2171.597900390625
2111.0	2144.0	2157.635009765625
2104.0	2142.0	2171.9375
2105.0	2146.0	2168.958984375
2105.0	2145.0	2168.167236328125
2094.0	2143.0	2191.1669921875
2095.0	2159.0	2187.615478515625
2094.0	2156.0	2188.49951171875
2095.0	2162.0	2185.09814453125
2094.0	2157.0	2186.09716796875
2095.0	2160.0	2182.862548828125
2097.0	2158.0	2177.45751953125
2093.0	2157.0	2185.15283203125
2098.0	2158.0	2173.3603515625
2094.0	2157.0	2181.15673828125
2096.0	2157.0	2175.983642578125
2111.0	2157.0	2142.64697265625
2086.0	2172.0	2195.624755859375
2086.0	2170.0	2194.34521484375
2086.0	2171.0	2193.171630859375
2086.0	2169.0	2192.034423828125
2087.0	2172.0	2188.789306640625
2088.0	2170.0	2185.685791015625
2083.0	2171.0	2195.622802734375
2087.0	2173.0	2186.047119140625
2084.0	2171.0	2191.722412109375
2098.0	2171.0	2160.552001953125
2086.0	2171.0	2185.8173828125
2085.0	2168.0	2187.23974609375
2085.0	2170.0	2186.552001953125
2085.0	2166.0	2185.931884765625
2086.0	2169.0	2183.15771484375
2087.0	2171.0	2180.4501953125
2086.0	2178.0	2182.067138671875
2084.0	2169.0	2185.9443359375
2085.0	2170.0	2183.313232421875
2086.0	2170.0	2180.684814453125
2085.0	2171.0	2182.4228515625
2086.0	2176.0	2179.87646484375
2092.0	2171.0	2166.474609375
2084.0	2170.0	2183.51171875
2086.0	2172.0	2178.80908203125
2086.0	2169.0	2178.486572265625
2089.0	2188.0	2171.61279296875
2084.0	2168.0	2182.170654296875
2086.0	2171.0	2177.5810546875
2086.0	2173.0	2177.3466796875
2090.0	2171.0	2168.47607421875
2083.0	2176.0	2183.4609375
2086.0	2173.0	2176.736328125
2086.0	2169.0	2176.53173828125
2084.0	2158.0	2180.685302734375
2087.0	2157.0	2174.00244140625
2097.0	2152.0	2152.2236328125
2097.0	2158.0	2152.695556640625
2097.0	2157.0	2153.154541015625
2094.0	2155.0	2160.096923828125
2096.0	2157.0	2156.1630859375
2093.0	2152.0	2163.095947265625
2098.0	2157.0	2152.647705078125
2094.0	2158.0	2161.68115234375
2096.0	2149.0	2157.67724609375
2096.0	2146.0	2157.989501953125
2105.0	2143.0	2138.88818359375
2107.0	2145.0	2135.449951171875
2105.0	2145.0	2140.700439453125
2105.0	2143.0	2141.54296875
2106.0	2142.0	2140.191650390625
2106.0	2142.0	2140.964111328125
2104.0	2145.0	2146.020751953125
2106.0	2146.0	2142.35546875
2108.0	2137.0	2138.610107421875
2108.0	2131.0	2139.347900390625
2105.0	2131.0	2146.42578125
2108.0	2132.0	2140.4794921875
2105.0	2130.0	2147.557373046875
2113.0	2131.0	2131.08447265625
2114.0	2130.0	2129.951416015625
2116.0	2130.0	2126.589111328125
2129.0	2130.0	2099.382568359375
2114.0	2119.0	2132.847900390625
2114.0	2123.0	2133.75244140625
2113.0	2119.0	2136.7578125
2114.0	2119.0	2135.357666015625
2116.0	2118.0	2131.766357421875
2114.0	2118.0	2136.776611328125
2115.0	2122.0	2135.265380859375
2115.0	2119.0	2135.846923828125
2115.0	2118.0	2136.4453125
2108.0	2107.0	2152.203857421875
2125.0	2106.0	2116.03515625
2125.0	2113.0	2117.198974609375
2125.0	2103.0	2118.302490234375
2127.0	2107.0	2115.01708984375
2123.0	2105.0	2124.658203125
2124.0	2104.0	2123.39599609375
2125.0	2109.0	2122.0693359375
2127.0	2107.0	2118.511474609375
2127.0	2105.0	2119.318115234375
2122.0	2107.0	2130.878173828125
2124.0	2104.0	2127.236083984375
2123.0	2104.0	2130.07177734375
2126.0	2106.0	2124.136474609375
2125.0	2105.0	2126.93408203125
2132.0	2105.0	2112.7529296875
2134.0	2119.0	2109.529296875
2133.0	2116.0	2112.736083984375
2133.0	2118.0	2113.7490234375
2134.0	2119.0	2112.51806640625
2134.0	2092.0	2113.45361328125
2131.0	2118.0	2120.86669921875
2133.0	2123.0	2117.314453125
2137.0	2117.0	2109.3818359375
2132.0	2117.0	2120.9208984375
2144.0	2122.0	2096.0810546875
2144.0	2117.0	2097.369384765625
2143.0	2131.0	2100.767578125
2146.0	2130.0	2095.4072265625
2144.0	2131.0	2100.849365234375
2142.0	2128.0	2106.270751953125
2152.0	2132.0	2085.73193359375
2153.0	2131.0	2085.093505859375
2154.0	2132.0	2084.396240234375
2153.0	2147.0	2087.929443359375
2151.0	2150.0	2093.5908203125
2155.0	2145.0	2086.15966796875
2153.0	2144.0	2091.6640625
2153.0	2146.0	2092.786865234375
2155.0	2144.0	2089.5146484375
2153.0	2144.0	2094.8486328125
2152.0	2144.0	2097.946044921875
2162.0	2158.0	2077.78076171875
2167.0	2157.0	2068.376708984375
2163.0	2157.0	2078.454833984375
2164.0	2157.0	2077.56640625
2163.0	2157.0	2080.957763671875
2163.0	2158.0	2082.1669921875
2170.0	2169.0	2068.095703125
2163.0	2170.0	2084.40234375
2164.0	2172.0	2083.274169921875
2163.0	2171.0	2086.375244140625
2164.0	2169.0	2085.080810546875
2165.0	2171.0	2083.779052734375
2164.0	2169.0	2086.763671875
2163.0	2166.0	2089.67822265625
2164.0	2171.0	2088.267333984375
2159.0	2171.0	2099.800537109375
2168.0	2169.0	2080.88525390625
2164.0	2183.0	2090.1640625
2164.0	2186.0	2090.766845703125
2163.0	2184.0	2093.50244140625
2172.0	2184.0	2074.991455078125
2179.0	2183.0	2060.88427734375
2174.0	2183.0	2072.74072265625
2171.0	2187.0	2080.21044921875
2174.0	2184.0	2074.594970703125
2173.0	2184.0	2077.643310546875
2172.0	2184.0	2080.6123046875
2173.0	2184.0	2079.205322265625
2172.0	2182.0	2082.09423828125
2171.0	2183.0	2084.961669921875
2175.0	2183.0	2076.89453125
2171.0	2184.0	2086.175537109375
2173.0	2184.0	2082.351806640625
2172.0	2188.0	2085.086181640625
2174.0	2182.0	2081.284423828125
2175.0	2183.0	2079.600830078125
2169.0	2185.0	2093.10009765625
2173.0	2183.0	2084.8779296875
2163.0	2180.0	2106.90869140625
2165.0	2182.0	2102.320068359375
2164.0	2183.0	2104.36474609375
2163.0	2183.0	2106.305908203125
2164.0	2185.0	2103.974609375
2163.0	2184.0	2105.996826171875
2165.0	2184.0	2101.45458984375
2164.0	2171.0	2103.451171875
2161.0	2169.0	2109.80810546875
2164.0	2171.0	2103.18701171875
2161.0	2171.0	2109.586181640625
2155.0	2170.0	2121.9423828125
2153.0	2170.0	2125.47998046875
2153.0	2173.0	2124.76025390625
2153.0	2169.0	2124.052978515625
2152.0	2172.0	2125.557861328125
2141.0	2172.0	2148.75048828125
2146.0	2170.0	2136.74951171875
2144.0	2172.0	2139.981689453125
2145.0	2170.0	2136.7373046875
2144.0	2171.0	2137.880859375
2141.0	2154.0	2143.451171875
2132.0	2158.0	2161.705078125
2131.0	2156.0	2162.35546875
2134.0	2159.0	2154.389892578125
2136.0	2157.0	2148.708984375
2134.0	2160.0	2151.743896484375
2133.0	2157.0	2152.684814453125
2124.0	2144.0	2170.495849609375
2123.0	2143.0	2171.030029296875
2124.0	2143.0	2167.329833984375
2127.0	2145.0	2159.3505859375
2125.0	2144.0	2162.301513671875
2114.0	2159.0	2184.36181640625
2114.0	2145.0	2182.471923828125
2114.0	2143.0	2180.667236328125
2123.0	2144.0	2159.501220703125
2115.0	2143.0	2175.27099609375
2115.0	2138.0	2173.66650390625
2114.0	2126.0	2174.44677734375
2113.0	2131.0	2175.240234375
2103.0	2130.0	2195.275390625
2106.0	2129.0	2186.933837890625
2105.0	2129.0	2187.39599609375
2105.0	2130.0	2185.788330078125
2106.0	2133.0	2182.10107421875
2104.0	2131.0	2185.04541015625
2104.0	2130.0	2183.671875
2105.0	2117.0	2180.21875
2106.0	2117.0	2176.847900390625
2096.0	2118.0	2196.7978515625
2092.0	2118.0	2203.708984375
2097.0	2118.0	2191.22021484375
2093.0	2117.0	2198.362060546875
2095.0	2118.0	2192.548583984375
2095.0	2118.0	2191.127197265625
2086.0	2121.0	2209.309814453125
2086.0	2118.0	2207.514404296875
2086.0	2105.0	2205.69580078125
2098.0	2104.0	2178.01318359375
2087.0	2105.0	2200.329833984375
2085.0	2108.0	2203.209228515625
2086.0	2104.0	2199.6630859375
2086.0	2104.0	2198.410888671875
2084.0	2103.0	2201.5107421875
2086.0	2106.0	2195.985595703125
2088.0	2103.0	2190.4892578125
2087.0	2107.0	2191.66015625
2053.0	2105.0	2264.411865234375
2073.0	2100.0	2219.557861328125
2074.0	2105.0	2215.890380859375
2075.0	2110.0	2212.2705078125
2076.0	2102.0	2208.7236328125
2074.0	2106.0	2211.828857421875
2076.0	2102.0	2206.264892578125
2075.0	2106.0	2207.318115234375
2076.0	2106.0	2204.1015625
2075.0	2106.0	2205.22607421875
2076.0	2106.0	2202.084228515625
2075.0	2107.0	2203.3251953125
2076.0	2106.0	2200.35400390625
2085.0	2103.0	2180.22216796875
2087.0	2104.0	2175.754150390625
2087.0	2106.0	2175.677978515625
2086.0	2109.0	2177.83837890625
2086.0	2107.0	2177.7607421875
2084.0	2106.0	2182.003173828125
2084.0	2106.0	2181.912353515625
2085.0	2105.0	2179.717529296875
2085.0	2106.0	2179.668212890625
2085.0	2105.0	2179.633056640625
2086.0	2105.0	2177.39453125
2084.0	2107.0	2181.6806640625
2085.0	2105.0	2179.459716796875
2088.0	2109.0	2172.890869140625
2085.0	2107.0	2179.367919921875
2096.0	2106.0	2155.987060546875
2092.0	2106.0	2165.20068359375
2095.0	2105.0	2159.194580078125
2095.0	2118.0	2159.75390625
2097.0	2105.0	2155.860107421875
2096.0	2103.0	2158.456298828125
2094.0	2101.0	2163.2255859375
2097.0	2105.0	2157.08349609375
2104.0	2113.0	2142.93798828125
2105.0	2117.0	2141.750244140625
2104.0	2119.0	2144.857421875
2105.0	2121.0	2143.58984375
2106.0	2118.0	2142.2958984375
2104.0	2117.0	2147.430419921875
2109.0	2116.0	2137.31005859375
2106.0	2118.0	2144.525390625
2117.0	2120.0	2121.40673828125
2113.0	2117.0	2131.3330078125
2113.0	2131.0	2132.49609375
2107.0	2129.0	2146.6474609375
2113.0	2131.0	2134.704345703125
2113.0	2126.0	2135.679443359375
2114.0	2129.0	2134.493408203125
2124.0	2130.0	2113.947265625
2125.0	2130.0	2113.30078125
2124.0	2132.0	2116.900390625
2125.0	2131.0	2116.1044921875
2127.0	2131.0	2113.041259765625
2127.0	2144.0	2114.237060546875
2125.0	2148.0	2119.75537109375
2132.0	2145.0	2106.236083984375
2131.0	2146.0	2109.970458984375
2134.0	2147.0	2104.99609375
2130.0	2144.0	2115.14599609375
2134.0	2145.0	2107.837158203125
2133.0	2145.0	2111.333251953125
2145.0	2159.0	2086.545654296875
2148.0	2156.0	2081.82666015625
2144.0	2159.0	2092.242431640625
2145.0	2153.0	2091.697265625
2153.0	2158.0	2076.156005859375
2153.0	2158.0	2078.19921875
2147.0	2158.0	2093.19091796875
2155.0	2159.0	2077.698486328125
2152.0	2174.0	2086.052734375
2153.0	2171.0	2085.60546875
2162.0	2169.0	2067.738525390625
2162.0	2172.0	2069.86474609375
2162.0	2170.0	2071.928466796875
2164.0	2163.0	2069.493408203125
2162.0	2172.0	2075.710205078125
2164.0	2171.0	2073.09130859375
2161.0	2169.0	2081.2392578125
2165.0	2171.0	2074.14013671875
2162.0	2170.0	2082.136474609375
2164.0	2170.0	2079.1611328125
2169.0	2182.0	2070.247314453125
2173.0	2176.0	2063.365234375
2173.0	2183.0	2065.108154296875
2171.0	2184.0	2071.08349609375
2176.0	2182.0	2061.779296875
2171.0	2183.0	2074.0546875
2171.0	2179.0	2075.453369140625
2175.0	2182.0	2068.080078125
2174.0	2183.0	2071.48974609375
2170.0	2185.0	2081.323974609375
2174.0	2181.0	2073.75146484375
2172.0	2179.0	2079.128662109375
2173.0	2185.0	2077.9599609375
2174.0	2183.0	2076.7021484375
2172.0	2182.0	2081.86865234375
2173.0	2185.0	2080.507568359375
2173.0	2181.0	2081.32666015625
2180.0	2183.0	2067.07861328125
2180.0	2181.0	2068.417724609375
2183.0	2185.0	2063.1767578125
2184.0	2184.0	2062.213134765625
2182.0	2181.0	2067.675537109375
2194.0	2185.0	2042.69580078125
2185.0	2184.0	2063.282958984375
2182.0	2186.0	2070.714599609375
2181.0	2183.0	2073.81982421875
2181.0	2185.0	2074.738525390625
2182.0	2183.0	2073.331787109375
2182.0	2184.0	2074.072265625
2183.0	2185.0	2072.709716796875
2184.0	2184.0	2071.247314453125
2182.0	2182.0	2076.252685546875
2183.0	2188.0	2074.7373046875
2181.0	2182.0	2079.668701171875
2182.0	2182.0	2078.020263671875
2185.0	2186.0	2072.076171875
2183.0	2182.0	2076.904541015625
2182.0	2187.0	2079.52197265625
2180.0	2181.0	2084.309326171875
2182.0	2182.0	2080.373779296875
2180.0	2183.0	2085.083740234375
2182.0	2183.0	2081.1337890625
2179.0	2179.0	2087.941162109375
2183.0	2182.0	2079.58154296875
2181.0	2183.0	2084.2109375
2181.0	2179.0	2084.48681640625
2181.0	2170.0	2084.79296875
2183.0	2169.0	2080.693603515625
2182.0	2170.0	2083.1103515625
2182.0	2173.0	2083.3291015625
2171.0	2168.0	2106.7939453125
2172.0	2172.0	2104.21044921875
2172.0	2168.0	2103.800537109375
2175.0	2169.0	2096.93115234375
2173.0	2170.0	2100.926025390625
2172.0	2170.0	2102.7978515625
2170.0	2172.0	2106.80908203125
2172.0	2172.0	2102.14599609375
2173.0	2167.0	2099.66064453125
2172.0	2170.0	2101.527587890625
2173.0	2154.0	2099.071044921875
2172.0	2157.0	2100.9755859375
2173.0	2157.0	2098.598876953125
2171.0	2158.0	2102.7275390625
2164.0	2157.0	2117.658935546875
2163.0	2156.0	2119.01806640625
2166.0	2144.0	2111.699951171875
2163.0	2146.0	2117.469970703125
2161.0	2144.0	2121.121337890625
2163.0	2148.0	2116.1142578125
2163.0	2145.0	2115.40673828125
2162.0	2145.0	2116.950439453125
2162.0	2146.0	2116.35986328125
2153.0	2140.0	2135.1611328125
2152.0	2144.0	2136.183349609375
2154.0	2144.0	2130.75830078125
2151.0	2149.0	2136.228515625
2152.0	2144.0	2133.04296875
2151.0	2130.0	2134.253173828125
2158.0	2129.0	2118.22900390625
2145.0	2131.0	2145.27587890625
2146.0	2144.0	2141.79443359375
2143.0	2128.0	2146.983642578125
2132.0	2132.0	2169.3974609375
2134.0	2130.0	2163.268798828125
2133.0	2133.0	2163.81640625
2131.0	2123.0	2166.517333984375
2133.0	2119.0	2160.660888671875
2137.0	2116.0	2150.529541015625
2132.0	2122.0	2160.0302734375
2132.0	2118.0	2158.691650390625
2133.0	2119.0	2155.279052734375
2122.0	2117.0	2177.89794921875
2124.0	2117.0	2171.85009765625
2123.0	2104.0	2172.434814453125
2124.0	2106.0	2168.703857421875
2123.0	2105.0	2169.425048828125
2125.0	2101.0	2163.71142578125
2115.0	2104.0	2183.7373046875
2113.0	2112.0	2186.203125
2114.0	2105.0	2182.23486328125
2114.0	2104.0	2180.53564453125
2114.0	2109.0	2178.95068359375
2113.0	2106.0	2179.5927734375
2115.0	2106.0	2173.82470703125
2119.0	2104.0	2163.820068359375
2105.0	2105.0	2192.366943359375
2103.0	2105.0	2194.94091796875
2106.0	2105.0	2186.7470703125
2104.0	2103.0	2189.47314453125
2104.0	2106.0	2187.914794921875
2105.0	2104.0	2184.3193359375
2105.0	2103.0	2182.931396484375
2105.0	2104.0	2181.60400390625
2105.0	2105.0	2180.364990234375
2095.0	2106.0	2200.43994140625
2094.0	2103.0	2200.915771484375
2094.0	2106.0	2199.310302734375
2097.0	2106.0	2191.244140625
2094.0	2105.0	2196.319580078125
2094.0	2109.0	2194.9267578125
2094.0	2106.0	2193.61865234375
2094.0	2117.0	2192.441650390625
2096.0	2117.0	2186.9169921875
2085.0	2117.0	2209.1474609375
2085.0	2114.0	2207.56884765625
2086.0	2118.0	2203.857177734375
2088.0	2117.0	2198.076416015625
2085.0	2114.0	2203.259033203125
2086.0	2119.0	2199.7666015625
2085.0	2115.0	2200.676513671875
2085.0	2118.0	2199.529296875
2088.0	2132.0	2191.97607421875
2085.0	2135.0	2197.42236328125
2083.0	2132.0	2200.80712890625
2087.0	2131.0	2191.196044921875
2084.0	2127.0	2196.905517578125
2087.0	2131.0	2189.611328125
2087.0	2129.0	2188.824951171875
2087.0	2131.0	2188.007568359375
2086.0	2130.0	2189.536865234375
2086.0	2123.0	2188.86767578125
2083.0	2130.0	2194.736328125
2085.0	2132.0	2189.772705078125
2084.0	2144.0	2191.42822265625
2088.0	2145.0	2182.25732421875
2084.0	2142.0	2190.452880859375
2087.0	2146.0	2183.523193359375
2087.0	2143.0	2183.13720703125
2086.0	2146.0	2184.9599609375
2085.0	2144.0	2186.748046875
2084.0	2145.0	2188.54736328125
2081.0	2142.0	2194.747802734375
2087.0	2146.0	2181.370849609375
2085.0	2149.0	2185.424072265625
2083.0	2159.0	2189.53515625
2088.0	2156.0	2178.464599609375
2085.0	2156.0	2184.717529296875
2085.0	2157.0	2184.516357421875
2088.0	2157.0	2177.806884765625
2092.0	2158.0	2168.91650390625
2084.0	2159.0	2186.137939453125
2095.0	2158.0	2162.706298828125
2095.0	2170.0	2163.138427734375
2095.0	2169.0	2163.531494140625
2094.0	2167.0	2166.114501953125
2092.0	2171.0	2170.76123046875
2097.0	2169.0	2160.279052734375
2095.0	2169.0	2164.923828125
2095.0	2171.0	2165.16650390625
2095.0	2175.0	2165.492919921875
2094.0	2170.0	2167.888916015625
2095.0	2169.0	2166.013916015625
2108.0	2169.0	2138.547119140625
2106.0	2182.0	2143.763427734375
2106.0	2178.0	2144.6630859375
2105.0	2183.0	2147.615234375
2105.0	2183.0	2148.351806640625
2106.0	2179.0	2146.914794921875
2103.0	2183.0	2154.114013671875
2106.0	2181.0	2148.2265625
2108.0	2182.0	2144.451904296875
2104.0	2184.0	2153.7177734375
2104.0	2188.0	2154.258544921875
2116.0	2183.0	2129.003662109375
2114.0	2181.0	2134.423583984375
2116.0	2181.0	2131.086669921875
2113.0	2183.0	2138.56982421875
2114.0	2183.0	2137.27685546875
2117.0	2183.0	2131.621337890625
2114.0	2184.0	2138.97119140625
2111.0	2185.0	2146.282958984375
2116.0	2184.0	2136.1826171875
2127.0	2182.0	2113.50927734375
2126.0	2182.0	2116.975830078125
2123.0	2182.0	2124.7080078125
2125.0	2189.0	2121.49951171875
2124.0	2183.0	2124.806884765625
2123.0	2183.0	2128.029541015625
2123.0	2185.0	2129.05078125
2125.0	2185.0	2125.6630859375
2136.0	2181.0	2103.09619140625
2140.0	2182.0	2095.918212890625
2135.0	2186.0	2108.123291015625
2126.0	2183.0	2128.57958984375
2125.0	2170.0	2131.43798828125
2114.0	2171.0	2155.803466796875
2105.0	2158.0	2175.065673828125
2093.0	2156.0	2200.3251953125
2095.0	2162.0	2194.72802734375
2096.0	2144.0	2191.32275390625
2086.0	2144.0	2211.497802734375
2074.0	2125.0	2235.386474609375
2067.0	2131.0	2247.896484375
2058.0	2116.0	2264.420166015625
2045.0	2107.0	2289.240234375
2038.0	2104.0	2300.66259765625
2038.0	2103.0	2296.574951171875
2015.0	2091.0	2342.032958984375
2021.0	2092.0	2324.134765625
2008.0	2079.0	2347.099853515625
2009.0	2081.0	2339.915283203125
2000.0	2067.0	2354.421630859375
1986.0	2055.0	2379.525390625
1979.0	2053.0	2388.969482421875
1971.0	2039.0	2400.494140625
1962.0	2041.0	2413.88134765625
1960.0	2041.0	2411.905517578125
1951.0	2030.0	2424.83984375
1941.0	2013.0	2439.83203125
1931.0	2002.0	2454.446533203125
1921.0	1998.0	2468.853515625
1911.0	1987.0	2483.216552734375
1901.0	1987.0	2497.41015625
1891.0	1976.0	2511.55810546875
1883.0	1976.0	2521.0
1873.0	1964.0	2534.7734375
1873.0	1961.0	2526.686279296875
1873.0	1964.0	2519.07763671875
1864.0	1947.0	2530.909423828125
1853.0	1950.0	2547.009521484375
1855.0	1938.0	2535.039306640625
1846.0	1936.0	2546.911865234375
1836.0	1937.0	2560.95556640625
1834.0	1937.0	2557.669189453125
1823.0	1924.0	2574.15576171875
1825.0	1923.0	2562.46826171875
1827.0	1925.0	2551.081298828125
1823.0	1925.0	2553.094482421875
1819.0	1910.0	2555.045654296875
1817.0	1910.0	2552.81494140625
1804.0	1911.0	2574.38671875
1807.0	1913.0	2561.38720703125
1806.0	1919.0	2557.434326171875
1807.0	1899.0	2549.500732421875
1806.0	1897.0	2546.13232421875
1798.0	1898.0	2558.369384765625
1797.0	1900.0	2555.112548828125
1796.0	1896.0	2552.117919921875
1798.0	1897.0	2542.996337890625
1796.0	1896.0	2542.811767578125
1796.0	1897.0	2538.434814453125
1799.0	1899.0	2527.80615234375
1798.0	1896.0	2526.138916015625
1808.0	1895.0	2500.930908203125
1810.0	1900.0	2493.834228515625
1807.0	1911.0	2497.656005859375
1807.0	1910.0	2495.221435546875
1808.0	1911.0	2490.650146484375
1806.0	1911.0	2492.735595703125
1817.0	1911.0	2467.097412109375
1817.0	1925.0	2465.81591796875
1816.0	1923.0	2466.782958984375
1825.0	1923.0	2446.261962890625
1825.0	1925.0	2445.7705078125
1827.0	1923.0	2440.960205078125
1822.0	1938.0	2451.375244140625
1834.0	1937.0	2425.387451171875
1844.0	1934.0	2404.29541015625
1849.0	1948.0	2394.240478515625
1854.0	1950.0	2384.546142578125
1865.0	1958.0	2362.255126953125
1864.0	1962.0	2366.356689453125
1872.0	1960.0	2351.0048828125
1884.0	1978.0	2327.4453125
1893.0	1987.0	2310.869384765625
1894.0	1987.0	2312.0986328125
1901.0	1987.0	2300.52734375
1914.0	2002.0	2276.425048828125
1925.0	2016.0	2257.0927734375
1929.0	2017.0	2253.270751953125
1941.0	2026.0	2232.27294921875
1953.0	2029.0	2211.621826171875
1950.0	2028.0	2223.735595703125
1969.0	2052.0	2188.503173828125
1982.0	2055.0	2166.508544921875
1979.0	2065.0	2179.6025390625
1989.0	2062.0	2164.563720703125
1997.0	2080.0	2154.02197265625
2006.0	2080.0	2141.485595703125
2018.0	2093.0	2122.787109375
2025.0	2107.0	2115.1640625
2038.0	2104.0	2094.591796875
2043.0	2115.0	2091.511474609375
2046.0	2119.0	2092.95947265625
2055.0	2133.0	2081.435791015625
2067.0	2130.0	2063.827880859375
2076.0	2144.0	2052.718994140625
2094.0	2159.0	2022.5133056640625
2105.0	2160.0	2007.8106689453125
2116.0	2171.0	1993.1641845703125
2122.0	2184.0	1989.651611328125
2135.0	2183.0	1970.9190673828125
2135.0	2184.0	1980.4896240234375
2142.0	2195.0	1974.9462890625
2154.0	2196.0	1958.5048828125
2164.0	2213.0	1946.47705078125
2181.0	2222.0	1919.8974609375
2192.0	2222.0	1906.5126953125
2206.0	2238.0	1886.546875
2203.0	2237.0	1903.38037109375
2211.0	2253.0	1895.97998046875
2219.0	2261.0	1888.555419921875
2222.0	2263.0	1892.002197265625
2230.0	2259.0	1884.6524658203125
2241.0	2275.0	1870.894287109375
2253.0	2272.0	1854.7847900390625
2260.0	2288.0	1849.821533203125
2270.0	2299.0	1838.3009033203125
2280.0	2309.0	1826.8262939453125
2288.0	2314.0	1819.5546875
2290.0	2315.0	1825.358642578125
2298.0	2325.0	1817.67333984375
2299.0	2327.0	1825.2314453125
2312.0	2324.0	1806.83740234375
2319.0	2327.0	1801.3828125
2318.0	2341.0	1812.993408203125
2329.0	2336.0	1798.286865234375
2336.0	2338.0	1792.4417724609375
2337.0	2351.0	1799.386962890625
2346.0	2351.0	1788.59130859375
2349.0	2353.0	1790.9560546875
2348.0	2353.0	1801.494140625
2355.0	2365.0	1794.667236328125
2356.0	2365.0	1800.54833984375
2366.0	2369.0	1786.9581298828125
2376.0	2365.0	1773.519287109375
2387.0	2367.0	1757.931640625
2387.0	2370.0	1766.170166015625
2397.0	2366.0	1752.5111083984375
2395.0	2365.0	1764.8055419921875
2396.0	2363.0	1770.150390625
2398.0	2364.0	1772.928466796875
2404.0	2361.0	1767.16064453125
2413.0	2366.0	1754.663330078125
2407.0	2366.0	1774.3382568359375
2406.0	2366.0	1782.7977294921875
2406.0	2366.0	1788.763671875
2416.0	2363.0	1772.7227783203125
2415.0	2366.0	1780.8494873046875
2416.0	2366.0	1784.2347412109375
2416.0	2366.0	1789.5684814453125
2417.0	2366.0	1792.375732421875
2415.0	2365.0	1801.465087890625
2415.0	2351.0	1805.8890380859375
2418.0	2351.0	1803.535888671875
2416.0	2354.0	1811.9169921875
2416.0	2342.0	1815.645751953125
2403.0	2341.0	1847.2889404296875
2406.0	2340.0	1843.515380859375
2405.0	2330.0	1848.264892578125
2405.0	2327.0	1850.656982421875
2406.0	2326.0	1850.80615234375
2406.0	2323.0	1852.943359375
2396.0	2313.0	1876.2679443359375
2395.0	2313.0	1879.7049560546875
2396.0	2302.0	1878.7266845703125
2387.0	2298.0	1899.1676025390625
2379.0	2302.0	1916.9183349609375
2377.0	2289.0	1921.03369140625
2376.0	2285.0	1922.956298828125
2368.0	2272.0	1939.677001953125
2367.0	2261.0	1941.039306640625
2358.0	2263.0	1959.327392578125
2356.0	2247.0	1962.293701171875
2349.0	2247.0	1975.963134765625
2338.0	2236.0	1997.868896484375
2353.0	2233.0	1962.8486328125
2328.0	2222.0	2014.660888671875
2328.0	2224.0	2011.8770751953125
2329.0	2207.0	2007.0003662109375
2317.0	2211.0	2030.0469970703125
2307.0	2196.0	2048.392822265625
2299.0	2195.0	2061.766845703125
2298.0	2182.0	2060.015380859375
2289.0	2171.0	2075.600341796875
2278.0	2170.0	2095.2236328125
2280.0	2173.0	2086.31005859375
2268.0	2144.0	2107.92724609375
2268.0	2144.0	2103.221435546875
2261.0	2146.0	2113.324951171875
2253.0	2133.0	2125.22509765625
2240.0	2118.0	2147.87841796875
2231.0	2123.0	2161.28076171875
2230.0	2104.0	2157.544921875
2219.0	2105.0	2175.6005859375
2227.0	2094.0	2152.24267578125
2211.0	2092.0	2180.723876953125
2191.0	2079.0	2217.5498046875
2193.0	2078.0	2206.3681640625
2182.0	2067.0	2223.181396484375
2173.0	2070.0	2235.414306640625
2164.0	2051.0	2247.6083984375
2152.0	2054.0	2266.162353515625
2143.0	2037.0	2277.873779296875
2132.0	2041.0	2293.748291015625
2124.0	2028.0	2303.066162109375
2118.0	2015.0	2307.955322265625
2113.0	2013.0	2310.471435546875
2107.0	2017.0	2315.144287109375
2105.0	2004.0	2311.409912109375
2096.0	1987.0	2322.8388671875
2087.0	1990.0	2334.211181640625
2079.0	1986.0	2343.325927734375
2068.0	1975.0	2358.76513671875
2058.0	1972.0	2371.89990234375
2056.0	1964.0	2367.61767578125
2046.0	1963.0	2381.151611328125
2045.0	1963.0	2374.96630859375
2039.0	1963.0	2379.6201171875
2026.0	1952.0	2399.408935546875
2019.0	1950.0	2405.86376953125
2019.0	1950.0	2397.4130859375
2008.0	1941.0	2413.06005859375
1998.0	1937.0	2426.4765625
2000.0	1934.0	2413.774169921875
1989.0	1944.0	2429.662353515625
1990.0	1937.0	2419.33935546875
1979.0	1925.0	2434.88134765625
1980.0	1927.0	2424.91357421875
1969.0	1924.0	2440.97314453125
1968.0	1924.0	2435.42333984375
1962.0	1924.0	2440.79736328125
1959.0	1925.0	2439.890625
1951.0	1923.0	2450.16064453125
1950.0	1925.0	2444.984130859375
1942.0	1924.0	2455.29833984375
1939.0	1923.0	2454.68310546875
1943.0	1925.0	2439.2294921875
1940.0	1924.0	2439.34423828125
1932.0	1924.0	2450.307861328125
1932.0	1923.0	2443.966552734375
1932.0	1925.0	2437.947509765625
1931.0	1927.0	2434.45703125
1923.0	1926.0	2446.29345703125
1922.0	1925.0	2442.802978515625
1919.0	1926.0	2443.95556640625
1921.0	1924.0	2434.51904296875
1922.0	1924.0	2427.540771484375
1926.0	1939.0	2414.305908203125
1922.0	1937.0	2418.69384765625
1920.0	1944.0	2418.97705078125
1920.0	1938.0	2415.155029296875
1922.0	1937.0	2407.185791015625
1921.0	1946.0	2405.990234375
1921.0	1952.0	2402.808349609375
1921.0	1948.0	2399.763671875
1922.0	1948.0	2394.701171875
1922.0	1963.0	2391.99267578125
1921.0	1963.0	2391.5830078125
1920.0	1963.0	2391.35498046875
1932.0	1977.0	2363.314453125
1933.0	1975.0	2359.615478515625
1935.0	1974.0	2353.78857421875
1942.0	1989.0	2337.3271484375
1940.0	2010.0	2341.041015625
1942.0	2003.0	2336.005126953125
1942.0	2003.0	2335.473876953125
1951.0	2015.0	2315.817626953125
1950.0	2016.0	2318.021240234375
1950.0	2026.0	2318.131591796875
1960.0	2039.0	2296.744140625
1970.0	2038.0	2275.9228515625
1969.0	2040.0	2279.4072265625
1978.0	2066.0	2261.2412109375
1979.0	2067.0	2260.89306640625
1979.0	2064.0	2262.66455078125
1986.0	2081.0	2249.56884765625
1990.0	2078.0	2243.046142578125
1996.0	2099.0	2232.35205078125
2010.0	2091.0	2204.916748046875
2008.0	2104.0	2212.337890625
2016.0	2107.0	2198.010009765625
2020.0	2106.0	2192.654541015625
2018.0	2119.0	2200.2568359375
2027.0	2127.0	2184.2041015625
2037.0	2131.0	2166.61181640625
2047.0	2145.0	2149.310546875
2060.0	2147.0	2125.847900390625
2055.0	2155.0	2141.4453125
2068.0	2159.0	2117.828125
2075.0	2170.0	2107.781494140625
2089.0	2184.0	2082.77734375
2087.0	2181.0	2092.80078125
2084.0	2185.0	2104.6806640625
2095.0	2195.0	2086.254150390625
2103.0	2198.0	2074.57177734375
2116.0	2209.0	2052.5283203125
2123.0	2211.0	2043.6607666015625
2128.0	2221.0	2039.0877685546875
2132.0	2224.0	2036.4820556640625
2154.0	2254.0	1995.08154296875
2154.0	2237.0	2002.31005859375
2152.0	2245.0	2013.456298828125
2161.0	2249.0	2001.05078125
2174.0	2249.0	1980.033447265625
2183.0	2260.0	1967.8763427734375
2187.0	2258.0	1966.5760498046875
2201.0	2277.0	1943.963134765625
2200.0	2289.0	1953.89208984375
2215.0	2286.0	1928.7957763671875
2218.0	2286.0	1929.773193359375
2222.0	2288.0	1928.7979736328125
2233.0	2300.0	1912.7137451171875
2229.0	2300.0	1928.930908203125
2240.0	2314.0	1912.7506103515625
2252.0	2313.0	1894.4150390625
2250.0	2314.0	1906.3543701171875
2259.0	2328.0	1894.3453369140625
2270.0	2327.0	1878.1864013671875
2270.0	2326.0	1885.868896484375
2285.0	2327.0	1860.576904296875
2282.0	2327.0	1874.63232421875
2290.0	2340.0	1864.8660888671875
2289.0	2341.0	1874.4000244140625
2294.0	2339.0	1871.01123046875
2300.0	2345.0	1865.15576171875
2307.0	2339.0	1857.0186767578125
2307.0	2339.0	1864.0594482421875
2319.0	2346.0	1844.9658203125
2316.0	2349.0	1858.4503173828125
2318.0	2353.0	1860.622802734375
2318.0	2352.0	1866.845947265625
2328.0	2353.0	1851.5159912109375
2330.0	2354.0	1853.3436279296875
2341.0	2353.0	1835.7415771484375
2339.0	2352.0	1846.14501953125
2336.0	2367.0	1858.4564208984375
2337.0	2352.0	1861.766845703125
2336.0	2352.0	1869.1053466796875
2352.0	2341.0	1839.9571533203125
2349.0	2338.0	1851.7215576171875
2350.0	2340.0	1854.5111083984375
2348.0	2344.0	1863.5189208984375
2349.0	2339.0	1865.7890625
2359.0	2338.0	1848.5059814453125
2359.0	2338.0	1853.06982421875
2356.0	2339.0	1863.90771484375
2360.0	2343.0	1859.2635498046875
2359.0	2340.0	1865.328857421875
2357.0	2326.0	1873.355224609375
2356.0	2331.0	1878.988037109375
2356.0	2323.0	1882.260498046875
2358.0	2313.0	1881.00439453125
2356.0	2310.0	1888.198974609375
2360.0	2314.0	1882.24169921875
2358.0	2301.0	1889.1409912109375
2347.0	2300.0	1915.174072265625
2349.0	2301.0	1912.551513671875
2349.0	2288.0	1914.1412353515625
2347.0	2288.0	1919.987548828125
2348.0	2274.0	1919.2701416015625
2348.0	2275.0	1920.5814208984375
2335.0	2262.0	1949.58056640625
2337.0	2260.0	1945.791748046875
2339.0	2259.0	1941.9984130859375
2344.0	2247.0	1931.65966796875
2329.0	2250.0	1964.406005859375
2331.0	2239.0	1959.88427734375
2330.0	2234.0	1961.8739013671875
2318.0	2235.0	1987.0377197265625
2318.0	2225.0	1986.226318359375
2320.0	2224.0	1981.09033203125
2309.0	2209.0	2003.803466796875
2307.0	2209.0	2006.8389892578125
2297.0	2196.0	2027.0052490234375
2300.0	2196.0	2018.7012939453125
2287.0	2183.0	2045.156494140625
2289.0	2184.0	2038.5799560546875
2280.0	2176.0	2055.932373046875
2280.0	2170.0	2053.26123046875
2271.0	2172.0	2069.842041015625
2273.0	2161.0	2062.49072265625
2262.0	2158.0	2083.18505859375
2249.0	2143.0	2107.65234375
2246.0	2143.0	2110.360595703125
2243.0	2130.0	2113.10009765625
2241.0	2130.0	2113.3828125
2235.0	2131.0	2121.944091796875
2232.0	2117.0	2124.2021484375
2223.0	2114.0	2139.177001953125
2213.0	2106.0	2156.009521484375
2205.0	2105.0	2168.234130859375
2202.0	2090.0	2169.615234375
2192.0	2092.0	2186.382568359375
2183.0	2078.0	2200.360107421875
2173.0	2077.0	2216.373046875
2171.0	2078.0	2214.72998046875
2172.0	2079.0	2206.889892578125
2152.0	2067.0	2244.464599609375
2155.0	2067.0	2231.621337890625
2146.0	2050.0	2244.717041015625
2137.0	2053.0	2257.558349609375
2125.0	2042.0	2276.767578125
2114.0	2048.0	2293.7333984375
2107.0	2027.0	2301.55712890625
2107.0	2029.0	2294.255126953125
2096.0	2021.0	2311.2333984375
2093.0	2014.0	2310.464111328125
2087.0	2014.0	2316.232666015625
2074.0	1999.0	2336.988525390625
2074.0	2002.0	2329.70654296875
2067.0	2001.0	2337.617431640625
2058.0	2000.0	2349.713623046875
2055.0	1990.0	2348.809326171875
2045.0	1986.0	2363.43798828125
2040.0	1988.0	2366.91162109375
2026.0	1987.0	2389.70751953125
2027.0	1986.0	2379.75927734375
2024.0	1976.0	2378.912109375
2018.0	1974.0	2384.632080078125
2009.0	1991.0	2396.764404296875
2009.0	1976.0	2389.33251953125
1997.0	1976.0	2408.146728515625
1999.0	1974.0	2396.57861328125
1988.0	1975.0	2413.56640625
1990.0	1975.0	2402.074951171875
1979.0	1962.0	2419.18603515625
1979.0	1965.0	2412.1875
1982.0	1961.0	2399.05224609375
1968.0	1959.0	2422.796630859375
1970.0	1963.0	2411.9111328125
1961.0	1963.0	2425.166015625
1958.0	1962.0	2425.221923828125
1951.0	1978.0	2434.126220703125
1950.0	1973.0	2429.86572265625
1955.0	1974.0	2412.92041015625
1949.0	1976.0	2420.205078125
1942.0	1982.0	2429.4052734375
1939.0	1975.0	2430.183349609375
1941.0	1987.0	2420.426513671875
1932.0	1985.0	2434.591552734375
1930.0	1989.0	2433.497314453125
1932.0	1989.0	2423.947021484375
1930.0	1985.0	2423.403564453125
1930.0	2004.0	2418.77197265625
1932.0	1999.0	2410.02587890625
1932.0	2000.0	2405.938232421875
1931.0	2002.0	2404.190673828125
1932.0	2015.0	2398.302978515625
1921.0	2017.0	2418.32568359375
1923.0	2028.0	2410.12451171875
1934.0	2040.0	2382.7021484375
1934.0	2042.0	2379.82666015625
1930.0	2040.0	2385.830810546875
1930.0	2058.0	2383.29638671875
1928.0	2053.0	2385.285888671875
1932.0	2053.0	2374.35107421875
1932.0	2067.0	2372.209228515625
1930.0	2068.0	2374.550048828125
1931.0	2079.0	2370.46240234375
1942.0	2079.0	2345.04833984375
1941.0	2093.0	2346.236083984375
1941.0	2093.0	2345.27685546875
1941.0	2093.0	2344.3837890625
1953.0	2106.0	2317.912353515625
1951.0	2106.0	2322.039794921875
1945.0	2106.0	2334.8515625
1949.0	2117.0	2325.99267578125
1959.0	2127.0	2304.389892578125
1962.0	2130.0	2298.368896484375
1969.0	2132.0	2283.7802734375
1967.0	2151.0	2289.215087890625
1970.0	2144.0	2283.676513671875
1969.0	2143.0	2286.7783203125
1978.0	2168.0	2268.637451171875
1979.0	2169.0	2267.947998046875
1985.0	2170.0	2256.775634765625
1989.0	2170.0	2250.0283203125
1999.0	2180.0	2230.4345703125
2006.0	2181.0	2217.71337890625
2006.0	2196.0	2220.575439453125
2009.0	2195.0	2216.747802734375
2018.0	2210.0	2199.853271484375
2021.0	2209.0	2196.478515625
2028.0	2210.0	2184.754638671875
2025.0	2224.0	2194.66455078125
2036.0	2223.0	2174.452880859375
2047.0	2235.0	2154.601806640625
2047.0	2236.0	2158.712890625
2058.0	2250.0	2138.83056640625
2056.0	2250.0	2147.5029296875
2066.0	2247.0	2129.93603515625
2076.0	2262.0	2112.78759765625
2077.0	2259.0	2115.508544921875
2088.0	2262.0	2096.764892578125
2086.0	2275.0	2106.1669921875
2097.0	2271.0	2087.2470703125
2107.0	2287.0	2071.05029296875
2105.0	2286.0	2080.925048828125
2113.0	2294.0	2068.904296875
2115.0	2301.0	2070.07177734375
2114.0	2302.0	2077.458251953125
2131.0	2314.0	2045.984130859375
2134.0	2316.0	2045.400390625
2146.0	2313.0	2025.45068359375
2155.0	2315.0	2012.2108154296875
2166.0	2313.0	1994.8123779296875
2164.0	2321.0	2005.681884765625
2173.0	2327.0	1992.524169921875
2184.0	2326.0	1975.1319580078125
2183.0	2325.0	1984.093505859375
2185.0	2326.0	1986.15625
2192.0	2338.0	1977.534912109375
2202.0	2341.0	1962.8319091796875
2202.0	2341.0	1969.4287109375
2211.0	2338.0	1956.5438232421875
2220.0	2338.0	1943.79736328125
2221.0	2338.0	1948.4884033203125
2231.0	2340.0	1933.4564208984375
2230.0	2341.0	1942.3316650390625
2231.0	2341.0	1946.564453125
2240.0	2336.0	1933.633544921875
2244.0	2337.0	1931.2344970703125
2251.0	2339.0	1922.3773193359375
2248.0	2342.0	1935.13916015625
2259.0	2339.0	1917.4984130859375
2270.0	2341.0	1900.1396484375
2271.0	2339.0	1904.517578125
2279.0	2328.0	1893.3651123046875
2278.0	2325.0	1902.05029296875
2290.0	2325.0	1882.1470947265625
2288.0	2325.0	1892.9808349609375
2289.0	2324.0	1896.931884765625
2288.0	2325.0	1904.8924560546875
2301.0	2312.0	1882.330810546875
2298.0	2321.0	1894.6201171875
2300.0	2313.0	1895.719482421875
2308.0	2314.0	1883.6619873046875
2309.0	2318.0	1887.0635986328125
2310.0	2303.0	1890.140380859375
2309.0	2301.0	1897.3218994140625
2310.0	2306.0	1899.8499755859375
2318.0	2285.0	1887.4306640625
2319.0	2274.0	1890.0185546875
2318.0	2277.0	1896.700439453125
2319.0	2262.0	1898.8345947265625
2319.0	2261.0	1902.8720703125
2320.0	2249.0	1904.5272216796875
2319.0	2247.0	1910.2813720703125
2319.0	2252.0	1913.7235107421875
2318.0	2248.0	1919.09912109375
2330.0	2234.0	1896.4886474609375
2328.0	2239.0	1904.38232421875
2328.0	2224.0	1907.761962890625
2329.0	2221.0	1908.7315673828125
2328.0	2208.0	1913.9033203125
2331.0	2209.0	1910.249267578125
2319.0	2195.0	1938.8172607421875
2317.0	2195.0	1944.9556884765625
2317.0	2196.0	1946.6771240234375
2317.0	2182.0	1948.3326416015625
2323.0	2172.0	1936.8485107421875
2319.0	2171.0	1946.9635009765625
2319.0	2171.0	1948.3515625
2320.0	2159.0	1947.4608154296875
2321.0	2144.0	1946.4908447265625
2308.0	2145.0	1975.7786865234375
2311.0	2129.0	1969.732421875
2308.0	2130.0	1976.6558837890625
2309.0	2129.0	1974.910400390625
2303.0	2118.0	1987.841796875
2298.0	2103.0	1998.4486083984375
2300.0	2108.0	1993.88525390625
2291.0	2093.0	2012.81201171875
2289.0	2091.0	2016.33447265625
2295.0	2081.0	2002.487548828125
2277.0	2079.0	2040.73291015625
2280.0	2079.0	2032.782470703125
2269.0	2066.0	2055.303955078125
2271.0	2067.0	2049.075439453125
2270.0	2045.0	2049.472412109375
2260.0	2054.0	2069.048583984375
2259.0	2051.0	2068.956787109375
2252.0	2039.0	2081.90283203125
2250.0	2026.0	2083.537109375
2242.0	2029.0	2098.257568359375
2242.0	2010.0	2095.19921875
2242.0	2013.0	2092.30908203125
2230.0	2014.0	2115.12255859375
2228.0	2002.0	2116.262451171875
2222.0	2001.0	2125.79443359375
2220.0	1998.0	2126.675048828125
2218.0	1990.0	2127.439697265625
2212.0	1989.0	2136.679931640625
2202.0	1983.0	2154.610107421875
2202.0	1976.0	2150.65673828125
2193.0	1975.0	2166.364990234375
2191.0	1973.0	2166.481201171875
2182.0	1976.0	2181.5068359375
2182.0	1976.0	2177.091796875
2171.0	1963.0	2196.34912109375
2173.0	1963.0	2187.443115234375
2164.0	1964.0	2202.373779296875
2155.0	1962.0	2217.134033203125
2152.0	1961.0	2218.547607421875
2145.0	1962.0	2228.809326171875
2133.0	1959.0	2249.64599609375
2132.0	1964.0	2246.26806640625
2124.0	1961.0	2257.921630859375
2139.0	1950.0	2219.780517578125
2113.0	1950.0	2270.674072265625
2106.0	1948.0	2279.829833984375
2108.0	1950.0	2269.56884765625
2095.0	1950.0	2292.104736328125
2096.0	1947.0	2283.970947265625
2096.0	1951.0	2278.29931640625
2087.0	1964.0	2292.03369140625
2087.0	1970.0	2286.35400390625
2078.0	1963.0	2300.073974609375
2068.0	1963.0	2315.680419921875
2068.0	1956.0	2309.751708984375
2057.0	1963.0	2327.7890625
2055.0	1963.0	2326.106689453125
2055.0	1975.0	2320.401611328125
2055.0	1962.0	2315.04052734375
2046.0	1963.0	2328.845458984375
2045.0	1976.0	2325.54052734375
2036.0	1977.0	2339.562744140625
2035.0	1976.0	2336.244873046875
2024.0	1976.0	2354.654296875
2029.0	1987.0	2338.269775390625
2018.0	1987.0	2356.849365234375
2023.0	1987.0	2340.470947265625
1993.0	1989.0	2400.251708984375
2006.0	2001.0	2366.382080078125
2004.0	2001.0	2365.354248046875
2010.0	2002.0	2347.314208984375
2000.0	2001.0	2363.970458984375
1999.0	2015.0	2361.120361328125
1999.0	2028.0	2356.29345703125
1998.0	2029.0	2353.946044921875
1991.0	2040.0	2364.730224609375
1988.0	2040.0	2366.49658203125
1988.0	2053.0	2362.04052734375
1988.0	2052.0	2357.853515625
1989.0	2055.0	2351.675537109375
1991.0	2058.0	2343.535400390625
1979.0	2067.0	2365.63330078125
1981.0	2067.0	2357.325927734375
1978.0	2080.0	2360.0673828125
1979.0	2078.0	2354.330810546875
1981.0	2093.0	2346.630859375
1984.0	2090.0	2336.885986328125
1978.0	2091.0	2346.948486328125
1978.0	2110.0	2344.155029296875
1979.0	2103.0	2339.337890625
1981.0	2120.0	2332.446533203125
1978.0	2118.0	2336.5927734375
1980.0	2130.0	2329.965087890625
1980.0	2132.0	2327.8818359375
1981.0	2127.0	2323.695556640625
1981.0	2143.0	2321.844970703125
1978.0	2146.0	2326.5439453125
1989.0	2146.0	2301.614990234375
1989.0	2156.0	2300.594482421875
1988.0	2171.0	2301.802001953125
1987.0	2172.0	2303.13232421875
1988.0	2171.0	2300.156982421875
1999.0	2183.0	2275.755859375
1997.0	2185.0	2279.974853515625
2001.0	2197.0	2271.212646484375
1998.0	2194.0	2277.720947265625
2007.0	2207.0	2258.174072265625
2007.0	2208.0	2258.7685546875
2007.0	2205.0	2259.26416015625
2013.0	2222.0	2246.739501953125
2041.0	2222.0	2186.956787109375
2016.0	2231.0	2242.297607421875
2019.0	2236.0	2236.792236328125
2026.0	2234.0	2222.66845703125
2026.0	2249.0	2224.220703125
2037.0	2250.0	2201.95458984375
2038.0	2249.0	2201.81982421875
2038.0	2253.0	2203.78271484375
2046.0	2260.0	2188.711669921875
2047.0	2261.0	2188.866455078125
2051.0	2263.0	2182.717529296875
2057.0	2273.0	2172.44921875
2065.0	2274.0	2157.939208984375
2060.0	2287.0	2171.87841796875
2074.0	2289.0	2144.479736328125
2078.0	2287.0	2139.232177734375
2090.0	2300.0	2116.45263671875
2088.0	2300.0	2124.53076171875
2085.0	2299.0	2134.5869140625
2097.0	2301.0	2112.28515625
2095.0	2299.0	2120.35546875
2105.0	2303.0	2102.24951171875
2106.0	2300.0	2104.082763671875
2114.0	2314.0	2090.584716796875
2115.0	2318.0	2092.59716796875
2114.0	2313.0	2098.750732421875
2123.0	2312.0	2083.505126953125
2134.0	2312.0	2064.1484375
2144.0	2314.0	2047.57080078125
2144.0	2312.0	2052.545166015625
2153.0	2313.0	2037.95166015625
2162.0	2314.0	2023.581787109375
2164.0	2314.0	2024.6612548828125
2178.0	2314.0	1999.520751953125
2173.0	2313.0	2015.88232421875
2171.0	2315.0	2025.4622802734375
2179.0	2315.0	2013.5238037109375
2182.0	2315.0	2012.34765625
2193.0	2327.0	1993.9495849609375
2203.0	2313.0	1977.9869384765625
2203.0	2314.0	1983.677734375
2201.0	2301.0	1993.402587890625
2201.0	2301.0	1998.5291748046875
2222.0	2301.0	1958.4005126953125
2220.0	2303.0	1968.554443359375
2221.0	2303.0	1971.864501953125
2230.0	2286.0	1957.95947265625
2228.0	2301.0	1967.810791015625
2232.0	2286.0	1964.368896484375
2239.0	2285.0	1954.412841796875
2237.0	2274.0	1964.0540771484375
2253.0	2275.0	1934.4425048828125
2249.0	2273.0	1948.47900390625
2254.0	2273.0	1942.66943359375
2251.0	2261.0	1953.9725341796875
2259.0	2265.0	1941.798095703125
2260.0	2261.0	1944.62109375
2259.0	2253.0	1951.429443359375
2269.0	2249.0	1934.4010009765625
2273.0	2249.0	1930.5750732421875
2270.0	2249.0	1941.6148681640625
2281.0	2243.0	1922.1314697265625
2280.0	2238.0	1928.9229736328125
2279.0	2235.0	1935.4921875
2279.0	2238.0	1939.6539306640625
2282.0	2222.0	1937.0743408203125
2291.0	2223.0	1921.8316650390625
2289.0	2208.0	1930.3712158203125
2289.0	2210.0	1934.331787109375
2291.0	2208.0	1933.7117919921875
2295.0	2195.0	1928.55419921875
2288.0	2197.0	1947.080810546875
2289.0	2200.0	1948.0927734375
2290.0	2193.0	1948.9010009765625
2290.0	2183.0	1951.7330322265625
2290.0	2182.0	1954.4287109375
2290.0	2168.0	1956.9228515625
2288.0	2169.0	1963.555419921875
2289.0	2175.0	1963.615234375
2289.0	2156.0	1965.74853515625
2290.0	2157.0	1965.614501953125
2290.0	2143.0	1967.4888916015625
2289.0	2143.0	1971.4697265625
2291.0	2145.0	1968.793212890625
2285.0	2133.0	1983.3992919921875
2290.0	2130.0	1974.065185546875
2292.0	2130.0	1971.15576171875
2284.0	2117.0	1989.48291015625
2278.0	2120.0	2003.168212890625
2279.0	2122.0	2001.5772705078125
2282.0	2105.0	1995.58251953125
2279.0	2104.0	2002.5440673828125
2271.0	2091.0	2020.34423828125
2268.0	2091.0	2026.6942138671875
2272.0	2095.0	2017.8485107421875
2270.0	2090.0	2021.99951171875
2259.0	2080.0	2045.4150390625
2259.0	2083.0	2044.6009521484375
2260.0	2083.0	2041.622802734375
2251.0	2066.0	2060.3701171875
2250.0	2065.0	2061.162841796875
2249.0	2067.0	2062.026611328125
2248.0	2068.0	2063.008544921875
2241.0	2053.0	2076.678466796875
2243.0	2052.0	2070.614990234375
2230.0	2054.0	2096.924560546875
2230.0	2049.0	2094.73095703125
2234.0	2041.0	2083.978271484375
2221.0	2038.0	2110.23681640625
2222.0	2046.0	2105.6630859375
2212.0	2028.0	2125.0771484375
2212.0	2030.0	2122.169189453125
2213.0	2016.0	2117.292724609375
2204.0	2016.0	2133.936767578125
2202.0	2016.0	2135.220703125
2190.0	2016.0	2158.0
2190.0	2003.0	2154.662353515625
2181.0	2002.0	2170.890625
2181.0	2001.0	2167.252685546875
2173.0	2000.0	2181.08837890625
2171.0	2000.0	2181.47705078125
2172.0	2000.0	2175.564453125
2164.0	2002.0	2188.947021484375
2162.0	1987.0	2189.35009765625
2158.0	1986.0	2194.115478515625
2152.0	1988.0	2202.978271484375
2144.0	1987.0	2216.223388671875
2135.0	1988.0	2231.273681640625
2132.0	1985.0	2233.0390625
2133.0	1993.0	2226.327392578125
2127.0	1988.0	2234.575439453125
2124.0	1988.0	2236.496337890625
2114.0	1993.0	2253.33837890625
2110.0	1989.0	2257.207275390625
2105.0	1988.0	2263.317626953125
2103.0	1989.0	2262.8173828125
2095.0	1989.0	2275.326416015625
2093.0	1988.0	2274.66748046875
2084.0	1986.0	2289.422607421875
2085.0	1990.0	2282.11767578125
2087.0	1990.0	2272.96728515625
2073.0	1987.0	2298.3544921875
2075.0	1988.0	2289.017822265625
2075.0	1988.0	2284.34423828125
2067.0	2001.0	2297.010009765625
2065.0	2005.0	2296.567626953125
2055.0	1997.0	2313.773193359375
2059.0	2003.0	2300.104736328125
2056.0	2002.0	2301.925537109375
2056.0	2002.0	2297.458740234375
2046.0	2001.0	2314.40869140625
2046.0	2016.0	2309.662353515625
2046.0	2030.0	2305.324462890625
2049.0	2016.0	2294.68701171875
2037.0	2027.0	2316.634765625
2037.0	2024.0	2312.38916015625
2037.0	2040.0	2308.376953125
2028.0	2041.0	2324.005126953125
2027.0	2043.0	2321.931396484375
2029.0	2039.0	2313.53662109375
2028.0	2052.0	2311.849365234375
2027.0	2053.0	2310.375
2016.0	2051.0	2330.546875
2018.0	2066.0	2322.34765625
2018.0	2063.0	2318.7490234375
2017.0	2067.0	2317.4912109375
2017.0	2067.0	2314.224853515625
2012.0	2078.0	2321.9775390625
2018.0	2079.0	2306.052978515625
2016.0	2091.0	2307.66845703125
2019.0	2094.0	2298.558349609375
2017.0	2092.0	2300.489501953125
2018.0	2109.0	2295.991455078125
2020.0	2104.0	2289.445068359375
2016.0	2105.0	2296.060791015625
2019.0	2116.0	2287.62548828125
2022.0	2117.0	2279.2451171875
2017.0	2119.0	2288.35791015625
2017.0	2131.0	2286.76318359375
2018.0	2134.0	2283.00390625
2018.0	2131.0	2281.526123046875
2018.0	2143.0	2280.1494140625
2023.0	2144.0	2268.298583984375
2027.0	2145.0	2258.989501953125
2026.0	2157.0	2260.556884765625
2026.0	2158.0	2259.9853515625
2037.0	2168.0	2235.6484375
2035.0	2171.0	2240.13818359375
2036.0	2169.0	2238.13720703125
2039.0	2177.0	2231.802001953125
2043.0	2183.0	2223.319091796875
2037.0	2183.0	2236.514404296875
2046.0	2199.0	2217.412109375
