2046.0	2196.0	2218.119384765625
2057.0	2194.0	2194.908447265625
2055.0	2209.0	2200.56201171875
2056.0	2207.0	2199.641845703125
2056.0	2209.0	2200.8349609375
2057.0	2211.0	2199.853759765625
2066.0	2221.0	2181.74951171875
2066.0	2221.0	2183.3779296875
2066.0	2236.0	2184.976318359375
2076.0	2236.0	2165.04833984375
2075.0	2235.0	2169.250244140625
2075.0	2236.0	2171.185546875
2076.0	2236.0	2170.888427734375
2088.0	2248.0	2147.03369140625
2084.0	2249.0	2157.96875
2097.0	2249.0	2132.36376953125
2094.0	2247.0	2141.508056640625
2106.0	2263.0	2118.1259765625
2104.0	2260.0	2125.478271484375
2103.0	2259.0	2130.4423828125
2113.0	2260.0	2111.598876953125
2113.0	2261.0	2114.765380859375
2115.0	2280.0	2113.45068359375
2124.0	2273.0	2097.27685546875
2126.0	2276.0	2096.26611328125
2125.0	2273.0	2101.57763671875
2133.0	2288.0	2087.47802734375
2143.0	2286.0	2069.473388671875
2144.0	2288.0	2071.153564453125
2156.0	2286.0	2049.153564453125
2155.0	2286.0	2055.40771484375
2161.0	2301.0	2046.214599609375
2165.0	2301.0	2041.859130859375
2161.0	2296.0	2054.625244140625
2166.0	2301.0	2047.6416015625
2173.0	2303.0	2036.5966796875
2173.0	2300.0	2040.6595458984375
2187.0	2303.0	2014.406494140625
2182.0	2301.0	2029.4862060546875
2182.0	2309.0	2033.5379638671875
2194.0	2300.0	2011.3870849609375
2191.0	2302.0	2022.117919921875
2191.0	2296.0	2026.123779296875
2201.0	2301.0	2008.670166015625
2202.0	2300.0	2010.69189453125
2203.0	2303.0	2012.5286865234375
2202.0	2286.0	2018.5799560546875
2211.0	2287.0	2002.88134765625
2212.0	2291.0	2004.6845703125
2210.0	2287.0	2012.8466796875
2211.0	2287.0	2014.1953125
2215.0	2275.0	2009.3641357421875
2221.0	2273.0	2000.187744140625
2222.0	2272.0	2001.6153564453125
2234.0	2273.0	1979.353271484375
2232.0	2261.0	1987.52587890625
2232.0	2257.0	1991.1632080078125
2233.0	2261.0	1992.4002685546875
2232.0	2247.0	1997.7791748046875
2229.0	2254.0	2007.3466796875
2229.0	2249.0	2010.3135986328125
2241.0	2249.0	1987.485107421875
2241.0	2253.0	1990.7423095703125
2242.0	2235.0	1991.6578369140625
2241.0	2237.0	1996.7366943359375
2239.0	2235.0	2003.7889404296875
2241.0	2223.0	2002.0462646484375
2240.0	2218.0	2006.6553955078125
2240.0	2210.0	2008.9359130859375
2252.0	2209.0	1985.0914306640625
2249.0	2203.0	1994.2841796875
2252.0	2209.0	1990.263427734375
2249.0	2196.0	1999.150146484375
2249.0	2195.0	2001.4061279296875
2253.0	2195.0	1994.8507080078125
2250.0	2184.0	2003.386962890625
2252.0	2187.0	2000.952392578125
2250.0	2172.0	2007.1053466796875
2249.0	2170.0	2010.955322265625
2250.0	2174.0	2010.380859375
2248.0	2170.0	2016.2618408203125
2249.0	2156.0	2015.5264892578125
2250.0	2154.0	2014.7161865234375
2240.0	2145.0	2037.392333984375
2240.0	2144.0	2037.986083984375
2242.0	2131.0	2034.2467041015625
2239.0	2129.0	2041.3638916015625
2239.0	2127.0	2041.868408203125
2254.0	2132.0	2009.8138427734375
2240.0	2118.0	2040.68505859375
2241.0	2116.0	2038.9371337890625
2242.0	2106.0	2037.1663818359375
2239.0	2105.0	2043.992919921875
2242.0	2109.0	2037.8243408203125
2231.0	2093.0	2061.95458984375
2231.0	2093.0	2061.597412109375
2229.0	2078.0	2065.622314453125
2230.0	2079.0	2063.118408203125
2230.0	2081.0	2062.799560546875
2221.0	2070.0	2081.570068359375
2220.0	2064.0	2082.91845703125
2220.0	2066.0	2082.0244140625
2220.0	2069.0	2081.208251953125
2223.0	2055.0	2073.933837890625
2211.0	2051.0	2099.228759765625
2207.0	2052.0	2106.5791015625
2210.0	2041.0	2098.799560546875
2203.0	2040.0	2112.786865234375
2202.0	2039.0	2113.20166015625
2200.0	2040.0	2115.84033203125
2202.0	2028.0	2110.0029296875
2192.0	2015.0	2129.73681640625
2192.0	2013.0	2127.71240234375
2190.0	2012.0	2130.108154296875
2189.0	2002.0	2130.302490234375
2182.0	2003.0	2143.127197265625
2183.0	2001.0	2138.72412109375
2185.0	2003.0	2132.203857421875
2171.0	2001.0	2160.01953125
2172.0	1997.0	2155.370361328125
2175.0	2002.0	2146.464111328125
2163.0	1988.0	2169.955810546875
2163.0	2001.0	2167.176025390625
2151.0	1990.0	2190.331787109375
2152.0	1988.0	2185.057861328125
2152.0	1987.0	2182.145263671875
2155.0	1990.0	2172.876220703125
2144.0	1986.0	2193.587890625
2143.0	1990.0	2192.6748046875
2132.0	1988.0	2213.095703125
2134.0	1987.0	2205.334228515625
2126.0	1987.0	2219.2236328125
2123.0	1989.0	2222.201904296875
2122.0	1987.0	2220.899169921875
2115.0	1992.0	2232.75439453125
2113.0	1987.0	2233.319580078125
2115.0	1989.0	2225.4228515625
2105.0	1985.0	2243.76025390625
2104.0	1989.0	2242.123291015625
2105.0	1987.0	2236.33447265625
2104.0	1984.0	2235.10888671875
2097.0	1987.0	2246.803466796875
2096.0	1987.0	2245.31005859375
2091.0	2003.0	2252.658203125
2086.0	2001.0	2260.18408203125
2084.0	2000.0	2260.787841796875
2093.0	2002.0	2237.740234375
2085.0	2002.0	2251.793212890625
2087.0	2001.0	2244.28125
2079.0	2012.0	2258.11328125
2076.0	2015.0	2261.21484375
2075.0	2016.0	2260.103759765625
2075.0	2029.0	2257.013916015625
2076.0	2027.0	2251.871826171875
2061.0	2040.0	2281.499267578125
2068.0	2040.0	2263.041015625
2065.0	2040.0	2266.49658203125
2066.0	2057.0	2261.436279296875
2067.0	2054.0	2256.572509765625
2064.0	2052.0	2260.505859375
2067.0	2069.0	2251.557861328125
2063.0	2067.0	2257.925048828125
2057.0	2066.0	2268.681884765625
2057.0	2084.0	2266.039306640625
2057.0	2081.0	2263.47021484375
2057.0	2079.0	2261.02490234375
2057.0	2087.0	2258.785888671875
2054.0	2091.0	2263.14892578125
2057.0	2107.0	2254.51318359375
2060.0	2110.0	2246.046142578125
2057.0	2106.0	2250.75390625
2054.0	2117.0	2255.529052734375
2056.0	2117.0	2249.5419921875
2056.0	2130.0	2247.9873046875
2056.0	2129.0	2246.50537109375
2056.0	2131.0	2245.141357421875
2055.0	2131.0	2245.96533203125
2058.0	2145.0	2238.190185546875
2053.0	2143.0	2247.862060546875
2064.0	2158.0	2223.16015625
2067.0	2157.0	2216.196044921875
2065.0	2170.0	2220.193603515625
2067.0	2172.0	2215.549560546875
2068.0	2170.0	2213.05322265625
2064.0	2172.0	2221.4462890625
2065.0	2184.0	2218.9892578125
2067.0	2179.0	2214.33740234375
2068.0	2196.0	2211.9140625
2077.0	2197.0	2192.564453125
2075.0	2202.0	2197.2607421875
2082.0	2206.0	2182.453125
2075.0	2208.0	2197.952880859375
2076.0	2225.0	2196.10693359375
2081.0	2223.0	2185.554443359375
2084.0	2223.0	2180.01806640625
2086.0	2228.0	2176.624755859375
2085.0	2235.0	2179.6455078125
2086.0	2235.0	2178.30712890625
2086.0	2236.0	2179.1103515625
2097.0	2247.0	2156.177734375
2096.0	2249.0	2159.739990234375
2093.0	2248.0	2167.5048828125
2092.0	2249.0	2170.795166015625
2107.0	2261.0	2139.335205078125
2104.0	2262.0	2147.57666015625
2103.0	2261.0	2151.384765625
2106.0	2261.0	2146.456298828125
2105.0	2261.0	2150.07373046875
2106.0	2271.0	2149.29052734375
2116.0	2274.0	2129.10595703125
2115.0	2274.0	2133.152587890625
2115.0	2274.0	2134.882568359375
2114.0	2275.0	2138.7275390625
2124.0	2287.0	2119.06005859375
2126.0	2284.0	2116.825927734375
2127.0	2287.0	2116.626708984375
2124.0	2287.0	2124.99072265625
2133.0	2289.0	2107.550048828125
2134.0	2302.0	2107.67919921875
2133.0	2302.0	2112.02685546875
2144.0	2302.0	2090.27587890625
2145.0	2302.0	2090.7216796875
2145.0	2298.0	2093.21875
2150.0	2301.0	2085.22705078125
2153.0	2302.0	2081.5341796875
2153.0	2305.0	2084.171142578125
2165.0	2300.0	2061.0029296875
2164.0	2301.0	2066.18359375
2162.0	2307.0	2073.369384765625
2164.0	2303.0	2071.72900390625
2174.0	2300.0	2052.653076171875
2169.0	2300.0	2066.51708984375
2171.0	2297.0	2065.001220703125
2172.0	2286.0	2065.54736328125
2183.0	2287.0	2044.6051025390625
2183.0	2286.0	2047.6982421875
2182.0	2288.0	2052.7724609375
2186.0	2274.0	2047.07177734375
2192.0	2274.0	2037.2620849609375
2191.0	2273.0	2042.474365234375
2187.0	2276.0	2054.060546875
2203.0	2273.0	2022.09130859375
2202.0	2274.0	2027.51123046875
2207.0	2258.0	2019.6815185546875
2201.0	2259.0	2035.57666015625
2199.0	2248.0	2042.6475830078125
2214.0	2248.0	2012.681396484375
2199.0	2249.0	2047.689697265625
2212.0	2249.0	2021.8392333984375
2208.0	2235.0	2033.3277587890625
2212.0	2235.0	2027.2958984375
2211.0	2234.0	2031.9874267578125
2211.0	2234.0	2034.35107421875
2223.0	2237.0	2011.0699462890625
2220.0	2223.0	2020.3231201171875
2226.0	2223.0	2009.899658203125
2222.0	2209.0	2021.0623779296875
2219.0	2206.0	2029.9447021484375
2225.0	2210.0	2019.128662109375
2223.0	2196.0	2025.5408935546875
2221.0	2195.0	2031.894287109375
2234.0	2196.0	2006.009521484375
2231.0	2197.0	2014.8314208984375
2231.0	2183.0	2017.0810546875
2231.0	2183.0	2019.148193359375
2232.0	2169.0	2018.9486083984375
2231.0	2171.0	2022.9906005859375
2234.0	2173.0	2018.2276611328125
2234.0	2158.0	2019.8922119140625
2229.0	2164.0	2032.3271484375
2234.0	2157.0	2023.0350341796875
2230.0	2145.0	2033.1513671875
2231.0	2141.0	2032.2913818359375
2230.0	2145.0	2035.6927490234375
2231.0	2131.0	2034.729248046875
2231.0	2128.0	2035.89404296875
2231.0	2119.0	2036.930908203125
2230.0	2119.0	2040.0751953125
2230.0	2120.0	2041.1138916015625
2233.0	2102.0	2035.4820556640625
2230.0	2105.0	2042.7740478515625
2232.0	2104.0	2039.255126953125
2232.0	2094.0	2039.9761962890625
2232.0	2093.0	2040.6732177734375
2231.0	2093.0	2043.49755859375
2234.0	2079.0	2037.6221923828125
2228.0	2080.0	2051.21337890625
2232.0	2078.0	2043.064697265625
2229.0	2081.0	2050.080322265625
2221.0	2067.0	2067.455322265625
2222.0	2065.0	2065.133544921875
2220.0	2067.0	2069.31787109375
2221.0	2054.0	2067.056640625
2221.0	2052.0	2066.9501953125
2236.0	2055.0	2034.2950439453125
2221.0	2040.0	2066.765869140625
2212.0	2039.0	2086.102783203125
2224.0	2043.0	2059.2900390625
2210.0	2041.0	2088.967041015625
2213.0	2026.0	2081.75341796875
2207.0	2026.0	2094.097900390625
2203.0	2014.0	2101.7041015625
2201.0	2013.0	2104.87158203125
2201.0	2015.0	2103.719970703125
2202.0	2014.0	2100.5048828125
2202.0	2002.0	2099.531005859375
2191.0	1998.0	2122.361328125
2193.0	2016.0	2116.471435546875
2192.0	2001.0	2117.172119140625
2191.0	2000.0	2117.909912109375
2183.0	2002.0	2133.639892578125
2183.0	2001.0	2131.79931640625
2182.0	1999.0	2132.20849609375
2185.0	2006.0	2124.038818359375
2173.0	2000.0	2148.412841796875
2172.0	2005.0	2148.414794921875
2174.0	1999.0	2142.0439453125
2163.0	2001.0	2163.935791015625
2162.0	2007.0	2163.69287109375
2163.0	2000.0	2159.222900390625
2163.0	2023.0	2156.919677734375
2163.0	2001.0	2154.81591796875
2153.0	2003.0	2174.19482421875
2152.0	2000.0	2173.857177734375
2146.0	2001.0	2184.357177734375
2144.0	2004.0	2185.853759765625
2145.0	2002.0	2181.00634765625
2134.0	2002.0	2201.8115234375
2134.0	2002.0	2198.74658203125
2132.0	2003.0	2200.07763671875
2122.0	2005.0	2218.71923828125
2123.0	2002.0	2213.378173828125
2123.0	2015.0	2210.428466796875
2117.0	2016.0	2220.340087890625
2114.0	2014.0	2223.48583984375
2115.0	2014.0	2218.16650390625
2113.0	2019.0	2219.488525390625
2116.0	2030.0	2210.127685546875
2105.0	2026.0	2230.955322265625
2106.0	2044.0	2225.667236328125
2107.0	2041.0	2220.59375
2110.0	2040.0	2211.268310546875
2093.0	2036.0	2245.41259765625
2095.0	2054.0	2237.92626953125
2096.0	2052.0	2232.776123046875
2085.0	2051.0	2253.776123046875
2085.0	2052.0	2250.56787109375
2087.0	2066.0	2243.141357421875
2087.0	2066.0	2240.240966796875
2094.0	2067.0	2222.24658203125
2086.0	2078.0	2236.95263671875
2076.0	2080.0	2255.85009765625
2078.0	2080.0	2248.474365234375
2075.0	2092.0	2252.12841796875
2075.0	2092.0	2249.482666015625
2077.0	2107.0	2242.567138671875
2076.0	2105.0	2242.3583984375
2079.0	2105.0	2233.603271484375
2075.0	2106.0	2240.10791015625
2066.0	2120.0	2257.384033203125
2066.0	2117.0	2254.863525390625
2065.0	2120.0	2254.6455078125
2068.0	2130.0	2245.875732421875
2067.0	2134.0	2245.91162109375
2067.0	2129.0	2243.9013671875
2067.0	2145.0	2242.050048828125
2068.0	2143.0	2238.04443359375
2066.0	2143.0	2240.7373046875
2067.0	2145.0	2236.958984375
2067.0	2158.0	2235.40576171875
2065.0	2161.0	2238.28759765625
2067.0	2172.0	2232.597412109375
2065.0	2170.0	2235.670654296875
2066.0	2171.0	2232.286865234375
2067.0	2162.0	2228.940673828125
2068.0	2184.0	2225.747314453125
2066.0	2183.0	2229.17333984375
2066.0	2184.0	2228.190673828125
2066.0	2196.0	2227.294189453125
2066.0	2201.0	2226.450439453125
2069.0	2194.0	2219.098388671875
2065.0	2209.0	2227.01806640625
2067.0	2206.0	2221.98388671875
2065.0	2211.0	2225.668212890625
2066.0	2211.0	2222.83544921875
2065.0	2207.0	2224.42529296875
2069.0	2224.0	2215.147705078125
2068.0	2222.0	2216.7841796875
2066.0	2222.0	2220.618896484375
2078.0	2238.0	2194.3544921875
2076.0	2234.0	2198.865966796875
2076.0	2228.0	2198.989501953125
2079.0	2234.0	2192.568603515625
2076.0	2234.0	2199.205810546875
2074.0	2238.0	2203.66845703125
2077.0	2248.0	2197.2822265625
2078.0	2250.0	2195.267822265625
2047.0	2253.0	2262.903076171875
2080.0	2248.0	2192.03515625
2084.0	2248.0	2184.10205078125
2089.0	2248.0	2173.93359375
2084.0	2247.0	2185.443115234375
2085.0	2247.0	2183.870849609375
2093.0	2246.0	2167.60986328125
2094.0	2250.0	2166.56494140625
2095.0	2261.0	2165.5078125
2094.0	2261.0	2168.6591796875
2094.0	2262.0	2169.613037109375
2105.0	2260.0	2146.743408203125
2105.0	2260.0	2148.302734375
2106.0	2260.0	2147.6123046875
2103.0	2260.0	2155.47119140625
2106.0	2262.0	2150.25927734375
2115.0	2257.0	2132.4609375
2116.0	2261.0	2132.056640625
2118.0	2262.0	2129.36572265625
2113.0	2259.0	2141.787353515625
2124.0	2263.0	2119.628662109375
2124.0	2262.0	2121.714111328125
2126.0	2260.0	2119.3447265625
2139.0	2263.0	2093.14013671875
2134.0	2263.0	2106.351318359375
2133.0	2262.0	2110.7626953125
2139.0	2246.0	2099.85107421875
2143.0	2249.0	2093.50390625
2146.0	2246.0	2089.540771484375
2152.0	2249.0	2079.2392578125
2153.0	2248.0	2079.955810546875
2164.0	2249.0	2058.8583984375
2161.0	2248.0	2068.600830078125
2164.0	2247.0	2065.176513671875
2161.0	2249.0	2074.594482421875
2163.0	2246.0	2072.98828125
2173.0	2237.0	2054.411376953125
2173.0	2235.0	2057.4404296875
2174.0	2235.0	2058.13037109375
2181.0	2236.0	2046.1292724609375
2184.0	2235.0	2042.82080078125
2182.0	2222.0	2050.185546875
2191.0	2223.0	2033.5916748046875
2192.0	2223.0	2034.7103271484375
2190.0	2216.0	2042.1807861328125
2190.0	2207.0	2045.1317138671875
2203.0	2209.0	2020.2269287109375
2201.0	2207.0	2027.8916015625
2201.0	2209.0	2030.991455078125
2201.0	2194.0	2033.940185546875
2203.0	2194.0	2032.4305419921875
2213.0	2195.0	2013.4144287109375
2210.0	2196.0	2023.046875
2211.0	2193.0	2023.814453125
2226.0	2182.0	1994.04150390625
2212.0	2182.0	2027.0731201171875
2220.0	2184.0	2012.665283203125
2220.0	2170.0	2015.6605224609375
2221.0	2170.0	2016.283203125
2220.0	2169.0	2021.1414794921875
2220.0	2172.0	2023.648193359375
2232.0	2158.0	2000.12744140625
2231.0	2158.0	2005.1759033203125
2230.0	2155.0	2010.0872802734375
2229.0	2158.0	2014.8875732421875
2231.0	2146.0	2013.0023193359375
2230.0	2148.0	2017.481689453125
2231.0	2145.0	2017.5408935546875
2230.0	2130.0	2021.7508544921875
2230.0	2128.0	2023.6890869140625
2226.0	2131.0	2034.2174072265625
2230.0	2131.0	2027.2191162109375
2241.0	2113.0	2004.971923828125
2238.0	2116.0	2013.6988525390625
2240.0	2119.0	2011.4393310546875
2239.0	2114.0	2015.56494140625
2245.0	2105.0	2004.395263671875
2241.0	2105.0	2014.837890625
2240.0	2104.0	2018.6796875
2240.0	2107.0	2020.2666015625
2242.0	2105.0	2017.47607421875
2242.0	2094.0	2018.879150390625
2238.0	2092.0	2028.88330078125
2240.0	2093.0	2025.80859375
2240.0	2091.0	2026.9765625
2231.0	2083.0	2047.30419921875
2228.0	2081.0	2054.21142578125
2229.0	2080.0	2052.42919921875
2230.0	2084.0	2050.61376953125
2228.0	2066.0	2055.317138671875
2232.0	2065.0	2046.9180908203125
2230.0	2061.0	2051.592529296875
2229.0	2067.0	2054.0615234375
2231.0	2066.0	2049.96044921875
2229.0	2065.0	2054.51123046875
2213.0	2068.0	2089.19091796875
2221.0	2055.0	2071.422119140625
2220.0	2049.0	2073.22900390625
2220.0	2053.0	2072.858642578125
2220.0	2052.0	2072.561279296875
2212.0	2054.0	2089.56201171875
2214.0	2057.0	2084.230224609375
2210.0	2054.0	2091.925537109375
2212.0	2052.0	2086.702392578125
2213.0	2054.0	2083.69384765625
2203.0	2040.0	2104.1767578125
2202.0	2039.0	2104.990478515625
2202.0	2055.0	2103.72412109375
2207.0	2040.0	2091.66552734375
2201.0	2040.0	2103.578857421875
2192.0	2041.0	2122.051513671875
2188.0	2040.0	2129.0048828125
2191.0	2041.0	2120.912353515625
2191.0	2039.0	2119.40283203125
2183.0	2039.0	2135.062744140625
2182.0	2040.0	2135.276123046875
2183.0	2041.0	2131.2021484375
2172.0	2046.0	2153.217041015625
2174.0	2040.0	2146.58251953125
2172.0	2040.0	2148.725830078125
2162.0	2038.0	2168.352294921875
2178.0	2041.0	2131.01220703125
2163.0	2052.0	2161.158447265625
2163.0	2052.0	2158.885009765625
2155.0	2048.0	2173.7666015625
2153.0	2053.0	2175.404052734375
2156.0	2052.0	2166.224609375
2153.0	2055.0	2170.314453125
2146.0	2068.0	2183.186279296875
2143.0	2066.0	2186.929931640625
2145.0	2061.0	2180.017333984375
2132.0	2067.0	2205.37646484375
2133.0	2067.0	2200.155029296875
2133.0	2065.0	2197.282470703125
2121.0	2078.0	2220.334716796875
2124.0	2080.0	2210.69921875
2127.0	2078.0	2201.217529296875
2114.0	2083.0	2226.515869140625
2113.0	2094.0	2225.3310546875
2115.0	2091.0	2217.79443359375
2115.0	2100.0	2214.880859375
2113.0	2093.0	2216.39208984375
2115.0	2104.0	2209.4501953125
2105.0	2103.0	2228.260498046875
2110.0	2106.0	2214.412353515625
2105.0	2104.0	2222.443603515625
2105.0	2117.0	2219.750244140625
2103.0	2118.0	2221.54443359375
2096.0	2117.0	2234.277587890625
2093.0	2119.0	2237.882080078125
2093.0	2132.0	2235.087158203125
2097.0	2131.0	2223.786376953125
2096.0	2130.0	2223.47412109375
2085.0	2130.0	2244.63427734375
2086.0	2160.0	2239.643310546875
2089.0	2144.0	2230.472900390625
2085.0	2146.0	2236.664306640625
2085.0	2144.0	2234.28857421875
2087.0	2158.0	2227.766357421875
2085.0	2158.0	2229.974853515625
2085.0	2159.0	2227.966064453125
2075.0	2171.0	2247.29248046875
2073.0	2169.0	2249.189453125
2074.0	2162.0	2244.700439453125
2076.0	2169.0	2238.128662109375
2077.0	2170.0	2233.9287109375
2077.0	2183.0	2231.959716796875
2074.0	2182.0	2236.639892578125
2075.0	2183.0	2232.72119140625
2075.0	2183.0	2231.07958984375
2077.0	2195.0	2225.199951171875
2075.0	2196.0	2228.03466796875
2074.0	2197.0	2228.77587890625
2075.0	2197.0	2225.287109375
2078.0	2197.0	2217.511474609375
2076.0	2208.0	2220.669921875
2076.0	2209.0	2219.5341796875
2074.0	2208.0	2222.80322265625
2079.0	2209.0	2210.9453125
2075.0	2208.0	2218.697021484375
2086.0	2212.0	2194.198486328125
2085.0	2224.0	2196.236572265625
2086.0	2224.0	2193.90087890625
2085.0	2222.0	2195.92431640625
2087.0	2222.0	2191.407470703125
2085.0	2224.0	2195.610595703125
2088.0	2224.0	2189.01904296875
2083.0	2224.0	2199.7373046875
2097.0	2238.0	2169.78076171875
2096.0	2233.0	2172.465576171875
2095.0	2235.0	2175.08935546875
2096.0	2236.0	2173.3408203125
2105.0	2236.0	2154.5048828125
2104.0	2242.0	2157.677490234375
2108.0	2234.0	2149.9541015625
2105.0	2230.0	2157.376708984375
2104.0	2233.0	2160.452880859375
2105.0	2235.0	2159.0869140625
2115.0	2234.0	2138.69775390625
2114.0	2249.0	2142.198974609375
2114.0	2252.0	2143.463134765625
2116.0	2248.0	2140.349853515625
2125.0	2248.0	2122.263671875
2125.0	2247.0	2123.978271484375
2121.0	2249.0	2134.30419921875
2126.0	2248.0	2124.964111328125
2134.0	2248.0	2109.542724609375
2133.0	2251.0	2113.689697265625
2134.0	2249.0	2113.411376953125
2135.0	2248.0	2113.009033203125
2142.0	2248.0	2099.782470703125
2157.0	2249.0	2069.5009765625
2153.0	2249.0	2080.83056640625
2152.0	2237.0	2085.52294921875
2163.0	2234.0	2064.07666015625
2163.0	2236.0	2067.07568359375
2164.0	2237.0	2067.720947265625
2165.0	2234.0	2068.269287109375
2163.0	2236.0	2075.136474609375
2171.0	2235.0	2060.504638671875
2172.0	2237.0	2061.20751953125
2166.0	2234.0	2076.908935546875
2183.0	2237.0	2042.5888671875
2182.0	2224.0	2047.813720703125
2180.0	2223.0	2055.026611328125
2183.0	2223.0	2051.2783203125
2193.0	2222.0	2032.60546875
2191.0	2218.0	2040.0087890625
2200.0	2222.0	2023.36279296875
2192.0	2207.0	2043.4608154296875
2201.0	2209.0	2026.7562255859375
2200.0	2212.0	2032.0252685546875
2203.0	2208.0	2028.45703125
2202.0	2209.0	2033.387939453125
2201.0	2199.0	2038.197509765625
2204.0	2196.0	2034.233642578125
2208.0	2195.0	2028.389892578125
2213.0	2196.0	2020.34765625
2210.0	2196.0	2029.5103759765625
2212.0	2185.0	2027.7093505859375
2222.0	2181.0	2008.6588134765625
2219.0	2183.0	2018.0523681640625
2222.0	2183.0	2014.290283203125
2221.0	2185.0	2018.9217529296875
2221.0	2171.0	2021.3582763671875
2222.0	2171.0	2021.4967041015625
2220.0	2171.0	2028.0543212890625
2232.0	2169.0	2004.40869140625
2230.0	2159.0	2011.3433837890625
2233.0	2158.0	2007.2767333984375
2230.0	2158.0	2016.04736328125
2230.0	2140.0	2018.1971435546875
2228.0	2144.0	2024.596435546875
2230.0	2144.0	2022.1611328125
2231.0	2145.0	2021.852294921875
2229.0	2147.0	2027.941650390625
2231.0	2130.0	2025.2235107421875
2230.0	2130.0	2028.894775390625
2229.0	2133.0	2032.52685546875
2226.0	2130.0	2040.4117431640625
2230.0	2118.0	2033.023193359375
2229.0	2116.0	2036.4200439453125
2228.0	2119.0	2039.7342529296875
2232.0	2120.0	2032.1339111328125
2230.0	2117.0	2037.510986328125
2231.0	2106.0	2036.299560546875
2231.0	2103.0	2037.20556640625
2231.0	2104.0	2038.080322265625
2230.0	2104.0	2041.117919921875
2230.0	2105.0	2041.867431640625
2228.0	2092.0	2046.96728515625
2231.0	2091.0	2041.119384765625
2222.0	2092.0	2060.844970703125
2221.0	2092.0	2062.991943359375
2221.0	2093.0	2063.026611328125
2222.0	2074.0	2060.9013671875
2220.0	2079.0	2065.259033203125
2222.0	2078.0	2060.901611328125
2223.0	2079.0	2058.694580078125
2214.0	2084.0	2078.10498046875
2214.0	2080.0	2077.46240234375
2210.0	2079.0	2085.5146484375
2213.0	2068.0	2078.402587890625
2211.0	2066.0	2082.1787109375
2211.0	2066.0	2081.678955078125
2203.0	2066.0	2098.14794921875
2202.0	2067.0	2099.243896484375
2210.0	2066.0	2080.885498046875
2200.0	2065.0	2101.6318359375
2202.0	2054.0	2096.390625
2201.0	2052.0	2097.6455078125
2189.0	2053.0	2122.21875
2193.0	2052.0	2112.12548828125
2190.0	2057.0	2117.214599609375
2189.0	2053.0	2118.09033203125
2182.0	2054.0	2131.776611328125
2183.0	2054.0	2127.8623046875
2184.0	2057.0	2124.017333984375
2181.0	2054.0	2129.001708984375
2174.0	2052.0	2142.625244140625
2173.0	2058.0	2142.71923828125
2174.0	2053.0	2138.618896484375
2174.0	2052.0	2136.75439453125
2163.0	2065.0	2158.50048828125
2161.0	2061.0	2160.603515625
2167.0	2068.0	2145.41748046875
2152.0	2068.0	2175.671630859375
2153.0	2066.0	2170.928466796875
2151.0	2066.0	2172.846923828125
2153.0	2067.0	2166.20361328125
2145.0	2066.0	2180.93115234375
2143.0	2069.0	2182.6259765625
2134.0	2066.0	2199.085693359375
2134.0	2058.0	2196.118408203125
2135.0	2065.0	2191.112060546875
2124.0	2079.0	2212.196533203125
2127.0	2079.0	2202.56640625
2126.0	2078.0	2201.74267578125
2113.0	2082.0	2227.132080078125
2118.0	2079.0	2212.903076171875
2114.0	2079.0	2218.475830078125
2115.0	2083.0	2213.2998046875
2117.0	2094.0	2206.108642578125
2107.0	2091.0	2224.819580078125
2104.0	2092.0	2228.206298828125
2104.0	2091.0	2225.26025390625
2105.0	2092.0	2220.28173828125
2095.0	2104.0	2239.188720703125
2095.0	2106.0	2236.03271484375
2096.0	2097.0	2230.926513671875
2095.0	2103.0	2230.244384765625
2095.0	2105.0	2227.63134765625
2085.0	2102.0	2246.550048828125
2088.0	2117.0	2237.0341796875
2083.0	2120.0	2245.036865234375
2086.0	2116.0	2235.8486328125
2089.0	2142.0	2226.805908203125
2083.0	2132.0	2237.44091796875
2075.0	2131.0	2252.49169921875
2077.0	2128.0	2245.291015625
2076.0	2131.0	2244.761962890625
2075.0	2131.0	2244.4296875
2074.0	2146.0	2244.1923828125
2074.0	2141.0	2241.8994140625
2088.0	2142.0	2209.37451171875
2077.0	2147.0	2231.275390625
2075.0	2157.0	2233.7236328125
2075.0	2159.0	2231.956787109375
2077.0	2157.0	2225.892822265625
2076.0	2158.0	2226.462890625
2068.0	2169.0	2241.805908203125
2064.0	2168.0	2248.4765625
2067.0	2171.0	2240.038330078125
2074.0	2170.0	2223.14306640625
2075.0	2177.0	2219.84716796875
2079.0	2183.0	2210.18603515625
2076.0	2183.0	2215.716064453125
2075.0	2181.0	2216.9716796875
2077.0	2186.0	2211.761474609375
2077.0	2185.0	2210.933349609375
2075.0	2184.0	2214.496826171875
2078.0	2194.0	2207.264892578125
2072.0	2196.0	2219.6025390625
2076.0	2198.0	2210.31787109375
2087.0	2195.0	2185.830078125
2086.0	2187.0	2188.142822265625
2090.0	2207.0	2179.55810546875
2086.0	2208.0	2188.35595703125
2087.0	2207.0	2186.279296875
2087.0	2206.0	2186.38623046875
2096.0	2210.0	2167.152099609375
2094.0	2205.0	2172.1357421875
2096.0	2203.0	2168.387451171875
2102.0	2210.0	2156.099365234375
2104.0	2224.0	2152.982421875
2106.0	2224.0	2149.7724609375
2107.0	2217.0	2148.718994140625
2108.0	2222.0	2147.641357421875
2106.0	2222.0	2152.965087890625
2105.0	2221.0	2156.06298828125
2113.0	2224.0	2139.85302734375
2116.0	2223.0	2134.797119140625
2116.0	2234.0	2136.17529296875
2123.0	2233.0	2122.31201171875
2123.0	2240.0	2124.196044921875
2123.0	2236.0	2125.935791015625
2125.0	2233.0	2123.23046875
2123.0	2239.0	2129.163818359375
2134.0	2236.0	2107.281982421875
2133.0	2237.0	2111.498779296875
2134.0	2238.0	2111.213134765625
2145.0	2238.0	2089.229248046875
2156.0	2235.0	2067.98974609375
2155.0	2235.0	2073.01611328125
2154.0	2235.0	2077.91943359375
2153.0	2234.0	2082.5869140625
2164.0	2238.0	2061.587646484375
2164.0	2237.0	2064.523193359375
2163.0	2237.0	2069.4697265625
2172.0	2236.0	2052.93115234375
2172.0	2235.0	2056.028076171875
2174.0	2237.0	2054.474609375
2171.0	2234.0	2063.7353515625
2182.0	2236.0	2042.6033935546875
2182.0	2235.0	2045.7335205078125
2184.0	2236.0	2044.3399658203125
2183.0	2240.0	2049.306640625
2192.0	2235.0	2032.7593994140625
2192.0	2235.0	2035.85009765625
2194.0	2233.0	2034.4676513671875
2202.0	2236.0	2020.19091796875
2202.0	2236.0	2023.49951171875
2202.0	2235.0	2026.6099853515625
2201.0	2237.0	2031.662109375
2200.0	2235.0	2036.6314697265625
2203.0	2236.0	2032.752197265625
2203.0	2221.0	2035.2330322265625
2209.0	2226.0	2024.915771484375
2210.0	2223.0	2025.5645751953125
2212.0	2223.0	2023.885986328125
2213.0	2226.0	2024.26123046875
2233.0	2222.0	1983.3907470703125
2221.0	2224.0	2012.3792724609375
2221.0	2222.0	2015.1278076171875
2221.0	2208.0	2017.6873779296875
2221.0	2207.0	2020.167236328125
2219.0	2208.0	2026.8101806640625
2231.0	2208.0	2003.361572265625
2231.0	2210.0	2006.0167236328125
2233.0	2210.0	2004.2069091796875
2229.0	2207.0	2015.2315673828125
2231.0	2196.0	2013.1329345703125
2229.0	2196.0	2019.6292724609375
2233.0	2196.0	2012.9368896484375
2230.0	2197.0	2021.375
2231.0	2196.0	2021.0025634765625
2231.0	2194.0	2022.6612548828125
2230.0	2184.0	2026.4029541015625
2231.0	2182.0	2025.7484130859375
2230.0	2183.0	2029.3265380859375
2231.0	2182.0	2028.57666015625
2231.0	2183.0	2029.8619384765625
2231.0	2172.0	2031.1549072265625
2237.0	2168.0	2019.296630859375
2232.0	2170.0	2031.2239990234375
2231.0	2170.0	2034.4649658203125
2231.0	2171.0	2035.41943359375
2231.0	2170.0	2036.3350830078125
2231.0	2157.0	2037.157958984375
2229.0	2156.0	2042.2803955078125
2231.0	2163.0	2038.6695556640625
2232.0	2159.0	2037.2152099609375
2231.0	2145.0	2040.070068359375
2231.0	2141.0	2040.69677734375
2219.0	2144.0	2066.842041015625
2221.0	2144.0	2062.486083984375
2221.0	2144.0	2062.460693359375
2221.0	2141.0	2062.459228515625
2222.0	2132.0	2060.219482421875
2211.0	2130.0	2083.9296875
2210.0	2130.0	2085.472900390625
2210.0	2126.0	2084.86279296875
2213.0	2132.0	2077.72021484375
2210.0	2129.0	2083.644775390625
2212.0	2118.0	2078.71435546875
2202.0	2122.0	2099.469970703125
2204.0	2118.0	2093.972900390625
2201.0	2117.0	2099.419189453125
2200.0	2118.0	2100.607666015625
2202.0	2105.0	2095.285888671875
2193.0	2104.0	2113.9736328125
2191.0	2105.0	2116.766357421875
2194.0	2106.0	2108.841796875
2187.0	2105.0	2122.681396484375
2182.0	2106.0	2131.756591796875
2182.0	2107.0	2129.93994140625
2181.0	2121.0	2130.407958984375
2190.0	2090.0	2109.253662109375
2173.0	2092.0	2144.66015625
2173.0	2092.0	2142.513916015625
2173.0	2098.0	2140.57421875
2174.0	2093.0	2136.53125
2162.0	2092.0	2160.297607421875
2163.0	2092.0	2155.790283203125
2166.0	2095.0	2147.08642578125
2151.0	2090.0	2177.334228515625
2153.0	2093.0	2170.38134765625
2153.0	2090.0	2167.93505859375
2141.0	2082.0	2191.6494140625
2146.0	2079.0	2177.990234375
2134.0	2079.0	2201.380126953125
2133.0	2076.0	2200.33203125
2135.0	2082.0	2192.99609375
2132.0	2079.0	2196.617919921875
2123.0	2078.0	2213.162353515625
2122.0	2076.0	2212.1884765625
2121.0	2082.0	2211.364013671875
2112.0	2078.0	2227.967041015625
2115.0	2080.0	2218.14404296875
2115.0	2080.0	2214.996826171875
2126.0	2080.0	2188.1435546875
2115.0	2080.0	2209.248046875
2105.0	2081.0	2227.759765625
2105.0	2084.0	2224.653076171875
2108.0	2081.0	2215.191650390625
2106.0	2078.0	2216.71533203125
2107.0	2079.0	2211.889404296875
2098.0	2080.0	2228.8115234375
2095.0	2081.0	2232.287109375
2096.0	2079.0	2227.307861328125
2093.0	2080.0	2231.126708984375
2098.0	2075.0	2217.722900390625
2084.0	2079.0	2245.199462890625
2087.0	2077.0	2235.837646484375
2087.0	2078.0	2233.154296875
2087.0	2071.0	2230.57470703125
2087.0	2079.0	2228.171875
2087.0	2080.0	2225.84814453125
2086.0	2080.0	2225.8837890625
2085.0	2081.0	2226.024658203125
2074.0	2081.0	2247.443115234375
2074.0	2081.0	2244.97021484375
2075.0	2080.0	2240.44384765625
2076.0	2085.0	2236.037353515625
2074.0	2079.0	2238.341552734375
2077.0	2083.0	2229.8486328125
2075.0	2094.0	2232.363037109375
2075.0	2094.0	2230.623291015625
2073.0	2093.0	2233.31982421875
2076.0	2093.0	2225.224609375
2076.0	2091.0	2223.757568359375
2076.0	2096.0	2222.337158203125
2075.0	2093.0	2223.170166015625
2077.0	2094.0	2217.5693359375
2077.0	2093.0	2216.373046875
2073.0	2095.0	2223.910888671875
2075.0	2104.0	2218.4951171875
2076.0	2105.0	2215.28662109375
2075.0	2105.0	2216.4892578125
2076.0	2108.0	2213.3818359375
2077.0	2106.0	2210.46337890625
2074.0	2105.0	2216.19384765625
2086.0	2104.0	2189.67578125
2086.0	2102.0	2189.57470703125
2086.0	2118.0	2189.49267578125
2088.0	2117.0	2185.1328125
2085.0	2116.0	2191.583251953125
2087.0	2116.0	2187.205078125
2086.0	2120.0	2189.326904296875
2085.0	2118.0	2191.517822265625
2087.0	2130.0	2187.11083984375
2095.0	2130.0	2170.12109375
2093.0	2131.0	2174.9755859375
2096.0	2130.0	2169.005615234375
2094.0	2129.0	2173.833984375
2106.0	2147.0	2148.33935546875
2107.0	2143.0	2147.296630859375
2107.0	2145.0	2148.392822265625
2106.0	2146.0	2151.549072265625
2104.0	2146.0	2156.855224609375
2103.0	2145.0	2159.90576171875
2114.0	2149.0	2137.30810546875
2115.0	2156.0	2136.489990234375
2115.0	2149.0	2137.819091796875
2118.0	2157.0	2132.56640625
2123.0	2158.0	2123.05810546875
2124.0	2168.0	2122.673828125
2124.0	2167.0	2124.44140625
2126.0	2170.0	2121.685791015625
2132.0	2172.0	2110.384033203125
2134.0	2171.0	2108.044677734375
2132.0	2169.0	2114.332763671875
2149.0	2171.0	2079.533203125
2143.0	2183.0	2094.95751953125
2152.0	2182.0	2077.65234375
2155.0	2181.0	2073.9189453125
2152.0	2184.0	2082.9794921875
2156.0	2185.0	2076.74853515625
2152.0	2184.0	2087.723388671875
2164.0	2196.0	2064.32373046875
2158.0	2197.0	2080.070068359375
2164.0	2197.0	2069.676513671875
2173.0	2197.0	2052.780029296875
2174.0	2194.0	2053.555419921875
2171.0	2192.0	2062.843994140625
2176.0	2195.0	2054.600830078125
2171.0	2210.0	2067.913330078125
2184.0	2206.0	2042.478271484375
2182.0	2210.0	2049.67138671875
2181.0	2209.0	2054.596923828125
2190.0	2211.0	2037.8648681640625
2188.0	2210.0	2045.1778564453125
2193.0	2212.0	2037.150390625
2196.0	2207.0	2033.3370361328125
2203.0	2210.0	2020.6644287109375
2203.0	2208.0	2023.7884521484375
2201.0	2211.0	2031.0115966796875
2204.0	2208.0	2027.3607177734375
2202.0	2210.0	2034.2763671875
2201.0	2222.0	2039.0072021484375
2201.0	2216.0	2041.3426513671875
2212.0	2221.0	2019.8563232421875
2210.0	2221.0	2026.8560791015625
2212.0	2223.0	2025.0283203125
2212.0	2219.0	2027.40185546875
2221.0	2224.0	2010.221923828125
2210.0	2221.0	2036.2269287109375
2215.0	2224.0	2027.3956298828125
2222.0	2228.0	2014.373779296875
2219.0	2222.0	2023.3453369140625
2223.0	2221.0	2016.980712890625
2222.0	2224.0	2021.3436279296875
2220.0	2223.0	2027.8123779296875
2219.0	2225.0	2031.94482421875
2220.0	2222.0	2031.674560546875
2222.0	2223.0	2029.0521240234375
2221.0	2222.0	2032.972900390625
2223.0	2221.0	2030.190673828125
2219.0	2221.0	2040.337890625
2220.0	2221.0	2039.569580078125
2221.0	2222.0	2038.6839599609375
2220.0	2222.0	2042.0828857421875
2221.0	2223.0	2041.08740234375
2222.0	2222.0	2040.0238037109375
2220.0	2222.0	2045.4456787109375
2220.0	2223.0	2046.424560546875
2221.0	2222.0	2045.188720703125
2223.0	2221.0	2041.730224609375
2220.0	2222.0	2049.09326171875
2211.0	2224.0	2069.240478515625
2213.0	2221.0	2065.029296875
2209.0	2221.0	2073.783935546875
2211.0	2221.0	2069.51025390625
2210.0	2220.0	2071.7333984375
2214.0	2224.0	2063.09375
2210.0	2222.0	2071.8310546875
2202.0	2210.0	2088.74609375
2201.0	2208.0	2090.3701171875
2201.0	2207.0	2089.837646484375
2200.0	2209.0	2091.506591796875
2202.0	2211.0	2086.6962890625
2203.0	2207.0	2084.11083984375
2191.0	2207.0	2109.782958984375
2192.0	2208.0	2106.539306640625
2193.0	2209.0	2103.33154296875
2190.0	2207.0	2108.893310546875
2180.0	2211.0	2129.398681640625
2182.0	2208.0	2123.611328125
2182.0	2197.0	2122.22509765625
2182.0	2197.0	2120.878662109375
2172.0	2188.0	2141.30126953125
2185.0	2195.0	2111.28515625
2172.0	2197.0	2137.78955078125
2171.0	2199.0	2138.283447265625
2173.0	2193.0	2132.406982421875
2163.0	2195.0	2152.228271484375
2163.0	2184.0	2150.2939453125
2162.0	2182.0	2150.565673828125
2153.0	2181.0	2167.986328125
2152.0	2185.0	2167.81201171875
2154.0	2182.0	2161.227294921875
2154.0	2182.0	2159.107421875
2146.0	2182.0	2173.97802734375
2147.0	2171.0	2169.354248046875
2136.0	2170.0	2190.384521484375
2134.0	2172.0	2191.862060546875
2135.0	2170.0	2186.995361328125
2125.0	2166.0	2206.14892578125
2123.0	2157.0	2207.460205078125
2124.0	2160.0	2202.443115234375
2114.0	2157.0	2221.43359375
2114.0	2157.0	2218.1435546875
2113.0	2157.0	2217.285400390625
2113.0	2145.0	2214.3662109375
2117.0	2145.0	2202.9462890625
2105.0	2144.0	2225.98779296875
2106.0	2137.0	2220.760009765625
2106.0	2145.0	2217.8876953125
2104.0	2147.0	2219.510009765625
2095.0	2128.0	2236.2919921875
2095.0	2131.0	2233.172607421875
2098.0	2131.0	2223.705322265625
2093.0	2130.0	2231.787353515625
2093.0	2132.0	2229.183837890625
2087.0	2130.0	2239.5166015625
2085.0	2114.0	2240.94287109375
2088.0	2117.0	2231.55908203125
2087.0	2119.0	2231.094482421875
2086.0	2118.0	2230.79150390625
2085.0	2123.0	2230.632568359375
2077.0	2116.0	2245.7607421875
2074.0	2119.0	2249.53369140625
2077.0	2104.0	2240.4013671875
2072.0	2115.0	2248.75244140625
2078.0	2105.0	2233.3681640625
2076.0	2106.0	2235.483154296875
2073.0	2104.0	2239.890625
2079.0	2104.0	2224.909912109375
2074.0	2103.0	2233.885986328125
2077.0	2105.0	2225.647216796875
2076.0	2105.0	2226.1435546875
2074.0	2106.0	2228.9072265625
2079.0	2090.0	2216.571533203125
2066.0	2093.0	2243.00732421875
2066.0	2092.0	2241.140869140625
2066.0	2093.0	2239.378662109375
2070.0	2089.0	2229.0517578125
2066.0	2092.0	2236.104248046875
2068.0	2092.0	2230.2412109375
2065.0	2093.0	2235.3203125
2064.0	2092.0	2236.0625
2066.0	2088.0	2230.4375
2068.0	2092.0	2224.878662109375
2078.0	2093.0	2202.39453125
2075.0	2094.0	2208.39697265625
2076.0	2087.0	2205.7705078125
2075.0	2093.0	2207.46044921875
2074.0	2093.0	2209.19580078125
2076.0	2094.0	2204.442138671875
2075.0	2086.0	2206.30419921875
2075.0	2093.0	2205.97705078125
2076.0	2093.0	2203.456298828125
2075.0	2091.0	2205.305419921875
2076.0	2093.0	2202.8076171875
2085.0	2095.0	2183.240966796875
2083.0	2092.0	2187.955810546875
2086.0	2091.0	2181.828369140625
2088.0	2093.0	2177.83056640625
2085.0	2099.0	2184.70361328125
2087.0	2089.0	2180.686279296875
2087.0	2093.0	2181.031494140625
2097.0	2092.0	2160.013671875
2094.0	2090.0	2167.41162109375
2096.0	2087.0	2163.904052734375
2095.0	2104.0	2166.848388671875
2107.0	2105.0	2141.652587890625
2105.0	2106.0	2147.291259765625
2103.0	2107.0	2152.9228515625
2112.0	2106.0	2134.609130859375
2103.0	2104.0	2155.33447265625
2115.0	2105.0	2130.889892578125
2115.0	2104.0	2132.604736328125
2112.0	2103.0	2140.6845703125
2114.0	2104.0	2137.82568359375
2126.0	2105.0	2113.177978515625
2126.0	2106.0	2115.149169921875
2125.0	2113.0	2119.163818359375
2126.0	2117.0	2118.6845703125
2133.0	2119.0	2105.629150390625
2133.0	2120.0	2107.798583984375
2133.0	2115.0	2109.873291015625
2142.0	2117.0	2092.7216796875
2144.0	2116.0	2090.840087890625
2154.0	2131.0	2071.64013671875
2152.0	2132.0	2078.759521484375
2153.0	2131.0	2079.26416015625
2154.0	2131.0	2079.6396484375
2161.0	2132.0	2067.4462890625
2162.0	2132.0	2068.214111328125
2162.0	2136.0	2071.00634765625
2169.0	2141.0	2058.69384765625
2172.0	2145.0	2055.2822265625
2171.0	2146.0	2060.369140625
2173.0	2143.0	2058.650634765625
2182.0	2148.0	2041.8203125
2185.0	2146.0	2038.4058837890625
2183.0	2145.0	2045.723876953125
2183.0	2144.0	2048.5576171875
2190.0	2159.0	2036.506103515625
2195.0	2156.0	2028.671630859375
2193.0	2158.0	2035.943359375
2191.0	2172.0	2043.0098876953125
2203.0	2168.0	2019.8985595703125
2203.0	2170.0	2023.025634765625
2203.0	2170.0	2026.0289306640625
2201.0	2170.0	2033.147705078125
2204.0	2170.0	2029.2896728515625
2203.0	2175.0	2033.9632568359375
2204.0	2170.0	2034.1993408203125
2212.0	2184.0	2019.48681640625
2210.0	2181.0	2026.5338134765625
2210.0	2183.0	2029.11962890625
2207.0	2182.0	2038.0211181640625
2220.0	2184.0	2012.2864990234375
2222.0	2183.0	2010.7635498046875
2222.0	2181.0	2013.40625
2222.0	2199.0	2015.90673828125
2228.0	2195.0	2005.29443359375
2222.0	2193.0	2020.58349609375
2220.0	2196.0	2027.0423583984375
2221.0	2194.0	2026.989013671875
2221.0	2190.0	2028.8839111328125
2222.0	2199.0	2028.552001953125
2220.0	2197.0	2034.5950927734375
2222.0	2196.0	2031.91259765625
2225.0	2188.0	2026.8331298828125
2225.0	2208.0	2028.3673095703125
2223.0	2208.0	2034.0557861328125
2222.0	2208.0	2037.5179443359375
2219.0	2216.0	2045.276123046875
2220.0	2208.0	2044.216796875
2222.0	2210.0	2040.968994140625
2221.0	2208.0	2044.1573486328125
2222.0	2208.0	2042.94189453125
2219.0	2212.0	2050.3232421875
2224.0	2208.0	2040.260986328125
2220.0	2206.0	2049.7529296875
2222.0	2209.0	2046.15625
2221.0	2205.0	2048.99755859375
2221.0	2207.0	2049.734375
2222.0	2208.0	2048.211181640625
2221.0	2207.0	2050.97265625
2222.0	2208.0	2049.4140625
2221.0	2214.0	2052.16064453125
2206.0	2209.0	2084.7177734375
2210.0	2208.0	2075.857177734375
2209.0	2207.0	2077.838134765625
2211.0	2210.0	2073.3046875
2212.0	2212.0	2070.973876953125
2203.0	2207.0	2090.2822265625
2203.0	2208.0	2089.583740234375
2201.0	2209.0	2093.213134765625
2201.0	2207.0	2092.545166015625
2202.0	2208.0	2089.739013671875
2201.0	2209.0	2091.333251953125
2200.0	2208.0	2092.94921875
2191.0	2207.0	2111.415283203125
2192.0	2206.0	2108.04296875
2191.0	2207.0	2109.154296875
2191.0	2207.0	2108.10888671875
2192.0	2208.0	2104.9462890625
2182.0	2209.0	2125.555419921875
2185.0	2198.0	2117.55078125
2184.0	2198.0	2118.3818359375
2181.0	2197.0	2123.541748046875
2182.0	2194.0	2120.204833984375
2172.0	2201.0	2140.35205078125
2187.0	2194.0	2106.00341796875
2172.0	2197.0	2136.8994140625
2164.0	2197.0	2152.511474609375
2163.0	2195.0	2152.595458984375
2163.0	2203.0	2150.568603515625
2164.0	2184.0	2146.484130859375
2164.0	2182.0	2144.70703125
2154.0	2181.0	2164.114990234375
2152.0	2181.0	2166.245849609375
2152.0	2180.0	2164.077880859375
2145.0	2182.0	2177.254638671875
2143.0	2184.0	2179.08447265625
2133.0	2182.0	2198.213623046875
2133.0	2198.0	2195.32568359375
2136.0	2183.0	2186.002197265625
2133.0	2171.0	2189.89990234375
2126.0	2169.0	2202.138427734375
2124.0	2171.0	2203.540771484375
2122.0	2167.0	2205.1083984375
2116.0	2169.0	2215.193115234375
2114.0	2171.0	2216.41357421875
2115.0	2170.0	2211.320556640625
2115.0	2155.0	2208.55126953125
2100.0	2159.0	2238.411865234375
2107.0	2159.0	2220.092041015625
2105.0	2156.0	2221.50927734375
2107.0	2158.0	2214.35009765625
2104.0	2163.0	2218.2646484375
2095.0	2143.0	2234.859130859375
2095.0	2144.0	2231.808837890625
2094.0	2146.0	2231.139892578125
2094.0	2145.0	2228.469482421875
2093.0	2145.0	2228.09619140625
2087.0	2144.0	2238.7158203125
2087.0	2144.0	2235.78662109375
2086.0	2145.0	2235.214599609375
2085.0	2148.0	2234.849365234375
2086.0	2131.0	2230.240966796875
2088.0	2131.0	2223.5498046875
2087.0	2131.0	2223.5947265625
2086.0	2132.0	2223.6943359375
2076.0	2141.0	2243.43359375
2074.0	2130.0	2245.258544921875
2075.0	2130.0	2240.743408203125
2068.0	2129.0	2253.6728515625
2078.0	2118.0	2229.823974609375
2076.0	2117.0	2232.182373046875
2080.0	2117.0	2221.56201171875
2076.0	2117.0	2228.455810546875
2076.0	2118.0	2226.777587890625
2075.0	2118.0	2227.252197265625
2075.0	2120.0	2225.66845703125
2079.0	2117.0	2215.53369140625
2075.0	2120.0	2222.93701171875
2075.0	2116.0	2221.65869140625
2074.0	2117.0	2222.6181640625
2073.0	2105.0	2223.62841796875
2078.0	2107.0	2211.69580078125
2079.0	2107.0	2208.48388671875
2075.0	2107.0	2216.157958984375
2075.0	2100.0	2215.23095703125
2076.0	2106.0	2212.169921875
2075.0	2106.0	2213.491943359375
2085.0	2106.0	2191.598388671875
2085.0	2104.0	2191.540771484375
2086.0	2112.0	2189.33740234375
2085.0	2106.0	2191.431884765625
2085.0	2106.0	2191.372314453125
2085.0	2107.0	2191.302001953125
2094.0	2106.0	2171.7529296875
2096.0	2099.0	2167.993896484375
2109.0	2104.0	2140.287841796875
2097.0	2104.0	2166.882568359375
2097.0	2106.0	2167.343505859375
2105.0	2104.0	2150.826416015625
2104.0	2105.0	2154.0693359375
2103.0	2104.0	2157.233154296875
2098.0	2104.0	2169.033447265625
2104.0	2103.0	2156.898193359375
2115.0	2104.0	2133.91845703125
2114.0	2103.0	2137.514892578125
2117.0	2105.0	2132.32861328125
2116.0	2104.0	2135.816650390625
2115.0	2105.0	2139.177001953125
2123.0	2098.0	2123.433349609375
2126.0	2104.0	2118.668701171875
2126.0	2104.0	2120.26611328125
2133.0	2105.0	2106.927978515625
2133.0	2106.0	2108.98828125
2133.0	2117.0	2110.99462890625
2133.0	2108.0	2112.849853515625
2143.0	2107.0	2093.5478515625
2143.0	2107.0	2095.822021484375
2153.0	2106.0	2076.763916015625
2154.0	2117.0	2077.234130859375
2152.0	2118.0	2084.065185546875
2162.0	2120.0	2064.914306640625
2163.0	2120.0	2065.610595703125
2162.0	2117.0	2070.500732421875
2174.0	2121.0	2047.0633544921875
2172.0	2119.0	2054.4306640625
2173.0	2119.0	2055.15283203125
2171.0	2116.0	2062.258056640625
2181.0	2118.0	2043.7113037109375
2183.0	2113.0	2042.4757080078125
2186.0	2132.0	2038.8978271484375
2182.0	2132.0	2050.331298828125
2194.0	2131.0	2027.001708984375
2191.0	2132.0	2036.622314453125
2190.0	2128.0	2041.6998291015625
2195.0	2130.0	2033.57421875
2201.0	2128.0	2023.72265625
2202.0	2129.0	2024.6846923828125
2203.0	2130.0	2025.49365234375
2201.0	2126.0	2032.6163330078125
2205.0	2132.0	2026.53857421875
2202.0	2144.0	2035.5533447265625
2210.0	2149.0	2020.5811767578125
2212.0	2142.0	2019.0390625
2211.0	2146.0	2023.9217529296875
2216.0	2145.0	2015.548583984375
2222.0	2145.0	2005.50390625
2222.0	2145.0	2008.38330078125
2219.0	2142.0	2017.611328125
2223.0	2147.0	2011.513427734375
2224.0	2144.0	2011.808837890625
2223.0	2148.0	2016.32958984375
2229.0	2145.0	2005.51416015625
2223.0	2145.0	2021.1826171875
2233.0	2149.0	2002.0445556640625
2234.0	2156.0	2002.239990234375
2229.0	2158.0	2015.40185546875
2228.0	2156.0	2019.720458984375
2231.0	2157.0	2015.242919921875
2230.0	2161.0	2019.3721923828125
2233.0	2159.0	2014.655029296875
2230.0	2157.0	2022.9107666015625
2231.0	2156.0	2022.3472900390625
2231.0	2156.0	2023.8865966796875
2231.0	2157.0	2025.352783203125
2232.0	2157.0	2024.5513916015625
2231.0	2157.0	2028.0506591796875
2231.0	2158.0	2029.233642578125
2233.0	2158.0	2026.112060546875
2228.0	2170.0	2038.071044921875
2231.0	2169.0	2032.559814453125
2230.0	2169.0	2035.7484130859375
2229.0	2172.0	2038.849609375
2230.0	2168.0	2037.552978515625
2233.0	2171.0	2031.8343505859375
2231.0	2171.0	2036.903076171875
2232.0	2171.0	2035.4530029296875
2230.0	2172.0	2040.4388427734375
2230.0	2168.0	2041.058837890625
2228.0	2171.0	2045.98193359375
2232.0	2172.0	2037.900634765625
2230.0	2169.0	2042.7928466796875
2221.0	2170.0	2062.30322265625
2222.0	2171.0	2060.003173828125
2220.0	2171.0	2064.2236328125
2220.0	2173.0	2064.09326171875
2222.0	2170.0	2059.657958984375
2221.0	2171.0	2061.711669921875
2221.0	2171.0	2061.5703125
2210.0	2174.0	2085.1875
2209.0	2169.0	2086.605712890625
2210.0	2169.0	2083.71435546875
2209.0	2169.0	2085.16845703125
2203.0	2170.0	2097.293701171875
2202.0	2168.0	2098.2802734375
2201.0	2171.0	2099.329345703125
2206.0	2168.0	2087.410400390625
2203.0	2170.0	2092.91845703125
2192.0	2170.0	2115.791748046875
2190.0	2165.0	2118.505126953125
2191.0	2171.0	2114.8212890625
2191.0	2169.0	2113.393310546875
2193.0	2170.0	2107.71044921875
2182.0	2169.0	2129.86669921875
2185.0	2172.0	2121.56884765625
2183.0	2175.0	2124.190185546875
2174.0	2171.0	2141.800537109375
2173.0	2167.0	2141.76806640625
2175.0	2170.0	2135.34326171875
2171.0	2177.0	2142.076171875
2164.0	2168.0	2155.382080078125
2166.0	2169.0	2148.648681640625
2164.0	2172.0	2150.715576171875
2164.0	2170.0	2148.577392578125
2152.0	2170.0	2172.39599609375
2154.0	2173.0	2165.4873046875
2155.0	2152.0	2160.92578125
2144.0	2167.0	2182.3935546875
2142.0	2169.0	2183.989501953125
2144.0	2169.0	2177.045166015625
2134.0	2166.0	2195.712890625
2136.0	2169.0	2188.38330078125
2134.0	2168.0	2189.900390625
2125.0	2171.0	2206.403076171875
2124.0	2169.0	2205.49365234375
2123.0	2166.0	2204.69580078125
2114.0	2158.0	2221.159423828125
2113.0	2156.0	2220.065185546875
2116.0	2158.0	2210.403076171875
2115.0	2158.0	2209.69140625
2113.0	2154.0	2211.2138671875
2103.0	2155.0	2229.890869140625
2103.0	2157.0	2226.793701171875
2105.0	2156.0	2219.482666015625
2105.0	2157.0	2216.707275390625
2104.0	2156.0	2216.2119140625
2105.0	2160.0	2211.592529296875
2092.0	2157.0	2237.287109375
2095.0	2158.0	2227.990966796875
2095.0	2155.0	2225.221923828125
2097.0	2157.0	2218.212890625
2095.0	2160.0	2220.14453125
2088.0	2158.0	2232.77001953125
2085.0	2158.0	2236.509033203125
2087.0	2143.0	2229.52685546875
2085.0	2144.0	2231.38818359375
2085.0	2147.0	2228.978271484375
2081.0	2144.0	2235.40869140625
2087.0	2145.0	2220.287353515625
2087.0	2144.0	2218.32666015625
2087.0	2142.0	2216.419189453125
2076.0	2141.0	2238.1416015625
2075.0	2141.0	2237.983642578125
2077.0	2143.0	2231.42626953125
2075.0	2145.0	2233.700439453125
2075.0	2144.0	2231.7353515625
2075.0	2140.0	2229.880859375
2076.0	2147.0	2225.96826171875
2082.0	2145.0	2211.293701171875
2075.0	2144.0	2224.88916015625
2076.0	2143.0	2221.2255859375
2075.0	2144.0	2221.98291015625
2076.0	2136.0	2218.48779296875
2072.0	2131.0	2225.874755859375
2079.0	2132.0	2209.494873046875
2075.0	2128.0	2217.0810546875
2077.0	2130.0	2211.638916015625
2074.0	2123.0	2217.22265625
2076.0	2133.0	2211.933837890625
2079.0	2134.0	2204.547607421875
2074.0	2130.0	2214.545166015625
2084.0	2132.0	2192.43798828125
2086.0	2130.0	2187.94873046875
2089.0	2135.0	2181.38818359375
2091.0	2130.0	2176.954345703125
2084.0	2132.0	2192.063720703125
2087.0	2131.0	2185.484130859375
2086.0	2131.0	2187.612060546875
2084.0	2130.0	2191.942626953125
2094.0	2132.0	2170.609619140625
2097.0	2130.0	2164.619140625
2094.0	2131.0	2171.595947265625
2096.0	2133.0	2167.72705078125
2105.0	2135.0	2148.87060546875
2107.0	2132.0	2145.599365234375
2106.0	2130.0	2148.82568359375
2104.0	2129.0	2154.14599609375
2103.0	2131.0	2157.238037109375
2105.0	2129.0	2153.78857421875
2112.0	2131.0	2139.924560546875
2119.0	2132.0	2126.07958984375
2114.0	2130.0	2138.239013671875
2115.0	2131.0	2137.29345703125
2115.0	2131.0	2138.4404296875
2123.0	2134.0	2122.2646484375
2118.0	2130.0	2134.8095703125
2124.0	2132.0	2123.455078125
2125.0	2132.0	2122.81982421875
2133.0	2133.0	2107.359619140625
2135.0	2131.0	2104.938232421875
2132.0	2131.0	2113.335205078125
2131.0	2131.0	2117.232421875
2143.0	2131.0	2093.12646484375
2142.0	2144.0	2097.52734375
2154.0	2143.0	2073.6162109375
2154.0	2142.0	2076.245849609375
2150.0	2142.0	2087.36376953125
2153.0	2144.0	2083.182373046875
2163.0	2144.0	2064.26025390625
2163.0	2145.0	2066.984375
2163.0	2150.0	2069.5859375
2175.0	2143.0	2046.1109619140625
2172.0	2145.0	2055.5458984375
2173.0	2144.0	2056.09765625
2173.0	2145.0	2058.709716796875
2175.0	2143.0	2056.90478515625
2183.0	2147.0	2042.503662109375
2186.0	2145.0	2038.9134521484375
2183.0	2144.0	2048.134765625
2194.0	2144.0	2027.1859130859375
2194.0	2145.0	2030.14453125
2192.0	2150.0	2037.3883056640625
2191.0	2144.0	2042.1796875
2204.0	2145.0	2016.683349609375
2203.0	2144.0	2021.918212890625
2201.0	2147.0	2029.136474609375
2202.0	2144.0	2029.719970703125
2202.0	2146.0	2032.30322265625
2202.0	2145.0	2034.714111328125
2212.0	2144.0	2015.7431640625
2211.0	2144.0	2020.7281494140625
2210.0	2143.0	2025.5430908203125
2211.0	2146.0	2025.85009765625
2214.0	2146.0	2021.689697265625
2211.0	2144.0	2030.4368896484375
2211.0	2148.0	2032.558837890625
2213.0	2157.0	2030.19384765625
2222.0	2157.0	2012.978271484375
2221.0	2160.0	2017.5697021484375
2220.0	2157.0	2021.9892578125
2223.0	2158.0	2017.667236328125
2220.0	2158.0	2026.2086181640625
2221.0	2156.0	2025.9921875
2219.0	2158.0	2032.2271728515625
2220.0	2157.0	2031.7540283203125
2219.0	2159.0	2035.5904541015625
2221.0	2158.0	2032.792724609375
2222.0	2159.0	2032.09912109375
2220.0	2161.0	2037.814208984375
2222.0	2170.0	2034.7698974609375
2218.0	2170.0	2044.671142578125
2221.0	2170.0	2039.2987060546875
2223.0	2170.0	2036.0552978515625
2220.0	2170.0	2043.6470947265625
2221.0	2169.0	2042.4276123046875
2221.0	2167.0	2043.3314208984375
2224.0	2169.0	2037.7584228515625
2220.0	2170.0	2047.2574462890625
2224.0	2170.0	2039.3402099609375
2220.0	2168.0	2048.7548828125
2223.0	2174.0	2042.902099609375
2222.0	2172.0	2045.7296142578125
2222.0	2169.0	2046.322021484375
2220.0	2171.0	2051.195068359375
2223.0	2171.0	2045.2559814453125
2212.0	2174.0	2069.16162109375
2212.0	2168.0	2068.977294921875
2211.0	2172.0	2071.0029296875
2211.0	2170.0	2070.84130859375
2209.0	2171.0	2075.0498046875
2210.0	2169.0	2072.789794921875
2212.0	2172.0	2068.3017578125
2204.0	2169.0	2085.118896484375
2202.0	2169.0	2088.7431640625
2203.0	2172.0	2085.928466796875
2202.0	2168.0	2087.5068359375
2201.0	2183.0	2089.0576171875
2202.0	2165.0	2086.3037109375
2193.0	2171.0	2105.1279296875
2191.0	2172.0	2108.226806640625
2190.0	2170.0	2109.26513671875
2192.0	2169.0	2103.885986328125
2191.0	2170.0	2105.03564453125
2188.0	2169.0	2110.563720703125
2180.0	2169.0	2126.532470703125
2184.0	2170.0	2116.40673828125
2182.0	2171.0	2119.371826171875
2171.0	2169.0	2141.73046875
2173.0	2172.0	2135.492919921875
2169.0	2170.0	2142.34716796875
2173.0	2169.0	2131.979736328125
2171.0	2169.0	2134.731689453125
2172.0	2156.0	2131.015625
2161.0	2160.0	2153.168701171875
2161.0	2156.0	2151.197509765625
2163.0	2157.0	2145.048828125
2162.0	2157.0	2145.426025390625
2154.0	2155.0	2161.029541015625
2153.0	2156.0	2160.94677734375
2142.0	2159.0	2182.564208984375
2143.0	2157.0	2177.79638671875
2145.0	2158.0	2171.0263671875
2145.0	2155.0	2168.712158203125
2134.0	2157.0	2189.968994140625
2134.0	2154.0	2187.25390625
2133.0	2159.0	2186.84619140625
2135.0	2157.0	2180.057373046875
2125.0	2157.0	2199.3349609375
2125.0	2145.0	2196.53076171875
2124.0	2143.0	2196.056640625
2115.0	2145.0	2213.01416015625
2115.0	2141.0	2209.992919921875
2112.0	2143.0	2213.62744140625
2114.0	2145.0	2206.592529296875
2113.0	2146.0	2206.16845703125
2107.0	2144.0	2216.626220703125
2105.0	2138.0	2218.10400390625
2122.0	2143.0	2178.4306640625
2105.0	2145.0	2212.742431640625
2104.0	2144.0	2212.455322265625
2104.0	2147.0	2210.100830078125
2105.0	2143.0	2205.725830078125
2097.0	2143.0	2220.458251953125
2091.0	2143.0	2230.867919921875
2095.0	2143.0	2219.678466796875
2094.0	2147.0	2219.507080078125
2093.0	2143.0	2219.4873046875
2088.0	2141.0	2228.07421875
2080.0	2143.0	2242.815673828125
2088.0	2144.0	2222.99853515625
2083.0	2133.0	2231.595458984375
2087.0	2130.0	2220.759765625
2086.0	2130.0	2220.8505859375
2079.0	2125.0	2234.120361328125
2085.0	2132.0	2219.26953125
2085.0	2131.0	2217.53857421875
2086.0	2131.0	2213.730224609375
2084.0	2130.0	2216.496337890625
2085.0	2130.0	2212.83544921875
2086.0	2130.0	2209.332275390625
2073.0	2131.0	2235.679443359375
2078.0	2131.0	2222.985107421875
2075.0	2130.0	2227.75732421875
2076.0	2129.0	2223.885009765625
2075.0	2131.0	2224.446044921875
2078.0	2134.0	2216.446044921875
2070.0	2129.0	2232.39111328125
2076.0	2132.0	2218.047607421875
2076.0	2130.0	2216.8115234375
2076.0	2129.0	2215.590576171875
2086.0	2130.0	2193.28759765625
2086.0	2132.0	2192.898193359375
2088.0	2129.0	2188.1376953125
2086.0	2133.0	2192.07275390625
2084.0	2131.0	2196.041259765625
2085.0	2131.0	2193.5595703125
2087.0	2129.0	2188.995849609375
2086.0	2133.0	2190.893310546875
2089.0	2133.0	2184.113037109375
2086.0	2129.0	2190.3896484375
2085.0	2131.0	2192.3115234375
2095.0	2130.0	2170.719482421875
2096.0	2136.0	2168.899169921875
2095.0	2134.0	2171.321044921875
2102.0	2130.0	2156.449462890625
2096.0	2129.0	2169.839599609375
2106.0	2131.0	2148.489990234375
2106.0	2130.0	2149.41796875
2107.0	2134.0	2148.160400390625
2104.0	2132.0	2155.524658203125
2108.0	2132.0	2147.610595703125
2105.0	2130.0	2154.8935546875
2112.0	2132.0	2140.693115234375
2117.0	2131.0	2131.146484375
2115.0	2136.0	2136.71435546875
2113.0	2129.0	2142.19921875
2117.0	2130.0	2134.618408203125
2114.0	2130.0	2142.213134765625
2125.0	2130.0	2119.847412109375
2124.0	2132.0	2123.556884765625
2124.0	2127.0	2125.05859375
2131.0	2133.0	2111.65771484375
2138.0	2132.0	2098.38330078125
2135.0	2131.0	2106.701904296875
2131.0	2130.0	2117.0771484375
2136.0	2131.0	2107.859130859375
2152.0	2129.0	2075.163818359375
2144.0	2129.0	2094.614013671875
2154.0	2132.0	2075.380615234375
2153.0	2131.0	2080.031494140625
2153.0	2131.0	2082.373291015625
2164.0	2129.0	2060.910400390625
2162.0	2142.0	2067.974853515625
2167.0	2145.0	2059.70703125
2172.0	2146.0	2051.34228515625
2172.0	2146.0	2054.360595703125
2173.0	2144.0	2054.999267578125
2173.0	2143.0	2057.628173828125
2171.0	2145.0	2064.471923828125
2183.0	2145.0	2041.21484375
2181.0	2144.0	2048.391845703125
2181.0	2144.0	2051.13232421875
2183.0	2139.0	2049.361083984375
2193.0	2143.0	2030.308349609375
2191.0	2144.0	2037.544189453125
2197.0	2144.0	2027.265625
2193.0	2144.0	2038.5296630859375
2191.0	2146.0	2045.3465576171875
2203.0	2143.0	2021.9705810546875
2204.0	2144.0	2022.724853515625
2203.0	2144.0	2027.586669921875
2202.0	2145.0	2032.3304443359375
2201.0	2145.0	2036.9190673828125
2210.0	2147.0	2019.8009033203125
2211.0	2146.0	2020.3577880859375
2210.0	2145.0	2025.137451171875
2211.0	2142.0	2025.4193115234375
2215.0	2144.0	2019.045654296875
2211.0	2144.0	2029.937744140625
2211.0	2145.0	2032.019775390625
2220.0	2143.0	2014.731689453125
2222.0	2144.0	2012.8797607421875
2222.0	2142.0	2015.2618408203125
2222.0	2145.0	2017.4991455078125
2222.0	2145.0	2019.605712890625
2221.0	2145.0	2023.7659912109375
2222.0	2144.0	2023.49853515625
2220.0	2144.0	2029.652099609375
2219.0	2145.0	2033.4923095703125
2216.0	2144.0	2041.576171875
2231.0	2143.0	2010.7855224609375
2231.0	2146.0	2012.7681884765625
2231.0	2145.0	2014.685546875
2232.0	2141.0	2014.3167724609375
2230.0	2163.0	2020.3829345703125
2231.0	2156.0	2019.8238525390625
2230.0	2157.0	2023.517578125
2228.0	2158.0	2029.2850341796875
2230.0	2156.0	2026.30908203125
2221.0	2159.0	2047.0064697265625
2221.0	2154.0	2047.616455078125
2226.0	2158.0	2037.32958984375
2220.0	2160.0	2050.9072265625
2221.0	2158.0	2049.23486328125
2222.0	2157.0	2047.587158203125
2222.0	2171.0	2048.037841796875
2223.0	2155.0	2046.28076171875
2225.0	2156.0	2042.3746337890625
2223.0	2157.0	2047.0928955078125
2210.0	2157.0	2075.52392578125
2215.0	2155.0	2064.33203125
2211.0	2162.0	2072.721923828125
2210.0	2157.0	2074.613525390625
2211.0	2156.0	2072.16845703125
2211.0	2156.0	2071.9375
2202.0	2156.0	2090.810546875
2202.0	2156.0	2089.9619140625
2205.0	2161.0	2082.66064453125
2202.0	2159.0	2088.424560546875
2201.0	2157.0	2089.852294921875
2195.0	2155.0	2102.129150390625
2188.0	2158.0	2115.9833984375
2190.0	2159.0	2110.44287109375
2193.0	2155.0	2102.761474609375
2192.0	2157.0	2103.66845703125
2198.0	2155.0	2089.59716796875
2183.0	2159.0	2120.8017578125
2181.0	2157.0	2123.593994140625
2181.0	2157.0	2122.14111328125
2173.0	2155.0	2137.982666015625
2172.0	2160.0	2138.213623046875
2171.0	2155.0	2138.48095703125
2173.0	2155.0	2132.412109375
2172.0	2157.0	2132.91357421875
2164.0	2159.0	2148.1787109375
2164.0	2157.0	2146.109375
2163.0	2159.0	2146.336181640625
2164.0	2158.0	2142.252685546875
2152.0	2159.0	2166.5029296875
2154.0	2156.0	2159.836181640625
2144.0	2157.0	2179.261474609375
2146.0	2156.0	2172.201171875
2144.0	2163.0	2174.00244140625
2143.0	2154.0	2173.751953125
2135.0	2155.0	2188.519775390625
2134.0	2160.0	2187.8671875
2134.0	2160.0	2185.212890625
2124.0	2157.0	2204.251708984375
2124.0	2160.0	2201.216552734375
2124.0	2159.0	2198.379150390625
2117.0	2157.0	2210.93603515625
2115.0	2157.0	2212.136474609375
2114.0	2156.0	2211.23291015625
2115.0	2160.0	2206.192138671875
2115.0	2159.0	2203.4873046875
2104.0	2159.0	2224.432373046875
2109.0	2157.0	2210.52783203125
2103.0	2158.0	2220.70703125
2103.0	2156.0	2218.01318359375
2107.0	2158.0	2206.751220703125
2096.0	2156.0	2228.191650390625
2095.0	2163.0	2227.42431640625
2095.0	2154.0	2224.6044921875
2094.0	2159.0	2224.131103515625
2094.0	2158.0	2221.644775390625
2085.0	2157.0	2238.695556640625
2087.0	2156.0	2231.4931640625
2088.0	2157.0	2226.64599609375
2086.0	2162.0	2228.424072265625
2084.0	2158.0	2230.3583984375
2088.0	2142.0	2219.43310546875
2086.0	2143.0	2221.6220703125
2086.0	2144.0	2219.482666015625
2087.0	2144.0	2215.46435546875
2075.0	2139.0	2239.4111328125
2075.0	2145.0	2237.070068359375
2074.0	2144.0	2236.97998046875
2077.0	2147.0	2228.381103515625
2077.0	2146.0	2226.366943359375
2076.0	2144.0	2226.54443359375
2076.0	2142.0	2224.771728515625
2075.0	2150.0	2225.268798828125
2069.0	2144.0	2236.68310546875
2077.0	2140.0	2217.80859375
2074.0	2144.0	2222.907958984375
2075.0	2146.0	2219.39697265625
2076.0	2143.0	2215.97216796875
2076.0	2149.0	2214.7861328125
2073.0	2144.0	2220.151611328125
2075.0	2146.0	2214.72802734375
2077.0	2144.0	2209.369140625
2077.0	2146.0	2208.4169921875
2077.0	2144.0	2207.506591796875
2074.0	2127.0	2213.14892578125
2086.0	2135.0	2186.585205078125
2085.0	2129.0	2188.64013671875
2085.0	2131.0	2188.55712890625
2084.0	2129.0	2190.6669921875
2086.0	2132.0	2186.27197265625
2085.0	2130.0	2188.39697265625
2087.0	2130.0	2184.0
2084.0	2131.0	2190.421875
2098.0	2129.0	2160.196533203125
2094.0	2131.0	2169.430419921875
2096.0	2130.0	2165.601806640625
2094.0	2129.0	2170.512451171875
2105.0	2135.0	2147.03076171875
2101.0	2133.0	2156.808349609375
2100.0	2132.0	2160.009033203125
2104.0	2132.0	2152.3828125
2106.0	2130.0	2148.9716796875
2105.0	2130.0	2152.038818359375
2113.0	2145.0	2135.78173828125
2113.0	2133.0	2137.233154296875
2110.0	2130.0	2145.031494140625
2114.0	2130.0	2137.615478515625
2124.0	2130.0	2117.1279296875
2126.0	2129.0	2114.541748046875
2124.0	2131.0	2120.561279296875
2124.0	2123.0	2122.19091796875
2127.0	2135.0	2117.2197265625
2133.0	2133.0	2106.08837890625
2134.0	2131.0	2105.821533203125
2135.0	2131.0	2105.47900390625
2143.0	2131.0	2089.881103515625
2143.0	2129.0	2092.168212890625
2152.0	2133.0	2074.90234375
2157.0	2132.0	2066.7490234375
2154.0	2131.0	2075.826904296875
2153.0	2132.0	2080.3955078125
2164.0	2130.0	2059.050048828125
2161.0	2125.0	2068.421630859375
2163.0	2134.0	2066.6845703125
2179.0	2131.0	2034.5489501953125
2172.0	2131.0	2052.74658203125
2172.0	2128.0	2055.513427734375
2172.0	2132.0	2058.1689453125
2172.0	2130.0	2060.709716796875
2181.0	2139.0	2044.1046142578125
2181.0	2129.0	2047.0015869140625
2185.0	2131.0	2041.0609130859375
2181.0	2132.0	2052.34814453125
2191.0	2131.0	2033.3565673828125
2191.0	2131.0	2036.275146484375
2189.0	2129.0	2043.427490234375
2192.0	2130.0	2039.5040283203125
2194.0	2130.0	2037.611328125
2202.0	2129.0	2023.0333251953125
2200.0	2131.0	2030.2362060546875
2201.0	2133.0	2030.7249755859375
2179.0	2145.0	2081.02197265625
2202.0	2146.0	2033.50146484375
2201.0	2146.0	2037.968994140625
2201.0	2145.0	2040.2142333984375
2210.0	2143.0	2022.7298583984375
2211.0	2145.0	2023.0771484375
2211.0	2143.0	2025.4615478515625
2213.0	2145.0	2023.451171875
2214.0	2147.0	2023.436279296875
2204.0	2145.0	2047.2283935546875
2209.0	2143.0	2038.2867431640625
2211.0	2145.0	2035.7579345703125
2221.0	2145.0	2015.8583984375
2221.0	2144.0	2018.124267578125
2221.0	2140.0	2020.2691650390625
2223.0	2145.0	2017.982177734375
2222.0	2145.0	2022.0928955078125
2222.0	2145.0	2023.8902587890625
2221.0	2143.0	2027.7828369140625
2221.0	2147.0	2029.380615234375
2222.0	2144.0	2028.7603759765625
2220.0	2147.0	2034.63720703125
2219.0	2143.0	2038.1851806640625
2221.0	2142.0	2035.1041259765625
2221.0	2144.0	2036.358154296875
2222.0	2145.0	2035.3228759765625
2221.0	2144.0	2038.5748291015625
2220.0	2160.0	2041.8074951171875
2222.0	2158.0	2038.385498046875
2221.0	2157.0	2041.4781494140625
2221.0	2158.0	2042.3931884765625
2223.0	2156.0	2038.887451171875
2222.0	2159.0	2041.844970703125
2220.0	2156.0	2046.9117431640625
2222.0	2154.0	2043.2430419921875
2222.0	2157.0	2043.8424072265625
2219.0	2158.0	2050.97607421875
2220.0	2158.0	2049.39794921875
2222.0	2156.0	2045.597412109375
2211.0	2155.0	2069.756591796875
2210.0	2156.0	2071.768310546875
2211.0	2159.0	2069.442138671875
2211.0	2159.0	2069.2763671875
2211.0	2157.0	2069.0888671875
2210.0	2157.0	2071.171630859375
2211.0	2159.0	2068.898193359375
2204.0	2157.0	2083.6943359375
2200.0	2158.0	2091.735595703125
2202.0	2158.0	2086.7314453125
2202.0	2158.0	2086.047119140625
2210.0	2144.0	2068.073974609375
2203.0	2143.0	2082.716064453125
2192.0	2143.0	2105.95263671875
2190.0	2143.0	2109.059814453125
2191.0	2144.0	2105.7607421875
2190.0	2149.0	2106.84423828125
2194.0	2145.0	2097.123046875
2191.0	2145.0	2102.716796875
2181.0	2145.0	2123.32177734375
2181.0	2145.0	2121.852783203125
2183.0	2146.0	2116.084716796875
2182.0	2145.0	2116.900390625
2173.0	2146.0	2135.074462890625
2169.0	2147.0	2141.914794921875
2174.0	2145.0	2129.33544921875
2171.0	2144.0	2134.20166015625
2174.0	2144.0	2126.167724609375
2164.0	2145.0	2146.28515625
2161.0	2145.0	2150.793701171875
2166.0	2138.0	2138.02099609375
2158.0	2145.0	2153.5302734375
2165.0	2143.0	2136.5712890625
2153.0	2131.0	2160.51171875
2153.0	2131.0	2158.34375
2153.0	2130.0	2156.186279296875
2143.0	2131.0	2175.540283203125
2146.0	2128.0	2166.57470703125
2130.0	2131.0	2198.85546875
2134.0	2133.0	2187.330078125
2133.0	2128.0	2186.910400390625
2136.0	2128.0	2177.8603515625
2132.0	2131.0	2184.09716796875
2115.0	2129.0	2218.2041015625
2123.0	2143.0	2198.14111328125
2120.0	2121.0	2202.041259765625
2115.0	2119.0	2210.023681640625
2116.0	2120.0	2204.917724609375
2115.0	2121.0	2204.2919921875
2113.0	2117.0	2206.000244140625
2116.0	2118.0	2196.950439453125
2103.0	2115.0	2222.734130859375
2118.0	2115.0	2187.301025390625
2106.0	2115.0	2210.624267578125
2106.0	2118.0	2208.139892578125
2105.0	2118.0	2207.914306640625
2106.0	2117.0	2203.435302734375
2108.0	2100.0	2196.941650390625
2093.0	2103.0	2227.241455078125
2099.0	2105.0	2211.6376953125
2095.0	2105.0	2217.912353515625
2095.0	2104.0	2215.60205078125
2098.0	2105.0	2206.84912109375
2088.0	2104.0	2226.00048828125
2085.0	2100.0	2230.0263671875
2086.0	2107.0	2225.40673828125
2094.0	2108.0	2205.740966796875
2086.0	2105.0	2221.065185546875
2087.0	2103.0	2216.90185546875
2086.0	2104.0	2217.135009765625
2089.0	2106.0	2208.8466796875
2088.0	2103.0	2209.31591796875
2084.0	2110.0	2216.356689453125
2096.0	2107.0	2188.7666015625
2088.0	2104.0	2204.758056640625
2087.0	2105.0	2205.5419921875
2085.0	2103.0	2208.5576171875
2087.0	2106.0	2203.011474609375
2084.0	2103.0	2208.399658203125
2085.0	2104.0	2205.10546875
2080.0	2105.0	2214.89306640625
2085.0	2105.0	2203.117431640625
2086.0	2105.0	2200.01123046875
2086.0	2105.0	2199.112548828125
2086.0	2094.0	2198.278076171875
2083.0	2086.0	2204.0576171875
2084.0	2093.0	2201.10546875
2084.0	2095.0	2200.38037109375
2087.0	2090.0	2193.234130859375
2087.0	2092.0	2192.608154296875
2083.0	2094.0	2200.666259765625
2086.0	2092.0	2193.547607421875
2086.0	2091.0	2193.044677734375
2084.0	2092.0	2196.89013671875
2086.0	2092.0	2191.9521484375
2097.0	2092.0	2167.89404296875
2095.0	2093.0	2172.404541015625
2094.0	2089.0	2174.7705078125
2095.0	2092.0	2172.7919921875
2093.0	2087.0	2177.33154296875
2096.0	2091.0	2170.952880859375
2095.0	2094.0	2173.254638671875
2104.0	2092.0	2154.335205078125
2105.0	2092.0	2152.9609375
2105.0	2093.0	2153.687744140625
2106.0	2105.0	2152.162353515625
2105.0	2104.0	2155.010498046875
2105.0	2108.0	2155.639404296875
2104.0	2106.0	2158.390625
2119.0	2105.0	2126.9208984375
2113.0	2106.0	2141.046875
2116.0	2104.0	2135.59814453125
2114.0	2105.0	2140.9140625
2113.0	2104.0	2144.109619140625
2124.0	2103.0	2121.303955078125
2126.0	2104.0	2118.461181640625
2133.0	2105.0	2104.71533203125
2124.0	2105.0	2125.560791015625
2124.0	2106.0	2126.85888671875
2131.0	2105.0	2113.358154296875
2135.0	2107.0	2106.408935546875
2133.0	2096.0	2112.331298828125
2132.0	2102.0	2116.066650390625
2143.0	2118.0	2093.98486328125
2145.0	2120.0	2091.708984375
2152.0	2118.0	2078.4638671875
2155.0	2117.0	2074.391357421875
2153.0	2117.0	2081.155517578125
2154.0	2121.0	2081.201416015625
2160.0	2118.0	2070.798095703125
2164.0	2117.0	2064.751708984375
2163.0	2120.0	2069.3896484375
2166.0	2117.0	2065.172607421875
2175.0	2130.0	2047.9327392578125
2169.0	2130.0	2063.78125
2171.0	2132.0	2061.96826171875
2170.0	2134.0	2066.519287109375
2182.0	2132.0	2042.671630859375
2184.0	2131.0	2041.0396728515625
2184.0	2132.0	2043.7099609375
2184.0	2129.0	2046.199462890625
2182.0	2131.0	2052.871337890625
2192.0	2146.0	2033.5556640625
2204.0	2145.0	2010.2481689453125
2193.0	2144.0	2036.77197265625
2191.0	2145.0	2043.576171875
2192.0	2142.0	2043.6986083984375
2193.0	2145.0	2043.7945556640625
2206.0	2139.0	2018.0885009765625
2200.0	2141.0	2033.7532958984375
2199.0	2145.0	2038.364501953125
2201.0	2158.0	2036.4200439453125
2202.0	2158.0	2036.46240234375
2201.0	2157.0	2040.691650390625
2203.0	2159.0	2038.3533935546875
2201.0	2157.0	2044.577392578125
2201.0	2161.0	2046.3338623046875
2203.0	2158.0	2043.69140625
2212.0	2171.0	2026.14501953125
2211.0	2171.0	2030.4617919921875
2210.0	2170.0	2034.5694580078125
2213.0	2169.0	2029.93505859375
2211.0	2172.0	2036.02294921875
2208.0	2169.0	2044.1798095703125
2223.0	2172.0	2013.206298828125
2212.0	2173.0	2038.5772705078125
2211.0	2171.0	2042.126220703125
2207.0	2171.0	2052.104736328125
2209.0	2183.0	2049.029052734375
2211.0	2178.0	2045.8643798828125
2210.0	2182.0	2049.146484375
2215.0	2182.0	2039.3131103515625
2213.0	2181.0	2044.6844482421875
2213.0	2183.0	2045.5899658203125
2210.0	2185.0	2052.98095703125
2211.0	2182.0	2051.580078125
2211.0	2182.0	2052.34619140625
2211.0	2189.0	2053.083251953125
2211.0	2183.0	2053.75927734375
2212.0	2183.0	2052.291748046875
2212.0	2170.0	2052.95556640625
2209.0	2195.0	2060.01953125
2203.0	2196.0	2073.401123046875
2200.0	2194.0	2079.877197265625
2203.0	2203.0	2073.264404296875
2201.0	2193.0	2077.5703125
2204.0	2194.0	2070.98046875
2201.0	2196.0	2077.405517578125
2201.0	2194.0	2077.353271484375
2204.0	2197.0	2070.7607421875
2201.0	2197.0	2077.257568359375
2201.0	2192.0	2077.224365234375
2203.0	2195.0	2072.807373046875
2191.0	2196.0	2098.7529296875
2191.0	2196.0	2098.04541015625
2191.0	2197.0	2097.35009765625
2194.0	2190.0	2090.236328125
2193.0	2197.0	2091.804931640625
2189.0	2196.0	2099.92578125
2196.0	2189.0	2084.159423828125
2192.0	2183.0	2092.2900390625
2186.0	2183.0	2104.757568359375
2181.0	2185.0	2114.556884765625
2183.0	2181.0	2109.19677734375
2183.0	2182.0	2108.216064453125
2182.0	2184.0	2109.55908203125
2182.0	2176.0	2108.682373046875
2173.0	2184.0	2127.045166015625
2171.0	2185.0	2129.93603515625
2173.0	2182.0	2124.288330078125
2172.0	2185.0	2125.188232421875
2173.0	2184.0	2121.80615234375
2174.0	2184.0	2118.49853515625
2164.0	2168.0	2138.692626953125
2161.0	2168.0	2143.56298828125
2163.0	2166.0	2137.661865234375
2165.0	2168.0	2131.812744140625
2152.0	2171.0	2158.3701171875
2154.0	2167.0	2152.089599609375
2156.0	2169.0	2145.899658203125
2145.0	2169.0	2167.890380859375
2145.0	2169.0	2165.67529296875
2145.0	2168.0	2163.514892578125
2146.0	2175.0	2159.30615234375
2144.0	2169.0	2161.296875
2124.0	2169.0	2202.2421875
2132.0	2171.0	2182.592529296875
2134.0	2156.0	2176.036376953125
2122.0	2158.0	2199.79150390625
2125.0	2156.0	2190.70654296875
2124.0	2163.0	2190.477783203125
2111.0	2159.0	2216.440185546875
2117.0	2159.0	2200.556640625
2115.0	2158.0	2202.212890625
2116.0	2161.0	2197.484619140625
2113.0	2146.0	2201.531494140625
2117.0	2144.0	2190.60791015625
2106.0	2146.0	2211.992919921875
2104.0	2163.0	2213.765869140625
2106.0	2140.0	2206.825439453125
2101.0	2145.0	2215.309326171875
2105.0	2144.0	2204.424072265625
2105.0	2144.0	2202.344970703125
2096.0	2144.0	2219.382568359375
2093.0	2146.0	2223.319580078125
2094.0	2143.0	2218.736328125
2093.0	2151.0	2218.6044921875
2087.0	2146.0	2229.2294921875
2083.0	2145.0	2235.17333984375
2088.0	2133.0	2221.819091796875
2085.0	2131.0	2226.02294921875
2085.0	2130.0	2223.791259765625
2087.0	2130.0	2217.35791015625
2085.0	2131.0	2219.7236328125
2085.0	2132.0	2217.9384765625
2086.0	2130.0	2213.993408203125
2076.0	2126.0	2233.88525390625
2074.0	2130.0	2236.004150390625
2075.0	2131.0	2231.74560546875
2079.0	2132.0	2221.054931640625
2076.0	2129.0	2225.672607421875
2075.0	2116.0	2226.010498046875
2076.0	2115.0	2222.07666015625
2078.0	2121.0	2216.149169921875
2074.0	2114.0	2223.28173828125
2078.0	2095.0	2213.1845703125
2076.0	2118.0	2216.16650390625
2079.0	2119.0	2208.415283203125
2075.0	2118.0	2215.89306640625
2076.0	2117.0	2212.60791015625
2078.0	2116.0	2207.2216796875
2075.0	2123.0	2212.698974609375
2074.0	2119.0	2213.891845703125
2081.0	2105.0	2197.76171875
2075.0	2106.0	2209.959228515625
2078.0	2105.0	2202.6259765625
2087.0	2107.0	2182.544189453125
2085.0	2106.0	2186.881591796875
2084.0	2105.0	2189.00048828125
2085.0	2107.0	2186.762451171875
2086.0	2102.0	2184.41796875
2091.0	2104.0	2173.510986328125
2089.0	2105.0	2177.849609375
2085.0	2104.0	2186.50439453125
2087.0	2105.0	2182.115234375
2087.0	2104.0	2182.0859375
2096.0	2103.0	2162.699951171875
2095.0	2108.0	2165.452392578125
2098.0	2106.0	2159.471923828125
2097.0	2108.0	2162.1064453125
2094.0	2104.0	2169.1416015625
2094.0	2108.0	2169.606689453125
2105.0	2104.0	2146.65234375
2104.0	2104.0	2149.8681640625
2104.0	2106.0	2150.89501953125
2103.0	2104.0	2154.04736328125
2103.0	2104.0	2154.986328125
2102.0	2105.0	2158.0361328125
2108.0	2104.0	2145.87890625
2113.0	2104.0	2136.334228515625
2113.0	2105.0	2137.6259765625
2115.0	2105.0	2134.518310546875
2113.0	2092.0	2140.07568359375
2124.0	2099.0	2117.583984375
2111.0	2096.0	2147.465576171875
2127.0	2094.0	2114.317626953125
2125.0	2093.0	2120.227783203125
2132.0	2092.0	2106.397705078125
2135.0	2095.0	2101.86181640625
2132.0	2093.0	2110.227294921875
2136.0	2092.0	2103.30029296875
2133.0	2108.0	2111.4267578125
2146.0	2087.0	2085.272705078125
2140.0	2093.0	2100.464111328125
2152.0	2094.0	2076.669677734375
2155.0	2094.0	2072.76708984375
2152.0	2093.0	2081.6728515625
2163.0	2105.0	2060.111328125
2162.0	2104.0	2065.096923828125
2163.0	2105.0	2065.585205078125
2162.0	2106.0	2070.271728515625
2163.0	2104.0	2070.462158203125
2176.0	2107.0	2044.6025390625
2173.0	2105.0	2053.884033203125
2174.0	2105.0	2054.318359375
2171.0	2104.0	2063.298095703125
2174.0	2104.0	2059.10009765625
2172.0	2104.0	2065.6259765625
2185.0	2109.0	2039.8895263671875
2183.0	2109.0	2046.7867431640625
2188.0	2105.0	2038.4344482421875
2183.0	2105.0	2051.682861328125
2194.0	2103.0	2030.133544921875
2192.0	2105.0	2037.158203125
2192.0	2106.0	2039.828369140625
2190.0	2106.0	2046.587646484375
2189.0	2104.0	2051.015869140625
2193.0	2108.0	2044.4776611328125
2201.0	2103.0	2029.5948486328125
2201.0	2105.0	2032.166015625
2206.0	2107.0	2023.6629638671875
2202.0	2117.0	2034.6336669921875
2201.0	2117.0	2038.9757080078125
2202.0	2116.0	2038.89306640625
2201.0	2116.0	2043.014892578125
2203.0	2116.0	2040.501708984375
2202.0	2119.0	2044.41064453125
2200.0	2120.0	2050.457275390625
2210.0	2118.0	2030.6866455078125
2212.0	2117.0	2028.397216796875
2210.0	2117.0	2034.661376953125
2211.0	2121.0	2034.3387451171875
2213.0	2116.0	2031.7391357421875
2210.0	2123.0	2039.8824462890625
2204.0	2118.0	2054.407470703125
2214.0	2131.0	2034.1512451171875
2212.0	2130.0	2039.87841796875
2210.0	2132.0	2045.5263671875
2210.0	2129.0	2046.7525634765625
2213.0	2130.0	2041.440673828125
2211.0	2129.0	2046.9046630859375
2210.0	2132.0	2050.110107421875
2210.0	2133.0	2051.114013671875
2214.0	2130.0	2043.4259033203125
2213.0	2131.0	2046.4722900390625
2211.0	2133.0	2051.64306640625
2210.0	2146.0	2054.5673828125
2202.0	2145.0	2072.1748046875
2202.0	2156.0	2072.376220703125
2193.0	2175.0	2091.740478515625
2184.0	2179.0	2110.51953125
2176.0	2197.0	2126.450927734375
2164.0	2212.0	2150.60693359375
2152.0	2208.0	2174.432861328125
2154.0	2209.0	2167.30615234375
2142.0	2223.0	2190.243896484375
2126.0	2235.0	2221.026123046875
2114.0	2245.0	2242.478271484375
2106.0	2258.0	2254.909423828125
2094.0	2272.0	2275.711669921875
2086.0	2289.0	2287.6796875
2075.0	2300.0	2305.892822265625
2065.0	2314.0	2321.563720703125
2056.0	2327.0	2334.781005859375
2057.0	2326.0	2326.014892578125
2046.0	2338.0	2343.099365234375
2037.0	2359.0	2355.69873046875
2026.0	2365.0	2372.492919921875
2016.0	2375.0	2386.818359375
2016.0	2379.0	2379.273681640625
1997.0	2390.0	2412.958251953125
1989.0	2403.0	2422.630615234375
1989.0	2402.0	2414.71484375
1970.0	2430.0	2447.85791015625
1965.0	2431.0	2450.387939453125
1961.0	2445.0	2450.671630859375
1949.0	2449.0	2468.31787109375
1940.0	2453.0	2479.306396484375
1930.0	2469.0	2492.53173828125
1915.0	2469.0	2516.193603515625
1902.0	2483.0	2535.407470703125
1893.0	2495.0	2545.414306640625
1895.0	2494.0	2531.506591796875
1885.0	2496.0	2543.660400390625
1874.0	2510.0	2557.968505859375
1874.0	2509.0	2548.68017578125
1863.0	2522.0	2563.25927734375
1856.0	2521.0	2569.24755859375
1843.0	2551.0	2588.304931640625
1843.0	2550.0	2579.115966796875
1835.0	2553.0	2587.685791015625
1824.0	2548.0	2602.67041015625
1827.0	2549.0	2587.20068359375
1828.0	2561.0	2576.58447265625
1816.0	2561.0	2594.175537109375
1816.0	2565.0	2586.010986328125
1805.0	2560.0	2601.6982421875
1809.0	2562.0	2585.064697265625
1804.0	2562.0	2588.409423828125
1798.0	2561.0	2594.275634765625
1798.0	2561.0	2587.0712890625
1788.0	2561.0	2601.822265625
1787.0	2559.0	2596.833740234375
1787.0	2558.0	2590.085205078125
1784.0	2564.0	2590.210693359375
1788.0	2560.0	2575.540771484375
1788.0	2561.0	2569.869873046875
1789.0	2551.0	2562.351318359375
1785.0	2550.0	2565.978759765625
1788.0	2549.0	2554.66845703125
1789.0	2550.0	2547.96484375
1789.0	2524.0	2543.65625
1788.0	2523.0	2541.7900390625
1788.0	2524.0	2538.033935546875
1787.0	2509.0	2536.63330078125
1786.0	2496.0	2535.43505859375
1796.0	2494.0	2510.732666015625
1802.0	2483.0	2495.328857421875
1796.0	2484.0	2506.166259765625
1807.0	2469.0	2480.349853515625
1807.0	2470.0	2478.97900390625
1817.0	2442.0	2456.0458984375
1839.0	2444.0	2407.69140625
1817.0	2443.0	2455.051025390625
1827.0	2432.0	2433.294921875
1826.0	2418.0	2435.61865234375
1833.0	2403.0	2420.707763671875
1832.0	2391.0	2423.652099609375
1851.0	2392.0	2383.3359375
1853.0	2379.0	2380.39306640625
1853.0	2379.0	2382.26806640625
1852.0	2365.0	2386.26904296875
1862.0	2353.0	2366.658935546875
1876.0	2339.0	2339.172607421875
1882.0	2325.0	2329.332763671875
1893.0	2317.0	2309.020751953125
1904.0	2304.0	2288.915283203125
1911.0	2286.0	2277.934814453125
1923.0	2274.0	2256.568603515625
1931.0	2261.0	2244.236083984375
1931.0	2261.0	2249.52392578125
1942.0	2246.0	2231.268798828125
1950.0	2236.0	2219.603759765625
1960.0	2224.0	2203.972412109375
1970.0	2205.0	2188.7177734375
1980.0	2199.0	2173.615478515625
1987.0	2185.0	2165.13916015625
1999.0	2170.0	2145.994140625
1999.0	2171.0	2153.18994140625
2017.0	2146.0	2121.49609375
2018.0	2145.0	2126.97265625
2037.0	2130.0	2094.0302734375
2045.0	2118.0	2085.172119140625
2058.0	2104.0	2065.59033203125
2065.0	2088.0	2059.011474609375
2071.0	2081.0	2054.94921875
2088.0	2068.0	2027.0052490234375
2094.0	2054.0	2023.037109375
2095.0	2052.0	2029.9844970703125
2104.0	2040.0	2019.618896484375
2127.0	2027.0	1979.38671875
2135.0	2003.0	1972.1397705078125
2145.0	2001.0	1960.5560302734375
2154.0	1988.0	1951.0755615234375
2175.0	1970.0	1915.617919921875
2183.0	1966.0	1909.2034912109375
2193.0	1950.0	1898.3038330078125
2202.0	1936.0	1889.541015625
2204.0	1937.0	1895.9697265625
2211.0	1922.0	1891.4522705078125
2220.0	1924.0	1882.6839599609375
2231.0	1911.0	1869.7340087890625
2241.0	1898.0	1858.7987060546875
2250.0	1898.0	1850.0936279296875
2261.0	1888.0	1836.8353271484375
2269.0	1874.0	1830.1142578125
2279.0	1871.0	1819.220458984375
2289.0	1861.0	1808.2938232421875
2288.0	1860.0	1821.2264404296875
2297.0	1860.0	1812.452880859375
2306.0	1846.0	1803.61328125
2317.0	1861.0	1790.38818359375
2329.0	1835.0	1775.2164306640625
2341.0	1835.0	1759.6552734375
2339.0	1821.0	1774.0927734375
2347.0	1821.0	1766.824951171875
2349.0	1823.0	1772.5841064453125
2367.0	1809.0	1743.6630859375
2369.0	1809.0	1749.5989990234375
2368.0	1809.0	1761.48974609375
2385.0	1808.0	1734.6378173828125
2389.0	1814.0	1735.914306640625
2400.0	1795.0	1721.5723876953125
2407.0	1799.0	1716.2271728515625
2410.0	1797.0	1719.330078125
2416.0	1796.0	1715.4552001953125
2416.0	1796.0	1724.646240234375
2411.0	1796.0	1744.2342529296875
2427.0	1796.0	1718.2491455078125
2427.0	1796.0	1726.6893310546875
2434.0	1795.0	1719.926513671875
2434.0	1813.0	1728.090087890625
2435.0	1801.0	1733.6484375
2434.0	1799.0	1743.087158203125
2446.0	1795.0	1724.0438232421875
2448.0	1797.0	1726.853271484375
2445.0	1797.0	1740.0992431640625
2447.0	1807.0	1742.242431640625
2447.0	1807.0	1748.2530517578125
2444.0	1808.0	1760.5133056640625
2455.0	1820.0	1742.5323486328125
2456.0	1823.0	1746.10107421875
2455.0	1821.0	1753.6929931640625
2445.0	1838.0	1780.45849609375
2443.0	1833.0	1788.9703369140625
2449.0	1833.0	1779.8656005859375
2448.0	1834.0	1785.8878173828125
2444.0	1849.0	1798.0811767578125
2445.0	1847.0	1799.1910400390625
2436.0	1862.0	1821.477783203125
2435.0	1860.0	1825.9178466796875
2435.0	1871.0	1828.115234375
2434.0	1891.0	1832.323974609375
2425.0	1887.0	1853.7088623046875
2427.0	1886.0	1850.52978515625
2428.0	1897.0	1849.36181640625
2415.0	1897.0	1877.981201171875
2418.0	1910.0	1871.8157958984375
2407.0	1925.0	1895.6278076171875
2406.0	1923.0	1897.4810791015625
2396.0	1939.0	1918.802490234375
2385.0	1950.0	1941.4595947265625
2385.0	1952.0	1939.93310546875
2378.0	1960.0	1953.5865478515625
2374.0	1963.0	1960.2462158203125
2366.0	1977.0	1975.1717529296875
2359.0	1988.0	1987.431396484375
2348.0	1986.0	2007.8499755859375
2347.0	2003.0	2006.6392822265625
2336.0	2013.0	2026.919921875
2328.0	2027.0	2040.48486328125
2319.0	2035.0	2055.55078125
2309.0	2060.0	2072.588623046875
2311.0	2068.0	2063.3330078125
2313.0	2065.0	2054.4208984375
2303.0	2079.0	2071.177490234375
2289.0	2089.0	2096.319091796875
2279.0	2104.0	2112.29150390625
2267.0	2104.0	2132.40478515625
2260.0	2118.0	2141.447509765625
2251.0	2131.0	2154.693603515625
2241.0	2151.0	2169.826904296875
2230.0	2155.0	2186.76123046875
2225.0	2172.0	2190.409423828125
2222.0	2171.0	2189.57763671875
2211.0	2170.0	2206.027099609375
2201.0	2183.0	2220.09521484375
2189.0	2194.0	2238.37255859375
2200.0	2208.0	2206.48583984375
2174.0	2206.0	2254.780029296875
2164.0	2226.0	2268.2998046875
2153.0	2236.0	2283.831298828125
2157.0	2235.0	2266.6943359375
2132.0	2247.0	2312.323974609375
2129.0	2249.0	2309.979248046875
2127.0	2260.0	2305.446533203125
2116.0	2275.0	2320.352294921875
2105.0	2285.0	2335.238525390625
2097.0	2302.0	2343.575927734375
2085.0	2305.0	2360.30615234375
2076.0	2312.0	2370.568603515625
2063.0	2313.0	2389.41357421875
2069.0	2313.0	2367.024658203125
2059.0	2327.0	2379.315185546875
2057.0	2326.0	2374.619140625
2047.0	2338.0	2387.211181640625
2039.0	2338.0	2395.423095703125
2028.0	2354.0	2410.146240234375
2015.0	2355.0	2429.156005859375
2008.0	2367.0	2434.954833984375
2001.0	2367.0	2440.654052734375
2002.0	2366.0	2429.196044921875
1999.0	2364.0	2426.8583984375
1989.0	2379.0	2439.6015625
1980.0	2378.0	2450.147705078125
1970.0	2378.0	2462.563720703125
1970.0	2378.0	2453.682373046875
1960.0	2392.0	2466.684326171875
1948.0	2391.0	2484.100830078125
1950.0	2396.0	2471.074951171875
1943.0	2391.0	2477.901123046875
1929.0	2391.0	2499.7626953125
1933.0	2391.0	2482.51171875
1932.0	2393.0	2476.606689453125
1921.0	2392.0	2492.371337890625
1924.0	2392.0	2477.9990234375
1912.0	2392.0	2496.18994140625
1902.0	2392.0	2510.00927734375
1894.0	2392.0	2519.352783203125
1894.0	2388.0	2511.279541015625
1892.0	2398.0	2508.0048828125
1883.0	2389.0	2519.76806640625
1882.0	2393.0	2514.542724609375
1876.0	2393.0	2520.10986328125
1874.0	2380.0	2517.281005859375
1874.0	2380.0	2510.462890625
1872.0	2380.0	2508.3935546875
1864.0	2377.0	2519.252197265625
1864.0	2364.0	2512.83447265625
1864.0	2364.0	2506.75537109375
1868.0	2361.0	2492.423583984375
1863.0	2361.0	2497.892822265625
1864.0	2368.0	2490.58935546875
1862.0	2351.0	2490.124755859375
1863.0	2351.0	2483.337646484375
1862.0	2337.0	2481.210205078125
1866.0	2341.0	2468.48681640625
1863.0	2326.0	2471.1640625
1864.0	2328.0	2465.35546875
1862.0	2313.0	2466.309814453125
1864.0	2313.0	2458.784912109375
1875.0	2306.0	2432.439697265625
1875.0	2296.0	2430.222412109375
1874.0	2299.0	2430.275146484375
1870.0	2285.0	2436.977294921875
1875.0	2276.0	2424.230712890625
1884.0	2260.0	2403.089111328125
1883.0	2261.0	2404.281982421875
1885.0	2247.0	2398.97705078125
1894.0	2236.0	2378.629150390625
1894.0	2235.0	2378.40869140625
1902.0	2236.0	2361.399658203125
1912.0	2234.0	2340.554931640625
1921.0	2206.0	2322.296142578125
1922.0	2209.0	2321.683837890625
1934.0	2196.0	2297.44775390625
1931.0	2195.0	2305.958740234375
1941.0	2184.0	2286.297119140625
1942.0	2183.0	2286.566162109375
1950.0	2157.0	2271.6240234375
1950.0	2156.0	2274.4560546875
1961.0	2156.0	2253.79638671875
1961.0	2145.0	2257.049560546875
1969.0	2129.0	2243.061279296875
1976.0	2132.0	2231.473388671875
1995.0	2116.0	2194.454345703125
1989.0	2106.0	2211.818359375
1999.0	2105.0	2194.2548828125
1999.0	2104.0	2198.81201171875
2007.0	2095.0	2186.2568359375
2007.0	2080.0	2190.933349609375
2017.0	2078.0	2174.27490234375
2028.0	2068.0	2155.662353515625
2036.0	2068.0	2143.81396484375
2045.0	2051.0	2129.9365234375
2061.0	2038.0	2101.437255859375
2068.0	2043.0	2092.662353515625
2076.0	2027.0	2081.870361328125
2076.0	2028.0	2088.6162109375
2078.0	2015.0	2090.643310546875
2086.0	2003.0	2079.76806640625
2096.0	2001.0	2065.008056640625
2105.0	1988.0	2052.6513671875
2113.0	1984.0	2042.5303955078125
2124.0	1976.0	2025.9539794921875
2144.0	1966.0	1990.027099609375
2147.0	1964.0	1991.3531494140625
2153.0	1962.0	1986.244873046875
2154.0	1962.0	1992.143310546875
2162.0	1950.0	1982.933837890625
2172.0	1951.0	1969.4940185546875
2182.0	1937.0	1956.0919189453125
2192.0	1933.0	1943.1201171875
2203.0	1933.0	1927.9576416015625
2201.0	1921.0	1940.8983154296875
2213.0	1924.0	1923.0233154296875
2212.0	1924.0	1933.48291015625
2234.0	1912.0	1894.208740234375
2229.0	1913.0	1913.7181396484375
2241.0	1913.0	1896.5174560546875
2240.0	1911.0	1907.0740966796875
2249.0	1912.0	1895.8460693359375
2259.0	1897.0	1882.4444580078125
2272.0	1909.0	1862.8089599609375
2281.0	1899.0	1851.9683837890625
2278.0	1894.0	1867.1798095703125
2287.0	1899.0	1855.84716796875
2291.0	1901.0	1855.6138916015625
2298.0	1897.0	1848.833740234375
2299.0	1898.0	1854.8365478515625
2309.0	1900.0	1841.322021484375
2318.0	1897.0	1830.0374755859375
2318.0	1899.0	1838.1676025390625
2329.0	1897.0	1822.06689453125
2329.0	1901.0	1829.97412109375
2338.0	1898.0	1817.9791259765625
2333.0	1896.0	1836.4791259765625
2338.0	1898.0	1832.8936767578125
2347.0	1899.0	1820.6981201171875
2349.0	1899.0	1823.5189208984375
2358.0	1900.0	1811.1279296875
2358.0	1911.0	1818.093994140625
2367.0	1909.0	1805.341552734375
2370.0	1913.0	1805.7147216796875
2370.0	1924.0	1812.2564697265625
2376.0	1927.0	1805.4583740234375
2377.0	1928.0	1809.754150390625
2383.0	1925.0	1803.38818359375
2389.0	1936.0	1796.7503662109375
2390.0	1938.0	1800.6556396484375
2396.0	1940.0	1793.8372802734375
2397.0	1939.0	1797.6453857421875
2395.0	1951.0	1807.6646728515625
2394.0	1950.0	1815.2255859375
2396.0	1949.0	1815.9466552734375
2397.0	1968.0	1818.581787109375
2397.0	1965.0	1823.1336669921875
2396.0	1974.0	1829.568115234375
2409.0	1974.0	1805.3670654296875
2397.0	1988.0	1835.2576904296875
2392.0	1988.0	1849.6988525390625
2396.0	2003.0	1844.3797607421875
2385.0	2002.0	1871.2645263671875
2386.0	2015.0	1871.556396484375
2387.0	2016.0	1871.7088623046875
2376.0	2027.0	1897.184326171875
2375.0	2030.0	1900.7398681640625
2369.0	2044.0	1914.473388671875
2369.0	2054.0	1915.0789794921875
2365.0	2054.0	1924.34033203125
2360.0	2067.0	1935.6358642578125
2357.0	2078.0	1942.0963134765625
2348.0	2080.0	1961.350341796875
2347.0	2091.0	1962.7684326171875
2350.0	2095.0	1955.5450439453125
2338.0	2091.0	1980.3297119140625
2338.0	2100.0	1979.0677490234375
2330.0	2104.0	1994.7667236328125
2329.0	2116.0	1995.192138671875
2316.0	2130.0	2021.3629150390625
2320.0	2132.0	2010.45751953125
2307.0	2145.0	2036.5074462890625
2309.0	2145.0	2029.5350341796875
2298.0	2158.0	2050.81494140625
2299.0	2157.0	2045.5618896484375
2289.0	2170.0	2063.977294921875
2290.0	2167.0	2058.535400390625
2279.0	2184.0	2078.90283203125
2269.0	2182.0	2096.586669921875
2266.0	2195.0	2099.020751953125
2259.0	2195.0	2110.2587890625
2250.0	2209.0	2125.392333984375
2250.0	2210.0	2120.684814453125
2242.0	2224.0	2133.053955078125
2243.0	2222.0	2126.0703125
2232.0	2222.0	2144.859619140625
2220.0	2233.0	2165.495361328125
2222.0	2242.0	2155.8564453125
2210.0	2248.0	2176.672119140625
2202.0	2250.0	2188.33837890625
2190.0	2249.0	2208.46923828125
2190.0	2260.0	2202.394287109375
2193.0	2262.0	2190.11865234375
2183.0	2260.0	2205.89794921875
2171.0	2272.0	2225.724853515625
2164.0	2273.0	2234.250732421875
2152.0	2286.0	2253.5185546875
2144.0	2306.0	2264.0283203125
2132.0	2291.0	2282.989501953125
2123.0	2302.0	2295.36669921875
2116.0	2300.0	2302.98388671875
2115.0	2300.0	2297.533447265625
2115.0	2301.0	2290.3349609375
2108.0	2299.0	2298.126953125
2098.0	2312.0	2312.362060546875
2086.0	2313.0	2330.478271484375
2085.0	2311.0	2325.0927734375
2074.0	2312.0	2341.517333984375
2068.0	2329.0	2347.007568359375
2056.0	2329.0	2365.372802734375
2055.0	2323.0	2359.70849609375
2042.0	2326.0	2380.42041015625
2047.0	2326.0	2361.913330078125
2046.0	2329.0	2356.80126953125
2038.0	2325.0	2366.851318359375
2027.0	2324.0	2383.336669921875
2025.0	2326.0	2380.319580078125
2019.0	2326.0	2386.10546875
2009.0	2324.0	2400.541015625
2009.0	2319.0	2393.078369140625
2009.0	2319.0	2386.023681640625
1997.0	2328.0	2404.84521484375
2001.0	2327.0	2389.26220703125
1987.0	2326.0	2412.561767578125
1988.0	2313.0	2403.6279296875
1979.0	2314.0	2416.432861328125
1978.0	2313.0	2411.940185546875
1979.0	2314.0	2403.427734375
1969.0	2313.0	2419.08203125
1972.0	2300.0	2406.280029296875
1968.0	2302.0	2409.0615234375
1958.0	2296.0	2424.611083984375
1961.0	2303.0	2412.20263671875
1961.0	2303.0	2406.604736328125
1961.0	2287.0	2401.35888671875
1951.0	2289.0	2417.833740234375
1947.0	2275.0	2421.130615234375
1948.0	2273.0	2413.887939453125
1914.0	2260.0	2482.85498046875
1950.0	2261.0	2400.212646484375
1949.0	2259.0	2398.159423828125
1950.0	2246.0	2391.959228515625
1950.0	2250.0	2388.13330078125
1948.0	2250.0	2388.84619140625
1950.0	2235.0	2381.059326171875
1954.0	2238.0	2369.229248046875
1952.0	2221.0	2370.560302734375
1950.0	2224.0	2372.051025390625
1953.0	2210.0	2362.82421875
1949.0	2212.0	2368.923583984375
1949.0	2208.0	2366.468994140625
1949.0	2208.0	2364.237548828125
1952.0	2195.0	2355.63623046875
1948.0	2189.0	2362.265625
1951.0	2182.0	2353.833740234375
1949.0	2182.0	2356.380859375
1967.0	2172.0	2315.819580078125
1957.0	2171.0	2336.548583984375
1959.0	2169.0	2331.313232421875
1959.0	2143.0	2330.4521484375
1961.0	2146.0	2325.315185546875
1972.0	2145.0	2301.20458984375
1968.0	2130.0	2309.7900390625
1970.0	2132.0	2305.390380859375
1979.0	2135.0	2285.958251953125
1978.0	2114.0	2288.717529296875
1976.0	2117.0	2293.77197265625
2002.0	2106.0	2238.445068359375
1985.0	2105.0	2276.45361328125
1989.0	2103.0	2268.770263671875
1997.0	2094.0	2252.78369140625
1998.0	2092.0	2252.14794921875
2008.0	2080.0	2232.239990234375
2006.0	2080.0	2238.594482421875
2016.0	2080.0	2218.94384765625
2027.0	2070.0	2197.6025390625
2026.0	2065.0	2202.65771484375
2036.0	2054.0	2183.78564453125
2041.0	2055.0	2176.23974609375
2038.0	2054.0	2185.84130859375
2045.0	2040.0	2173.99755859375
2055.0	2041.0	2156.040283203125
2056.0	2029.0	2157.703125
2066.0	2015.0	2139.97314453125
2068.0	2015.0	2139.738037109375
2077.0	1998.0	2124.226806640625
2086.0	2003.0	2109.131591796875
2085.0	2000.0	2116.02490234375
2089.0	2003.0	2111.773193359375
2097.0	1988.0	2099.19970703125
2104.0	1988.0	2088.977783203125
2103.0	1988.0	2096.094970703125
2115.0	1991.0	2075.220458984375
2122.0	1977.0	2065.369140625
2135.0	1978.0	2042.72509765625
2133.0	1975.0	2052.88330078125
2133.0	1972.0	2058.34326171875
2153.0	1968.0	2020.645751953125
2153.0	1963.0	2026.75146484375
2166.0	1962.0	2004.82861328125
2174.0	1962.0	1994.0477294921875
2172.0	1964.0	2004.8509521484375
2182.0	1962.0	1989.4681396484375
2191.0	1965.0	1976.550537109375
2192.0	1963.0	1981.056884765625
2201.0	1964.0	1967.8321533203125
2199.0	1963.0	1978.8154296875
2203.0	1968.0	1976.389892578125
2211.0	1955.0	1965.4315185546875
2220.0	1953.0	1952.68212890625
2226.0	1938.0	1946.164306640625
2229.0	1949.0	1946.0963134765625
2234.0	1964.0	1941.6165771484375
2239.0	1962.0	1936.91015625
2239.0	1963.0	1943.22216796875
2250.0	1962.0	1925.452880859375
2251.0	1963.0	1929.595703125
2249.0	1964.0	1939.886962890625
2262.0	1958.0	1917.810791015625
2259.0	1955.0	1930.3328857421875
2269.0	1962.0	1914.70751953125
2281.0	1963.0	1895.0223388671875
2281.0	1963.0	1901.31689453125
2289.0	1954.0	1890.0052490234375
2291.0	1977.0	1891.9285888671875
2289.0	1975.0	1902.21240234375
2288.0	1974.0	1909.971923828125
2291.0	1976.0	1908.7373046875
2300.0	1976.0	1894.7236328125
2301.0	1995.0	1897.8944091796875
2297.0	1981.0	1911.618408203125
2310.0	1989.0	1888.51025390625
2311.0	1990.0	1891.529296875
2308.0	2002.0	1902.9200439453125
2309.0	2006.0	1905.41357421875
2318.0	2001.0	1890.745849609375
2317.0	2003.0	1897.570068359375
2318.0	2003.0	1899.8221435546875
2319.0	2013.0	1901.865478515625
2318.0	2026.0	1908.07421875
2316.0	2038.0	1916.1744384765625
2316.0	2046.0	1919.7352294921875
2328.0	2039.0	1897.264404296875
2328.0	2051.0	1901.1241455078125
2328.0	2054.0	1904.7706298828125
2327.0	2053.0	1910.37646484375
2328.0	2065.0	1911.4332275390625
2331.0	2065.0	1907.98388671875
2328.0	2068.0	1917.3782958984375
2330.0	2079.0	1915.8284912109375
2327.0	2078.0	1924.8243408203125
2328.0	2093.0	1925.0616455078125
2328.0	2096.0	1927.3453369140625
2328.0	2105.0	1929.474609375
2336.0	2106.0	1914.18603515625
2320.0	2106.0	1950.2142333984375
2317.0	2106.0	1957.9014892578125
2318.0	2120.0	1956.885986328125
2320.0	2119.0	1953.575927734375
2320.0	2132.0	1954.520751953125
2316.0	2130.0	1964.1826171875
2308.0	2149.0	1982.25146484375
2309.0	2144.0	1980.269775390625
2308.0	2143.0	1982.6015625
2304.0	2144.0	1991.4183349609375
2301.0	2158.0	1997.563720703125
2299.0	2156.0	2001.3760986328125
2300.0	2169.0	1998.767822265625
2290.0	2170.0	2019.5948486328125
2290.0	2182.0	2018.5751953125
2290.0	2183.0	2017.6015625
2280.0	2182.0	2038.387451171875
2279.0	2175.0	2039.045166015625
2279.0	2193.0	2037.6297607421875
2281.0	2197.0	2031.8985595703125
2279.0	2211.0	2034.375
2263.0	2211.0	2066.78125
2260.0	2209.0	2070.890869140625
2250.0	2223.0	2090.096435546875
2250.0	2223.0	2087.258056640625
2240.0	2223.0	2106.130859375
2241.0	2234.0	2100.8603515625
2242.0	2235.0	2095.722900390625
2231.0	2232.0	2116.181640625
2229.0	2237.0	2117.213134765625
2233.0	2237.0	2105.393798828125
2223.0	2246.0	2123.8359375
2213.0	2250.0	2141.81103515625
2210.0	2250.0	2144.429931640625
2203.0	2249.0	2155.87646484375
2201.0	2250.0	2156.140869140625
2192.0	2248.0	2171.732666015625
2190.0	2247.0	2171.721923828125
2192.0	2261.0	2163.37890625
2183.0	2265.0	2178.57666015625
2182.0	2258.0	2176.504150390625
2170.0	2260.0	2198.052001953125
2163.0	2264.0	2208.489990234375
2162.0	2261.0	2205.849853515625
2154.0	2273.0	2218.60693359375
2154.0	2274.0	2213.639892578125
2144.0	2273.0	2230.575439453125
2145.0	2274.0	2223.332763671875
2135.0	2274.0	2239.669677734375
2125.0	2271.0	2255.85205078125
2122.0	2281.0	2256.88232421875
2116.0	2275.0	2264.256591796875
2112.0	2273.0	2267.370849609375
2105.0	2273.0	2277.121826171875
2106.0	2274.0	2269.376953125
2107.0	2273.0	2261.9560546875
2094.0	2275.0	2284.558837890625
2095.0	2276.0	2277.021484375
2086.0	2273.0	2290.954345703125
2085.0	2274.0	2287.742431640625
2076.0	2275.0	2301.833251953125
2074.0	2276.0	2300.693603515625
2066.0	2263.0	2312.59814453125
2065.0	2261.0	2309.25732421875
2056.0	2262.0	2323.4716796875
2054.0	2260.0	2322.292724609375
2055.0	2260.0	2314.862548828125
2060.0	2260.0	2299.081787109375
2054.0	2261.0	2307.37646484375
2047.0	2247.0	2317.640380859375
2044.0	2248.0	2319.2578125
2041.0	2249.0	2321.041259765625
2037.0	2246.0	2324.79150390625
2038.0	2244.0	2317.93359375
2029.0	2233.0	2332.9619140625
2023.0	2234.0	2341.12451171875
2027.0	2235.0	2327.83642578125
2025.0	2236.0	2327.857177734375
2026.0	2235.0	2321.5966796875
2017.0	2222.0	2336.805419921875
2018.0	2221.0	2330.360595703125
2017.0	2210.0	2328.47216796875
2017.0	2210.0	2324.703857421875
2018.0	2208.0	2318.9404296875
2020.0	2204.0	2311.18798828125
2020.0	2208.0	2307.9453125
2007.0	2193.0	2332.538818359375
2011.0	2200.0	2320.335205078125
2008.0	2195.0	2323.60205078125
2007.0	2184.0	2322.647705078125
2007.0	2181.0	2319.64208984375
2010.0	2185.0	2310.303955078125
2010.0	2171.0	2307.637939453125
2008.0	2173.0	2309.510009765625
2008.0	2169.0	2307.123046875
2008.0	2167.0	2304.8935546875
2008.0	2154.0	2302.79833984375
2008.0	2163.0	2300.756591796875
2004.0	2146.0	2307.552734375
2011.0	2144.0	2290.599365234375
2006.0	2141.0	2299.736328125
2010.0	2133.0	2289.41552734375
2019.0	2132.0	2268.486328125
2017.0	2131.0	2272.094970703125
2017.0	2130.0	2271.375732421875
2015.0	2131.0	2275.066162109375
2018.0	2112.0	2267.966796875
2017.0	2122.0	2269.5947265625
2018.0	2119.0	2266.872314453125
2016.0	2106.0	2270.716796875
2042.0	2105.0	2213.863525390625
2027.0	2107.0	2246.580078125
2028.0	2093.0	2244.584228515625
2028.0	2092.0	2244.751708984375
2040.0	2092.0	2219.44482421875
2037.0	2091.0	2226.71044921875
2036.0	2092.0	2229.549560546875
