2133.0	2107.0	2588.271484375
2131.0	2106.0	2593.94677734375
2132.0	2106.0	2591.99755859375
2132.0	2104.0	2592.500732421875
2136.0	2103.0	2582.830322265625
2133.0	2104.0	2590.946044921875
2134.0	2103.0	2588.8603515625
2143.0	2101.0	2566.82421875
2144.0	2104.0	2565.7109375
2143.0	2105.0	2569.70166015625
2142.0	2105.0	2573.637939453125
2142.0	2105.0	2574.862060546875
2144.0	2103.0	2570.981201171875
2137.0	2105.0	2589.858642578125
2143.0	2106.0	2575.63720703125
2157.0	2105.0	2541.027099609375
2145.0	2106.0	2572.5029296875
2145.0	2108.0	2573.44775390625
2142.0	2105.0	2581.907470703125
2142.0	2105.0	2582.727783203125
2145.0	2105.0	2575.812744140625
2144.0	2105.0	2579.11279296875
2144.0	2105.0	2579.8671875
2131.0	2106.0	2612.7412109375
2133.0	2115.0	2607.19384765625
2132.0	2117.0	2609.370849609375
2132.0	2118.0	2609.033935546875
2134.0	2123.0	2603.59375
2133.0	2120.0	2605.86572265625
2131.0	2122.0	2610.61572265625
2134.0	2120.0	2602.68408203125
2133.0	2118.0	2604.8447265625
2134.0	2120.0	2602.0517578125
2148.0	2117.0	2566.205322265625
2132.0	2117.0	2606.5986328125
2134.0	2116.0	2601.39013671875
2134.0	2117.0	2601.197998046875
2132.0	2118.0	2606.01953125
2133.0	2120.0	2603.307861328125
2133.0	2106.0	2603.14501953125
2132.0	2104.0	2605.468994140625
2135.0	2105.0	2597.628173828125
2133.0	2107.0	2602.632568359375
2134.0	2106.0	2599.86376953125
2136.0	2103.0	2594.6748046875
2130.0	2105.0	2609.761474609375
2132.0	2105.0	2604.478271484375
2132.0	2106.0	2604.32568359375
2134.0	2105.0	2599.13134765625
2130.0	2105.0	2609.29296875
2132.0	2106.0	2604.174072265625
2132.0	2111.0	2604.196044921875
2133.0	2109.0	2601.672119140625
2132.0	2104.0	2604.099609375
2133.0	2102.0	2601.454345703125
2132.0	2105.0	2603.942138671875
2132.0	2103.0	2603.8955078125
2133.0	2106.0	2601.351318359375
2133.0	2106.0	2601.38330078125
2133.0	2105.0	2601.351318359375
2127.0	2103.0	2616.5146484375
2133.0	2104.0	2601.072021484375
2133.0	2102.0	2600.99072265625
2133.0	2105.0	2600.90234375
2132.0	2106.0	2603.43994140625
2133.0	2106.0	2600.7587890625
2133.0	2106.0	2600.697265625
2137.0	2106.0	2590.487060546875
2145.0	2105.0	2570.1787109375
2130.0	2104.0	2608.375732421875
2127.0	2104.0	2616.0849609375
2132.0	2105.0	2603.31201171875
2133.0	2107.0	2600.743408203125
2133.0	2110.0	2600.80029296875
2134.0	2101.0	2598.189697265625
2135.0	2110.0	2595.63134765625
2135.0	2107.0	2595.606689453125
2133.0	2101.0	2600.7822265625
2134.0	2119.0	2598.291015625
2132.0	2104.0	2603.397216796875
2133.0	2104.0	2600.9462890625
2133.0	2104.0	2600.880126953125
2133.0	2105.0	2600.825927734375
2134.0	2106.0	2598.20556640625
2133.0	2118.0	2600.626220703125
2133.0	2120.0	2600.75048828125
2133.0	2119.0	2600.66943359375
2132.0	2117.0	2603.19873046875
2140.0	2120.0	2582.78564453125
2134.0	2119.0	2598.021728515625
2142.0	2120.0	2577.684326171875
2136.0	2117.0	2593.050537109375
2132.0	2116.0	2603.2578125
2134.0	2117.0	2598.1884765625
2133.0	2119.0	2600.796142578125
2133.0	2120.0	2600.81103515625
2133.0	2120.0	2600.7734375
2142.0	2121.0	2578.737060546875
2143.0	2116.0	2577.234619140625
2142.0	2120.0	2580.817138671875
2143.0	2119.0	2579.190185546875
2143.0	2117.0	2580.0986328125
2142.0	2116.0	2583.569091796875
2143.0	2118.0	2581.86962890625
2143.0	2117.0	2582.74560546875
2150.0	2118.0	2565.740234375
2143.0	2119.0	2584.259765625
2144.0	2120.0	2582.379638671875
2144.0	2118.0	2583.0771484375
2153.0	2118.0	2561.100341796875
2153.0	2118.0	2562.638427734375
2155.0	2115.0	2559.07958984375
2153.0	2116.0	2565.54443359375
2152.0	2117.0	2569.3759765625
2153.0	2118.0	2568.049072265625
2153.0	2117.0	2569.144775390625
2154.0	2117.0	2567.758544921875
2158.0	2119.0	2558.57177734375
2146.0	2118.0	2590.102783203125
2151.0	2119.0	2578.3564453125
2153.0	2119.0	2574.162841796875
2153.0	2118.0	2575.093994140625
2152.0	2121.0	2578.468017578125
2154.0	2115.0	2574.159912109375
2154.0	2124.0	2574.857421875
2152.0	2121.0	2580.5869140625
2152.0	2134.0	2581.12255859375
2152.0	2123.0	2581.691650390625
2153.0	2117.0	2579.7197265625
2153.0	2120.0	2580.2353515625
2152.0	2117.0	2583.219482421875
2152.0	2118.0	2583.705322265625
2153.0	2119.0	2581.61181640625
2151.0	2130.0	2587.117919921875
2151.0	2129.0	2587.5263671875
2152.0	2131.0	2585.375244140625
2153.0	2130.0	2583.1005859375
2153.0	2134.0	2583.5615234375
2151.0	2134.0	2588.958251953125
2153.0	2132.0	2584.1298828125
2152.0	2132.0	2586.946533203125
2150.0	2129.0	2592.302734375
2150.0	2130.0	2592.531005859375
2153.0	2128.0	2585.14697265625
2148.0	2132.0	2598.144775390625
2151.0	2132.0	2590.7978515625
2154.0	2129.0	2583.352783203125
2151.0	2131.0	2591.145751953125
2152.0	2131.0	2588.697021484375
2152.0	2144.0	2588.792236328125
2151.0	2144.0	2591.533447265625
2154.0	2146.0	2584.07275390625
2152.0	2144.0	2589.298828125
2152.0	2149.0	2589.317138671875
2154.0	2143.0	2584.388427734375
2152.0	2144.0	2589.542724609375
2153.0	2149.0	2587.0537109375
2152.0	2149.0	2589.742431640625
2152.0	2143.0	2589.905517578125
2156.0	2144.0	2579.846435546875
2153.0	2144.0	2587.669677734375
2152.0	2142.0	2590.379638671875
2154.0	2146.0	2585.43896484375
2153.0	2144.0	2588.18212890625
2151.0	2146.0	2593.4033203125
2150.0	2157.0	2596.0146484375
2153.0	2158.0	2588.593017578125
2141.0	2157.0	2618.860107421875
2144.0	2157.0	2610.36279296875
2143.0	2159.0	2612.00634765625
2142.0	2158.0	2613.70068359375
2142.0	2158.0	2612.86865234375
2145.0	2158.0	2604.439208984375
2142.0	2158.0	2611.319580078125
2142.0	2169.0	2610.62060546875
2146.0	2169.0	2599.7353515625
2157.0	2169.0	2571.163818359375
2146.0	2170.0	2598.689453125
2141.0	2169.0	2610.83935546875
2144.0	2170.0	2602.666015625
2143.0	2172.0	2604.681884765625
2143.0	2171.0	2604.311767578125
2143.0	2170.0	2603.848388671875
2141.0	2175.0	2608.565673828125
2152.0	2175.0	2580.663330078125
2152.0	2170.0	2581.233154296875
2152.0	2177.0	2581.751220703125
2151.0	2171.0	2584.794189453125
2152.0	2169.0	2582.7734375
2151.0	2168.0	2585.79296875
2151.0	2169.0	2586.1943359375
2154.0	2171.0	2578.942626953125
2152.0	2168.0	2584.4677734375
2150.0	2168.0	2589.984619140625
2153.0	2172.0	2582.621826171875
2153.0	2172.0	2582.937255859375
2153.0	2168.0	2583.360107421875
2162.0	2170.0	2561.220703125
2162.0	2171.0	2562.583740234375
2164.0	2171.0	2558.75
2164.0	2170.0	2559.8935546875
2162.0	2171.0	2566.093994140625
2162.0	2171.0	2567.11083984375
2162.0	2171.0	2568.033447265625
2165.0	2173.0	2561.394775390625
2161.0	2169.0	2572.503173828125
2165.0	2167.0	2563.17041015625
2165.0	2170.0	2563.967041015625
2178.0	2168.0	2531.841552734375
2170.0	2170.0	2553.925537109375
2170.0	2170.0	2555.5390625
2171.0	2170.0	2554.567138671875
2171.0	2171.0	2555.992919921875
2172.0	2170.0	2554.774658203125
2171.0	2168.0	2558.6279296875
2167.0	2184.0	2569.995849609375
2174.0	2180.0	2553.249755859375
2172.0	2183.0	2559.505859375
2172.0	2179.0	2560.554931640625
2171.0	2181.0	2564.10693359375
2172.0	2177.0	2562.525634765625
2183.0	2182.0	2536.285400390625
2180.0	2187.0	2545.79345703125
2184.0	2195.0	2537.384033203125
2182.0	2184.0	2544.1240234375
2182.0	2183.0	2545.65234375
2182.0	2184.0	2547.080078125
2183.0	2183.0	2545.83837890625
2183.0	2183.0	2547.060546875
2183.0	2184.0	2548.313720703125
2182.0	2182.0	2552.109130859375
2193.0	2183.0	2526.01708984375
2190.0	2183.0	2535.59521484375
2191.0	2183.0	2534.9150390625
2191.0	2181.0	2536.681884765625
2192.0	2182.0	2535.830078125
2191.0	2181.0	2539.950927734375
2190.0	2181.0	2543.99951171875
2191.0	2182.0	2542.924072265625
2194.0	2184.0	2536.596923828125
2194.0	2182.0	2537.816650390625
2191.0	2181.0	2546.6708984375
2193.0	2183.0	2542.7353515625
2199.0	2168.0	2528.560302734375
2206.0	2170.0	2511.76708984375
2190.0	2170.0	2553.488525390625
2193.0	2168.0	2546.763427734375
2191.0	2170.0	2552.718017578125
2190.0	2170.0	2556.02734375
2190.0	2171.0	2556.7109375
2190.0	2172.0	2557.339599609375
2191.0	2167.0	2555.385009765625
2191.0	2174.0	2556.040771484375
2191.0	2169.0	2556.599365234375
2191.0	2175.0	2557.125732421875
2190.0	2164.0	2560.1982421875
2190.0	2166.0	2560.598388671875
2190.0	2177.0	2560.9853515625
2191.0	2171.0	2558.865478515625
2190.0	2169.0	2561.798095703125
2193.0	2169.0	2554.59375
2191.0	2168.0	2560.043212890625
2191.0	2170.0	2560.283447265625
2190.0	2171.0	2563.119140625
2191.0	2169.0	2560.849609375
2191.0	2170.0	2561.10546875
2191.0	2170.0	2561.376220703125
2193.0	2169.0	2556.494384765625
2191.0	2171.0	2561.776611328125
2192.0	2171.0	2559.343017578125
2190.0	2170.0	2564.60009765625
2190.0	2172.0	2564.760986328125
2192.0	2168.0	2559.8330078125
2191.0	2171.0	2562.4580078125
2192.0	2171.0	2559.9443359375
2182.0	2170.0	2585.3994140625
2179.0	2169.0	2592.121337890625
2182.0	2169.0	2583.703369140625
2186.0	2172.0	2572.75
2195.0	2170.0	2549.098388671875
2181.0	2173.0	2583.9287109375
2180.0	2172.0	2585.74365234375
2182.0	2172.0	2579.904052734375
2181.0	2171.0	2581.82080078125
2183.0	2170.0	2576.1533203125
2184.0	2182.0	2573.055419921875
2181.0	2186.0	2580.169677734375
2181.0	2181.0	2579.549072265625
2182.0	2185.0	2576.5751953125
2181.0	2183.0	2578.655029296875
2173.0	2176.0	2597.830810546875
2173.0	2194.0	2596.3505859375
2175.0	2180.0	2589.77880859375
2172.0	2199.0	2596.098388671875
2172.0	2180.0	2594.874755859375
2172.0	2182.0	2593.696533203125
2171.0	2183.0	2595.22705078125
2171.0	2183.0	2594.199951171875
2173.0	2182.0	2587.998046875
2171.0	2184.0	2592.08056640625
2174.0	2183.0	2583.585693359375
2173.0	2184.0	2585.3134765625
2171.0	2184.0	2589.471923828125
2171.0	2183.0	2588.659912109375
2171.0	2181.0	2587.9453125
2171.0	2183.0	2587.259765625
2169.0	2184.0	2591.4892578125
2173.0	2183.0	2580.681884765625
2171.0	2181.0	2585.082275390625
2172.0	2181.0	2581.863525390625
2172.0	2184.0	2581.2578125
2165.0	2182.0	2598.1142578125
2162.0	2183.0	2604.25146484375
2163.0	2184.0	2600.250732421875
2161.0	2183.0	2603.95849609375
2161.0	2183.0	2602.720703125
2163.0	2183.0	2596.396484375
2164.0	2184.0	2592.64892578125
2161.0	2181.0	2599.22216796875
2162.0	2185.0	2595.552490234375
2163.0	2184.0	2592.05615234375
2163.0	2187.0	2591.138427734375
2162.0	2184.0	2592.748779296875
2162.0	2187.0	2591.943603515625
2162.0	2183.0	2591.19482421875
2162.0	2181.0	2590.341796875
2162.0	2196.0	2589.677978515625
2163.0	2187.0	2586.461669921875
2161.0	2184.0	2590.968505859375
2163.0	2182.0	2585.323486328125
2162.0	2171.0	2587.236572265625
2163.0	2170.0	2584.23828125
2162.0	2172.0	2586.201171875
2163.0	2168.0	2583.218505859375
2162.0	2169.0	2585.451416015625
2162.0	2171.0	2584.970703125
2164.0	2171.0	2579.4482421875
2162.0	2169.0	2584.253662109375
2162.0	2172.0	2583.9228515625
2172.0	2171.0	2558.488037109375
2173.0	2170.0	2556.564208984375
2171.0	2171.0	2562.166748046875
2172.0	2170.0	2560.15673828125
2171.0	2173.0	2563.18359375
2172.0	2171.0	2561.06494140625
2174.0	2168.0	2556.47021484375
2178.0	2170.0	2546.743896484375
2175.0	2172.0	2554.818115234375
2173.0	2172.0	2560.270751953125
2168.0	2168.0	2573.42431640625
2171.0	2169.0	2566.072998046875
2171.0	2171.0	2566.442138671875
2171.0	2170.0	2566.78759765625
2175.0	2172.0	2556.8671875
2171.0	2170.0	2567.321044921875
2173.0	2170.0	2562.382080078125
2174.0	2174.0	2560.0087890625
2172.0	2169.0	2565.314453125
2171.0	2177.0	2567.959716796875
2182.0	2174.0	2540.514404296875
2181.0	2177.0	2544.198486328125
2181.0	2169.0	2545.390625
2181.0	2174.0	2546.35693359375
2184.0	2167.0	2539.8369140625
2181.0	2184.0	2548.470947265625
2181.0	2184.0	2549.336669921875
2183.0	2180.0	2545.19140625
2181.0	2183.0	2551.0498046875
2181.0	2184.0	2551.71630859375
2183.0	2184.0	2547.37255859375
2181.0	2186.0	2553.203857421875
2181.0	2184.0	2553.861083984375
2180.0	2185.0	2556.98486328125
2183.0	2187.0	2549.974365234375
2181.0	2184.0	2555.545654296875
2181.0	2185.0	2556.0595703125
2181.0	2185.0	2556.556640625
2181.0	2183.0	2557.08056640625
2182.0	2182.0	2554.774658203125
2181.0	2183.0	2557.784423828125
2182.0	2184.0	2555.54150390625
2180.0	2183.0	2560.911376953125
2183.0	2182.0	2553.615966796875
2188.0	2182.0	2541.17822265625
2183.0	2182.0	2554.193359375
2184.0	2182.0	2551.94287109375
2180.0	2184.0	2562.2978515625
2183.0	2183.0	2554.95947265625
2181.0	2182.0	2560.314453125
2183.0	2183.0	2555.4306640625
2181.0	2186.0	2560.6904296875
2181.0	2185.0	2560.798583984375
2182.0	2186.0	2558.3671875
2183.0	2182.0	2555.9111328125
2181.0	2189.0	2561.12060546875
2181.0	2180.0	2561.25732421875
2182.0	2183.0	2558.78466796875
2181.0	2181.0	2561.446044921875
2182.0	2170.0	2558.90966796875
2182.0	2176.0	2558.966552734375
2178.0	2170.0	2569.093994140625
2180.0	2179.0	2563.988037109375
2170.0	2166.0	2588.8310546875
2173.0	2169.0	2580.203125
2176.0	2169.0	2571.698974609375
2173.0	2171.0	2578.48291015625
2171.0	2171.0	2582.66455078125
2174.0	2167.0	2574.288818359375
2172.0	2169.0	2578.62939453125
2171.0	2171.0	2580.486572265625
2173.0	2168.0	2574.775390625
2172.0	2171.0	2576.649658203125
2172.0	2170.0	2576.015625
2173.0	2170.0	2572.831787109375
2173.0	2170.0	2572.27734375
2171.0	2171.0	2576.695556640625
2171.0	2170.0	2576.110595703125
2171.0	2172.0	2575.5556640625
2175.0	2172.0	2564.86669921875
2173.0	2170.0	2569.498046875
2174.0	2172.0	2566.495849609375
2175.0	2170.0	2563.561279296875
2167.0	2174.0	2582.90625
2171.0	2171.0	2571.3603515625
2162.0	2171.0	2593.1103515625
2160.0	2171.0	2596.90380859375
2163.0	2171.0	2588.138427734375
2163.0	2172.0	2587.192626953125
2164.0	2170.0	2583.635986328125
2164.0	2169.0	2582.65478515625
2161.0	2172.0	2589.3330078125
2162.0	2170.0	2585.954345703125
2160.0	2167.0	2590.28271484375
2162.0	2174.0	2584.32177734375
2162.0	2164.0	2583.491943359375
2161.0	2169.0	2585.4169921875
2164.0	2165.0	2577.06640625
2162.0	2167.0	2581.497802734375
2162.0	2164.0	2580.83056640625
2162.0	2171.0	2580.31201171875
2164.0	2169.0	2574.649658203125
2153.0	2171.0	2601.1982421875
2152.0	2170.0	2602.117919921875
2154.0	2170.0	2595.60791015625
2154.0	2173.0	2594.272705078125
2147.0	2171.0	2610.74951171875
2152.0	2168.0	2596.8212890625
2153.0	2172.0	2592.944580078125
2151.0	2171.0	2596.929443359375
2154.0	2171.0	2588.233154296875
2150.0	2171.0	2597.4296875
2152.0	2170.0	2591.4580078125
2153.0	2169.0	2588.02197265625
2153.0	2169.0	2587.26171875
2150.0	2169.0	2594.037109375
2152.0	2170.0	2588.17822265625
2155.0	2168.0	2579.857421875
2152.0	2169.0	2586.745361328125
2155.0	2171.0	2578.37646484375
2152.0	2169.0	2585.395263671875
2155.0	2167.0	2577.0947265625
2157.0	2170.0	2571.423095703125
2152.0	2173.0	2583.646484375
2158.0	2170.0	2567.924560546875
2153.0	2171.0	2580.27294921875
2154.0	2171.0	2577.36865234375
2149.0	2171.0	2589.618896484375
2152.0	2171.0	2581.569091796875
2153.0	2170.0	2578.640625
2151.0	2171.0	2583.344482421875
2153.0	2172.0	2577.93310546875
2153.0	2170.0	2577.67041015625
2151.0	2170.0	2582.38623046875
2152.0	2169.0	2579.527099609375
2153.0	2173.0	2576.753173828125
2155.0	2170.0	2571.423583984375
2151.0	2169.0	2581.265869140625
2153.0	2174.0	2575.97119140625
2153.0	2171.0	2575.8134765625
2150.0	2176.0	2583.288818359375
2152.0	2171.0	2577.94482421875
2152.0	2178.0	2577.712158203125
2152.0	2185.0	2577.56298828125
2151.0	2169.0	2579.8798828125
2152.0	2164.0	2577.035888671875
2154.0	2169.0	2571.745849609375
2154.0	2157.0	2571.614501953125
2153.0	2168.0	2573.976318359375
2152.0	2169.0	2576.370849609375
2153.0	2169.0	2573.699462890625
2151.0	2170.0	2578.657958984375
2152.0	2169.0	2575.947509765625
2149.0	2170.0	2583.3544921875
2152.0	2171.0	2575.575927734375
2153.0	2171.0	2572.958984375
2154.0	2171.0	2570.326416015625
2154.0	2171.0	2570.273193359375
2151.0	2171.0	2577.779541015625
2151.0	2170.0	2577.713623046875
2151.0	2170.0	2577.635009765625
2151.0	2168.0	2577.518798828125
2152.0	2172.0	2574.876220703125
2164.0	2170.0	2544.42041015625
2162.0	2168.0	2550.540771484375
2162.0	2170.0	2551.518798828125
2165.0	2168.0	2544.7783203125
2162.0	2173.0	2553.231201171875
2162.0	2170.0	2553.977294921875
2161.0	2171.0	2557.2626953125
2161.0	2172.0	2557.9462890625
2162.0	2169.0	2556.081787109375
2161.0	2170.0	2559.2802734375
2164.0	2170.0	2552.262451171875
2164.0	2172.0	2552.827392578125
2163.0	2171.0	2555.916259765625
2163.0	2170.0	2556.41943359375
2166.0	2170.0	2549.286865234375
2162.0	2171.0	2559.9111328125
2163.0	2172.0	2557.839111328125
2163.0	2169.0	2558.2236328125
2161.0	2171.0	2563.69677734375
2161.0	2171.0	2564.01416015625
2161.0	2170.0	2564.35205078125
2162.0	2170.0	2562.116943359375
2162.0	2169.0	2562.556884765625
2166.0	2169.0	2552.6630859375
2162.0	2172.0	2563.06494140625
2163.0	2170.0	2560.814453125
2163.0	2171.0	2561.066162109375
2162.0	2168.0	2563.7685546875
2161.0	2171.0	2566.42822265625
2163.0	2175.0	2561.520263671875
2164.0	2170.0	2559.17919921875
2162.0	2156.0	2564.423095703125
2164.0	2156.0	2559.52099609375
2163.0	2158.0	2562.20263671875
2162.0	2157.0	2564.899169921875
2162.0	2158.0	2564.95556640625
2163.0	2155.0	2562.468994140625
2163.0	2164.0	2562.498779296875
2164.0	2161.0	2559.989990234375
2161.0	2171.0	2567.690185546875
2162.0	2158.0	2565.223876953125
2164.0	2154.0	2560.246337890625
2163.0	2159.0	2562.854248046875
2164.0	2150.0	2560.332275390625
2163.0	2158.0	2562.978515625
2162.0	2156.0	2565.601318359375
2165.0	2156.0	2558.0498046875
2161.0	2155.0	2568.34033203125
2164.0	2158.0	2560.74462890625
2161.0	2155.0	2568.409423828125
2166.0	2156.0	2555.685546875
2164.0	2160.0	2560.7431640625
2164.0	2157.0	2560.78369140625
2162.0	2156.0	2566.0068359375
2162.0	2158.0	2565.994873046875
2162.0	2170.0	2566.0751953125
2162.0	2170.0	2566.09228515625
2162.0	2171.0	2566.166748046875
2161.0	2171.0	2568.623779296875
2164.0	2169.0	2561.094482421875
2162.0	2170.0	2566.217529296875
2162.0	2170.0	2566.1318359375
2162.0	2171.0	2566.192626953125
2164.0	2171.0	2561.217529296875
2162.0	2171.0	2566.311279296875
2162.0	2168.0	2566.29345703125
2161.0	2171.0	2568.795654296875
2162.0	2169.0	2566.26611328125
2165.0	2156.0	2558.55029296875
2163.0	2155.0	2563.5791015625
2165.0	2156.0	2558.465087890625
2153.0	2156.0	2588.0810546875
2152.0	2144.0	2589.585205078125
2159.0	2144.0	2570.6689453125
2141.0	2146.0	2614.790771484375
2146.0	2129.0	2600.21875
2143.0	2130.0	2605.984375
2121.0	2120.0	2659.190185546875
2120.0	2117.0	2658.01513671875
2103.0	2106.0	2696.958251953125
2103.0	2105.0	2691.6455078125
2087.0	2106.0	2725.78173828125
2076.0	2092.0	2746.4072265625
2057.0	2092.0	2786.4111328125
2044.0	2079.0	2810.19970703125
2036.0	2066.0	2820.465576171875
2026.0	2055.0	2835.626708984375
2015.0	2060.0	2852.796875
2017.0	2051.0	2836.627197265625
2006.0	2047.0	2853.379638671875
2007.0	2041.0	2839.9189453125
2008.0	2024.0	2827.06396484375
1998.0	2013.0	2842.14794921875
1999.0	2011.0	2829.4658203125
2000.0	1999.0	2817.317138671875
1998.0	2000.0	2813.314208984375
2009.0	1986.0	2776.954345703125
2005.0	1989.0	2780.056640625
2008.0	1989.0	2765.647216796875
2005.0	1988.0	2766.89306640625
2007.0	1988.0	2755.807373046875
2017.0	1975.0	2725.673583984375
2018.0	1975.0	2718.723876953125
2017.0	1978.0	2717.1025390625
2028.0	1977.0	2685.4814453125
2028.0	1976.0	2682.82763671875
2026.0	1975.0	2685.48193359375
2027.0	1974.0	2680.686279296875
2025.0	1974.0	2683.5234375
2028.0	1976.0	2673.862060546875
2036.0	1976.0	2652.400390625
2039.0	1976.0	2643.942626953125
2033.0	1975.0	2658.588623046875
2036.0	1975.0	2650.253173828125
2038.0	1979.0	2644.50244140625
2039.0	1975.0	2641.3193359375
2039.0	1975.0	2640.816162109375
2043.0	1974.0	2630.1865234375
2040.0	1975.0	2637.437744140625
2030.0	1975.0	2662.453857421875
2024.0	1976.0	2676.53759765625
2026.0	1975.0	2670.0576171875
2016.0	1976.0	2693.552490234375
2017.0	1974.0	2688.854736328125
2008.0	1974.0	2709.45361328125
2006.0	1974.0	2711.524658203125
2007.0	1977.0	2706.192138671875
2008.0	1960.0	2700.99365234375
2007.0	1961.0	2700.99560546875
2008.0	1966.0	2696.08642578125
2007.0	1960.0	2696.369873046875
1999.0	1964.0	2714.2119140625
1997.0	1969.0	2716.3525390625
1998.0	1963.0	2711.080322265625
1999.0	1965.0	2705.947021484375
1999.0	1961.0	2703.51123046875
1997.0	1962.0	2706.31494140625
1998.0	1961.0	2701.64990234375
2000.0	1962.0	2694.59228515625
1998.0	1960.0	2697.79345703125
2001.0	1961.0	2688.405517578125
1998.0	1962.0	2694.341552734375
1998.0	1964.0	2692.790771484375
2000.0	1964.0	2686.15869140625
1998.0	1966.0	2689.814453125
1997.0	1964.0	2691.07666015625
2000.0	1963.0	2682.330810546875
2007.0	1962.0	2664.216796875
2007.0	1962.0	2664.16796875
2009.0	1962.0	2658.955078125
2008.0	1964.0	2661.53076171875
2005.0	1964.0	2669.070556640625
2007.0	1962.0	2663.994384765625
2008.0	1963.0	2661.470458984375
2007.0	1962.0	2664.101318359375
2005.0	1964.0	2669.11376953125
2007.0	1964.0	2664.10986328125
2008.0	1965.0	2661.675048828125
2005.0	1975.0	2669.365966796875
2009.0	1976.0	2659.284912109375
2010.0	1974.0	2656.8115234375
2011.0	1976.0	2654.358642578125
2005.0	1975.0	2669.739013671875
2004.0	1975.0	2672.42333984375
2007.0	1974.0	2664.900390625
1997.0	1975.0	2690.38232421875
1999.0	1974.0	2684.462890625
1997.0	1974.0	2688.816650390625
1995.0	1977.0	2693.274169921875
2001.0	1976.0	2677.261962890625
1998.0	1975.0	2684.3466796875
2000.0	1975.0	2678.738037109375
1999.0	1988.0	2680.818603515625
2007.0	1985.0	2660.159912109375
2007.0	1989.0	2660.729736328125
2005.0	1988.0	2666.365966796875
2007.0	1987.0	2661.68115234375
2007.0	1991.0	2662.24658203125
2000.0	1992.0	2679.978515625
1998.0	1996.0	2684.66796875
1998.0	1987.0	2684.3349609375
1997.0	1995.0	2686.6103515625
1987.0	1989.0	2711.3916015625
1987.0	1989.0	2709.9892578125
1988.0	1989.0	2706.16162109375
1989.0	1987.0	2702.411865234375
1989.0	1990.0	2701.298583984375
1989.0	1988.0	2700.301025390625
1990.0	1989.0	2696.76708984375
1979.0	1986.0	2723.494873046875
1980.0	1990.0	2719.148193359375
1980.0	1990.0	2717.419677734375
1978.0	1989.0	2720.918701171875
1979.0	1988.0	2716.891845703125
1982.0	1987.0	2707.908447265625
1979.0	1988.0	2714.3056640625
1981.0	1987.0	2707.95166015625
1981.0	1987.0	2706.811279296875
1970.0	1987.0	2732.976318359375
1966.0	1989.0	2741.1455078125
1968.0	1989.0	2734.27880859375
1969.0	1991.0	2729.960205078125
1967.0	1988.0	2733.47265625
1968.0	1989.0	2729.347412109375
1973.0	1990.0	2715.201416015625
1967.0	1989.0	2729.103271484375
1971.0	1990.0	2717.6455078125
1967.0	1988.0	2726.679931640625
1967.0	1987.0	2725.563232421875
1968.0	2002.0	2722.035888671875
1967.0	2003.0	2723.713623046875
1969.0	2004.0	2717.791748046875
1967.0	2005.0	2722.12158203125
1967.0	2001.0	2721.4150390625
1969.0	2003.0	2715.60400390625
1979.0	1997.0	2690.426025390625
1978.0	2005.0	2693.42431640625
1979.0	1998.0	2691.4619140625
1979.0	2001.0	2691.95654296875
1978.0	2000.0	2695.038818359375
1979.0	2004.0	2693.023681640625
1979.0	2002.0	2693.506103515625
1978.0	2008.0	2696.52001953125
1979.0	1993.0	2694.44580078125
1977.0	2000.0	2700.038330078125
1978.0	2001.0	2697.89501953125
1978.0	2002.0	2698.29833984375
1979.0	2002.0	2696.181396484375
1979.0	1999.0	2696.703125
1982.0	2003.0	2689.5078125
1981.0	2004.0	2692.450927734375
1987.0	2003.0	2677.6845703125
1988.0	2004.0	2676.508544921875
1987.0	2001.0	2680.462890625
1991.0	2001.0	2671.5166015625
1998.0	2002.0	2655.529541015625
1999.0	2001.0	2655.31494140625
2000.0	2004.0	2655.035888671875
2007.0	2001.0	2639.62353515625
2006.0	2003.0	2645.1083984375
2006.0	2003.0	2647.894775390625
2007.0	2001.0	2647.89111328125
2009.0	2001.0	2645.3876953125
2017.0	2000.0	2628.3955078125
2017.0	2014.0	2631.768310546875
2019.0	2014.0	2629.892822265625
2030.0	2016.0	2605.206787109375
2027.0	2015.0	2616.794677734375
2036.0	2017.0	2597.754150390625
2033.0	2016.0	2609.913330078125
2039.0	2015.0	2599.0263671875
2048.0	2025.0	2581.107421875
2048.0	2043.0	2586.08447265625
2061.0	2041.0	2558.55126953125
2073.0	2054.0	2534.140625
2075.0	2066.0	2535.899169921875
2091.0	2095.0	2502.406494140625
2091.0	2106.0	2510.52294921875
2098.0	2119.0	2501.09130859375
2113.0	2131.0	2471.84228515625
2115.0	2130.0	2476.123291015625
2123.0	2146.0	2465.57666015625
2132.0	2171.0	2452.9580078125
2152.0	2184.0	2413.6943359375
2161.0	2195.0	2402.846435546875
2173.0	2208.0	2384.71923828125
2182.0	2234.0	2374.22802734375
2191.0	2248.0	2363.91259765625
2199.0	2275.0	2356.9375
2211.0	2289.0	2339.83544921875
2209.0	2287.0	2358.45947265625
2219.0	2316.0	2346.697021484375
2230.0	2328.0	2332.517333984375
2239.0	2342.0	2323.65478515625
2249.0	2366.0	2312.701904296875
2258.0	2381.0	2304.41845703125
2271.0	2393.0	2285.891845703125
2279.0	2413.0	2280.327880859375
2278.0	2420.0	2297.755126953125
2300.0	2444.0	2256.799560546875
2299.0	2446.0	2274.700927734375
2308.0	2456.0	2267.040283203125
2316.0	2476.0	2262.144287109375
2328.0	2478.0	2247.188232421875
2336.0	2507.0	2242.2265625
2336.0	2521.0	2257.601318359375
2348.0	2533.0	2241.75634765625
2356.0	2548.0	2236.39404296875
2357.0	2549.0	2248.88037109375
2376.0	2574.0	2215.80419921875
2377.0	2573.0	2228.7041015625
2386.0	2587.0	2221.368408203125
2386.0	2601.0	2236.23193359375
2396.0	2616.0	2225.32080078125
2406.0	2614.0	2214.314697265625
2416.0	2626.0	2203.7763671875
2399.0	2626.0	2261.797119140625
2424.0	2639.0	2212.19189453125
2427.0	2640.0	2218.83447265625
2436.0	2640.0	2210.26904296875
2437.0	2654.0	2221.38720703125
2447.0	2651.0	2209.769287109375
2443.0	2666.0	2233.228759765625
2454.0	2664.0	2218.3720703125
2456.0	2668.0	2226.147705078125
2465.0	2676.0	2215.4580078125
2465.0	2683.0	2227.870849609375
2474.0	2679.0	2216.880859375
2474.0	2683.0	2229.124267578125
2475.0	2676.0	2238.081298828125
2475.0	2678.0	2249.0830078125
2483.0	2677.0	2239.406494140625
2483.0	2677.0	2250.0966796875
2483.0	2680.0	2260.11572265625
2483.0	2680.0	2269.37841796875
2484.0	2666.0	2275.736328125
2485.0	2665.0	2281.646240234375
2496.0	2666.0	2262.558349609375
2495.0	2664.0	2273.64453125
2495.0	2651.0	2281.67236328125
2484.0	2652.0	2316.366455078125
2486.0	2653.0	2317.475341796875
2483.0	2639.0	2330.7783203125
2482.0	2639.0	2338.6494140625
2473.0	2629.0	2366.369384765625
2474.0	2627.0	2367.58447265625
2478.0	2623.0	2360.880859375
2455.0	2612.0	2420.91845703125
2454.0	2617.0	2424.50537109375
2445.0	2598.0	2447.3740234375
2447.0	2589.0	2442.126708984375
2446.0	2584.0	2444.486572265625
2445.0	2573.0	2446.801025390625
2444.0	2562.0	2449.109130859375
2435.0	2548.0	2471.577392578125
2435.0	2535.0	2470.160888671875
2434.0	2537.0	2471.26123046875
2435.0	2521.0	2467.362060546875
2425.0	2509.0	2490.93798828125
2423.0	2495.0	2493.731689453125
2415.0	2494.0	2511.243896484375
2415.0	2486.0	2508.197509765625
2415.0	2474.0	2505.16748046875
2405.0	2456.0	2527.538818359375
2406.0	2445.0	2521.274169921875
2396.0	2432.0	2543.010986328125
2398.0	2430.0	2533.41650390625
2395.0	2416.0	2536.761962890625
2386.0	2405.0	2555.0126953125
2377.0	2402.0	2572.33740234375
2373.0	2392.0	2576.890869140625
2368.0	2379.0	2583.4267578125
2355.0	2364.0	2610.094482421875
2357.0	2351.0	2598.009521484375
2360.0	2350.0	2583.72412109375
2347.0	2328.0	2609.760986328125
2352.0	2328.0	2590.0693359375
2332.0	2327.0	2633.44873046875
2336.0	2314.0	2615.875732421875
2327.0	2300.0	2631.3525390625
2327.0	2288.0	2623.716552734375
2311.0	2272.0	2656.763427734375
2308.0	2263.0	2656.14599609375
2307.0	2246.0	2650.136474609375
2308.0	2248.0	2639.559326171875
2297.0	2237.0	2659.003173828125
2297.0	2234.0	2650.701416015625
2288.0	2221.0	2664.9375
2290.0	2208.0	2651.39306640625
2280.0	2206.0	2668.187255859375
2278.0	2195.0	2664.454833984375
2269.0	2197.0	2678.652099609375
2259.0	2186.0	2695.07373046875
2260.0	2171.0	2683.06103515625
2259.0	2170.0	2676.7021484375
2249.0	2166.0	2692.682861328125
2250.0	2155.0	2681.10888671875
2239.0	2147.0	2699.706298828125
2239.0	2145.0	2690.540283203125
2228.0	2130.0	2709.439208984375
2231.0	2132.0	2692.4248046875
2221.0	2120.0	2708.915771484375
2221.0	2117.0	2699.552001953125
2212.0	2102.0	2713.4091796875
2210.0	2107.0	2708.9931640625
2209.0	2107.0	2702.526123046875
2200.0	2108.0	2716.232421875
2200.0	2092.0	2707.149169921875
2193.0	2094.0	2715.581787109375
2191.0	2092.0	2711.40576171875
2183.0	2079.0	2722.84033203125
2181.0	2081.0	2718.689697265625
2172.0	2081.0	2732.556640625
2170.0	2067.0	2728.240234375
2169.0	2069.0	2721.91015625
2171.0	2066.0	2708.4814453125
2164.0	2071.0	2717.607177734375
2163.0	2066.0	2711.602294921875
2162.0	2074.0	2706.0830078125
2152.0	2068.0	2723.3642578125
2151.0	2069.0	2717.562744140625
2143.0	2056.0	2729.98974609375
2143.0	2051.0	2721.5458984375
2134.0	2055.0	2736.344482421875
2134.0	2055.0	2727.688720703125
2133.0	2050.0	2721.981201171875
2133.0	2055.0	2714.158203125
2136.0	2068.0	2699.191162109375
2124.0	2052.0	2722.543212890625
2125.0	2057.0	2712.474853515625
2123.0	2051.0	2710.4384765625
2126.0	2047.0	2696.033447265625
2124.0	2057.0	2694.697998046875
2124.0	2064.0	2688.607666015625
2114.0	2054.0	2707.596435546875
2114.0	2068.0	2701.081787109375
2113.0	2064.0	2697.4580078125
2113.0	2064.0	2691.63623046875
2113.0	2064.0	2686.139404296875
2113.0	2063.0	2680.9443359375
2113.0	2072.0	2675.959228515625
2113.0	2068.0	2671.318359375
2114.0	2072.0	2664.334228515625
2113.0	2093.0	2662.682861328125
2116.0	2076.0	2651.09033203125
2113.0	2073.0	2654.927001953125
2117.0	2079.0	2641.153564453125
2114.0	2092.0	2645.4404296875
2114.0	2089.0	2642.2626953125
2115.0	2089.0	2636.730712890625
2113.0	2100.0	2639.017822265625
2112.0	2100.0	2638.95703125
2115.0	2090.0	2628.795166015625
2114.0	2111.0	2628.923828125
2115.0	2103.0	2624.10693359375
2103.0	2105.0	2652.438720703125
2113.0	2104.0	2624.929443359375
2115.0	2106.0	2617.908935546875
2114.0	2118.0	2618.6904296875
2124.0	2116.0	2591.6455078125
2124.0	2115.0	2591.137939453125
2123.0	2112.0	2593.18212890625
2126.0	2120.0	2585.070556640625
2124.0	2129.0	2589.70361328125
2124.0	2124.0	2589.286376953125
2123.0	2144.0	2591.37158203125
2126.0	2139.0	2583.371337890625
2135.0	2127.0	2560.591796875
2134.0	2150.0	2563.78076171875
2132.0	2153.0	2569.48876953125
2132.0	2138.0	2570.15380859375
2132.0	2157.0	2570.631103515625
2133.0	2148.0	2568.67041015625
2132.0	2150.0	2571.75732421875
2142.0	2156.0	2547.438232421875
2143.0	2157.0	2546.3642578125
2144.0	2155.0	2545.294921875
2153.0	2164.0	2524.334228515625
2151.0	2176.0	2531.743408203125
2152.0	2185.0	2531.384521484375
2153.0	2168.0	2530.863037109375
2151.0	2188.0	2537.8994140625
2145.0	2168.0	2554.978759765625
2151.0	2163.0	2541.41796875
2163.0	2171.0	2513.190673828125
2161.0	2178.0	2520.876220703125
2166.0	2184.0	2510.582763671875
2163.0	2186.0	2520.501708984375
2164.0	2189.0	2520.123046875
2163.0	2184.0	2524.7392578125
2164.0	2190.0	2524.15869140625
2171.0	2184.0	2509.037353515625
2172.0	2190.0	2509.183837890625
2170.0	2191.0	2516.843505859375
2171.0	2197.0	2516.7783203125
2172.0	2195.0	2516.541748046875
2171.0	2197.0	2521.33203125
2172.0	2190.0	2520.890869140625
2171.0	2200.0	2525.353515625
2171.0	2196.0	2527.12744140625
2172.0	2198.0	2526.314697265625
2183.0	2197.0	2500.926025390625
2181.0	2192.0	2508.680908203125
2181.0	2199.0	2511.11767578125
2181.0	2200.0	2513.41162109375
2182.0	2200.0	2512.9912109375
2181.0	2200.0	2517.56982421875
2182.0	2199.0	2516.875
2181.0	2198.0	2521.159912109375
2183.0	2194.0	2517.923583984375
2182.0	2195.0	2522.145263671875
2193.0	2199.0	2496.530029296875
2190.0	2200.0	2506.546142578125
2189.0	2192.0	2511.36181640625
2191.0	2191.0	2508.5009765625
2192.0	2197.0	2508.188232421875
2191.0	2195.0	2512.67138671875
2191.0	2201.0	2514.4208984375
2189.0	2198.0	2521.109130859375
2190.0	2197.0	2520.15625
2191.0	2197.0	2519.173095703125
2195.0	2182.0	2510.4853515625
2191.0	2181.0	2522.081298828125
2189.0	2184.0	2528.43310546875
2190.0	2182.0	2527.05224609375
2191.0	2182.0	2525.708740234375
2190.0	2184.0	2529.265625
2190.0	2181.0	2530.266357421875
2191.0	2182.0	2528.678466796875
2191.0	2184.0	2529.560791015625
2190.0	2184.0	2533.03662109375
2194.0	2169.0	2523.666015625
2189.0	2171.0	2537.145263671875
2191.0	2170.0	2532.780517578125
2190.0	2171.0	2536.023193359375
2190.0	2172.0	2536.66259765625
2191.0	2169.0	2534.6953125
2181.0	2172.0	2559.91650390625
2208.0	2171.0	2490.733154296875
2182.0	2172.0	2556.508056640625
2179.0	2171.0	2563.754150390625
2180.0	2169.0	2560.730712890625
2182.0	2158.0	2555.2080078125
2177.0	2158.0	2567.56982421875
2179.0	2157.0	2562.02294921875
2198.0	2156.0	2513.294677734375
2180.0	2158.0	2558.791259765625
2193.0	2145.0	2525.452392578125
2183.0	2142.0	2550.76513671875
2185.0	2145.0	2545.4814453125
2185.0	2146.0	2545.2275390625
2170.0	2146.0	2582.607421875
2174.0	2145.0	2571.125732421875
2173.0	2146.0	2572.46728515625
2175.0	2132.0	2566.19140625
2174.0	2129.0	2567.678955078125
2177.0	2130.0	2558.996337890625
2174.0	2132.0	2565.60595703125
2175.0	2130.0	2562.135009765625
2171.0	2130.0	2571.42529296875
2169.0	2133.0	2575.6103515625
2172.0	2131.0	2567.105712890625
2171.0	2119.0	2568.79931640625
2174.0	2119.0	2560.336181640625
2173.0	2115.0	2562.12646484375
2163.0	2118.0	2586.817626953125
2165.0	2115.0	2580.07666015625
2163.0	2118.0	2583.59326171875
2164.0	2116.0	2579.572265625
2165.0	2105.0	2575.59619140625
2161.0	2105.0	2584.42431640625
2165.0	2105.0	2572.9560546875
2159.0	2105.0	2586.97314453125
2164.0	2106.0	2573.0888671875
2162.0	2105.0	2576.98291015625
2163.0	2105.0	2573.447021484375
2161.0	2105.0	2577.547119140625
2162.0	2105.0	2574.1357421875
2151.0	2105.0	2600.488037109375
2154.0	2106.0	2590.9072265625
2151.0	2105.0	2596.745361328125
2153.0	2108.0	2589.977294921875
2153.0	2091.0	2588.3779296875
2152.0	2090.0	2589.382080078125
2153.0	2093.0	2585.37890625
2153.0	2092.0	2584.0322265625
2152.0	2093.0	2585.2724609375
2154.0	2093.0	2578.95849609375
2153.0	2091.0	2580.376220703125
2153.0	2092.0	2579.282958984375
2152.0	2091.0	2580.6982421875
2152.0	2093.0	2579.6376953125
2143.0	2094.0	2601.275146484375
2143.0	2091.0	2599.430908203125
2143.0	2092.0	2597.65673828125
2145.0	2093.0	2590.882568359375
2145.0	2092.0	2589.281005859375
2144.0	2092.0	2590.334716796875
2143.0	2092.0	2591.43310546875
2133.0	2093.0	2614.91455078125
2133.0	2096.0	2612.5458984375
2133.0	2094.0	2610.26904296875
2133.0	2093.0	2608.091796875
2134.0	2094.0	2603.56005859375
2133.0	2091.0	2604.277099609375
2134.0	2092.0	2599.941162109375
2132.0	2090.0	2603.35009765625
2133.0	2092.0	2599.20654296875
2134.0	2093.0	2595.194580078125
2132.0	2092.0	2598.735595703125
2133.0	2094.0	2594.8623046875
2136.0	2092.0	2586.0498046875
2132.0	2091.0	2595.0087890625
2133.0	2105.0	2591.39404296875
2132.0	2107.0	2592.770751953125
2135.0	2106.0	2584.127685546875
2133.0	2107.0	2588.318603515625
2135.0	2107.0	2582.29736328125
2133.0	2104.0	2586.574462890625
2132.0	2105.0	2588.296142578125
2133.0	2107.0	2585.03076171875
2134.0	2104.0	2581.811279296875
2133.0	2106.0	2583.778564453125
2134.0	2104.0	2580.6123046875
2134.0	2104.0	2580.013916015625
2134.0	2105.0	2579.479248046875
2132.0	2105.0	2584.056884765625
2133.0	2105.0	2580.961669921875
2136.0	2107.0	2572.9482421875
2135.0	2118.0	2575.025390625
2133.0	2121.0	2579.630126953125
2132.0	2117.0	2581.81494140625
2133.0	2117.0	2578.8310546875
2134.0	2118.0	2576.058349609375
2133.0	2117.0	2578.443359375
2133.0	2118.0	2578.185546875
2133.0	2118.0	2577.924072265625
2132.0	2118.0	2580.1875
2133.0	2117.0	2577.37158203125
2133.0	2116.0	2577.150390625
2133.0	2116.0	2576.877685546875
2133.0	2116.0	2576.600830078125
2132.0	2117.0	2578.812744140625
2133.0	2123.0	2576.06201171875
2134.0	2129.0	2573.3642578125
2133.0	2127.0	2575.77197265625
2136.0	2127.0	2567.949951171875
2132.0	2129.0	2577.909912109375
2132.0	2132.0	2577.67041015625
2132.0	2137.0	2577.51953125
2133.0	2140.0	2574.824462890625
2133.0	2134.0	2574.755859375
2134.0	2131.0	2572.072509765625
2133.0	2131.0	2574.5244140625
2133.0	2132.0	2574.396728515625
2133.0	2136.0	2574.37646484375
2133.0	2132.0	2574.32421875
2133.0	2132.0	2574.18994140625
2135.0	2130.0	2569.053466796875
2134.0	2130.0	2571.515380859375
2134.0	2130.0	2571.42138671875
2144.0	2136.0	2546.0927734375
2143.0	2131.0	2549.748046875
2144.0	2131.0	2548.156494140625
2142.0	2143.0	2554.175537109375
2143.0	2147.0	2552.48291015625
2145.0	2145.0	2548.0439453125
2143.0	2143.0	2553.974365234375
2143.0	2145.0	2554.748291015625
2151.0	2145.0	2535.223388671875
2151.0	2144.0	2536.818115234375
2152.0	2144.0	2535.841552734375
2152.0	2147.0	2537.32470703125
2152.0	2145.0	2538.77001953125
2152.0	2146.0	2540.06103515625
2152.0	2145.0	2541.395263671875
2152.0	2144.0	2542.576904296875
2150.0	2145.0	2548.756591796875
2152.0	2145.0	2544.878173828125
2150.0	2146.0	2550.90625
2150.0	2146.0	2551.92236328125
2155.0	2144.0	2540.252685546875
2165.0	2143.0	2515.74658203125
2156.0	2144.0	2539.467041015625
2156.0	2145.0	2540.269775390625
2153.0	2144.0	2548.586669921875
2155.0	2144.0	2544.136474609375
2153.0	2145.0	2549.815185546875
2154.0	2145.0	2547.894775390625
2152.0	2145.0	2553.50048828125
2155.0	2148.0	2546.239013671875
2156.0	2144.0	2544.17138671875
2153.0	2143.0	2552.297607421875
2154.0	2145.0	2550.19677734375
2150.0	2145.0	2560.859619140625
2155.0	2146.0	2548.531494140625
2150.0	2144.0	2561.679931640625
2153.0	2145.0	2554.434326171875
2153.0	2145.0	2554.77685546875
2152.0	2144.0	2557.685791015625
2153.0	2146.0	2555.356689453125
2152.0	2145.0	2558.1240234375
2151.0	2142.0	2560.974853515625
2151.0	2144.0	2561.15478515625
2152.0	2130.0	2558.869384765625
2152.0	2130.0	2559.176513671875
2152.0	2130.0	2559.330322265625
2152.0	2131.0	2559.48291015625
2154.0	2131.0	2554.772705078125
2154.0	2130.0	2554.92626953125
2152.0	2131.0	2560.238037109375
2152.0	2130.0	2560.447998046875
2153.0	2130.0	2558.0751953125
2153.0	2132.0	2558.238037109375
2152.0	2130.0	2560.861572265625
2152.0	2130.0	2561.075439453125
2152.0	2131.0	2561.151611328125
2153.0	2130.0	2558.680908203125
2154.0	2130.0	2556.217529296875
2152.0	2132.0	2561.401611328125
2149.0	2129.0	2569.206787109375
2153.0	2132.0	2559.13525390625
2152.0	2130.0	2561.8515625
2153.0	2128.0	2559.414306640625
2152.0	2129.0	2562.037109375
2154.0	2129.0	2556.936767578125
2144.0	2127.0	2582.236083984375
2143.0	2131.0	2583.859130859375
2143.0	2128.0	2582.99462890625
2142.0	2145.0	2584.75146484375
2143.0	2129.0	2581.38623046875
2143.0	2125.0	2580.67626953125
2143.0	2130.0	2579.997802734375
2147.0	2141.0	2569.1455078125
2145.0	2132.0	2573.625
2144.0	2138.0	2575.5341796875
2143.0	2137.0	2577.49169921875
2133.0	2133.0	2601.46240234375
2133.0	2126.0	2599.88330078125
2137.0	2132.0	2588.168212890625
2135.0	2122.0	2591.86083984375
2132.0	2134.0	2598.154296875
2133.0	2131.0	2594.32763671875
2133.0	2129.0	2593.09716796875
2132.0	2130.0	2594.4482421875
2133.0	2132.0	2590.862060546875
2132.0	2130.0	2592.384033203125
2136.0	2132.0	2581.216552734375
2133.0	2128.0	2587.91455078125
2133.0	2133.0	2587.1142578125
2132.0	2131.0	2588.962158203125
2132.0	2132.0	2588.179443359375
2134.0	2129.0	2582.3984375
2132.0	2130.0	2586.843994140625
2132.0	2130.0	2586.28857421875
2131.0	2131.0	2588.3408203125
2131.0	2132.0	2587.712158203125
2126.0	2130.0	2599.87939453125
2136.0	2132.0	2573.962646484375
2139.0	2133.0	2565.88671875
2142.0	2129.0	2557.823486328125
2136.0	2130.0	2572.680419921875
2130.0	2130.0	2587.606689453125
2135.0	2132.0	2574.48046875
2134.0	2129.0	2576.657958984375
2133.0	2129.0	2578.7939453125
2133.0	2130.0	2578.386962890625
2133.0	2132.0	2578.068359375
2134.0	2130.0	2575.26416015625
2134.0	2132.0	2574.933837890625
2132.0	2131.0	2579.7685546875
2132.0	2130.0	2579.526611328125
2135.0	2130.0	2571.623046875
2133.0	2131.0	2576.572265625
2132.0	2131.0	2578.927734375
2134.0	2133.0	2573.6435546875
2132.0	2131.0	2578.58740234375
2133.0	2131.0	2575.855224609375
2133.0	2131.0	2575.727294921875
2132.0	2130.0	2578.077392578125
2133.0	2132.0	2575.40625
2132.0	2132.0	2577.920166015625
2133.0	2132.0	2575.18212890625
2143.0	2131.0	2549.721923828125
2145.0	2133.0	2545.6962890625
2142.0	2130.0	2554.306396484375
2143.0	2129.0	2552.68212890625
2143.0	2129.0	2553.55224609375
2146.0	2132.0	2546.634521484375
2143.0	2130.0	2554.96630859375
2141.0	2130.0	2560.8095703125
2142.0	2126.0	2559.02880859375
2150.0	2125.0	2539.475830078125
2154.0	2135.0	2530.847412109375
2152.0	2132.0	2537.501953125
2154.0	2122.0	2533.912841796875
2153.0	2130.0	2537.760009765625
2153.0	2128.0	2539.035400390625
2153.0	2133.0	2540.258056640625
2152.0	2132.0	2543.8232421875
2153.0	2128.0	2542.329345703125
2153.0	2134.0	2543.40673828125
2151.0	2131.0	2549.453125
2153.0	2129.0	2545.30712890625
2151.0	2129.0	2551.317138671875
2152.0	2130.0	2549.548583984375
2153.0	2129.0	2547.8525390625
2155.0	2129.0	2543.530029296875
2151.0	2132.0	2554.276123046875
2151.0	2131.0	2554.925537109375
2150.0	2130.0	2558.08447265625
2150.0	2129.0	2558.665771484375
2161.0	2130.0	2531.17822265625
2154.0	2131.0	2549.596923828125
2154.0	2131.0	2550.123291015625
2151.0	2130.0	2558.23291015625
2151.0	2131.0	2558.656982421875
2154.0	2132.0	2551.4609375
2151.0	2133.0	2559.47021484375
2151.0	2132.0	2559.78466796875
2151.0	2144.0	2560.151611328125
2152.0	2144.0	2557.94287109375
2152.0	2145.0	2558.228515625
2154.0	2147.0	2553.45751953125
2152.0	2144.0	2558.848876953125
2151.0	2146.0	2561.577880859375
2154.0	2144.0	2554.19677734375
2151.0	2146.0	2562.0244140625
2154.0	2144.0	2554.533935546875
2153.0	2146.0	2557.314453125
2152.0	2145.0	2560.090087890625
2153.0	2144.0	2557.797119140625
2152.0	2144.0	2560.53564453125
2145.0	2143.0	2577.68017578125
2142.0	2146.0	2584.54638671875
2143.0	2143.0	2581.18212890625
2143.0	2145.0	2580.3525390625
2147.0	2145.0	2569.629150390625
2144.0	2143.0	2576.671875
2132.0	2144.0	2606.575439453125
2133.0	2144.0	2602.318359375
2132.0	2145.0	2603.263671875
2131.0	2145.0	2604.28662109375
2132.0	2142.0	2600.325927734375
2133.0	2152.0	2596.434326171875
2135.0	2138.0	2590.07861328125
2133.0	2147.0	2593.899169921875
2135.0	2144.0	2587.67919921875
2134.0	2149.0	2589.169677734375
2133.0	2147.0	2590.71044921875
2132.0	2149.0	2592.28271484375
2134.0	2143.0	2586.3154296875
2131.0	2144.0	2593.10302734375
2134.0	2149.0	2584.6552734375
2133.0	2147.0	2586.434326171875
2124.0	2144.0	2608.197998046875
2125.0	2144.0	2604.1611328125
2122.0	2146.0	2610.31201171875
2123.0	2148.0	2606.234619140625
2122.0	2144.0	2607.51220703125
2122.0	2148.0	2606.170166015625
2121.0	2145.0	2607.3994140625
2127.0	2143.0	2591.083251953125
2122.0	2145.0	2602.584228515625
2130.0	2144.0	2581.23583984375
2125.0	2144.0	2592.989501953125
2124.0	2144.0	2594.584228515625
2122.0	2144.0	2598.748046875
2122.0	2147.0	2597.907470703125
2123.0	2144.0	2594.606201171875
2123.0	2145.0	2593.830810546875
2123.0	2145.0	2593.064208984375
2124.0	2143.0	2589.850830078125
2123.0	2145.0	2591.70654296875
2124.0	2146.0	2588.49755859375
2127.0	2145.0	2580.3037109375
2123.0	2145.0	2589.9375
2123.0	2144.0	2589.523193359375
2123.0	2144.0	2589.1376953125
2123.0	2144.0	2588.805908203125
2125.0	2146.0	2583.33984375
2125.0	2146.0	2582.917724609375
2124.0	2130.0	2585.105712890625
2125.0	2133.0	2582.227783203125
2124.0	2130.0	2584.451416015625
2123.0	2130.0	2586.752685546875
2124.0	2130.0	2583.95703125
2123.0	2129.0	2586.302734375
2125.0	2128.0	2580.9111328125
2124.0	2136.0	2583.20947265625
2123.0	2144.0	2585.483154296875
2123.0	2125.0	2585.28173828125
2123.0	2135.0	2585.102783203125
2123.0	2129.0	2584.893310546875
2123.0	2130.0	2584.83056640625
2124.0	2131.0	2582.098876953125
2131.0	2134.0	2564.302490234375
2133.0	2132.0	2559.991455078125
2133.0	2130.0	2560.583740234375
2132.0	2131.0	2563.759033203125
2135.0	2132.0	2556.82470703125
2133.0	2131.0	2562.61376953125
2132.0	2129.0	2565.86767578125
2133.0	2130.0	2563.962890625
2131.0	2131.0	2569.764892578125
2130.0	2131.0	2572.8896484375
2148.0	2131.0	2527.654296875
2137.0	2130.0	2556.22705078125
2135.0	2133.0	2561.80908203125
2134.0	2132.0	2564.880615234375
2133.0	2132.0	2567.85595703125
2134.0	2132.0	2565.724609375
2134.0	2131.0	2566.106689453125
2132.0	2130.0	2571.5556640625
2132.0	2131.0	2571.87939453125
2134.0	2133.0	2567.06494140625
2133.0	2131.0	2569.968505859375
2134.0	2130.0	2567.670654296875
2132.0	2134.0	2573.06982421875
2143.0	2130.0	2546.263427734375
2143.0	2131.0	2547.583984375
2143.0	2129.0	2548.7783203125
2142.0	2129.0	2552.637939453125
2143.0	2131.0	2551.15478515625
2145.0	2132.0	2547.07666015625
2144.0	2130.0	2550.648681640625
2142.0	2131.0	2556.70263671875
2152.0	2130.0	2532.959228515625
2153.0	2131.0	2532.23974609375
2151.0	2144.0	2539.100341796875
2154.0	2144.0	2533.087890625
2156.0	2145.0	2529.47216796875
2154.0	2144.0	2536.017333984375
2153.0	2143.0	2539.90478515625
2152.0	2138.0	2543.829833984375
2154.0	2133.0	2539.958251953125
2153.0	2129.0	2543.66357421875
2152.0	2136.0	2547.3154296875
2152.0	2135.0	2548.246337890625
2144.0	2128.0	2568.6904296875
2144.0	2131.0	2568.6748046875
2144.0	2130.0	2568.705810546875
2143.0	2131.0	2571.1748046875
2144.0	2131.0	2568.680908203125
2146.0	2130.0	2563.61767578125
2143.0	2130.0	2571.234375
2142.0	2131.0	2573.73388671875
2139.0	2129.0	2581.403076171875
2147.0	2132.0	2561.05224609375
2143.0	2132.0	2571.322509765625
2150.0	2131.0	2553.5048828125
2144.0	2131.0	2568.742919921875
2144.0	2132.0	2568.67724609375
2146.0	2130.0	2563.568359375
2144.0	2131.0	2568.611572265625
2143.0	2131.0	2571.127197265625
2144.0	2130.0	2568.55029296875
2145.0	2131.0	2565.928466796875
2143.0	2130.0	2570.944091796875
2144.0	2135.0	2568.375
2144.0	2130.0	2568.455810546875
2143.0	2130.0	2571.02490234375
2144.0	2131.0	2568.436279296875
2143.0	2130.0	2571.040283203125
2146.0	2130.0	2563.455078125
2142.0	2130.0	2573.61572265625
2145.0	2131.0	2566.0048828125
2134.0	2131.0	2593.940673828125
2144.0	2130.0	2568.549560546875
2143.0	2128.0	2571.10009765625
2143.0	2148.0	2571.166748046875
2143.0	2137.0	2571.218505859375
2142.0	2130.0	2573.696533203125
2144.0	2136.0	2568.613525390625
2143.0	2130.0	2571.123779296875
2143.0	2124.0	2571.120361328125
2142.0	2128.0	2573.69140625
2143.0	2128.0	2571.195068359375
2142.0	2135.0	2573.749267578125
2143.0	2131.0	2571.212646484375
2143.0	2132.0	2571.18408203125
2143.0	2129.0	2571.17431640625
2141.0	2133.0	2576.277099609375
2145.0	2130.0	2566.04736328125
2142.0	2130.0	2573.642822265625
2142.0	2129.0	2573.634033203125
2141.0	2130.0	2576.14990234375
2146.0	2130.0	2563.4111328125
2139.0	2130.0	2581.29296875
2142.0	2130.0	2573.669189453125
2144.0	2132.0	2568.62451171875
2143.0	2131.0	2571.1474609375
2148.0	2131.0	2558.38427734375
2145.0	2130.0	2566.00341796875
2143.0	2131.0	2571.02197265625
2145.0	2127.0	2565.907470703125
2144.0	2131.0	2568.251220703125
2144.0	2131.0	2568.317138671875
2142.0	2131.0	2573.54541015625
2142.0	2130.0	2573.530029296875
2144.0	2131.0	2568.389404296875
2144.0	2130.0	2568.40087890625
2142.0	2131.0	2573.461669921875
2144.0	2131.0	2568.34912109375
2143.0	2129.0	2570.870361328125
2144.0	2131.0	2568.364013671875
2145.0	2129.0	2565.900146484375
2143.0	2126.0	2570.99853515625
2142.0	2130.0	2573.557861328125
2145.0	2127.0	2565.906005859375
2143.0	2136.0	2570.943115234375
2143.0	2142.0	2570.96826171875
2145.0	2131.0	2565.873046875
2144.0	2131.0	2568.405517578125
2143.0	2132.0	2570.924560546875
2143.0	2131.0	2570.99169921875
2144.0	2130.0	2568.482177734375
2143.0	2129.0	2571.091796875
2142.0	2127.0	2573.60546875
2142.0	2132.0	2573.71484375
2144.0	2130.0	2568.69091796875
2143.0	2130.0	2571.205322265625
2142.0	2131.0	2573.7578125
2142.0	2131.0	2573.716796875
2141.0	2131.0	2576.29931640625
2142.0	2130.0	2573.674560546875
2149.0	2130.0	2555.774169921875
2141.0	2132.0	2576.175537109375
2149.0	2131.0	2555.824951171875
2146.0	2131.0	2563.45947265625
2147.0	2130.0	2560.94970703125
2147.0	2131.0	2560.9462890625
2143.0	2130.0	2571.170166015625
2143.0	2129.0	2571.159423828125
2144.0	2131.0	2568.58251953125
2143.0	2128.0	2571.082275390625
2143.0	2133.0	2571.22802734375
2146.0	2132.0	2563.722900390625
2144.0	2131.0	2568.873779296875
2143.0	2132.0	2571.385009765625
2142.0	2132.0	2574.086181640625
2143.0	2130.0	2571.48681640625
2145.0	2132.0	2566.418212890625
2145.0	2131.0	2566.379638671875
2143.0	2103.0	2571.43310546875
2145.0	2132.0	2566.39404296875
2144.0	2129.0	2568.99365234375
2144.0	2129.0	2569.01513671875
2143.0	2130.0	2571.5810546875
2142.0	2131.0	2574.116455078125
2143.0	2133.0	2571.561279296875
2143.0	2135.0	2571.646728515625
2143.0	2131.0	2571.59521484375
2144.0	2135.0	2568.99951171875
2142.0	2133.0	2574.031982421875
2143.0	2133.0	2571.431884765625
2142.0	2133.0	2573.942138671875
2141.0	2128.0	2576.383544921875
2142.0	2133.0	2573.960693359375
2144.0	2130.0	2568.9248046875
2142.0	2132.0	2574.07958984375
2141.0	2130.0	2576.593505859375
2148.0	2130.0	2558.713623046875
2144.0	2123.0	2568.974365234375
2142.0	2130.0	2574.099853515625
2144.0	2132.0	2568.998046875
2141.0	2131.0	2576.643798828125
2144.0	2131.0	2569.02392578125
2145.0	2131.0	2566.435546875
2143.0	2131.0	2571.499755859375
2144.0	2132.0	2568.90380859375
2143.0	2132.0	2571.3720703125
2142.0	2131.0	2573.873779296875
2144.0	2130.0	2568.82421875
2142.0	2131.0	2573.92041015625
2143.0	2129.0	2571.411865234375
2132.0	2131.0	2599.423583984375
2145.0	2131.0	2566.302734375
2146.0	2132.0	2563.774658203125
2145.0	2130.0	2566.357421875
2143.0	2127.0	2571.482421875
2142.0	2132.0	2574.102294921875
2142.0	2130.0	2574.10595703125
2142.0	2138.0	2574.06982421875
2143.0	2133.0	2571.412353515625
2143.0	2133.0	2571.385986328125
2143.0	2131.0	2571.358154296875
2142.0	2131.0	2573.8662109375
2144.0	2133.0	2568.72265625
2142.0	2133.0	2573.849609375
2144.0	2131.0	2568.770263671875
2144.0	2129.0	2568.81689453125
2144.0	2130.0	2568.90673828125
2142.0	2133.0	2574.17578125
2142.0	2133.0	2574.21142578125
2142.0	2130.0	2574.242919921875
2140.0	2131.0	2579.39599609375
2143.0	2131.0	2571.798095703125
2142.0	2130.0	2574.389892578125
2145.0	2132.0	2566.71923828125
2142.0	2131.0	2574.2802734375
2143.0	2131.0	2571.734130859375
2143.0	2129.0	2571.74755859375
2144.0	2129.0	2569.10595703125
2144.0	2128.0	2569.09033203125
2143.0	2129.0	2571.6123046875
2142.0	2132.0	2574.193115234375
3374.0	3412.0	0.0
3375.0	3414.0	0.0
3375.0	3409.0	0.0
3372.0	3414.0	0.0
3373.0	3407.0	0.0
3374.0	3408.0	88.42668914794922
3375.0	3408.0	183.9138946533203
3376.0	3407.0	274.0378723144531
3374.0	3406.0	366.7308349609375
3374.0	3407.0	449.468994140625
3375.0	3408.0	525.16845703125
3373.0	3402.0	604.1864013671875
3373.0	3408.0	674.0701904296875
3375.0	3407.0	735.0451049804688
3363.0	3405.0	827.3834838867188
3363.0	3409.0	885.2611083984375
3363.0	3409.0	939.9102172851562
3362.0	3405.0	994.0197143554688
3374.0	3406.0	1012.3265380859375
3374.0	3406.0	1059.349853515625
3372.0	3407.0	1108.8458251953125
3373.0	3405.0	1148.2620849609375
3373.0	3406.0	1187.826904296875
3376.0	3407.0	1217.5931396484375
3373.0	3402.0	1260.3660888671875
3376.0	3405.0	1285.8729248046875
3375.0	3405.0	1319.6719970703125
3374.0	3406.0	1351.67431640625
3364.0	3405.0	1403.879638671875
3363.0	3406.0	1431.459716796875
3363.0	3405.0	1455.008056640625
3363.0	3409.0	1477.255859375
3363.0	3404.0	1498.0345458984375
3364.0	3407.0	1515.1112060546875
3360.0	3405.0	1543.6142578125
3363.0	3405.0	1553.219970703125
3363.0	3406.0	1569.390380859375
3362.0	3407.0	1587.197998046875
3364.0	3406.0	1596.365966796875
3373.0	3412.0	1587.613037109375
3374.0	3408.0	1598.612548828125
3375.0	3407.0	1608.7679443359375
3376.0	3404.0	1618.118896484375
3373.0	3404.0	1636.887939453125
3373.0	3406.0	1647.18115234375
3369.0	3407.0	1667.0244140625
3363.0	3409.0	1691.0985107421875
3363.0	3408.0	1698.3431396484375
3363.0	3406.0	1704.974365234375
3361.0	3407.0	1716.2838134765625
3364.0	3408.0	1714.354736328125
3363.0	3407.0	1722.1961669921875
3355.0	3398.0	1746.919189453125
3354.0	3387.0	1752.92578125
3353.0	3383.0	1758.527587890625
3344.0	3360.0	1784.02685546875
3343.0	3345.0	1788.02490234375
3337.0	3346.0	1804.4627685546875
3344.0	3314.0	1787.6033935546875
3344.0	3307.0	1788.4151611328125
3334.0	3280.0	1813.9180908203125
3333.0	3268.0	1815.8997802734375
3337.0	3242.0	1805.0474853515625
3334.0	3229.0	1811.9501953125
3334.0	3201.0	1811.1309814453125
3341.0	3202.0	1792.4815673828125
3335.0	3160.0	1806.70947265625
3334.0	3177.0	1808.1265869140625
3342.0	3138.0	1787.3482666015625
3343.0	3124.0	1784.4007568359375
3352.0	3097.0	1761.593994140625
3354.0	3071.0	1756.9732666015625
3354.0	3027.0	1757.42822265625
3365.0	3006.0	1729.8077392578125
3365.0	2993.0	1730.786865234375
3370.0	2994.0	1718.842041015625
3362.0	2966.0	1739.79296875
3374.0	2939.0	1710.40283203125
3373.0	2900.0	1714.2835693359375
3374.0	2888.0	1712.81640625
3383.0	2865.0	1691.2529296875
3381.0	2835.0	1697.9837646484375
3395.0	2802.0	1664.3209228515625
3393.0	2770.0	1671.74609375
3403.0	2745.0	1648.3009033203125
3404.0	2743.0	1648.607421875
3403.0	2719.0	1653.657958984375
3409.0	2693.0	1641.0157470703125
3408.0	2668.0	1646.12841796875
3407.0	2642.0	1650.948486328125
3410.0	2613.0	1645.3355712890625
3408.0	2587.0	1652.1495361328125
3408.0	2560.0	1653.6610107421875
3409.0	2535.0	1652.392578125
3408.0	2507.0	1655.9124755859375
3408.0	2509.0	1656.6767578125
3411.0	2483.0	1649.70947265625
3409.0	2461.0	1655.1937255859375
3409.0	2445.0	1655.4732666015625
3408.0	2418.0	1658.070556640625
3409.0	2392.0	1655.465576171875
3409.0	2365.0	1655.129638671875
3408.0	2353.0	1657.28173828125
3408.0	2351.0	1656.727783203125
3408.0	2298.0	1656.08056640625
3408.0	2310.0	1655.2989501953125
3407.0	2286.0	1656.939453125
3410.0	2260.0	1648.361328125
3407.0	2237.0	1654.9521484375
3409.0	2224.0	1648.6767578125
3407.0	2208.0	1652.5164794921875
3407.0	2182.0	1651.298828125
3408.0	2173.0	1647.2366943359375
3406.0	2164.0	1650.76416015625
3406.0	2169.0	1649.1617431640625
3409.0	2173.0	1639.7781982421875
3407.0	2172.0	1643.1903076171875
3409.0	2171.0	1636.2633056640625
3409.0	2170.0	1634.3338623046875
3410.0	2171.0	1629.887451171875
3406.0	2174.0	1638.04150390625
3409.0	2171.0	1628.3922119140625
3407.0	2167.0	1631.323486328125
3408.0	2171.0	1626.600830078125
3407.0	2168.0	1626.9490966796875
3409.0	2170.0	1619.7225341796875
3408.0	2169.0	1620.0601806640625
3408.0	2169.0	1617.7845458984375
3410.0	2171.0	1610.3837890625
3408.0	2172.0	1613.2099609375
3410.0	2170.0	1605.839599609375
3408.0	2170.0	1608.6011962890625
3409.0	2167.0	1603.62646484375
3407.0	2172.0	1606.3798828125
3408.0	2168.0	1601.3553466796875
3406.0	2170.0	1603.93017578125
3407.0	2171.0	1598.834228515625
3409.0	2169.0	1591.2542724609375
3408.0	2170.0	1591.2696533203125
3406.0	2168.0	1593.8089599609375
3408.0	2166.0	1586.0772705078125
3408.0	2169.0	1583.456787109375
3408.0	2172.0	1580.8731689453125
3409.0	2169.0	1575.747314453125
3407.0	2169.0	1578.1693115234375
3410.0	2170.0	1567.8743896484375
3409.0	2171.0	1567.732177734375
3410.0	2170.0	1562.5194091796875
3407.0	2169.0	1567.4716796875
3409.0	2170.0	1559.7452392578125
3409.0	2170.0	1557.0909423828125
3405.0	2176.0	1564.6043701171875
3410.0	2170.0	1549.1817626953125
3408.0	2169.0	1551.567138671875
3408.0	2170.0	1548.86865234375
3410.0	2169.0	1541.0201416015625
3410.0	2168.0	1538.231689453125
3408.0	2171.0	1540.603515625
3407.0	2172.0	1540.3131103515625
3409.0	2172.0	1532.4718017578125
3408.0	2170.0	1532.196533203125
3409.0	2169.0	1526.826416015625
3409.0	2169.0	1524.013916015625
3408.0	2170.0	1523.7083740234375
3407.0	2171.0	1523.439453125
3407.0	2170.0	1520.588134765625
3407.0	2169.0	1517.7740478515625
3411.0	2170.0	1504.8223876953125
3409.0	2171.0	1507.043701171875
3409.0	2177.0	1504.3018798828125
3408.0	2171.0	1503.9588623046875
3407.0	2170.0	1503.7025146484375
3410.0	2170.0	1493.2010498046875
3408.0	2170.0	1495.46826171875
3408.0	2168.0	1492.6654052734375
3402.0	2172.0	1505.1060791015625
3407.0	2171.0	1489.5604248046875
3409.0	2172.0	1481.582763671875
3409.0	2173.0	1478.6971435546875
3408.0	2170.0	1478.4521484375
3409.0	2171.0	1472.9921875
3408.0	2170.0	1472.6685791015625
3407.0	2171.0	1472.3192138671875
3408.0	2169.0	1466.9117431640625
3409.0	2171.0	1461.5205078125
3408.0	2171.0	1461.19287109375
3410.0	2168.0	1453.1845703125
3408.0	2167.0	1455.3809814453125
3408.0	2168.0	1452.487548828125
3408.0	2170.0	1449.6719970703125
3408.0	2171.0	1446.7962646484375
3408.0	2172.0	1443.8551025390625
3408.0	2171.0	1441.0001220703125
3419.0	2171.0	1410.148193359375
3407.0	2170.0	1437.7171630859375
3408.0	2170.0	1432.366455078125
3409.0	2168.0	1426.90576171875
3411.0	2168.0	1419.031494140625
3409.0	2170.0	1421.2154541015625
3408.0	2168.0	1420.9158935546875
3408.0	2170.0	1417.95263671875
3409.0	2171.0	1412.4942626953125
3412.0	2171.0	1401.969482421875
3410.0	2138.0	1404.0960693359375
3408.0	2173.0	1406.2918701171875
3409.0	2172.0	1400.8079833984375
3409.0	2185.0	1397.909912109375
3410.0	2154.0	1392.556640625
3407.0	2169.0	1397.3482666015625
3406.0	2168.0	1396.9896240234375
3409.0	2170.0	1386.5694580078125
3408.0	2170.0	1386.2122802734375
3408.0	2171.0	1383.4302978515625
3408.0	2170.0	1380.5430908203125
3408.0	2170.0	1377.6240234375
3410.0	2166.0	1369.6693115234375
3408.0	2168.0	1371.8836669921875
3408.0	2170.0	1369.0543212890625
3409.0	2171.0	1363.635498046875
3408.0	2169.0	1363.275146484375
3407.0	2170.0	1362.951171875
3409.0	2173.0	1354.9603271484375
3409.0	2171.0	1351.82568359375
3408.0	2172.0	1351.553466796875
3409.0	2172.0	1346.06689453125
3408.0	2168.0	1345.718505859375
3409.0	2170.0	1340.3140869140625
3408.0	2172.0	1339.97998046875
3408.0	2169.0	1337.053466796875
3408.0	2171.0	1334.14794921875
3412.0	2170.0	1321.1844482421875
3405.0	2171.0	1336.1287841796875
3408.0	2173.0	1325.529296875
3408.0	2170.0	1322.6424560546875
3409.0	2171.0	1317.2099609375
3410.0	2170.0	1311.868896484375
3408.0	2168.0	1314.0028076171875
3407.0	2171.0	1313.625244140625
3408.0	2171.0	1308.185546875
3404.0	2171.0	1315.59619140625
3408.0	2169.0	1302.497314453125
3408.0	2171.0	1299.5869140625
3407.0	2169.0	1299.2550048828125
3408.0	2173.0	1293.8265380859375
3411.0	2170.0	1283.262939453125
3410.0	2171.0	1283.002197265625
3407.0	2172.0	1287.7796630859375
3409.0	2170.0	1279.789794921875
3410.0	2171.0	1274.3585205078125
3418.0	2169.0	1251.0546875
3407.0	2172.0	1276.1572265625
3409.0	2168.0	1268.1949462890625
3409.0	2176.0	1265.27978515625
3409.0	2171.0	1262.2568359375
3410.0	2168.0	1256.8001708984375
3410.0	2171.0	1253.7122802734375
3411.0	2170.0	1248.2613525390625
3407.0	2169.0	1255.548583984375
3423.0	2172.0	1211.9561767578125
3409.0	2168.0	1244.7020263671875
3408.0	2171.0	1244.4150390625
3407.0	2166.0	1244.0556640625
3410.0	2170.0	1233.55126953125
3408.0	2171.0	1235.676513671875
3408.0	2169.0	1232.8118896484375
3407.0	2169.0	1232.5595703125
3408.0	2169.0	1227.06591796875
3411.0	2172.0	1216.52734375
3407.0	2164.0	1223.7689208984375
3412.0	2170.0	1208.162841796875
3409.0	2172.0	1212.838623046875
3408.0	2185.0	1212.5625
3407.0	2172.0	1212.267822265625
3407.0	2170.0	1209.376953125
3408.0	2172.0	1203.8653564453125
3410.0	2172.0	1195.82080078125
3410.0	2170.0	1192.9681396484375
3406.0	2173.0	1200.297607421875
3408.0	2173.0	1192.2879638671875
3407.0	2173.0	1191.941650390625
3410.0	2169.0	1181.3095703125
3409.0	2169.0	1180.96142578125
3408.0	2172.0	1180.58935546875
3410.0	2170.0	1172.5255126953125
3409.0	2171.0	1172.26708984375
3406.0	2172.0	1177.027099609375
3411.0	2170.0	1161.448974609375
3408.0	2170.0	1166.1707763671875
3408.0	2173.0	1163.2852783203125
3407.0	2170.0	1162.8753662109375
3408.0	2168.0	1157.4580078125
3410.0	2170.0	1149.4771728515625
3409.0	2170.0	1149.0836181640625
3408.0	2168.0	1148.7293701171875
3407.0	2170.0	1148.384033203125
3411.0	2169.0	1135.393798828125
3409.0	2171.0	1137.5484619140625
3409.0	2170.0	1134.662841796875
3410.0	2174.0	1129.1839599609375
3409.0	2167.0	1128.78271484375
3408.0	2170.0	1128.4300537109375
3409.0	2172.0	1122.9996337890625
3408.0	2172.0	1122.749267578125
3409.0	2168.0	1117.2447509765625
3406.0	2171.0	1122.0364990234375
3408.0	2169.0	1113.99365234375
3408.0	2171.0	1111.045654296875
3408.0	2173.0	1108.12841796875
3410.0	2174.0	1100.118896484375
3410.0	2170.0	1097.458984375
3408.0	2168.0	1099.5557861328125
3408.0	2169.0	1096.6588134765625
3407.0	2169.0	1096.2554931640625
3407.0	2171.0	1093.3369140625
3407.0	2169.0	1090.4560546875
3408.0	2168.0	1085.0347900390625
3407.0	2168.0	1084.6693115234375
3408.0	2173.0	1079.1517333984375
3408.0	2169.0	1076.2501220703125
3407.0	2171.0	1075.8651123046875
3408.0	2170.0	1070.4217529296875
3409.0	2171.0	1064.9180908203125
3406.0	2171.0	1069.6685791015625
3404.0	2172.0	1071.7939453125
3407.0	2170.0	1061.1817626953125
3408.0	2172.0	1055.8289794921875
3408.0	2172.0	1052.97021484375
3408.0	2171.0	1050.1217041015625
3409.0	2170.0	1044.645263671875
3408.0	2169.0	1044.2674560546875
3409.0	2169.0	1038.87060546875
3409.0	2171.0	1035.9644775390625
3407.0	2170.0	1038.175048828125
3410.0	2172.0	1027.6435546875
3411.0	2170.0	1022.1761474609375
3409.0	2173.0	1024.42919921875
3407.0	2168.0	1026.725830078125
3409.0	2170.0	1018.6923217773438
3410.0	2173.0	1013.2366333007812
3407.0	2168.0	1018.0004272460938
3409.0	2171.0	1010.0513916015625
3406.0	2172.0	1014.8145141601562
3408.0	2173.0	1006.905517578125
3409.0	2170.0	1001.5689086914062
3409.0	2177.0	998.6978759765625
3409.0	2172.0	995.8286743164062
3409.0	2170.0	992.888916015625
3408.0	2170.0	992.4712524414062
3409.0	2170.0	986.9868774414062
3413.0	2170.0	973.9261474609375
3405.0	2170.0	991.3803100585938
3409.0	2169.0	978.2992553710938
3408.0	2171.0	977.9600830078125
3408.0	2178.0	975.0321044921875
3409.0	2170.0	969.5545654296875
3411.0	2168.0	961.5477905273438
3409.0	2171.0	963.6580200195312
3410.0	2171.0	958.18603515625
3411.0	2171.0	952.8014526367188
3410.0	2171.0	952.4083862304688
3408.0	2167.0	954.584228515625
3409.0	2170.0	949.0682983398438
3410.0	2166.0	943.6552734375
3408.0	2168.0	945.81005859375
3408.0	2169.0	942.8951416015625
3408.0	2171.0	939.9115600585938
3409.0	2169.0	934.5069580078125
3405.0	2169.0	941.7578125
3408.0	2170.0	931.1806640625
3408.0	2172.0	928.2352905273438
3408.0	2184.0	925.1134033203125
3412.0	2169.0	911.9512939453125
3410.0	2171.0	914.1578369140625
3411.0	2170.0	908.7561645507812
3409.0	2169.0	910.9398803710938
3409.0	2170.0	908.1519165039062
3407.0	2169.0	910.3674926757812
3408.0	2172.0	905.000732421875
3407.0	2174.0	904.5885620117188
3409.0	2170.0	896.6839599609375
3409.0	2171.0	893.7762451171875
3410.0	2169.0	888.2710571289062
3407.0	2169.0	892.9149780273438
3408.0	2171.0	887.6026000976562
3415.0	2170.0	866.853515625
3407.0	2169.0	884.3201293945312
3408.0	2172.0	878.836669921875
3408.0	2173.0	875.9397583007812
3408.0	2168.0	873.0424194335938
3411.0	2170.0	862.52490234375
3408.0	2171.0	867.2050170898438
3409.0	2169.0	861.7628784179688
3407.0	2170.0	863.9283447265625
3409.0	2170.0	856.0162963867188
3407.0	2172.0	858.191650390625
3407.0	2172.0	855.4711303710938
3408.0	2165.0	850.0095825195312
3410.0	2169.0	842.0464477539062
3411.0	2171.0	836.5582885742188
3409.0	2170.0	838.7079467773438
3406.0	2171.0	843.5032958984375
3409.0	2169.0	832.9161987304688
3409.0	2172.0	830.038330078125
3408.0	2173.0	829.739501953125
3410.0	2168.0	821.7645263671875
3412.0	2169.0	813.760986328125
3408.0	2170.0	821.0822143554688
3399.0	2172.0	841.0654907226562
3408.0	2172.0	815.2607421875
3412.0	2171.0	802.112548828125
3407.0	2169.0	811.9696044921875
3408.0	2167.0	806.5587158203125
3408.0	2163.0	803.6768798828125
3410.0	2167.0	795.6175537109375
3411.0	2171.0	790.2265014648438
3407.0	2169.0	797.4998168945312
3409.0	2171.0	789.4812622070312
3407.0	2170.0	791.6558837890625
3405.0	2171.0	793.8566284179688
3410.0	2168.0	778.2103271484375
3409.0	2174.0	777.8216552734375
3409.0	2169.0	774.93310546875
3409.0	2169.0	772.038330078125
3409.0	2170.0	769.1691284179688
3410.0	2170.0	763.7325439453125
3408.0	2170.0	765.9006958007812
3406.0	2172.0	768.1165771484375
3407.0	2171.0	762.65576171875
3409.0	2175.0	754.489013671875
3148.0	3253.0	1395.8046875
3148.0	3254.0	1365.8018798828125
3147.0	3256.0	1339.856689453125
3150.0	3256.0	1305.0400390625
3148.0	3255.0	1284.273681640625
3149.0	3255.0	1257.1781005859375
3160.0	3256.0	1205.8355712890625
3147.0	3257.0	1216.6820068359375
3150.0	3255.0	1187.8533935546875
3147.0	3254.0	1175.24072265625
3151.0	3270.0	1145.8004150390625
3148.0	3269.0	1135.1329345703125
3149.0	3274.0	1115.048828125
3150.0	3266.0	1095.8055419921875
3148.0	3267.0	1084.9578857421875
3149.0	3268.0	1067.2376708984375
3149.0	3270.0	1052.6776123046875
3139.0	3268.0	1064.15771484375
3141.0	3266.0	1044.599853515625
3136.0	3278.0	1043.6497802734375
3137.0	3281.0	1028.010009765625
3138.0	3296.0	1012.8809204101562
3138.0	3307.0	1000.7930908203125
3138.0	3308.0	989.259033203125
3138.0	3322.0	978.3053588867188
3139.0	3321.0	965.1841430664062
3138.0	3331.0	957.5789184570312
3139.0	3333.0	945.3528442382812
3139.0	3334.0	936.0542602539062
3137.0	3348.0	932.2164306640625
3139.0	3337.0	918.5992431640625
3139.0	3343.0	910.3349609375
3141.0	3346.0	897.4321899414062
3151.0	3345.0	865.09423828125
3148.0	3343.0	866.3987426757812
3151.0	3351.0	852.669189453125
3149.0	3346.0	851.9019165039062
3149.0	3345.0	846.271728515625
3147.0	3344.0	845.96337890625
3149.0	3346.0	835.5421142578125
3148.0	3346.0	832.884033203125
3148.0	3346.0	828.031982421875
3154.0	3334.0	807.8554077148438
3148.0	3334.0	818.4599609375
3151.0	3334.0	806.3396606445312
3149.0	3332.0	806.9596557617188
3148.0	3331.0	804.9849243164062
3149.0	3332.0	798.2013549804688
3148.0	3334.0	796.554443359375
3149.0	3320.0	790.0133056640625
3149.0	3319.0	785.9752807617188
3151.0	3321.0	776.9838256835938
3150.0	3322.0	775.7929077148438
3148.0	3318.0	777.2064819335938
3149.0	3319.0	771.0814208984375
3150.0	3321.0	764.987060546875
3149.0	3319.0	764.0350952148438
3148.0	3323.0	763.1052856445312
3149.0	3320.0	757.3080444335938
3149.0	3319.0	753.9775390625
3158.0	3321.0	727.8433227539062
3149.0	3317.0	747.5753173828125
3148.0	3318.0	746.9632568359375
3148.0	3318.0	743.8150634765625
3149.0	3321.0	738.163330078125
3137.0	3320.0	765.48779296875
3139.0	3322.0	756.29931640625
3139.0	3320.0	752.3280639648438
3139.0	3319.0	748.461669921875
3146.0	3319.0	726.8350830078125
3139.0	3320.0	740.9243774414062
3138.0	3316.0	739.8096313476562
3138.0	3320.0	736.251708984375
3139.0	3321.0	730.200927734375
3136.0	3319.0	734.410400390625
3138.0	3322.0	725.9364624023438
3138.0	3319.0	722.6701049804688
3142.0	3318.0	709.2200927734375
3139.0	3322.0	713.6535034179688
3137.0	3320.0	715.5740356445312
3139.0	3315.0	707.4342651367188
3138.0	3321.0	706.8629150390625
3136.0	3319.0	708.8512573242188
3136.0	3320.0	705.7839965820312
3139.0	3319.0	695.156494140625
3139.0	3320.0	692.24462890625
3139.0	3320.0	689.3543090820312
3139.0	3321.0	686.5765991210938
3139.0	3321.0	683.670654296875
3140.0	3326.0	678.2374267578125
3140.0	3319.0	675.46630859375
3138.0	3319.0	677.897705078125
3137.0	3317.0	677.74462890625
3138.0	3319.0	672.4424438476562
3139.0	3320.0	667.1890869140625
3129.0	3320.0	689.0174560546875
3130.0	3319.0	682.9183349609375
3129.0	3321.0	681.9442749023438
3128.0	3325.0	680.9904174804688
3131.0	3320.0	669.8831787109375
3130.0	3322.0	669.07666015625
3135.0	3322.0	653.0772094726562
3129.0	3322.0	665.0872802734375
3118.0	3314.0	689.859619140625
3120.0	3322.0	680.5014038085938
3120.0	3306.0	676.3202514648438
3120.0	3308.0	672.3175659179688
3112.0	3293.0	687.7890014648438
3099.0	3294.0	715.2792358398438
3100.0	3281.0	707.050537109375
3088.0	3266.0	731.7595825195312
3089.0	3268.0	722.9483642578125
3082.0	3253.0	734.3421630859375
3070.0	3240.0	757.7989501953125
3072.0	3241.0	744.9962158203125
3073.0	3230.0	734.9605712890625
3058.0	3215.0	765.1467895507812
3050.0	3203.0	776.6107788085938
3040.0	3186.0	792.5730590820312
3030.0	3175.0	808.1539306640625
3031.0	3162.0	795.70263671875
3020.0	3151.0	814.0988159179688
3008.0	3136.0	834.07958984375
3001.0	3110.0	840.8837280273438
3004.0	3117.0	821.8901977539062
2991.0	3093.0	843.1973266601562
2985.0	3072.0	846.4061279296875
2965.0	3055.0	884.239501953125
2955.0	3033.0	895.427734375
2949.0	3005.0	896.3683471679688
2932.0	2981.0	925.0304565429688
2923.0	2952.0	933.1998901367188
2924.0	2957.0	915.6787109375
2893.0	2921.0	978.212890625
2893.0	2931.0	961.4729614257812
2884.0	2888.0	967.706787109375
2865.0	2865.0	998.2479858398438
2848.0	2835.0	1023.0333251953125
2835.0	2807.0	1037.1270751953125
2816.0	2785.0	1065.63720703125
2807.0	2758.0	1068.1339111328125
2784.0	2731.0	1106.3502197265625
2790.0	2732.0	1069.905029296875
2757.0	2677.0	1132.646484375
2760.0	2676.0	1102.83837890625
2749.0	2642.0	1108.7999267578125
2732.0	2614.0	1129.44775390625
2710.0	2587.0	1162.2388916015625
2702.0	2564.0	1159.2103271484375
2681.0	2522.0	1188.72119140625
2657.0	2497.0	1225.198486328125
2640.0	2472.0	1243.4893798828125
2639.0	2470.0	1220.534423828125
2620.0	2432.0	1242.641357421875
2591.0	2403.0	1289.1988525390625
2562.0	2378.0	1333.3392333984375
2542.0	2353.0	1354.317138671875
2523.0	2312.0	1372.51220703125
2502.0	2287.0	1395.777099609375
2493.0	2261.0	1388.3031005859375
2474.0	2236.0	1406.4339599609375
2465.0	2209.0	1399.00048828125
2464.0	2203.0	1371.7615966796875
2456.0	2187.0	1362.992431640625
2435.0	2144.0	1387.2593994140625
2424.0	2131.0	1386.349365234375
2405.0	2105.0	1405.153564453125
2394.0	2078.0	1404.1094970703125
2375.0	2053.0	1423.8153076171875
2355.0	2014.0	1445.678955078125
2356.0	2015.0	1413.788818359375
2327.0	1977.0	1458.76025390625
2327.0	1975.0	1429.473388671875
2318.0	1948.0	1423.5562744140625
2306.0	1925.0	1425.8819580078125
2290.0	1899.0	1438.5972900390625
2280.0	1886.0	1435.710205078125
2270.0	1860.0	1433.47119140625
2259.0	1839.0	1434.3792724609375
2240.0	1824.0	1456.0523681640625
2243.0	1821.0	1421.2176513671875
2222.0	1784.0	1447.8875732421875
2221.0	1783.0	1424.04931640625
2220.0	1756.0	1400.6409912109375
2200.0	1746.0	1426.0130615234375
2191.0	1720.0	1423.9346923828125
2184.0	1706.0	1417.2657470703125
2172.0	1682.0	1423.3662109375
2164.0	1669.0	1419.69384765625
2151.0	1657.0	1429.2454833984375
2152.0	1657.0	1403.40283203125
2143.0	1643.0	1403.3653564453125
2133.0	1631.0	1406.3109130859375
2125.0	1602.0	1404.087646484375
2114.0	1595.0	1409.7657470703125
2104.0	1582.0	1413.2735595703125
2096.0	1563.0	1412.0068359375
2085.0	1558.0	1418.6767578125
2076.0	1548.0	1420.2440185546875
2075.0	1527.0	1401.8309326171875
2076.0	1533.0	1379.33837890625
2066.0	1520.0	1385.075927734375
2058.0	1507.0	1385.8472900390625
2057.0	1494.0	1369.5933837890625
2047.0	1483.0	1376.6751708984375
2047.0	1478.0	1358.74755859375
2043.0	1470.0	1351.7431640625
2043.0	1459.0	1334.827392578125
2036.0	1457.0	1336.5596923828125
2020.0	1446.0	1360.809814453125
2019.0	1448.0	1346.917724609375
2021.0	1436.0	1326.220458984375
2007.0	1435.0	1346.251953125
2006.0	1422.0	1333.7640380859375
2006.0	1422.0	1319.530517578125
2007.0	1410.0	1303.5916748046875
1998.0	1408.0	1313.4891357421875
1999.0	1411.0	1297.96728515625
1997.0	1409.0	1290.8536376953125
1989.0	1398.0	1299.4892578125
1987.0	1397.0	1292.5400390625
1987.0	1400.0	1281.2701416015625
1986.0	1384.0	1273.00732421875
1994.0	1384.0	1242.466064453125
1987.0	1386.0	1250.67431640625
1987.0	1385.0	1241.6202392578125
1980.0	1374.0	1250.6639404296875
1979.0	1373.0	1244.226806640625
1980.0	1372.0	1233.1339111328125
1977.0	1370.0	1232.6602783203125
1980.0	1373.0	1217.3914794921875
1978.0	1373.0	1215.2313232421875
1978.0	1374.0	1208.3157958984375
1979.0	1373.0	1199.320556640625
1979.0	1373.0	1193.1932373046875
1978.0	1375.0	1189.94482421875
1979.0	1373.0	1181.9683837890625
1979.0	1374.0	1176.8834228515625
1978.0	1373.0	1174.5694580078125
1978.0	1374.0	1170.0157470703125
1981.0	1372.0	1158.218505859375
1978.0	1372.0	1161.83447265625
1979.0	1372.0	1155.6461181640625
1980.0	1373.0	1149.51708984375
1978.0	1373.0	1151.376953125
1980.0	1373.0	1143.1817626953125
1977.0	1372.0	1147.8343505859375
1979.0	1373.0	1140.0462646484375
1977.0	1374.0	1142.606689453125
1979.0	1384.0	1135.152587890625
1979.0	1386.0	1133.000244140625
1968.0	1398.0	1158.302001953125
1968.0	1408.0	1155.1676025390625
1958.0	1420.0	1177.2579345703125
1958.0	1433.0	1173.522216796875
1950.0	1456.0	1190.2601318359375
1952.0	1455.0	1180.8287353515625
1950.0	1496.0	1181.76904296875
1950.0	1493.0	1178.0059814453125
1949.0	1518.0	1176.9046630859375
1949.0	1554.0	1173.46875
1950.0	1586.0	1167.648681640625
1948.0	1620.0	1169.7525634765625
1951.0	1645.0	1159.219482421875
1959.0	1681.0	1136.5799560546875
1958.0	1719.0	1137.6656494140625
1959.0	1719.0	1133.7296142578125
1971.0	1759.0	1101.8653564453125
1973.0	1797.0	1096.3570556640625
1980.0	1835.0	1079.486572265625
1979.0	1859.0	1082.8311767578125
1989.0	1897.0	1058.7869873046875
1997.0	1938.0	1040.5543212890625
2000.0	1974.0	1035.896240234375
2005.0	2002.0	1026.2032470703125
2008.0	2042.0	1022.140625
2009.0	2041.0	1022.9122314453125
2006.0	2065.0	1033.659423828125
2006.0	2087.0	1036.7177734375
2007.0	2106.0	1037.1329345703125
2007.0	2132.0	1040.0166015625
2007.0	2135.0	1042.662353515625
1998.0	2143.0	1067.716796875
1998.0	2144.0	1069.2308349609375
1987.0	2146.0	1098.188232421875
1989.0	2154.0	1093.337890625
1989.0	2143.0	1093.663818359375
1987.0	2144.0	1099.0186767578125
1980.0	2130.0	1116.36181640625
1969.0	2131.0	1143.0701904296875
1967.0	2120.0	1146.4244384765625
1960.0	2104.0	1162.2669677734375
1949.0	2093.0	1187.599365234375
1939.0	2079.0	1209.5302734375
1941.0	2078.0	1200.399658203125
1932.0	2069.0	1219.3160400390625
1930.0	2058.0	1219.693359375
1930.0	2041.0	1215.16015625
1921.0	2029.0	1233.1339111328125
1921.0	2013.0	1228.2607421875
1924.0	1999.0	1215.894287109375
1920.0	2003.0	1221.768310546875
1931.0	1998.0	1190.09130859375
1932.0	2002.0	1184.61865234375
1930.0	2003.0	1186.9915771484375
1930.0	2001.0	1184.4786376953125
1929.0	2002.0	1184.724609375
1935.0	2003.0	1168.2784423828125
1943.0	2001.0	1146.8831787109375
1942.0	2000.0	1148.4896240234375
1939.0	2010.0	1155.273681640625
1949.0	1998.0	1129.1466064453125
1950.0	2002.0	1126.811279296875
1949.0	2002.0	1129.6484375
1950.0	2001.0	1127.418701171875
1949.0	2003.0	1130.3406982421875
1959.0	2001.0	1105.0404052734375
1950.0	2002.0	1128.2950439453125
1950.0	2002.0	1128.5419921875
1949.0	2001.0	1131.414794921875
1948.0	2002.0	1134.251708984375
1948.0	2002.0	1134.5638427734375
1949.0	2002.0	1132.342041015625
1950.0	2001.0	1130.154541015625
1949.0	2000.0	1133.0211181640625
1949.0	1998.0	1133.3726806640625
1950.0	1994.0	1131.1551513671875
1950.0	2000.0	1131.4796142578125
1950.0	2003.0	1131.9632568359375
1948.0	2011.0	1137.3760986328125
1948.0	2001.0	1137.7125244140625
1965.0	2001.0	1095.0545654296875
1957.0	2004.0	1116.9527587890625
1961.0	2014.0	1108.0849609375
1961.0	2016.0	1109.4945068359375
1959.0	2016.0	1115.9171142578125
1959.0	2014.0	1117.278076171875
1961.0	2014.0	1113.3875732421875
1959.0	2016.0	1119.673583984375
1967.0	2015.0	1101.0081787109375
1969.0	2012.0	1098.081298828125
1969.0	2020.0	1100.0396728515625
1969.0	2016.0	1101.913818359375
1967.0	2016.0	1108.7928466796875
1969.0	2010.0	1105.484375
1978.0	2013.0	1085.211669921875
1995.0	2014.0	1044.5489501953125
1976.0	2016.0	1095.4639892578125
1967.0	2016.0	1120.3746337890625
1969.0	2013.0	1116.4996337890625
1969.0	2013.0	1117.779541015625
1970.0	2014.0	1116.3890380859375
1970.0	2016.0	1117.492431640625
1969.0	2015.0	1121.0284423828125
1959.0	2012.0	1146.8160400390625
1961.0	2021.0	1141.71337890625
1960.0	2012.0	1144.288818359375
1959.0	2001.0	1146.866455078125
1960.0	2003.0	1144.3907470703125
1959.0	2002.0	1147.0904541015625
1948.0	2001.0	1174.9893798828125
1946.0	2002.0	1179.1412353515625
1950.0	2000.0	1168.0966796875
1949.0	2000.0	1169.822021484375
1950.0	1990.0	1166.62451171875
1948.0	1988.0	1171.0657958984375
1949.0	1987.0	1168.083984375
1950.0	1987.0	1164.9986572265625
1951.0	1986.0	1161.9454345703125
1949.0	1986.0	1166.5655517578125
1948.0	1990.0	1168.6126708984375
1948.0	1991.0	1168.400634765625
1949.0	1984.0	1165.5614013671875
1948.0	1988.0	1167.6519775390625
1950.0	1988.0	1163.29248046875
1957.0	1988.0	1146.3385009765625
1962.0	1988.0	1134.5155029296875
1961.0	1987.0	1137.8726806640625
1960.0	1986.0	1141.213623046875
1958.0	1990.0	1147.0782470703125
1960.0	1988.0	1142.720458984375
1959.0	1986.0	1145.8946533203125
1960.0	1989.0	1144.104248046875
1959.0	1987.0	1147.3441162109375
1960.0	1991.0	1145.443115234375
1959.0	1990.0	1148.6307373046875
1959.0	1988.0	1149.242919921875
1960.0	1988.0	1147.417724609375
1959.0	1989.0	1150.6197509765625
1961.0	1986.0	1146.1912841796875
1965.0	1987.0	1136.5745849609375
1961.0	1987.0	1147.369873046875
1958.0	1987.0	1155.56982421875
1958.0	1988.0	1156.1561279296875
1968.0	1989.0	1132.0181884765625
1970.0	1988.0	1128.3966064453125
1969.0	1975.0	1132.371337890625
1968.0	1975.0	1136.3028564453125
1969.0	1971.0	1135.0927734375
1968.0	1980.0	1138.9923095703125
1968.0	1976.0	1140.2462158203125
1966.0	1973.0	1146.42138671875
1970.0	1974.0	1137.4024658203125
1968.0	1976.0	1143.61083984375
1972.0	1963.0	1134.5322265625
1969.0	1963.0	1143.2120361328125
1960.0	1962.0	1166.8980712890625
1959.0	1963.0	1169.463134765625
1959.0	1962.0	1169.4234619140625
1959.0	1963.0	1169.5244140625
1960.0	1963.0	1167.1654052734375
1965.0	1963.0	1154.4942626953125
1962.0	1961.0	1162.1949462890625
1959.0	1951.0	1169.933349609375
1959.0	1954.0	1170.0216064453125
1958.0	1951.0	1172.6336669921875
1959.0	1936.0	1170.2010498046875
1959.0	1936.0	1170.3681640625
1965.0	1938.0	1155.2999267578125
1962.0	1936.0	1163.146484375
1958.0	1936.0	1173.5072021484375
1959.0	1935.0	1171.14306640625
1958.0	1924.0	1173.9635009765625
1959.0	1925.0	1171.6552734375
1961.0	1925.0	1166.78076171875
1960.0	1924.0	1169.5814208984375
1969.0	1930.0	1147.236083984375
1970.0	1925.0	1145.9384765625
1968.0	1924.0	1152.1912841796875
1970.0	1926.0	1148.23095703125
1967.0	1922.0	1157.0494384765625
1977.0	1924.0	1133.6671142578125
1979.0	1934.0	1130.615478515625
1980.0	1938.0	1130.0924072265625
1986.0	1936.0	1117.1019287109375
1987.0	1939.0	1117.334716796875
1989.0	1950.0	1114.9473876953125
1988.0	1950.0	1120.0548095703125
1989.0	1962.0	1119.9873046875
1988.0	1962.0	1124.9013671875
1996.0	1970.0	1107.5198974609375
1998.0	1963.0	1105.6173095703125
2001.0	1975.0	1101.09228515625
2006.0	1976.0	1091.7244873046875
2006.0	1988.0	1095.405029296875
2005.0	1988.0	1101.4493408203125
2009.0	1988.0	1094.7138671875
2007.0	2002.0	1102.9595947265625
2006.0	2003.0	1108.5880126953125
2007.0	2002.0	1108.9324951171875
2006.0	2014.0	1114.2352294921875
2006.0	2012.0	1116.8311767578125
2005.0	2013.0	1121.8677978515625
2008.0	2007.0	1116.6175537109375
2007.0	2019.0	1121.4586181640625
2007.0	2016.0	1123.6102294921875
2007.0	2012.0	1125.6641845703125
2008.0	2014.0	1125.0340576171875
2016.0	2015.0	1106.5091552734375
2005.0	2014.0	1136.401123046875
2006.0	2015.0	1135.6376953125
2009.0	2014.0	1129.6964111328125
2006.0	2014.0	1138.928955078125
2008.0	2014.0	1135.4246826171875
2007.0	2002.0	1139.381591796875
2008.0	2001.0	1138.3837890625
2007.0	2006.0	1142.204833984375
2007.0	2003.0	1143.478515625
2008.0	2003.0	1142.20849609375
2007.0	2000.0	1145.9625244140625
1996.0	1988.0	1174.30712890625
2007.0	1989.0	1146.502685546875
2002.0	1986.0	1159.42138671875
1997.0	1976.0	1172.2838134765625
1998.0	1977.0	1169.9776611328125
1998.0	1962.0	1170.205810546875
1999.0	1963.0	1167.8536376953125
1997.0	1963.0	1173.1168212890625
1997.0	1949.0	1173.3587646484375
2000.0	1952.0	1165.9075927734375
1999.0	1937.0	1168.67626953125
1997.0	1939.0	1174.0087890625
2000.0	1923.0	1166.693115234375
1991.0	1922.0	1189.6492919921875
1990.0	1925.0	1191.308349609375
1988.0	1900.0	1195.5828857421875
1988.0	1898.0	1194.9410400390625
1985.0	1899.0	1201.9432373046875
1987.0	1888.0	1196.2540283203125
1988.0	1884.0	1193.263427734375
1989.0	1873.0	1190.162353515625
1990.0	1859.0	1187.23388671875
1988.0	1862.0	1191.9671630859375
1987.0	1851.0	1194.2021484375
1987.0	1847.0	1193.8414306640625
1990.0	1835.0	1185.8780517578125
1989.0	1833.0	1188.09228515625
1986.0	1821.0	1195.4822998046875
1991.0	1809.0	1182.5196533203125
1987.0	1796.0	1192.4544677734375
1988.0	1792.0	1189.77294921875
1988.0	1782.0	1189.654296875
1989.0	1771.0	1186.979736328125
1988.0	1758.0	1189.501708984375
1988.0	1756.0	1189.4510498046875
1990.0	1741.0	1184.3153076171875
1978.0	1741.0	1214.1910400390625
1981.0	1731.0	1205.5513916015625
1978.0	1716.0	1212.3416748046875
1977.0	1719.0	1214.0185546875
1979.0	1708.0	1208.12060546875
1979.0	1694.0	1207.4295654296875
1979.0	1694.0	1206.806640625
1979.0	1681.0	1206.169921875
1979.0	1685.0	1205.678466796875
1978.0	1668.0	1207.7293701171875
1980.0	1669.0	1202.2745361328125
1979.0	1658.0	1204.4610595703125
1979.0	1656.0	1204.09326171875
1980.0	1631.0	1201.279052734375
1978.0	1635.0	1206.0537109375
1981.0	1640.0	1198.2637939453125
1978.0	1632.0	1205.57080078125
1987.0	1623.0	1183.45263671875
1988.0	1621.0	1181.73193359375
1987.0	1607.0	1185.0125732421875
1987.0	1606.0	1185.7998046875
1984.0	1592.0	1194.172119140625
1994.0	1591.0	1169.432373046875
1989.0	1593.0	1182.9354248046875
1988.0	1582.0	1186.1771240234375
1989.0	1581.0	1184.2242431640625
1988.0	1581.0	1187.4542236328125
1987.0	1569.0	1190.5150146484375
1989.0	1567.0	1186.1246337890625
1987.0	1569.0	1191.8988037109375
1988.0	1556.0	1189.885498046875
1988.0	1556.0	1190.5015869140625
1988.0	1558.0	1191.0355224609375
1990.0	1551.0	1186.4927978515625
1989.0	1541.0	1189.7086181640625
1987.0	1535.0	1195.312744140625
1989.0	1534.0	1190.7584228515625
1987.0	1532.0	1196.30419921875
1987.0	1532.0	1196.9327392578125
1985.0	1530.0	1202.5296630859375
1985.0	1520.0	1202.9285888671875
1992.0	1520.0	1185.5718994140625
1988.0	1522.0	1196.234130859375
1989.0	1518.0	1194.1553955078125
1987.0	1521.0	1199.72412109375
1987.0	1523.0	1200.09423828125
1987.0	1519.0	1200.5693359375
1997.0	1519.0	1176.5477294921875
1998.0	1518.0	1175.5084228515625
1996.0	1521.0	1182.049560546875
2000.0	1520.0	1173.1875
2000.0	1519.0	1174.615478515625
1997.0	1526.0	1183.5648193359375
1998.0	1530.0	1182.2576904296875
1997.0	1523.0	1185.929443359375
1999.0	1521.0	1181.9688720703125
1998.0	1522.0	1185.7037353515625
1998.0	1520.0	1186.753173828125
1998.0	1519.0	1187.779052734375
1998.0	1518.0	1188.6363525390625
2001.0	1520.0	1181.87890625
2007.0	1518.0	1168.1319580078125
2009.0	1519.0	1164.934814453125
2008.0	1532.0	1169.1470947265625
2006.0	1531.0	1175.898193359375
2006.0	1530.0	1177.489013671875
2007.0	1531.0	1176.4561767578125
2007.0	1532.0	1177.939453125
2006.0	1544.0	1181.8763427734375
2007.0	1543.0	1180.665771484375
2006.0	1557.0	1184.5045166015625
2009.0	1554.0	1178.05322265625
2007.0	1556.0	1184.27587890625
2006.0	1558.0	1187.9342041015625
2006.0	1557.0	1188.9591064453125
2020.0	1569.0	1155.4083251953125
2017.0	1572.0	1165.10546875
2019.0	1568.0	1161.826904296875
2019.0	1568.0	1163.8094482421875
2015.0	1581.0	1175.7403564453125
2016.0	1581.0	1174.8687744140625
2017.0	1581.0	1173.8955078125
2016.0	1596.0	1178.0257568359375
2015.0	1595.0	1182.0345458984375
2017.0	1595.0	1178.4046630859375
2017.0	1593.0	1179.7606201171875
2016.0	1606.0	1183.71142578125
2017.0	1611.0	1182.4561767578125
2017.0	1601.0	1183.715576171875
2016.0	1623.0	1187.3316650390625
2026.0	1620.0	1163.4268798828125
2026.0	1618.0	1165.52734375
2025.0	1631.0	1169.9639892578125
2026.0	1633.0	1169.321044921875
2029.0	1632.0	1163.51953125
2028.0	1632.0	1167.8131103515625
2027.0	1631.0	1171.919189453125
2028.0	1645.0	1170.9803466796875
2036.0	1645.0	1153.0372314453125
2035.0	1644.0	1158.0218505859375
2038.0	1655.0	1152.6494140625
2037.0	1658.0	1157.46630859375
2038.0	1653.0	1157.062744140625
2037.0	1669.0	1161.6851806640625
2042.0	1671.0	1150.8779296875
2037.0	1669.0	1165.4781494140625
2035.0	1681.0	1172.3389892578125
2040.0	1680.0	1161.283447265625
2037.0	1683.0	1170.5240478515625
2036.0	1679.0	1174.644775390625
2045.0	1693.0	1153.599365234375
2045.0	1693.0	1155.9434814453125
2046.0	1696.0	1155.7357177734375
2046.0	1696.0	1157.83642578125
2045.0	1706.0	1162.4715576171875
2047.0	1707.0	1159.402587890625
2045.0	1708.0	1166.317138671875
2045.0	1720.0	1168.2508544921875
2045.0	1721.0	1169.896728515625
2043.0	1721.0	1176.609619140625
2043.0	1721.0	1178.237548828125
2056.0	1731.0	1146.861328125
2055.0	1731.0	1152.0028076171875
2056.0	1733.0	1151.737060546875
2055.0	1733.0	1156.4727783203125
2056.0	1745.0	1156.1048583984375
2054.0	1745.0	1163.2332763671875
2056.0	1743.0	1160.0546875
2056.0	1768.0	1162.0743408203125
2058.0	1760.0	1158.7279052734375
2055.0	1757.0	1167.9840087890625
2052.0	1759.0	1177.1722412109375
2057.0	1756.0	1166.0283203125
2067.0	1756.0	1143.1287841796875
2065.0	1771.0	1150.65576171875
2065.0	1771.0	1152.9017333984375
2066.0	1770.0	1152.5709228515625
2068.0	1772.0	1149.525634765625
2065.0	1782.0	1159.1885986328125
2069.0	1778.0	1150.8697509765625
2066.0	1787.0	1160.3143310546875
2073.0	1797.0	1145.203369140625
2076.0	1795.0	1140.10107421875
2076.0	1797.0	1142.4447021484375
2073.0	1797.0	1152.33837890625
2073.0	1796.0	1154.4925537109375
2074.0	1797.0	1153.98095703125
2074.0	1809.0	1156.0684814453125
2086.0	1807.0	1127.8201904296875
2087.0	1808.0	1128.1973876953125
2084.0	1804.0	1138.64501953125
2085.0	1808.0	1138.796142578125
2086.0	1811.0	1138.7073974609375
2085.0	1808.0	1143.58251953125
2085.0	1823.0	1145.8236083984375
2097.0	1819.0	1117.8941650390625
2098.0	1821.0	1118.33056640625
2095.0	1822.0	1128.7744140625
2095.0	1823.0	1131.49169921875
2094.0	1824.0	1136.6099853515625
2095.0	1823.0	1136.3870849609375
2096.0	1818.0	1136.1710205078125
2095.0	1816.0	1140.802490234375
2103.0	1821.0	1123.47265625
2103.0	1833.0	1126.4542236328125
2105.0	1834.0	1124.2093505859375
2111.0	1833.0	1111.745849609375
2106.0	1833.0	1127.0802001953125
2105.0	1832.0	1132.1046142578125
2106.0	1834.0	1131.8565673828125
2103.0	1834.0	1141.672119140625
2104.0	1833.0	1141.1605224609375
2106.0	1841.0	1138.0084228515625
2106.0	1837.0	1139.89501953125
2113.0	1836.0	1124.6673583984375
2115.0	1832.0	1122.163818359375
2113.0	1836.0	1129.84130859375
2116.0	1834.0	1124.5462646484375
2115.0	1832.0	1129.28173828125
2113.0	1837.0	1136.49462890625
2115.0	1833.0	1133.361572265625
2113.0	1835.0	1140.4141845703125
2115.0	1835.0	1137.13916015625
2113.0	1833.0	1144.0009765625
2125.0	1830.0	1115.5203857421875
2124.0	1832.0	1120.7677001953125
2124.0	1831.0	1123.405029296875
2123.0	1833.0	1128.2818603515625
2125.0	1833.0	1125.494140625
2125.0	1834.0	1127.6944580078125
2123.0	1837.0	1134.78515625
2127.0	1833.0	1126.7088623046875
2124.0	1834.0	1136.14990234375
2124.0	1834.0	1137.8499755859375
2132.0	1834.0	1119.4691162109375
2133.0	1834.0	1119.4822998046875
2132.0	1833.0	1124.3406982421875
2132.0	1835.0	1126.59716796875
2132.0	1832.0	1128.898193359375
2130.0	1834.0	1136.072509765625
2132.0	1833.0	1132.897216796875
2134.0	1832.0	1129.646240234375
2132.0	1834.0	1136.444580078125
2135.0	1835.0	1130.54150390625
2133.0	1846.0	1137.2344970703125
2134.0	1848.0	1136.195068359375
2143.0	1847.0	1115.0252685546875
2142.0	1853.0	1120.082763671875
2143.0	1852.0	1119.7672119140625
2143.0	1848.0	1121.9761962890625
2143.0	1847.0	1124.0836181640625
2145.0	1846.0	1120.96142578125
2144.0	1847.0	1125.31494140625
2141.0	1862.0	1134.713134765625
2153.0	1859.0	1106.121826171875
2152.0	1861.0	1111.1865234375
2151.0	1861.0	1116.186767578125
2150.0	1859.0	1120.9859619140625
2153.0	1859.0	1115.3604736328125
2153.0	1863.0	1117.329833984375
2150.0	1863.0	1126.8309326171875
2155.0	1860.0	1115.811279296875
2152.0	1860.0	1125.1552734375
2154.0	1872.0	1121.706787109375
2153.0	1875.0	1125.8797607421875
2152.0	1871.0	1129.9219970703125
2152.0	1871.0	1131.3433837890625
2153.0	1872.0	1129.9189453125
2152.0	1878.0	1133.6441650390625
2152.0	1873.0	1134.7801513671875
2152.0	1874.0	1135.9547119140625
2152.0	1887.0	1137.064453125
2161.0	1884.0	1115.2037353515625
2152.0	1885.0	1139.1036376953125
2152.0	1886.0	1140.0433349609375
2152.0	1886.0	1140.8143310546875
2153.0	1885.0	1139.1065673828125
2153.0	1885.0	1139.911376953125
2154.0	1897.0	1138.108154296875
2153.0	1903.0	1141.270263671875
2152.0	1899.0	1144.498291015625
2152.0	1898.0	1145.1400146484375
2147.0	1898.0	1158.468017578125
2153.0	1897.0	1143.7401123046875
2154.0	1898.0	1141.818359375
2152.0	1897.0	1147.4146728515625
2154.0	1910.0	1142.793701171875
2154.0	1909.0	1143.179931640625
2153.0	1912.0	1146.10595703125
2150.0	1909.0	1154.0361328125
2153.0	1912.0	1146.69873046875
2152.0	1927.0	1149.59375
2154.0	1925.0	1144.808349609375
2153.0	1923.0	1147.697998046875
2151.0	1927.0	1153.115478515625
2152.0	1923.0	1150.750244140625
2152.0	1924.0	1151.0908203125
2145.0	1924.0	1168.25341796875
2143.0	1951.0	1172.6322021484375
2142.0	1940.0	1174.4771728515625
2142.0	1937.0	1173.8297119140625
2143.0	1937.0	1170.727783203125
2155.0	1938.0	1139.607666015625
2144.0	1936.0	1167.1641845703125
2144.0	1937.0	1166.5772705078125
2134.0	1952.0	1190.4761962890625
2134.0	1949.0	1188.945068359375
2136.0	1950.0	1182.45947265625
2131.0	1950.0	1193.868896484375
2135.0	1955.0	1182.333740234375
2132.0	1953.0	1188.7613525390625
2133.0	1963.0	1185.0286865234375
2136.0	1961.0	1176.3526611328125
2133.0	1964.0	1182.89306640625
2131.0	1963.0	1186.98046875
2134.0	1963.0	1178.3909912109375
2132.0	1962.0	1182.6375732421875
2134.0	1962.0	1176.736572265625
2133.0	1961.0	1178.505859375
2135.0	1958.0	1172.6461181640625
2134.0	1971.0	1174.5859375
2132.0	1977.0	1179.029296875
2135.0	1976.0	1170.8062744140625
2133.0	1975.0	1175.2412109375
2132.0	1975.0	1177.1663818359375
2133.0	1975.0	1174.063720703125
2133.0	1975.0	1173.5391845703125
2133.0	1981.0	1173.0545654296875
2133.0	1991.0	1172.5528564453125
2133.0	1992.0	1172.169921875
2132.0	1987.0	1174.3265380859375
2132.0	1988.0	1173.918701171875
2131.0	1990.0	1176.0689697265625
2138.0	1987.0	1157.8924560546875
2133.0	1989.0	1170.366455078125
2146.0	1991.0	1138.0166015625
2142.0	1987.0	1148.976806640625
2144.0	1990.0	1144.64404296875
2143.0	1990.0	1147.8824462890625
2151.0	2000.0	1128.7935791015625
2148.0	2003.0	1138.0494384765625
2155.0	2001.0	1121.7647705078125
2152.0	2002.0	1130.8643798828125
2154.0	2003.0	1127.12744140625
2152.0	2002.0	1133.511962890625
2154.0	2001.0	1129.58447265625
2152.0	2002.0	1135.91259765625
2155.0	2003.0	1129.462646484375
2162.0	2006.0	1112.9847412109375
2162.0	2005.0	1115.02392578125
2165.0	2001.0	1109.2664794921875
2163.0	2002.0	1116.2081298828125
2162.0	2001.0	1120.4525146484375
2163.0	2002.0	1119.4754638671875
2161.0	2003.0	1126.1190185546875
2164.0	2003.0	1119.94677734375
2171.0	2017.0	1104.31494140625
2170.0	2003.0	1109.0618896484375
2172.0	2003.0	1106.1064453125
2174.0	2001.0	1103.032470703125
2173.0	2002.0	1107.529052734375
2173.0	2003.0	1109.328369140625
2171.0	2001.0	1116.1163330078125
2173.0	2014.0	1112.6416015625
2174.0	2012.0	1111.6328125
2175.0	2011.0	1110.548828125
2185.0	2017.0	1087.1785888671875
2182.0	2012.0	1097.2108154296875
2181.0	2016.0	1102.0244140625
2183.0	2014.0	1098.973388671875
2181.0	2014.0	1106.000732421875
2183.0	2014.0	1102.85595703125
2183.0	2015.0	1104.5811767578125
2181.0	2013.0	1111.44091796875
2183.0	2021.0	1107.956298828125
2183.0	2033.0	1109.2794189453125
2183.0	2030.0	1110.6431884765625
2181.0	2040.0	1117.1968994140625
2187.0	2042.0	1103.1033935546875
2183.0	2042.0	1114.4178466796875
2192.0	2041.0	1092.6937255859375
2191.0	2043.0	1096.536865234375
2191.0	2039.0	1098.443115234375
2190.0	2039.0	1102.78759765625
2191.0	2043.0	1101.9720458984375
2209.0	2039.0	1057.879638671875
2191.0	2042.0	1105.3739013671875
2203.0	2041.0	1076.332763671875
2191.0	2041.0	1108.291748046875
2192.0	2053.0	1107.1395263671875
2192.0	2054.0	1108.4398193359375
2190.0	2054.0	1114.748291015625
2190.0	2053.0	1115.7125244140625
2190.0	2060.0	1116.7080078125
2193.0	2052.0	1110.090087890625
2192.0	2054.0	1113.5604248046875
2183.0	2055.0	1137.250732421875
2192.0	2053.0	1115.1612548828125
2194.0	2054.0	1110.8275146484375
2190.0	2054.0	1121.708740234375
2190.0	2046.0	1122.40087890625
2192.0	2051.0	1117.9287109375
2191.0	2047.0	1121.0714111328125
2191.0	2055.0	1121.580322265625
2192.0	2067.0	1119.61865234375
2191.0	2068.0	1122.6494140625
2194.0	2066.0	1115.3489990234375
2190.0	2066.0	1125.964599609375
2190.0	2067.0	1126.2593994140625
2192.0	2067.0	1121.556396484375
2190.0	2067.0	1126.9212646484375
2190.0	2072.0	1127.3135986328125
2191.0	2069.0	1125.0716552734375
2182.0	2066.0	1147.831298828125
2179.0	2069.0	1154.7188720703125
2185.0	2067.0	1138.8662109375
2181.0	2068.0	1148.30810546875
2182.0	2067.0	1145.128662109375
2181.0	2067.0	1147.0806884765625
2180.0	2066.0	1149.1341552734375
2182.0	2067.0	1143.5462646484375
2180.0	2069.0	1148.1807861328125
2181.0	2080.0	1145.2484130859375
2189.0	2083.0	1124.3798828125
2182.0	2079.0	1141.7193603515625
2182.0	2078.0	1141.3857421875
2184.0	2078.0	1135.859375
2171.0	2080.0	1168.3875732421875
2171.0	2096.0	1166.8673095703125
2172.0	2071.0	1162.9337158203125
2174.0	2080.0	1156.597900390625
2171.0	2081.0	1162.923095703125
2171.0	2080.0	1161.7608642578125
2174.0	2081.0	1152.96142578125
2171.0	2093.0	1159.5238037109375
2174.0	2092.0	1150.944580078125
2171.0	2092.0	1157.62060546875
2171.0	2095.0	1156.6561279296875
2172.0	2096.0	1153.3365478515625
2173.0	2090.0	1149.93115234375
2171.0	2092.0	1154.212890625
2172.0	2094.0	1150.9027099609375
2172.0	2092.0	1150.273681640625
2172.0	2092.0	1149.5958251953125
2171.0	2092.0	1151.4666748046875
2171.0	2092.0	1150.9119873046875
2173.0	2100.0	1145.2952880859375
2163.0	2103.0	1169.953125
2163.0	2104.0	1168.37890625
2168.0	2104.0	1154.2342529296875
2164.0	2106.0	1162.96142578125
2161.0	2106.0	1169.319091796875
2164.0	2106.0	1160.307373046875
2162.0	2105.0	1164.20849609375
2163.0	2111.0	1160.56494140625
2164.0	2116.0	1157.0299072265625
2162.0	2119.0	1161.1268310546875
2160.0	2115.0	1165.228271484375
2163.0	2118.0	1156.7196044921875
2163.0	2118.0	1155.8358154296875
2164.0	2120.0	1152.4154052734375
2164.0	2117.0	1151.63720703125
2163.0	2130.0	1153.4495849609375
2162.0	2133.0	1155.2259521484375
2164.0	2127.0	1149.47216796875
2151.0	2130.0	1181.729736328125
2153.0	2131.0	1174.9921875
2152.0	2130.0	1175.967529296875
2155.0	2133.0	1166.8651123046875
2152.0	2130.0	1173.07763671875
2152.0	2129.0	1171.7015380859375
2151.0	2138.0	1173.0
2151.0	2147.0	1171.7884521484375
2151.0	2144.0	1170.60205078125
2156.0	2145.0	1156.7716064453125
2152.0	2144.0	1165.9571533203125
2152.0	2144.0	1164.9549560546875
2152.0	2147.0	1163.9739990234375
2153.0	2144.0	1160.5755615234375
2151.0	2155.0	1164.9072265625
2152.0	2154.0	1161.5546875
2152.0	2157.0	1160.8427734375
2152.0	2157.0	1160.0679931640625
2153.0	2170.0	1156.8253173828125
2150.0	2169.0	1163.8702392578125
2152.0	2170.0	1158.1671142578125
2154.0	2168.0	1152.3843994140625
2153.0	2171.0	1154.4656982421875
2153.0	2168.0	1153.9276123046875
2154.0	2168.0	1150.8306884765625
2151.0	2170.0	1157.9022216796875
2165.0	2170.0	1121.8245849609375
2154.0	2182.0	1149.4185791015625
2152.0	2182.0	1154.1036376953125
2155.0	2182.0	1146.17431640625
2152.0	2184.0	1153.4971923828125
2151.0	2181.0	1155.7135009765625
2153.0	2189.0	1150.3765869140625
2152.0	2185.0	1152.62109375
2151.0	2184.0	1154.85986328125
2143.0	2183.0	1174.68505859375
2143.0	2196.0	1173.448974609375
2142.0	2197.0	1174.8126220703125
2146.0	2196.0	1163.66552734375
2142.0	2195.0	1172.77734375
2145.0	2197.0	1164.10302734375
2144.0	2196.0	1165.6466064453125
2143.0	2196.0	1167.2755126953125
2145.0	2195.0	1161.351806640625
2145.0	2196.0	1160.575927734375
2144.0	2196.0	1162.3365478515625
2142.0	2197.0	1166.721435546875
2146.0	2208.0	1155.8126220703125
2141.0	2213.0	1167.8944091796875
2141.0	2211.0	1167.2520751953125
2142.0	2210.0	1164.1502685546875
