2047.0	2104.0	2047.5
2049.0	2105.0	2047.5
2047.0	2105.0	2047.5
2046.0	2106.0	2047.5
2046.0	2107.0	2047.5
2043.0	2105.0	2047.5
2045.0	2107.0	2047.5
2044.0	2115.0	2047.5
2042.0	2105.0	2047.5
2046.0	2106.0	2047.5
2046.0	2106.0	2047.5
2046.0	2107.0	2047.5
2045.0	2104.0	2047.5
2047.0	2104.0	2047.5
2046.0	2109.0	2047.5
2048.0	2105.0	2047.5
2048.0	2104.0	2047.5
2046.0	2100.0	2047.5
2056.0	2107.0	2047.5
2048.0	2106.0	2047.5
2048.0	2101.0	2047.5
2045.0	2103.0	2047.5
2047.0	2108.0	2047.5
2046.0	2102.0	2047.5
2048.0	2105.0	2047.5
2047.0	2108.0	2047.5
2046.0	2103.0	2047.5
2045.0	2104.0	2047.5
2041.0	2105.0	2047.5
2038.0	2103.0	2047.5
2038.0	2109.0	2047.5
2035.0	2105.0	2047.5
2038.0	2105.0	2047.5
2036.0	2104.0	2047.5
2036.0	2108.0	2047.5
2039.0	2105.0	2047.5
2036.0	2108.0	2047.5
2036.0	2104.0	2047.5
2038.0	2106.0	2047.5
2037.0	2107.0	2047.5
2038.0	2111.0	2047.5
2031.0	2107.0	2047.5
2037.0	2106.0	2047.5
2036.0	2106.0	2047.5
2035.0	2106.0	2047.5
2038.0	2103.0	2047.5
2038.0	2106.0	2047.5
2037.0	2102.0	2047.5
2037.0	2104.0	2047.5
2039.0	2107.0	2047.5
2036.0	2105.0	2047.5
2038.0	2106.0	2047.5
2036.0	2107.0	2047.5
2035.0	2100.0	2047.5
2036.0	2104.0	2047.5
2035.0	2104.0	2047.5
2037.0	2106.0	2047.5
2038.0	2106.0	2047.5
2034.0	2105.0	2047.5
2036.0	2103.0	2047.5
2037.0	2106.0	2047.5
2041.0	2105.0	2047.5
2038.0	2116.0	2047.5
2037.0	2116.0	2047.5
2038.0	2118.0	2047.5
2036.0	2119.0	2047.5
2038.0	2119.0	2047.5
2037.0	2117.0	2047.5
2036.0	2116.0	2047.5
2037.0	2118.0	2047.5
2037.0	2122.0	2047.5
2038.0	2120.0	2047.5
2037.0	2107.0	2047.5
2037.0	2107.0	2047.5
2041.0	2103.0	2047.5
2035.0	2106.0	2047.5
2047.0	2099.0	2047.5
2044.0	2104.0	2047.5
2044.0	2105.0	2047.5
2046.0	2104.0	2047.5
2046.0	2104.0	2047.5
2047.0	2105.0	2047.5
2047.0	2106.0	2047.5
2046.0	2102.0	2047.5
2046.0	2106.0	2047.5
2046.0	2104.0	2047.5
2046.0	2107.0	2047.5
2045.0	2104.0	2047.5
2046.0	2104.0	2047.5
2045.0	2111.0	2047.5
2045.0	2106.0	2047.5
2045.0	2105.0	2047.5
2047.0	2105.0	2047.5
2045.0	2109.0	2047.5
2046.0	2105.0	2047.5
2046.0	2105.0	2047.5
2044.0	2105.0	2047.5
2047.0	2105.0	2047.5
2048.0	2105.0	2047.5
2045.0	2114.0	2047.5
2046.0	2105.0	2047.5
2045.0	2106.0	2047.5
2046.0	2106.0	2047.5
2049.0	2107.0	2047.5
2044.0	2105.0	2047.5
2046.0	2105.0	2047.5
2047.0	2109.0	2047.5
2044.0	2106.0	2047.5
2046.0	2106.0	2047.5
2046.0	2100.0	2047.5
2046.0	2106.0	2047.5
2045.0	2109.0	2047.5
2046.0	2106.0	2047.5
2046.0	2105.0	2047.5
2049.0	2106.0	2047.5
2046.0	2103.0	2047.5
2046.0	2101.0	2047.5
2043.0	2104.0	2047.5
2045.0	2105.0	2047.5
2045.0	2104.0	2047.5
2044.0	2105.0	2047.5
2045.0	2105.0	2047.5
2049.0	2102.0	2047.5
2045.0	2106.0	2047.5
2045.0	2104.0	2047.5
2045.0	2104.0	2047.5
2046.0	2104.0	2047.5
2046.0	2105.0	2047.5
2046.0	2104.0	2047.5
2047.0	2108.0	2047.5
2049.0	2105.0	2047.5
2046.0	2107.0	2047.5
2046.0	2108.0	2047.5
2045.0	2106.0	2047.5
2046.0	2105.0	2047.5
2047.0	2106.0	2047.5
2045.0	2106.0	2047.5
2047.0	2103.0	2047.5
2043.0	2105.0	2047.5
2046.0	2108.0	2047.5
2048.0	2106.0	2047.5
2047.0	2104.0	2047.5
2045.0	2118.0	2047.5
2047.0	2105.0	2047.5
2044.0	2105.0	2047.5
2045.0	2105.0	2047.5
2047.0	2106.0	2047.5
2045.0	2106.0	2047.5
2046.0	2105.0	2047.5
2045.0	2103.0	2047.5
2046.0	2106.0	2047.5
2048.0	2105.0	2047.5
2045.0	2108.0	2047.5
2044.0	2107.0	2047.5
2045.0	2104.0	2047.5
2045.0	2106.0	2047.5
2045.0	2105.0	2047.5
2047.0	2106.0	2047.5
2046.0	2104.0	2047.5
2047.0	2109.0	2047.5
2043.0	2106.0	2047.5
2046.0	2106.0	2047.5
2046.0	2102.0	2047.5
2043.0	2105.0	2047.5
2045.0	2107.0	2047.5
2047.0	2107.0	2047.5
2046.0	2119.0	2047.5
2032.0	2117.0	2047.5
2047.0	2118.0	2047.5
2045.0	2115.0	2047.5
2044.0	2118.0	2047.5
2036.0	2119.0	2047.5
2038.0	2114.0	2047.5
2036.0	2118.0	2047.5
2036.0	2120.0	2047.5
2037.0	2124.0	2047.5
2034.0	2119.0	2047.5
2036.0	2118.0	2047.5
2036.0	2118.0	2047.5
2035.0	2121.0	2047.5
2036.0	2117.0	2047.5
2037.0	2117.0	2047.5
2036.0	2118.0	2047.5
2036.0	2120.0	2047.5
2037.0	2118.0	2047.5
2038.0	2116.0	2047.5
2036.0	2131.0	2047.5
2035.0	2131.0	2047.5
2037.0	2130.0	2047.5
2036.0	2129.0	2047.5
2038.0	2130.0	2047.5
2039.0	2131.0	2047.5
2037.0	2132.0	2047.5
2040.0	2130.0	2047.5
2038.0	2130.0	2047.5
2038.0	2133.0	2047.5
2035.0	2132.0	2047.5
2038.0	2131.0	2047.5
2036.0	2131.0	2047.5
2037.0	2131.0	2047.5
2038.0	2130.0	2047.5
2035.0	2131.0	2047.5
2036.0	2128.0	2047.5
2043.0	2129.0	2047.5
2038.0	2130.0	2047.5
2036.0	2149.0	2047.5
2036.0	2129.0	2047.5
2040.0	2130.0	2047.5
2038.0	2129.0	2047.5
2036.0	2131.0	2047.5
2036.0	2131.0	2047.5
2036.0	2131.0	2047.5
2037.0	2131.0	2047.5
2037.0	2131.0	2047.5
2037.0	2130.0	2047.5
2036.0	2137.0	2047.5
2036.0	2130.0	2047.5
2037.0	2131.0	2047.5
2037.0	2130.0	2047.5
2035.0	2130.0	2047.5
2037.0	2129.0	2047.5
2036.0	2131.0	2047.5
2036.0	2134.0	2047.5
2034.0	2129.0	2047.5
2035.0	2132.0	2047.5
2039.0	2126.0	2047.5
2036.0	2134.0	2047.5
2038.0	2131.0	2047.5
2037.0	2130.0	2047.5
2036.0	2133.0	2047.5
2035.0	2131.0	2047.5
2037.0	2131.0	2047.5
2037.0	2135.0	2047.5
2038.0	2131.0	2047.5
2036.0	2133.0	2047.5
2037.0	2134.0	2047.5
2036.0	2131.0	2047.5
2039.0	2131.0	2047.5
2037.0	2130.0	2047.5
2036.0	2130.0	2047.5
2038.0	2131.0	2047.5
2036.0	2129.0	2047.5
2037.0	2131.0	2047.5
2044.0	2131.0	2047.5
2036.0	2132.0	2047.5
2039.0	2136.0	2047.5
2038.0	2128.0	2047.5
2036.0	2135.0	2047.5
2036.0	2130.0	2047.5
2035.0	2133.0	2047.5
2039.0	2130.0	2047.5
2037.0	2128.0	2047.5
2036.0	2131.0	2047.5
2040.0	2130.0	2047.5
2038.0	2132.0	2047.5
2037.0	2133.0	2047.5
2035.0	2129.0	2047.5
2039.0	2130.0	2047.5
2039.0	2130.0	2047.5
2036.0	2131.0	2047.5
2037.0	2129.0	2047.5
2037.0	2131.0	2047.5
2037.0	2129.0	2047.5
2035.0	2131.0	2047.5
2036.0	2130.0	2047.5
2036.0	2132.0	2047.5
2037.0	2130.0	2047.5
2037.0	2121.0	2047.5
2036.0	2119.0	2047.5
2035.0	2121.0	2047.5
2042.0	2118.0	2047.5
2038.0	2120.0	2047.5
2036.0	2119.0	2047.5
2037.0	2119.0	2047.5
2038.0	2113.0	2047.5
2037.0	2121.0	2047.5
2037.0	2118.0	2047.5
2036.0	2117.0	2047.5
2036.0	2116.0	2047.5
2036.0	2117.0	2047.5
2037.0	2117.0	2047.5
2037.0	2117.0	2047.5
2035.0	2119.0	2047.5
2041.0	2117.0	2047.5
2037.0	2120.0	2047.5
2039.0	2113.0	2047.5
2038.0	2117.0	2047.5
2036.0	2119.0	2047.5
2036.0	2118.0	2047.5
2038.0	2115.0	2047.5
2037.0	2119.0	2047.5
2037.0	2119.0	2047.5
2036.0	2122.0	2047.5
2040.0	2118.0	2047.5
2039.0	2119.0	2047.5
2038.0	2125.0	2047.5
2037.0	2119.0	2047.5
2036.0	2121.0	2047.5
2039.0	2119.0	2047.5
2036.0	2117.0	2047.5
2035.0	2116.0	2047.5
2038.0	2118.0	2047.5
2025.0	2121.0	2047.5
2027.0	2120.0	2047.5
2026.0	2120.0	2047.5
2026.0	2113.0	2047.5
2028.0	2118.0	2047.5
2029.0	2116.0	2047.5
2026.0	2120.0	2047.5
2026.0	2123.0	2047.5
2031.0	2120.0	2047.5
2026.0	2117.0	2047.5
2026.0	2136.0	2047.5
2025.0	2130.0	2047.5
2026.0	2131.0	2047.5
2028.0	2129.0	2047.5
2026.0	2133.0	2047.5
2025.0	2127.0	2047.5
2028.0	2132.0	2047.5
2026.0	2132.0	2047.5
2035.0	2130.0	2047.5
2026.0	2132.0	2047.5
2026.0	2145.0	2047.5
2025.0	2131.0	2047.5
2028.0	2131.0	2187.0302734375
2026.0	2129.0	2192.0712890625
2025.0	2132.0	2194.528076171875
2028.0	2132.0	2186.91162109375
2026.0	2130.0	2192.086181640625
2026.0	2136.0	2192.087158203125
2029.0	2131.0	2184.488525390625
2026.0	2132.0	2192.145263671875
2028.0	2138.0	2187.12255859375
2025.0	2131.0	2194.89599609375
2027.0	2134.0	2189.91748046875
2026.0	2130.0	2192.58544921875
2025.0	2130.0	2195.24365234375
2027.0	2132.0	2190.282470703125
2027.0	2131.0	2190.44775390625
2027.0	2132.0	2190.565673828125
2027.0	2131.0	2190.724365234375
2026.0	2132.0	2193.392333984375
2026.0	2133.0	2193.537353515625
2026.0	2132.0	2193.741455078125
2025.0	2132.0	2196.44921875
2025.0	2137.0	2196.7138671875
2029.0	2131.0	2186.62939453125
2026.0	2130.0	2194.4658203125
2026.0	2130.0	2194.68798828125
2028.0	2132.0	2189.7490234375
2028.0	2130.0	2189.908203125
2026.0	2117.0	2195.191162109375
2028.0	2115.0	2190.2412109375
2021.0	2118.0	2208.375244140625
2028.0	2118.0	2190.808349609375
2026.0	2117.0	2196.081787109375
2026.0	2116.0	2196.30224609375
2029.0	2119.0	2188.947021484375
2028.0	2119.0	2191.61328125
2028.0	2115.0	2191.837890625
2027.0	2120.0	2194.58984375
2028.0	2117.0	2192.2236328125
2027.0	2118.0	2195.02099609375
2030.0	2119.0	2187.59814453125
2029.0	2117.0	2190.447265625
2024.0	2114.0	2203.314208984375
2026.0	2120.0	2198.4619140625
2027.0	2118.0	2196.183837890625
2027.0	2116.0	2196.295654296875
2026.0	2119.0	2199.0380859375
2025.0	2116.0	2201.849365234375
2027.0	2118.0	2197.060302734375
2027.0	2123.0	2197.221435546875
2049.0	2118.0	2142.3427734375
2038.0	2107.0	2171.64111328125
2037.0	2107.0	2175.3076171875
2035.0	2105.0	2181.714111328125
2037.0	2106.0	2177.62890625
2035.0	2106.0	2183.771484375
2036.0	2106.0	2182.272705078125
2036.0	2104.0	2183.271240234375
2035.0	2105.0	2186.72705078125
2037.0	2092.0	2182.609375
2040.0	2092.0	2175.822998046875
2036.0	2091.0	2186.96142578125
2036.0	2105.0	2187.699951171875
2044.0	2097.0	2168.995849609375
2048.0	2093.0	2160.517822265625
2046.0	2078.0	2167.20166015625
2046.0	2078.0	2168.813720703125
2049.0	2079.0	2162.65185546875
2045.0	2080.0	2174.27880859375
2046.0	2079.0	2172.915771484375
2059.0	2067.0	2141.95947265625
2057.0	2067.0	2149.363525390625
2055.0	2071.0	2156.603515625
2055.0	2069.0	2158.60693359375
2056.0	2067.0	2158.07373046875
2057.0	2050.0	2157.387939453125
2056.0	2053.0	2161.78369140625
2067.0	2053.0	2135.574951171875
2065.0	2040.0	2143.393310546875
2066.0	2040.0	2143.473876953125
2066.0	2039.0	2145.940185546875
2066.0	2039.0	2148.264404296875
2065.0	2023.0	2153.034912109375
2065.0	2013.0	2155.176513671875
2074.0	2016.0	2134.96826171875
2076.0	1999.0	2132.751708984375
2077.0	2001.0	2132.940185546875
2075.0	2002.0	2140.61572265625
2075.0	2001.0	2143.03271484375
2074.0	2002.0	2147.90869140625
2086.0	1989.0	2120.3798828125
2086.0	1989.0	2123.4970703125
2085.0	1992.0	2128.998046875
2082.0	1974.0	2139.464599609375
2086.0	1975.0	2132.005615234375
2095.0	1973.0	2111.924560546875
2094.0	1963.0	2117.80517578125
2095.0	1963.0	2118.511474609375
2092.0	1962.0	2129.21142578125
2095.0	1964.0	2124.58935546875
2106.0	1950.0	2100.308349609375
2104.0	1948.0	2109.052001953125
2104.0	1947.0	2112.52490234375
2107.0	1950.0	2108.185546875
2105.0	1937.0	2116.361572265625
2118.0	1936.0	2086.3310546875
2113.0	1937.0	2102.86669921875
2114.0	1937.0	2103.992431640625
2113.0	1936.0	2109.977783203125
2116.0	1925.0	2105.611572265625
2116.0	1925.0	2108.68896484375
2113.0	1925.0	2119.397705078125
2114.0	1930.0	2119.68310546875
2125.0	1912.0	2095.404296875
2122.0	1910.0	2106.52392578125
2123.0	1909.0	2107.397216796875
2127.0	1909.0	2100.427490234375
2135.0	1897.0	2083.190673828125
2134.0	1899.0	2089.5341796875
2134.0	1900.0	2093.173828125
2139.0	1900.0	2083.949951171875
2133.0	1898.0	2102.48583984375
2134.0	1915.0	2103.03173828125
2142.0	1887.0	2086.581298828125
2143.0	1885.0	2087.91162109375
2152.0	1885.0	2068.8515625
2152.0	1887.0	2073.24169921875
2152.0	1884.0	2077.51123046875
2153.0	1884.0	2078.931640625
2152.0	1879.0	2085.218017578125
2149.0	1872.0	2096.46337890625
2153.0	1874.0	2089.662841796875
2151.0	1871.0	2097.896728515625
2162.0	1875.0	2073.508056640625
2163.0	1872.0	2074.94091796875
2164.0	1873.0	2076.10498046875
2163.0	1862.0	2082.06884765625
2168.0	1859.0	2072.652099609375
2162.0	1862.0	2091.082275390625
2162.0	1868.0	2094.022216796875
2161.0	1861.0	2099.337158203125
2163.0	1862.0	2096.906005859375
2163.0	1846.0	2099.448486328125
2174.0	1851.0	2074.537841796875
2171.0	1847.0	2085.2685546875
2171.0	1847.0	2088.279296875
2172.0	1848.0	2088.659912109375
2171.0	1859.0	2093.8974609375
2172.0	1860.0	2093.912841796875
2171.0	1859.0	2098.950927734375
2172.0	1861.0	2098.846923828125
2181.0	1862.0	2078.171142578125
2181.0	1860.0	2081.344482421875
2180.0	1859.0	2086.8427734375
2179.0	1859.0	2092.225830078125
2182.0	1860.0	2087.284912109375
2182.0	1855.0	2089.784423828125
2181.0	1862.0	2094.746337890625
2181.0	1861.0	2097.008544921875
2182.0	1860.0	2096.56591796875
2182.0	1857.0	2098.528564453125
2181.0	1860.0	2102.907470703125
2182.0	1863.0	2102.09814453125
2184.0	1855.0	2098.71630859375
2195.0	1859.0	2072.38330078125
2182.0	1858.0	2106.97412109375
2183.0	1858.0	2105.81982421875
2183.0	1860.0	2107.15966796875
2180.0	1859.0	2116.031005859375
2182.0	1861.0	2112.183837890625
2182.0	1865.0	2113.35546875
2181.0	1859.0	2116.96337890625
2182.0	1860.0	2115.4140625
2182.0	1856.0	2116.33740234375
2181.0	1875.0	2119.798828125
2184.0	1874.0	2113.031494140625
2182.0	1884.0	2118.9169921875
2182.0	1872.0	2119.621826171875
2184.0	1873.0	2115.2275390625
2181.0	1874.0	2123.48388671875
2182.0	1874.0	2121.609619140625
2180.0	1876.0	2127.203857421875
2182.0	1873.0	2122.60546875
2183.0	1879.0	2120.65087890625
2182.0	1874.0	2123.73193359375
2183.0	1885.0	2121.674072265625
2171.0	1885.0	2151.800048828125
2172.0	1887.0	2148.557861328125
2173.0	1886.0	2145.34765625
2172.0	1887.0	2147.301513671875
2176.0	1886.0	2136.61474609375
2173.0	1887.0	2143.674072265625
2171.0	1884.0	2148.286865234375
2172.0	1884.0	2145.336669921875
2171.0	1886.0	2147.361083984375
2171.0	1885.0	2146.900634765625
2172.0	1898.0	2143.998291015625
2172.0	1901.0	2143.494140625
2174.0	1897.0	2138.057373046875
2172.0	1897.0	2142.74267578125
2171.0	1905.0	2144.86669921875
2169.0	1898.0	2149.60400390625
2172.0	1899.0	2141.6865234375
2171.0	1897.0	2143.890869140625
2171.0	1898.0	2143.612548828125
2172.0	1897.0	2140.87060546875
2172.0	1899.0	2140.512939453125
2172.0	1900.0	2140.185302734375
2179.0	1898.0	2122.1630859375
2173.0	1911.0	2137.2626953125
2173.0	1917.0	2136.9775390625
2169.0	1911.0	2146.892822265625
2174.0	1912.0	2133.947265625
2172.0	1909.0	2138.85888671875
2172.0	1912.0	2138.767333984375
2171.0	1911.0	2141.1416015625
2172.0	1912.0	2138.500244140625
2172.0	1910.0	2138.278564453125
2173.0	1911.0	2135.502197265625
2173.0	1911.0	2135.30419921875
2173.0	1912.0	2135.19091796875
2170.0	1924.0	2142.650634765625
2173.0	1925.0	2134.802001953125
2173.0	1926.0	2134.72021484375
2172.0	1924.0	2137.153564453125
2172.0	1926.0	2136.95751953125
2172.0	1925.0	2136.956298828125
2172.0	1928.0	2136.821044921875
2174.0	1924.0	2131.576416015625
2172.0	1926.0	2136.60205078125
2171.0	1933.0	2138.824951171875
2171.0	1925.0	2138.664306640625
2173.0	1926.0	2133.541259765625
2173.0	1923.0	2133.3681640625
2173.0	1926.0	2133.239013671875
2171.0	1900.0	2138.24609375
2172.0	1938.0	2135.596435546875
2172.0	1940.0	2135.4560546875
2169.0	1937.0	2142.983642578125
2171.0	1937.0	2137.75390625
2172.0	1943.0	2135.2373046875
2170.0	1938.0	2140.243896484375
2170.0	1937.0	2140.061279296875
2171.0	1935.0	2137.444580078125
2171.0	1936.0	2137.429443359375
2173.0	1937.0	2132.2841796875
2174.0	1937.0	2129.663330078125
2171.0	1936.0	2137.150634765625
2179.0	1937.0	2116.656982421875
2173.0	1938.0	2131.924072265625
2182.0	1932.0	2108.983154296875
2183.0	1937.0	2107.444580078125
2182.0	1938.0	2110.930419921875
2181.0	1938.0	2114.3662109375
2183.0	1940.0	2110.234130859375
2182.0	1939.0	2113.64990234375
2181.0	1940.0	2116.87451171875
2181.0	1936.0	2117.570068359375
2177.0	1938.0	2128.389404296875
2182.0	1939.0	2116.244384765625
2182.0	1943.0	2116.9111328125
2184.0	1936.0	2112.360595703125
2182.0	1940.0	2117.9501953125
2191.0	1938.0	2095.62451171875
2191.0	1939.0	2097.0087890625
2187.0	1939.0	2108.543701171875
2192.0	1937.0	2097.029052734375
2192.0	1938.0	2098.189453125
2189.0	1938.0	2106.930419921875
2191.0	1938.0	2103.0078125
2192.0	1948.0	2101.599365234375
2190.0	1938.0	2107.722412109375
2190.0	1935.0	2108.605224609375
2191.0	1936.0	2106.831787109375
2190.0	1938.0	2110.15576171875
2192.0	1937.0	2105.767822265625
2191.0	1936.0	2109.047119140625
2191.0	1930.0	2109.7314453125
2198.0	1938.0	2092.5185546875
2190.0	1938.0	2113.449462890625
2191.0	1934.0	2111.406494140625
2191.0	1938.0	2111.9052734375
2190.0	1937.0	2114.902587890625
2192.0	1936.0	2110.2470703125
2192.0	1949.0	2110.69384765625
2192.0	1938.0	2110.914794921875
2192.0	1937.0	2111.323974609375
2190.0	1938.0	2116.78759765625
2194.0	1939.0	2106.849853515625
2190.0	1939.0	2117.34619140625
2194.0	1949.0	2107.3955078125
2191.0	1937.0	2115.405029296875
2191.0	1940.0	2115.634521484375
2197.0	1938.0	2100.538818359375
2192.0	1952.0	2113.464111328125
2191.0	1950.0	2116.2236328125
2192.0	1948.0	2113.788818359375
2191.0	1954.0	2116.525390625
2192.0	1949.0	2114.154052734375
2191.0	1951.0	2116.79296875
2181.0	1944.0	2142.03759765625
2181.0	1951.0	2141.17529296875
2182.0	1948.0	2137.888916015625
2181.0	1951.0	2139.740478515625
2181.0	1949.0	2138.94140625
2184.0	1951.0	2130.56640625
2185.0	1952.0	2127.33984375
2183.0	1949.0	2131.743896484375
2186.0	1951.0	2123.464599609375
2183.0	1950.0	2130.49365234375
2181.0	1953.0	2135.085205078125
2181.0	1950.0	2134.548583984375
2184.0	1951.0	2126.40234375
2181.0	1945.0	2133.525390625
2181.0	1949.0	2133.038818359375
2184.0	1949.0	2124.9150390625
2172.0	1962.0	2154.1953125
2174.0	1963.0	2147.522216796875
2174.0	1962.0	2146.1728515625
2173.0	1964.0	2147.36865234375
2171.0	1966.0	2151.249755859375
2170.0	1964.0	2152.671142578125
2172.0	1964.0	2146.470703125
2172.0	1962.0	2145.400634765625
2173.0	1962.0	2141.831298828125
2173.0	1963.0	2140.867431640625
2172.0	1962.0	2142.4931640625
2174.0	1963.0	2136.58447265625
2175.0	1964.0	2133.173583984375
2173.0	1961.0	2137.56884765625
2173.0	1967.0	2136.847412109375
2172.0	1964.0	2138.630126953125
2174.0	1965.0	2132.895263671875
2172.0	1961.0	2137.37255859375
2171.0	1962.0	2139.300537109375
2173.0	1964.0	2133.547607421875
2171.0	1961.0	2138.087890625
2171.0	1961.0	2137.4921875
2174.0	1961.0	2129.245849609375
2174.0	1962.0	2128.78955078125
2171.0	1966.0	2136.007568359375
2171.0	1962.0	2135.54296875
2171.0	1961.0	2135.021240234375
2171.0	1962.0	2134.648681640625
2171.0	1960.0	2134.373291015625
2172.0	1962.0	2131.481689453125
2172.0	1962.0	2131.084228515625
2172.0	1966.0	2130.64892578125
2176.0	1963.0	2120.064697265625
2173.0	1963.0	2127.3671875
2182.0	1970.0	2104.609130859375
2181.0	1962.0	2107.9765625
2182.0	1965.0	2106.13427734375
2181.0	1962.0	2109.33349609375
2182.0	1963.0	2107.4990234375
2185.0	1962.0	2100.5107421875
2182.0	1965.0	2108.754150390625
2181.0	1963.0	2111.85205078125
2182.0	1963.0	2109.8681640625
2181.0	1964.0	2112.84521484375
2181.0	1961.0	2113.28076171875
2182.0	1965.0	2111.136474609375
2181.0	1965.0	2114.016357421875
2182.0	1963.0	2111.930908203125
2191.0	1964.0	2089.892578125
2195.0	1963.0	2081.054931640625
2192.0	1962.0	2089.9384765625
2191.0	1965.0	2093.61474609375
2194.0	1965.0	2086.984375
2191.0	1963.0	2095.712158203125
2190.0	1979.0	2099.19580078125
2190.0	1963.0	2100.000732421875
2191.0	1962.0	2098.314208984375
2191.0	1964.0	2099.09375
2192.0	1962.0	2097.38134765625
2189.0	1963.0	2105.766845703125
2192.0	1963.0	2098.7900390625
2191.0	1963.0	2101.9091796875
2189.0	1964.0	2107.51953125
2190.0	1962.0	2105.517822265625
2191.0	1967.0	2103.492919921875
2191.0	1962.0	2104.01708984375
2192.0	1961.0	2101.927978515625
2191.0	1962.0	2104.81982421875
2191.0	1961.0	2105.100830078125
2193.0	1965.0	2100.360595703125
2191.0	1963.0	2105.763671875
2190.0	1966.0	2108.63330078125
2190.0	1964.0	2108.717041015625
2191.0	1963.0	2106.40625
2192.0	1971.0	2104.117431640625
2182.0	1963.0	2129.74169921875
2180.0	1963.0	2134.047119140625
2182.0	1965.0	2128.14697265625
2182.0	1963.0	2127.4716796875
2182.0	1974.0	2126.7373046875
2180.0	1976.0	2131.22998046875
2181.0	1981.0	2128.078125
2180.0	1976.0	2130.050048828125
2183.0	1976.0	2121.92822265625
2183.0	1986.0	2121.5009765625
2182.0	1976.0	2123.667236328125
2183.0	1976.0	2120.68896484375
2182.0	1975.0	2122.837890625
2173.0	1990.0	2144.927490234375
2170.0	1990.0	2151.067138671875
2171.0	1988.0	2147.057861328125
2171.0	1983.0	2145.611083984375
2172.0	1988.0	2141.80712890625
2174.0	1988.0	2135.46142578125
2171.0	1987.0	2141.975341796875
2171.0	1987.0	2140.9189453125
2173.0	1988.0	2134.796142578125
2173.0	1988.0	2133.795654296875
2174.0	1999.0	2130.3984375
2175.0	2001.0	2126.9208984375
2171.0	2001.0	2136.2099609375
2171.0	1994.0	2135.26904296875
2170.0	2003.0	2137.07421875
2171.0	2002.0	2133.77734375
2173.0	2000.0	2128.046142578125
2172.0	2003.0	2129.94287109375
2163.0	2013.0	2152.206787109375
2162.0	2014.0	2153.169189453125
2164.0	2014.0	2146.52734375
2166.0	2013.0	2139.994873046875
2162.0	2015.0	2148.8212890625
2161.0	2024.0	2149.967529296875
2162.0	2026.0	2146.221923828125
2162.0	2026.0	2145.09912109375
2163.0	2042.0	2141.495849609375
2163.0	2038.0	2140.46240234375
2161.0	2040.0	2144.5986328125
2161.0	2042.0	2143.635986328125
2153.0	2035.0	2163.01611328125
2158.0	2052.0	2148.472412109375
2154.0	2054.0	2156.789794921875
2151.0	2052.0	2162.693603515625
2152.0	2052.0	2158.3603515625
2152.0	2050.0	2156.703369140625
2152.0	2051.0	2155.156005859375
2152.0	2049.0	2153.767822265625
2152.0	2066.0	2152.4111328125
2154.0	2068.0	2146.002197265625
2152.0	2070.0	2149.856689453125
2158.0	2065.0	2133.462646484375
2151.0	2065.0	2150.2890625
2154.0	2062.0	2141.648193359375
2151.0	2065.0	2148.42822265625
2156.0	2079.0	2134.7978515625
2152.0	2079.0	2144.119873046875
2154.0	2081.0	2138.248291015625
2156.0	2079.0	2132.41650390625
2154.0	2079.0	2136.771240234375
2155.0	2078.0	2133.507080078125
2153.0	2079.0	2137.851806640625
2153.0	2078.0	2137.25244140625
2152.0	2090.0	2139.227294921875
2151.0	2092.0	2141.232666015625
2154.0	2091.0	2133.090087890625
2153.0	2093.0	2135.16845703125
2153.0	2091.0	2134.703369140625
2152.0	2091.0	2136.85693359375
2153.0	2091.0	2133.911376953125
2152.0	2092.0	2136.084228515625
2158.0	2106.0	2120.406494140625
2152.0	2105.0	2135.25537109375
2152.0	2103.0	2134.965087890625
2151.0	2103.0	2137.145263671875
2153.0	2106.0	2131.625244140625
2152.0	2104.0	2133.82958984375
2152.0	2106.0	2133.5478515625
2150.0	2106.0	2138.388671875
2153.0	2105.0	2130.32421875
2152.0	2122.0	2132.58740234375
2151.0	2119.0	2134.957275390625
2152.0	2118.0	2132.168701171875
2152.0	2123.0	2131.99365234375
2153.0	2119.0	2129.218017578125
2154.0	2119.0	2126.52685546875
2155.0	2118.0	2123.75927734375
2152.0	2116.0	2131.205810546875
2153.0	2120.0	2128.528564453125
2153.0	2131.0	2128.36572265625
2151.0	2132.0	2133.296630859375
2159.0	2129.0	2112.835693359375
2153.0	2130.0	2127.962646484375
2154.0	2130.0	2125.2392578125
2152.0	2130.0	2130.144775390625
2151.0	2132.0	2132.60546875
2154.0	2131.0	2124.8681640625
2153.0	2129.0	2127.288818359375
2155.0	2132.0	2122.062255859375
2153.0	2129.0	2127.052978515625
2153.0	2150.0	2126.939208984375
2156.0	2147.0	2119.169677734375
2152.0	2145.0	2129.230712890625
2152.0	2149.0	2129.150146484375
2152.0	2144.0	2129.07373046875
2153.0	2145.0	2126.46484375
2152.0	2143.0	2129.025390625
2152.0	2146.0	2128.967529296875
2153.0	2146.0	2126.328369140625
2152.0	2144.0	2128.823486328125
2152.0	2156.0	2128.73779296875
2157.0	2157.0	2115.920166015625
2154.0	2157.0	2123.484619140625
2162.0	2173.0	2103.18798828125
2161.0	2157.0	2106.80029296875
2163.0	2155.0	2102.686279296875
2163.0	2157.0	2103.61181640625
2161.0	2156.0	2109.57373046875
2163.0	2170.0	2105.33837890625
2163.0	2171.0	2106.11328125
2163.0	2172.0	2106.893798828125
2177.0	2171.0	2072.0751953125
2162.0	2171.0	2110.78369140625
2162.0	2175.0	2111.388671875
2161.0	2169.0	2114.492919921875
2164.0	2171.0	2107.384765625
2162.0	2170.0	2113.065185546875
2162.0	2171.0	2113.5869140625
2163.0	2169.0	2111.4658203125
2172.0	2171.0	2089.05078125
2172.0	2163.0	2090.566650390625
2175.0	2169.0	2084.26806640625
2173.0	2173.0	2090.5810546875
2171.0	2169.0	2096.92626953125
2172.0	2170.0	2095.43408203125
2172.0	2168.0	2096.568603515625
2173.0	2169.0	2095.025634765625
2171.0	2172.0	2101.041748046875
2172.0	2170.0	2099.364501953125
2173.0	2171.0	2097.774169921875
2171.0	2187.0	2103.633544921875
2172.0	2183.0	2101.8310546875
2172.0	2183.0	2102.45751953125
2175.0	2179.0	2095.568359375
2172.0	2183.0	2103.755859375
2171.0	2183.0	2106.822998046875
2172.0	2181.0	2104.8193359375
2166.0	2182.0	2120.64990234375
2173.0	2183.0	2103.3408203125
2171.0	2182.0	2108.895751953125
2173.0	2184.0	2104.30908203125
2176.0	2185.0	2097.0400390625
2174.0	2182.0	2102.555908203125
2171.0	2184.0	2110.554443359375
2172.0	2187.0	2108.268310546875
2172.0	2183.0	2108.495849609375
2172.0	2184.0	2108.746337890625
2173.0	2180.0	2106.467529296875
2182.0	2178.0	2084.294677734375
2181.0	2184.0	2088.145263671875
2184.0	2183.0	2081.79541015625
2178.0	2184.0	2098.2509765625
2183.0	2183.0	2086.602294921875
2181.0	2188.0	2092.7646484375
2181.0	2184.0	2093.68408203125
2183.0	2184.0	2089.510498046875
2183.0	2184.0	2090.413818359375
2182.0	2183.0	2093.77783203125
2183.0	2171.0	2092.014892578125
2180.0	2172.0	2100.380126953125
2182.0	2168.0	2095.92333984375
2179.0	2172.0	2104.199462890625
2180.0	2169.0	2102.241455078125
2183.0	2169.0	2095.156982421875
2183.0	2169.0	2095.739501953125
2181.0	2171.0	2101.316162109375
2181.0	2171.0	2101.67041015625
2182.0	2172.0	2099.619873046875
2182.0	2172.0	2100.028076171875
2184.0	2171.0	2095.324951171875
2183.0	2173.0	2098.235107421875
2190.0	2173.0	2080.935302734375
2193.0	2170.0	2074.66162109375
2191.0	2174.0	2081.02587890625
2191.0	2171.0	2082.275634765625
2191.0	2172.0	2083.35400390625
2190.0	2172.0	2086.948486328125
2192.0	2171.0	2082.78076171875
2192.0	2171.0	2083.69580078125
2191.0	2171.0	2087.177001953125
2191.0	2169.0	2087.9228515625
2190.0	2170.0	2091.238037109375
2194.0	2172.0	2081.62646484375
2191.0	2165.0	2089.9111328125
2191.0	2171.0	2090.62255859375
2190.0	2169.0	2093.662353515625
2193.0	2169.0	2086.67919921875
2192.0	2168.0	2089.7646484375
2187.0	2171.0	2102.289794921875
2181.0	2173.0	2117.091552734375
2184.0	2163.0	2108.95703125
2178.0	2168.0	2123.77685546875
2182.0	2169.0	2113.13232421875
2183.0	2171.0	2110.167236328125
2181.0	2172.0	2114.825927734375
2182.0	2169.0	2111.951416015625
2181.0	2170.0	2114.056640625
2178.0	2170.0	2121.271484375
2179.0	2171.0	2118.35107421875
2183.0	2171.0	2107.974853515625
2183.0	2171.0	2107.63916015625
2180.0	2170.0	2115.048828125
2181.0	2172.0	2112.215087890625
2181.0	2181.0	2111.96435546875
2182.0	2183.0	2109.18505859375
2183.0	2182.0	2106.3427734375
2182.0	2182.0	2108.593017578125
2184.0	2182.0	2103.260009765625
2183.0	2183.0	2105.5986328125
2182.0	2186.0	2107.858154296875
2172.0	2188.0	2132.36865234375
2171.0	2182.0	2133.673095703125
2173.0	2182.0	2127.396484375
2173.0	2184.0	2126.256591796875
2171.0	2184.0	2130.278076171875
2172.0	2185.0	2126.658935546875
2171.0	2186.0	2128.21484375
2173.0	2185.0	2122.193603515625
2179.0	2184.0	2106.01123046875
2173.0	2186.0	2120.43701171875
2171.0	2194.0	2124.79150390625
2173.0	2182.0	2118.994873046875
2173.0	2197.0	2118.307373046875
2173.0	2195.0	2117.592529296875
2173.0	2197.0	2116.947509765625
2171.0	2198.0	2121.37744140625
2172.0	2196.0	2118.179931640625
2171.0	2201.0	2120.130615234375
2183.0	2198.0	2089.08203125
2171.0	2195.0	2119.119140625
2171.0	2201.0	2118.73193359375
2171.0	2196.0	2118.251708984375
2165.0	2195.0	2133.052490234375
2172.0	2193.0	2114.805908203125
2171.0	2195.0	2116.992431640625
2174.0	2198.0	2108.946044921875
2172.0	2196.0	2113.62451171875
2172.0	2196.0	2113.28369140625
2176.0	2195.0	2102.785400390625
2171.0	2196.0	2115.163818359375
2171.0	2190.0	2114.86572265625
2173.0	2197.0	2109.476806640625
2172.0	2195.0	2111.788330078125
2172.0	2196.0	2111.456787109375
2172.0	2197.0	2111.158447265625
2173.0	2196.0	2108.3447265625
2174.0	2194.0	2105.54443359375
2173.0	2193.0	2107.8291015625
2187.0	2195.0	2071.9921875
2173.0	2211.0	2107.432373046875
2162.0	2214.0	2134.510986328125
2161.0	2211.0	2135.86669921875
2163.0	2208.0	2129.586181640625
2162.0	2211.0	2131.10302734375
2160.0	2208.0	2135.20361328125
2165.0	2209.0	2121.547607421875
2164.0	2208.0	2123.15966796875
2163.0	2208.0	2124.8388671875
2161.0	2211.0	2129.08740234375
2162.0	2211.0	2125.796875
2162.0	2209.0	2125.133544921875
2162.0	2207.0	2124.46826171875
2162.0	2211.0	2123.82958984375
2164.0	2210.0	2118.17236328125
2154.0	2208.0	2142.95263671875
2153.0	2208.0	2143.913818359375
2153.0	2209.0	2142.384765625
2154.0	2213.0	2138.37353515625
2149.0	2208.0	2149.662109375
2152.0	2198.0	2140.6142578125
2154.0	2196.0	2134.1923828125
2152.0	2194.0	2138.004150390625
2153.0	2195.0	2134.322265625
2152.0	2196.0	2135.806396484375
2152.0	2199.0	2134.719482421875
2155.0	2195.0	2126.156005859375
2153.0	2195.0	2130.2314453125
2153.0	2193.0	2129.3427734375
2152.0	2196.0	2131.056396484375
2151.0	2194.0	2132.830322265625
2154.0	2196.0	2124.4296875
2155.0	2194.0	2121.27783203125
2156.0	2198.0	2118.100830078125
2154.0	2196.0	2122.523681640625
2155.0	2193.0	2119.44189453125
2151.0	2196.0	2129.060546875
2152.0	2196.0	2125.9912109375
2152.0	2195.0	2125.51220703125
2154.0	2184.0	2119.93408203125
2152.0	2184.0	2124.525390625
2153.0	2184.0	2121.51220703125
2152.0	2186.0	2123.520751953125
2153.0	2183.0	2120.608154296875
2152.0	2184.0	2122.7841796875
2153.0	2181.0	2119.80029296875
2152.0	2185.0	2122.07373046875
2151.0	2182.0	2124.279296875
2153.0	2182.0	2118.976806640625
2151.0	2182.0	2123.8349609375
2152.0	2183.0	2120.96923828125
2145.0	2184.0	2138.247802734375
2144.0	2185.0	2139.54541015625
2145.0	2184.0	2135.85791015625
2144.0	2182.0	2137.3046875
2143.0	2182.0	2138.866455078125
2143.0	2183.0	2137.830322265625
2144.0	2182.0	2134.350830078125
2145.0	2182.0	2130.889404296875
2143.0	2185.0	2135.17041015625
2145.0	2183.0	2129.281005859375
2143.0	2182.0	2133.6015625
2145.0	2188.0	2127.7509765625
2147.0	2184.0	2121.987060546875
2142.0	2182.0	2134.09375
2140.0	2180.0	2138.62255859375
2145.0	2184.0	2125.30224609375
2143.0	2183.0	2129.85888671875
2153.0	2182.0	2104.916748046875
2152.0	2183.0	2107.90185546875
2153.0	2182.0	2105.80615234375
2152.0	2183.0	2108.739990234375
2152.0	2189.0	2109.1220703125
2165.0	2182.0	2076.281494140625
2155.0	2184.0	2102.110595703125
2151.0	2186.0	2112.61767578125
2150.0	2181.0	2115.49560546875
2153.0	2183.0	2108.09228515625
2151.0	2183.0	2113.42724609375
2152.0	2185.0	2111.12255859375
2150.0	2183.0	2116.38037109375
2153.0	2181.0	2108.9912109375
2153.0	2178.0	2109.198486328125
2152.0	2196.0	2112.016845703125
2154.0	2196.0	2107.221435546875
2153.0	2196.0	2109.999755859375
2150.0	2196.0	2117.7783203125
2155.0	2198.0	2105.274169921875
2152.0	2199.0	2113.10888671875
2152.0	2200.0	2113.173095703125
2150.0	2195.0	2118.360595703125
2153.0	2198.0	2110.787841796875
2154.0	2200.0	2108.344482421875
2153.0	2194.0	2111.087890625
2152.0	2197.0	2113.658935546875
2152.0	2195.0	2113.679931640625
2152.0	2192.0	2113.798828125
2151.0	2198.0	2116.40869140625
2152.0	2196.0	2113.982421875
2152.0	2190.0	2114.02685546875
2153.0	2198.0	2111.559814453125
2153.0	2209.0	2111.740966796875
2150.0	2210.0	2119.43701171875
2152.0	2208.0	2114.48095703125
2153.0	2209.0	2112.022705078125
2152.0	2208.0	2114.6220703125
2153.0	2208.0	2112.1240234375
2156.0	2210.0	2104.6103515625
2151.0	2208.0	2117.31396484375
2153.0	2214.0	2112.2978515625
2151.0	2208.0	2117.455322265625
2152.0	2210.0	2114.958984375
2153.0	2209.0	2112.393798828125
2152.0	2210.0	2115.000244140625
2152.0	2207.0	2114.955810546875
2153.0	2209.0	2112.4658203125
2151.0	2207.0	2117.59423828125
2151.0	2209.0	2117.599609375
2152.0	2206.0	2115.039794921875
2152.0	2209.0	2115.073486328125
2152.0	2210.0	2115.158447265625
2151.0	2230.0	2117.73974609375
2152.0	2212.0	2115.111328125
2153.0	2212.0	2112.568603515625
2154.0	2213.0	2109.968994140625
2152.0	2210.0	2115.078857421875
2153.0	2207.0	2112.494140625
2151.0	2210.0	2117.665771484375
2156.0	2210.0	2105.004638671875
2153.0	2209.0	2112.599609375
2144.0	2209.0	2134.863037109375
2142.0	2211.0	2138.961181640625
2144.0	2208.0	2132.993408203125
2142.0	2210.0	2137.13525390625
2143.0	2209.0	2133.781982421875
2143.0	2208.0	2133.01025390625
2145.0	2207.0	2127.175048828125
2144.0	2207.0	2129.050537109375
2143.0	2208.0	2130.93603515625
2145.0	2213.0	2125.240478515625
2143.0	2211.0	2129.895751953125
2142.0	2198.0	2131.933349609375
2145.0	2198.0	2123.76318359375
2143.0	2196.0	2128.375732421875
2144.0	2196.0	2125.378662109375
2145.0	2196.0	2122.30419921875
2143.0	2193.0	2126.987060546875
2143.0	2196.0	2126.601806640625
2145.0	2195.0	2121.19580078125
2147.0	2196.0	2115.76220703125
2143.0	2196.0	2125.553466796875
2143.0	2195.0	2125.184814453125
2143.0	2197.0	2124.906982421875
2143.0	2196.0	2124.605224609375
2145.0	2199.0	2119.190673828125
2144.0	2196.0	2121.462890625
2132.0	2196.0	2150.60498046875
2133.0	2202.0	2146.80908203125
2134.0	2196.0	2143.095458984375
2133.0	2195.0	2144.476318359375
2132.0	2195.0	2146.004150390625
2133.0	2198.0	2142.37060546875
2135.0	2195.0	2136.345703125
2134.0	2195.0	2137.93017578125
2136.0	2197.0	2132.026611328125
2132.0	2194.0	2141.3828125
2133.0	2197.0	2138.064453125
2133.0	2197.0	2137.341796875
2145.0	2193.0	2106.639404296875
2143.0	2200.0	2112.186767578125
2144.0	2197.0	2110.0400390625
2143.0	2192.0	2112.907470703125
2163.0	2194.0	2062.95654296875
2153.0	2196.0	2089.7333984375
2153.0	2195.0	2090.943603515625
2152.0	2197.0	2094.461669921875
2153.0	2196.0	2093.03759765625
2152.0	2196.0	2096.74658203125
2154.0	2194.0	2092.750732421875
2149.0	2196.0	2106.483642578125
2152.0	2197.0	2099.731201171875
2152.0	2196.0	2100.55126953125
2151.0	2183.0	2103.8544921875
2155.0	2183.0	2094.4375
2152.0	2182.0	2102.728515625
2152.0	2182.0	2103.38330078125
2153.0	2184.0	2101.517822265625
2151.0	2193.0	2107.15087890625
2154.0	2199.0	2100.08544921875
2149.0	2196.0	2113.316650390625
2166.0	2197.0	2071.2001953125
2161.0	2197.0	2085.548583984375
2161.0	2194.0	2086.90966796875
2164.0	2195.0	2080.605224609375
2162.0	2196.0	2086.9599609375
2164.0	2198.0	2083.18212890625
2166.0	2195.0	2079.125732421875
2163.0	2196.0	2087.841552734375
2163.0	2196.0	2088.96484375
2162.0	2195.0	2092.486083984375
2161.0	2195.0	2095.907470703125
2164.0	2197.0	2089.204345703125
2164.0	2200.0	2090.084716796875
2166.0	2196.0	2085.752685546875
2163.0	2199.0	2094.08642578125
2164.0	2200.0	2092.24365234375
2163.0	2195.0	2095.474609375
2164.0	2194.0	2093.61083984375
2162.0	2197.0	2099.29150390625
2164.0	2193.0	2094.7431640625
2164.0	2211.0	2095.25634765625
2163.0	2209.0	2098.26806640625
2163.0	2211.0	2098.80517578125
2162.0	2208.0	2101.811279296875
2164.0	2208.0	2097.1474609375
2162.0	2208.0	2102.669921875
2153.0	2205.0	2125.300537109375
2153.0	2208.0	2124.583984375
2154.0	2208.0	2121.28125
2152.0	2214.0	2125.675048828125
2152.0	2208.0	2125.16064453125
2152.0	2210.0	2124.55029296875
2152.0	2208.0	2124.081298828125
2153.0	2209.0	2120.98095703125
2153.0	2210.0	2120.376708984375
2153.0	2209.0	2119.962890625
2153.0	2202.0	2119.586181640625
2152.0	2208.0	2121.755859375
2153.0	2211.0	2118.758056640625
2144.0	2207.0	2140.425537109375
2144.0	2210.0	2139.074951171875
2146.0	2209.0	2132.740966796875
2143.0	2209.0	2139.073974609375
2146.0	2213.0	2130.290283203125
2141.0	2207.0	2141.938232421875
2143.0	2208.0	2135.803955078125
2132.0	2208.0	2162.132568359375
2132.0	2210.0	2160.170654296875
2134.0	2209.0	2153.19384765625
2134.0	2208.0	2151.5927734375
2155.0	2211.0	2096.499267578125
2140.0	2195.0	2133.21435546875
2132.0	2194.0	2152.00244140625
2133.0	2194.0	2148.069091796875
2134.0	2197.0	2144.173828125
2134.0	2195.0	2142.9267578125
2130.0	2196.0	2151.916748046875
2133.0	2203.0	2143.19677734375
2132.0	2197.0	2144.57958984375
2124.0	2196.0	2163.080322265625
2124.0	2193.0	2161.2294921875
2124.0	2194.0	2159.376953125
2125.0	2196.0	2155.14501953125
2126.0	2196.0	2151.06640625
2123.0	2200.0	2157.163330078125
2126.0	2196.0	2148.08544921875
2121.0	2196.0	2159.530517578125
2111.0	2193.0	2183.742919921875
2122.0	2196.0	2154.53466796875
2114.0	2196.0	2173.717529296875
2114.0	2196.0	2171.59228515625
2113.0	2197.0	2172.00830078125
2116.0	2197.0	2162.4169921875
2114.0	2197.0	2165.733154296875
2113.0	2203.0	2166.50244140625
2125.0	2196.0	2134.404052734375
2112.0	2195.0	2165.88525390625
2116.0	2201.0	2154.275634765625
2112.0	2196.0	2163.05126953125
2114.0	2197.0	2156.622314453125
2114.0	2196.0	2155.384521484375
2112.0	2195.0	2159.2978515625
2122.0	2196.0	2132.751220703125
2115.0	2198.0	2149.614013671875
2124.0	2196.0	2125.92333984375
2124.0	2198.0	2126.026123046875
2126.0	2195.0	2121.06787109375
2123.0	2193.0	2128.920166015625
2123.0	2198.0	2128.975341796875
2125.0	2199.0	2123.93798828125
2126.0	2196.0	2121.54833984375
2123.0	2201.0	2129.301025390625
2122.0	2197.0	2131.88037109375
2116.0	2196.0	2147.341552734375
2135.0	2195.0	2099.939208984375
2133.0	2195.0	2106.10986328125
2134.0	2196.0	2104.51708984375
2133.0	2195.0	2107.969970703125
2132.0	2198.0	2111.457763671875
2130.0	2197.0	2117.41796875
2133.0	2197.0	2110.597412109375
2133.0	2215.0	2111.44140625
2134.0	2197.0	2109.574462890625
2134.0	2198.0	2110.24658203125
2132.0	2197.0	2116.034912109375
2143.0	2188.0	2089.07666015625
2153.0	2196.0	2065.30908203125
2144.0	2197.0	2089.793701171875
2144.0	2195.0	2091.2958984375
2143.0	2196.0	2095.261962890625
2144.0	2197.0	2094.045166015625
2145.0	2196.0	2092.769775390625
2146.0	2190.0	2091.425537109375
2153.0	2196.0	2075.55126953125
2153.0	2209.0	2077.609375
2154.0	2210.0	2076.99267578125
2153.0	2210.0	2081.342529296875
2153.0	2211.0	2083.082763671875
2152.0	2207.0	2087.341552734375
2153.0	2212.0	2086.37646484375
2155.0	2209.0	2082.792724609375
2152.0	2200.0	2091.843017578125
2155.0	2210.0	2085.460205078125
2151.0	2211.0	2096.89599609375
2152.0	2207.0	2095.54345703125
2153.0	2207.0	2094.12451171875
2153.0	2209.0	2095.1796875
2151.0	2210.0	2101.17236328125
2153.0	2208.0	2096.94189453125
2151.0	2207.0	2102.902099609375
2152.0	2197.0	2101.31103515625
2163.0	2196.0	2075.065673828125
2163.0	2195.0	2076.8583984375
2165.0	2194.0	2073.371337890625
2165.0	2195.0	2075.02001953125
2162.0	2195.0	2084.208251953125
2165.0	2199.0	2078.00634765625
2162.0	2195.0	2087.0712890625
2163.0	2197.0	2085.856201171875
2165.0	2197.0	2081.97998046875
2162.0	2199.0	2090.766357421875
2164.0	2195.0	2086.77490234375
2162.0	2183.0	2092.848388671875
2164.0	2186.0	2088.7724609375
2161.0	2185.0	2097.37158203125
2162.0	2182.0	2095.677734375
2162.0	2181.0	2096.5126953125
2163.0	2184.0	2094.774169921875
2164.0	2173.0	2092.927001953125
2166.0	2182.0	2088.470703125
2163.0	2190.0	2096.739990234375
2175.0	2182.0	2066.80615234375
2162.0	2182.0	2100.3974609375
2162.0	2187.0	2100.889404296875
2163.0	2184.0	2098.772216796875
2160.0	2182.0	2106.75146484375
2165.0	2182.0	2094.527587890625
2161.0	2184.0	2105.17822265625
2168.0	2185.0	2087.8046875
2162.0	2183.0	2103.376708984375
2162.0	2176.0	2103.739013671875
2153.0	2170.0	2126.534423828125
2152.0	2171.0	2128.28662109375
2152.0	2170.0	2127.598876953125
2152.0	2171.0	2126.962890625
2153.0	2169.0	2123.751953125
2154.0	2169.0	2120.658935546875
2154.0	2171.0	2120.08740234375
2151.0	2172.0	2127.120361328125
2152.0	2169.0	2124.10986328125
2151.0	2170.0	2126.156982421875
2154.0	2172.0	2118.052001953125
2151.0	2172.0	2125.333740234375
2142.0	2171.0	2147.541015625
2145.0	2174.0	2138.523681640625
2145.0	2171.0	2137.282958984375
2115.0	2170.0	2212.346923828125
2143.0	2170.0	2139.867431640625
2142.0	2169.0	2141.28759765625
2145.0	2171.0	2132.608642578125
2143.0	2171.0	2136.688720703125
2145.0	2161.0	2130.591796875
2149.0	2155.0	2119.57177734375
2142.0	2157.0	2136.639892578125
2142.0	2156.0	2135.844970703125
2143.0	2155.0	2132.513916015625
2142.0	2157.0	2134.35791015625
2144.0	2158.0	2128.588134765625
2145.0	2154.0	2125.40380859375
2147.0	2156.0	2119.66455078125
2144.0	2157.0	2126.787353515625
2144.0	2166.0	2126.15087890625
2137.0	2145.0	2143.5439453125
2144.0	2145.0	2125.281982421875
2142.0	2145.0	2129.92724609375
2146.0	2144.0	2119.273681640625
2142.0	2144.0	2128.9990234375
2145.0	2143.0	2121.00634765625
2146.0	2145.0	2118.091064453125
2157.0	2145.0	2089.7724609375
2143.0	2145.0	2125.0986328125
2143.0	2150.0	2124.7978515625
2143.0	2144.0	2124.450439453125
2144.0	2146.0	2121.5986328125
2154.0	2145.0	2096.408203125
2154.0	2132.0	2097.138427734375
2151.0	2132.0	2105.42724609375
2135.0	2131.0	2146.7529296875
2152.0	2131.0	2104.11767578125
2152.0	2131.0	2104.767822265625
2152.0	2131.0	2105.352783203125
2152.0	2129.0	2105.913330078125
2153.0	2134.0	2103.851318359375
2152.0	2130.0	2106.781982421875
2153.0	2131.0	2104.67431640625
2152.0	2132.0	2107.751708984375
2147.0	2131.0	2120.7958984375
2154.0	2130.0	2103.329833984375
2151.0	2131.0	2111.301513671875
2151.0	2129.0	2111.63232421875
2153.0	2132.0	2106.886474609375
2152.0	2130.0	2109.763427734375
2153.0	2135.0	2107.47900390625
2152.0	2131.0	2110.210693359375
2152.0	2130.0	2110.441650390625
2152.0	2127.0	2110.683837890625
2152.0	2129.0	2110.888427734375
2166.0	2131.0	2075.443115234375
2162.0	2131.0	2086.87255859375
2163.0	2130.0	2085.549072265625
2165.0	2133.0	2081.594970703125
2162.0	2132.0	2090.393798828125
2162.0	2135.0	2091.494384765625
2162.0	2132.0	2092.50927734375
2161.0	2131.0	2095.968994140625
2161.0	2132.0	2096.7353515625
2163.0	2129.0	2092.48193359375
2158.0	2131.0	2105.9521484375
2166.0	2130.0	2086.311767578125
2163.0	2129.0	2094.62646484375
2161.0	2130.0	2100.37353515625
2163.0	2129.0	2095.88671875
2163.0	2129.0	2096.404296875
2162.0	2131.0	2099.480712890625
2163.0	2132.0	2097.548583984375
2163.0	2131.0	2098.01416015625
2162.0	2135.0	2101.014404296875
2157.0	2132.0	2114.219970703125
2164.0	2131.0	2096.8046875
2162.0	2131.0	2102.294921875
2163.0	2130.0	2100.04833984375
2165.0	2131.0	2095.18994140625
2158.0	2131.0	2113.39501953125
2162.0	2132.0	2103.50830078125
2166.0	2129.0	2093.635009765625
2162.0	2134.0	2104.0556640625
2162.0	2130.0	2104.361083984375
2163.0	2131.0	2102.08447265625
2165.0	2131.0	2097.161376953125
2163.0	2133.0	2102.481689453125
2164.0	2126.0	2100.100341796875
2161.0	2131.0	2107.9013671875
2163.0	2131.0	2103.002685546875
2162.0	2128.0	2105.795654296875
2161.0	2132.0	2108.57080078125
2163.0	2131.0	2103.607666015625
2162.0	2131.0	2106.2119140625
2162.0	2132.0	2106.353759765625
2162.0	2130.0	2106.5078125
2153.0	2132.0	2129.499267578125
2152.0	2130.0	2131.013671875
2153.0	2129.0	2127.540771484375
2154.0	2131.0	2124.093505859375
2151.0	2131.0	2131.00341796875
2153.0	2133.0	2125.107177734375
2165.0	2130.0	2093.768798828125
2153.0	2131.0	2123.596923828125
2150.0	2129.0	2130.54638671875
2151.0	2129.0	2127.312744140625
2154.0	2131.0	2119.0224609375
2152.0	2129.0	2123.5205078125
2154.0	2129.0	2117.86962890625
2157.0	2131.0	2109.768310546875
2152.0	2129.0	2121.958740234375
2152.0	2134.0	2121.43994140625
2153.0	2132.0	2118.450927734375
2151.0	2130.0	2123.090576171875
2153.0	2131.0	2117.617431640625
2152.0	2124.0	2119.7568359375
2145.0	2130.0	2136.37109375
2140.0	2129.0	2147.81787109375
2144.0	2132.0	2136.43994140625
2143.0	2133.0	2137.7646484375
2145.0	2133.0	2131.578125
2142.0	2131.0	2138.113525390625
2143.0	2131.0	2134.603515625
2149.0	2130.0	2118.484130859375
2143.0	2131.0	2132.873779296875
2142.0	2147.0	2134.590087890625
2132.0	2131.0	2158.810546875
2134.0	2131.0	2151.8720703125
2133.0	2131.0	2152.7080078125
2132.0	2128.0	2153.646240234375
2137.0	2133.0	2139.313232421875
2132.0	2132.0	2150.539794921875
2137.0	2127.0	2136.533447265625
2131.0	2131.0	2150.353759765625
2135.0	2131.0	2138.7529296875
2133.0	2130.0	2142.642333984375
2135.0	2133.0	2136.38037109375
2138.0	2132.0	2127.695556640625
2133.0	2131.0	2139.39208984375
2134.0	2127.0	2135.876220703125
2135.0	2130.0	2132.472900390625
2132.0	2131.0	2139.25146484375
2133.0	2129.0	2135.982177734375
2132.0	2133.0	2137.756591796875
2136.0	2131.0	2126.861572265625
2134.0	2131.0	2131.267333984375
2132.0	2130.0	2135.71240234375
2143.0	2132.0	2107.817626953125
2143.0	2146.0	2108.307861328125
2145.0	2144.0	2103.69287109375
2143.0	2144.0	2109.268798828125
2141.0	2145.0	2114.831298828125
2144.0	2144.0	2107.618408203125
2143.0	2140.0	2110.5712890625
2142.0	2144.0	2113.478759765625
2153.0	2145.0	2085.97509765625
2153.0	2145.0	2087.311767578125
2152.0	2148.0	2091.05029296875
2152.0	2145.0	2092.34716796875
2154.0	2145.0	2088.369140625
2149.0	2143.0	2102.270751953125
2150.0	2146.0	2100.486328125
2151.0	2143.0	2098.884033203125
2152.0	2145.0	2097.25537109375
2152.0	2145.0	2097.979248046875
2154.0	2144.0	2093.687744140625
2153.0	2143.0	2097.01904296875
2152.0	2143.0	2100.31396484375
2152.0	2144.0	2100.966796875
2154.0	2144.0	2096.505126953125
2154.0	2146.0	2097.1162109375
2152.0	2146.0	2102.72314453125
2156.0	2145.0	2093.08056640625
2151.0	2145.0	2106.279296875
2152.0	2146.0	2104.26025390625
2152.0	2144.0	2104.74658203125
2153.0	2145.0	2102.619873046875
2151.0	2144.0	2108.11083984375
2153.0	2143.0	2103.376953125
2152.0	2147.0	2106.40380859375
2152.0	2146.0	2106.759033203125
2153.0	2146.0	2104.538818359375
2153.0	2143.0	2104.829345703125
2151.0	2145.0	2110.2333984375
2154.0	2144.0	2102.901611328125
2152.0	2144.0	2108.1865234375
2152.0	2144.0	2108.447998046875
2152.0	2146.0	2108.63818359375
2152.0	2150.0	2108.808349609375
2150.0	2145.0	2114.082275390625
2153.0	2143.0	2106.722412109375
2152.0	2144.0	2109.449951171875
2152.0	2146.0	2109.53515625
2154.0	2151.0	2104.59423828125
2152.0	2144.0	2109.8994140625
2144.0	2149.0	2130.14111328125
2143.0	2144.0	2131.8828125
2144.0	2144.0	2128.56005859375
2143.0	2143.0	2130.3916015625
2132.0	2146.0	2157.532958984375
2134.0	2144.0	2150.675537109375
2134.0	2145.0	2148.990234375
2132.0	2152.0	2152.478759765625
2131.0	2145.0	2153.506591796875
2134.0	2143.0	2144.445556640625
2133.0	2147.0	2145.638671875
2133.0	2147.0	2144.324462890625
2130.0	2145.0	2150.716552734375
2132.0	2147.0	2144.4775390625
2132.0	2143.0	2143.16943359375
2134.0	2147.0	2137.049072265625
2133.0	2147.0	2138.61865234375
2134.0	2144.0	2135.108642578125
2132.0	2150.0	2139.4013671875
2137.0	2146.0	2125.890625
2134.0	2145.0	2132.760498046875
2132.0	2130.0	2137.125732421875
2133.0	2132.0	2133.8583984375
2134.0	2132.0	2130.661865234375
2132.0	2131.0	2135.1611328125
2133.0	2130.0	2132.151611328125
2140.0	2130.0	2113.751220703125
2134.0	2130.0	2128.5283203125
2133.0	2130.0	2130.62890625
2136.0	2130.0	2122.53759765625
2132.0	2130.0	2132.292236328125
2134.0	2130.0	2126.80126953125
2133.0	2126.0	2128.926513671875
2134.0	2131.0	2126.050048828125
2135.0	2131.0	2123.17919921875
2133.0	2116.0	2127.99072265625
2132.0	2118.0	2130.197998046875
2136.0	2118.0	2119.72509765625
2135.0	2117.0	2122.023193359375
2133.0	2118.0	2126.913330078125
2131.0	2118.0	2131.796142578125
2133.0	2118.0	2126.513916015625
2133.0	2117.0	2126.311767578125
2132.0	2118.0	2128.611083984375
2134.0	2117.0	2123.34912109375
2133.0	2119.0	2125.685302734375
2131.0	2121.0	2130.6904296875
2131.0	2117.0	2130.508056640625
2134.0	2119.0	2122.650634765625
2134.0	2116.0	2122.56005859375
2132.0	2115.0	2127.51611328125
2135.0	2117.0	2119.792236328125
2132.0	2121.0	2127.27685546875
2135.0	2115.0	2119.51806640625
2132.0	2119.0	2126.978515625
2134.0	2117.0	2121.813720703125
2132.0	2118.0	2126.7333984375
2135.0	2118.0	2118.92236328125
2133.0	2117.0	2123.95166015625
2133.0	2119.0	2123.842041015625
2133.0	2123.0	2123.85107421875
2131.0	2119.0	2128.85107421875
2132.0	2118.0	2126.153564453125
2134.0	2116.0	2121.06689453125
2133.0	2121.0	2123.5224609375
2138.0	2118.0	2110.741943359375
2132.0	2120.0	2125.9541015625
2135.0	2114.0	2118.254638671875
2133.0	2118.0	2123.326171875
2133.0	2107.0	2123.32470703125
2134.0	2108.0	2120.70556640625
2133.0	2109.0	2123.257568359375
2141.0	2104.0	2102.966064453125
2133.0	2106.0	2123.23974609375
2132.0	2113.0	2125.857421875
2144.0	2102.0	2096.131591796875
2142.0	2104.0	2102.319580078125
2145.0	2104.0	2095.682861328125
2143.0	2107.0	2101.7236328125
2142.0	2104.0	2105.115966796875
2142.0	2105.0	2105.96826171875
2144.0	2104.0	2101.696533203125
2142.0	2106.0	2107.6435546875
2144.0	2103.0	2103.271728515625
2143.0	2105.0	2106.578857421875
2151.0	2104.0	2086.933837890625
2151.0	2105.0	2088.60791015625
2152.0	2106.0	2087.513427734375
2151.0	2104.0	2091.513427734375
2154.0	2106.0	2085.22412109375
2157.0	2105.0	2078.880615234375
2154.0	2105.0	2087.72119140625
2151.0	2117.0	2096.475341796875
2153.0	2108.0	2092.489013671875
2152.0	2104.0	2096.0400390625
2153.0	2106.0	2094.48876953125
2152.0	2098.0	2097.904296875
2163.0	2103.0	2070.80126953125
2153.0	2105.0	2097.0693359375
2152.0	2104.0	2100.47216796875
2152.0	2103.0	2101.2138671875
2154.0	2081.0	2096.822021484375
2151.0	2104.0	2105.15087890625
2151.0	2112.0	2105.73583984375
2148.0	2107.0	2113.947509765625
2153.0	2105.0	2101.7705078125
2153.0	2106.0	2102.28125
2152.0	2109.0	2105.346435546875
2152.0	2106.0	2105.737548828125
2153.0	2104.0	2103.6767578125
2154.0	2108.0	2101.506591796875
2149.0	2104.0	2114.670654296875
2151.0	2106.0	2109.93310546875
2152.0	2105.0	2107.753662109375
2152.0	2106.0	2108.078369140625
2153.0	2104.0	2105.759521484375
2143.0	2104.0	2130.540283203125
2143.0	2120.0	2129.878662109375
2142.0	2105.0	2131.78076171875
2133.0	2107.0	2154.13671875
2132.0	2105.0	2155.030029296875
2132.0	2106.0	2153.39697265625
2132.0	2108.0	2151.8583984375
2133.0	2106.0	2147.942138671875
2130.0	2107.0	2154.259765625
2132.0	2104.0	2147.913330078125
2134.0	2105.0	2141.680419921875
2134.0	2109.0	2140.5
2127.0	2109.0	2157.131103515625
2126.0	2103.0	2157.67626953125
2123.0	2106.0	2163.41845703125
2124.0	2106.0	2159.146240234375
2123.0	2102.0	2159.937255859375
2122.0	2105.0	2160.91357421875
2123.0	2105.0	2156.8515625
2122.0	2099.0	2157.98681640625
2120.0	2105.0	2161.676025390625
2123.0	2106.0	2152.7958984375
2121.0	2104.0	2156.7109375
2123.0	2110.0	2150.446044921875
2125.0	2108.0	2144.3125
2123.0	2106.0	2148.407958984375
2125.0	2105.0	2142.431884765625
2124.0	2107.0	2144.081787109375
2126.0	2105.0	2138.12353515625
2125.0	2105.0	2139.769775390625
2124.0	2105.0	2141.540771484375
2124.0	2105.0	2140.852783203125
2123.0	2105.0	2142.671875
2124.0	2108.0	2139.622802734375
2122.0	2107.0	2144.1357421875
2124.0	2106.0	2138.4716796875
2125.0	2105.0	2135.416748046875
2123.0	2107.0	2139.96337890625
2124.0	2104.0	2136.930419921875
2123.0	2106.0	2138.94482421875
2124.0	2115.0	2135.881591796875
2122.0	2104.0	2140.6044921875
2125.0	2104.0	2132.57470703125
2127.0	2105.0	2127.193603515625
2125.0	2102.0	2131.957275390625
2131.0	2106.0	2116.3330078125
2132.0	2106.0	2114.53173828125
2132.0	2105.0	2115.26953125
2134.0	2120.0	2110.737548828125
2136.0	2118.0	2106.219482421875
2134.0	2118.0	2111.835693359375
2133.0	2117.0	2114.887939453125
2132.0	2119.0	2117.902099609375
2133.0	2118.0	2115.825927734375
2136.0	2117.0	2108.665283203125
2132.0	2119.0	2119.305908203125
2134.0	2119.0	2114.649169921875
2133.0	2119.0	2117.57080078125
2133.0	2117.0	2117.925537109375
2127.0	2119.0	2133.476806640625
2133.0	2116.0	2118.5615234375
2134.0	2117.0	2116.390869140625
2142.0	2116.0	2097.0009765625
2141.0	2118.0	2100.986572265625
2144.0	2118.0	2094.580078125
2143.0	2117.0	2098.426513671875
2142.0	2117.0	2102.14111328125
2144.0	2117.0	2098.2265625
2144.0	2118.0	2099.203857421875
2144.0	2120.0	2100.170654296875
2156.0	2115.0	2070.9521484375
2152.0	2118.0	2083.06787109375
2154.0	2115.0	2079.864501953125
2153.0	2120.0	2084.001953125
2155.0	2118.0	2080.474853515625
2152.0	2119.0	2089.677490234375
2153.0	2121.0	2088.5009765625
2155.0	2119.0	2084.71728515625
2152.0	2118.0	2093.561767578125
2152.0	2132.0	2094.804443359375
2153.0	2120.0	2093.34033203125
2154.0	2118.0	2091.850341796875
2155.0	2119.0	2090.400634765625
2152.0	2124.0	2098.946044921875
2150.0	2119.0	2104.98291015625
2154.0	2117.0	2095.679931640625
2153.0	2118.0	2099.021484375
2152.0	2116.0	2102.349853515625
2155.0	2119.0	2095.408203125
2153.0	2118.0	2101.17919921875
2152.0	2120.0	2104.321044921875
2158.0	2117.0	2089.65771484375
2152.0	2117.0	2105.440673828125
2150.0	2134.0	2111.148681640625
2155.0	2119.0	2098.92236328125
2152.0	2118.0	2107.05908203125
2154.0	2118.0	2102.395263671875
2152.0	2110.0	2107.89208984375
2153.0	2117.0	2105.898681640625
2154.0	2115.0	2103.713134765625
2153.0	2117.0	2106.645263671875
2154.0	2118.0	2104.494384765625
2154.0	2118.0	2104.799072265625
2154.0	2118.0	2105.0830078125
2151.0	2118.0	2112.941650390625
2157.0	2118.0	2097.89892578125
2153.0	2118.0	2108.34912109375
2151.0	2112.0	2113.692138671875
2152.0	2118.0	2111.46484375
2119.0	2117.0	2195.619140625
2154.0	2117.0	2106.728271484375
2151.0	2119.0	2114.53759765625
2141.0	2117.0	2140.14404296875
2155.0	2120.0	2104.643310546875
2153.0	2115.0	2109.893798828125
2153.0	2121.0	2110.091552734375
2153.0	2120.0	2110.268798828125
2144.0	2116.0	2132.4716796875
2145.0	2116.0	2129.090087890625
2144.0	2119.0	2130.8759765625
2142.0	2118.0	2135.18505859375
2145.0	2119.0	2126.806640625
2131.0	2118.0	2161.537353515625
2133.0	2118.0	2154.73388671875
2133.0	2118.0	2153.112548828125
2132.0	2120.0	2154.131591796875
2131.0	2120.0	2155.16796875
2132.0	2119.0	2151.252197265625
2133.0	2118.0	2147.371826171875
2133.0	2118.0	2146.1845703125
2133.0	2120.0	2145.087158203125
2133.0	2117.0	2143.946044921875
2135.0	2119.0	2137.849853515625
2133.0	2119.0	2141.980712890625
2135.0	2119.0	2136.001220703125
2133.0	2116.0	2140.291748046875
2132.0	2116.0	2142.012451171875
2135.0	2118.0	2133.6796875
2134.0	2118.0	2135.453125
2135.0	2126.0	2132.192626953125
2119.0	2119.0	2172.14111328125
2124.0	2117.0	2157.770263671875
2125.0	2118.0	2153.7138671875
2124.0	2118.0	2154.756591796875
2125.0	2118.0	2150.845703125
2124.0	2118.0	2152.119140625
2125.0	2117.0	2148.376220703125
2123.0	2117.0	2152.343017578125
2124.0	2117.0	2148.759765625
2125.0	2119.0	2145.165771484375
2124.0	2121.0	2146.70556640625
2125.0	2118.0	2143.27734375
2125.0	2118.0	2142.397216796875
2124.0	2125.0	2144.088623046875
2138.0	2117.0	2107.846923828125
2125.0	2118.0	2140.26708984375
2123.0	2116.0	2144.697265625
2125.0	2121.0	2138.974365234375
2125.0	2119.0	2138.348388671875
2125.0	2118.0	2137.79248046875
2123.0	2113.0	2142.305908203125
2122.0	2119.0	2144.27880859375
2123.0	2117.0	2141.273681640625
2125.0	2117.0	2135.731201171875
2122.0	2119.0	2142.9580078125
2123.0	2118.0	2139.964111328125
2124.0	2118.0	2137.094970703125
2125.0	2122.0	2134.163818359375
2123.0	2116.0	2138.806640625
2123.0	2117.0	2138.407958984375
2123.0	2118.0	2138.169189453125
2124.0	2116.0	2135.36181640625
2125.0	2120.0	2132.531005859375
2124.0	2117.0	2134.78515625
2124.0	2112.0	2134.659912109375
2123.0	2115.0	2137.05517578125
2125.0	2121.0	2131.837890625
2124.0	2117.0	2134.190185546875
2118.0	2115.0	2149.342529296875
2133.0	2118.0	2110.961181640625
2134.0	2116.0	2109.291259765625
2133.0	2122.0	2112.59912109375
2132.0	2119.0	2115.89501953125
2133.0	2119.0	2114.0302734375
2132.0	2116.0	2117.24755859375
2132.0	2119.0	2117.938720703125
2132.0	2117.0	2118.551025390625
2132.0	2119.0	2119.084716796875
2134.0	2133.0	2114.568115234375
2134.0	2117.0	2115.070556640625
2134.0	2116.0	2115.54296875
2134.0	2120.0	2116.011962890625
2133.0	2122.0	2119.05810546875
2135.0	2117.0	2114.4638671875
2133.0	2118.0	2119.869384765625
2133.0	2126.0	2120.249267578125
2134.0	2116.0	2118.07080078125
2133.0	2119.0	2121.01171875
2132.0	2118.0	2123.947021484375
2132.0	2119.0	2124.23291015625
2136.0	2119.0	2114.354248046875
2133.0	2117.0	2122.438720703125
2132.0	2118.0	2125.28271484375
2143.0	2117.0	2097.537841796875
2141.0	2118.0	2103.9755859375
2142.0	2119.0	2102.671630859375
2143.0	2122.0	2101.314208984375
2142.0	2118.0	2105.052734375
2143.0	2118.0	2103.584228515625
2143.0	2117.0	2104.6279296875
2143.0	2117.0	2105.610595703125
2153.0	2118.0	2081.9111328125
2153.0	2116.0	2083.71630859375
2153.0	2112.0	2085.348876953125
2151.0	2118.0	2092.070068359375
2155.0	2118.0	2083.446044921875
2154.0	2118.0	2087.450927734375
2154.0	2116.0	2088.798583984375
2153.0	2117.0	2092.639404296875
2153.0	2119.0	2093.868408203125
2153.0	2118.0	2095.041015625
2153.0	2120.0	2096.10205078125
2152.0	2117.0	2099.739013671875
2154.0	2119.0	2095.696044921875
2153.0	2119.0	2099.193115234375
2155.0	2120.0	2094.962158203125
2152.0	2119.0	2103.43408203125
2152.0	2117.0	2104.242431640625
2153.0	2117.0	2102.44287109375
2152.0	2120.0	2105.64453125
2154.0	2118.0	2101.236328125
2152.0	2123.0	2106.95263671875
2149.0	2119.0	2115.177490234375
2152.0	2118.0	2108.086669921875
2152.0	2117.0	2108.631103515625
2153.0	2119.0	2106.595703125
2152.0	2131.0	2109.730224609375
2151.0	2133.0	2112.714111328125
2152.0	2129.0	2110.62646484375
2153.0	2132.0	2108.47802734375
2150.0	2132.0	2116.473388671875
2153.0	2130.0	2109.152099609375
2153.0	2128.0	2109.53955078125
2155.0	2132.0	2104.79443359375
2152.0	2129.0	2112.842041015625
2143.0	2127.0	2135.2529296875
2142.0	2132.0	2137.052490234375
2142.0	2132.0	2136.379150390625
2143.0	2133.0	2133.197265625
2143.0	2132.0	2132.62548828125
2143.0	2131.0	2132.1162109375
2144.0	2132.0	2129.029052734375
2142.0	2132.0	2133.5888671875
2132.0	2131.0	2158.15087890625
2134.0	2131.0	2151.514404296875
2134.0	2131.0	2150.076416015625
2133.0	2137.0	2151.257080078125
2131.0	2131.0	2155.051513671875
2131.0	2133.0	2153.853759765625
2132.0	2147.0	2150.12939453125
2133.0	2144.0	2146.517822265625
2136.0	2144.0	2137.8212890625
2135.0	2144.0	2139.38525390625
2134.0	2145.0	2141.034912109375
2132.0	2146.0	2145.22705078125
2134.0	2145.0	2139.39306640625
2132.0	2147.0	2143.65234375
2133.0	2147.0	2140.4580078125
2136.0	2144.0	2132.184326171875
2133.0	2145.0	2139.337158203125
2133.0	2146.0	2138.718994140625
2133.0	2145.0	2138.142822265625
2135.0	2145.0	2132.54248046875
2135.0	2144.0	2131.997314453125
2134.0	2139.0	2134.108154296875
2138.0	2158.0	2123.42236328125
2133.0	2156.0	2135.7822265625
2134.0	2154.0	2132.832275390625
2133.0	2158.0	2134.939453125
2137.0	2156.0	2124.39306640625
2135.0	2156.0	2129.1298828125
2133.0	2151.0	2133.887451171875
2144.0	2158.0	2106.210693359375
2142.0	2158.0	2111.9140625
2143.0	2157.0	2110.08740234375
2144.0	2159.0	2108.237548828125
2143.0	2159.0	2111.456787109375
2143.0	2157.0	2111.993408203125
2152.0	2160.0	2089.88330078125
2152.0	2158.0	2091.380859375
2150.0	2159.0	2097.904052734375
2152.0	2145.0	2094.246337890625
2153.0	2146.0	2093.032470703125
2151.0	2143.0	2099.343994140625
2123.0	2146.0	2171.744140625
2153.0	2145.0	2096.41357421875
2151.0	2146.0	2102.5341796875
2152.0	2144.0	2101.03759765625
2151.0	2145.0	2104.50830078125
2154.0	2152.0	2097.779052734375
2150.0	2146.0	2108.710205078125
2163.0	2145.0	2076.40380859375
2161.0	2144.0	2083.301513671875
2162.0	2140.0	2082.544921875
2164.0	2146.0	2079.081787109375
2163.0	2146.0	2083.142333984375
2163.0	2143.0	2084.694091796875
2162.0	2144.0	2088.64111328125
2162.0	2146.0	2090.001953125
2161.0	2144.0	2093.82763671875
2163.0	2147.0	2089.910400390625
2168.0	2145.0	2078.296142578125
2161.0	2145.0	2097.175537109375
2163.0	2139.0	2093.09375
2162.0	2144.0	2096.544677734375
2160.0	2144.0	2102.591552734375
2162.0	2142.0	2098.28076171875
2163.0	2139.0	2096.5302734375
2167.0	2144.0	2087.1884765625
2163.0	2145.0	2098.049072265625
2163.0	2143.0	2098.7822265625
2171.0	2141.0	2079.8310546875
2170.0	2145.0	2083.85888671875
2171.0	2143.0	2082.771240234375
2171.0	2154.0	2084.17431640625
2171.0	2131.0	2085.514892578125
2171.0	2130.0	2086.769287109375
2172.0	2130.0	2085.4609375
2171.0	2137.0	2089.093017578125
2172.0	2132.0	2087.604736328125
2173.0	2131.0	2086.02734375
2172.0	2130.0	2089.55029296875
2171.0	2132.0	2092.89111328125
2171.0	2130.0	2093.785400390625
2172.0	2129.0	2092.0322265625
2173.0	2133.0	2090.206787109375
2180.0	2131.0	2073.0673828125
2174.0	2131.0	2088.98095703125
2172.0	2131.0	2094.72900390625
2170.0	2143.0	2100.41796875
2175.0	2142.0	2088.204345703125
2172.0	2145.0	2096.34912109375
2173.0	2149.0	2094.247314453125
2182.0	2142.0	2071.826171875
2172.0	2144.0	2097.698974609375
2172.0	2143.0	2098.083984375
2161.0	2125.0	2126.255126953125
2163.0	2144.0	2120.482177734375
2163.0	2146.0	2119.85205078125
2165.0	2148.0	2114.227294921875
2161.0	2147.0	2123.81982421875
2162.0	2146.0	2120.69970703125
2163.0	2144.0	2117.67333984375
2162.0	2146.0	2119.68310546875
2162.0	2145.0	2119.2412109375
2163.0	2146.0	2116.245361328125
2161.0	2139.0	2120.9150390625
2162.0	2144.0	2117.968994140625
2155.0	2147.0	2134.7763671875
2151.0	2145.0	2143.513671875
2152.0	2149.0	2139.64599609375
2158.0	2146.0	2123.077392578125
2153.0	2143.0	2134.60302734375
2152.0	2144.0	2136.067626953125
2152.0	2146.0	2135.01123046875
2154.0	2142.0	2128.89794921875
2152.0	2146.0	2132.96826171875
2152.0	2147.0	2132.0732421875
2147.0	2145.0	2143.9248046875
2155.0	2143.0	2122.773681640625
2153.0	2146.0	2127.053955078125
2145.0	2156.0	2146.69482421875
2142.0	2158.0	2152.70361328125
2144.0	2155.0	2146.022216796875
2144.0	2158.0	2144.53173828125
2131.0	2159.0	2176.25927734375
2133.0	2158.0	2168.705810546875
2134.0	2166.0	2163.822021484375
2132.0	2159.0	2166.69140625
2132.0	2143.0	2164.58544921875
2133.0	2144.0	2159.987060546875
2133.0	2141.0	2158.216552734375
2132.0	2143.0	2159.006103515625
2133.0	2147.0	2154.705322265625
2132.0	2144.0	2155.688720703125
2133.0	2148.0	2151.632080078125
2135.0	2144.0	2145.126220703125
2133.0	2145.0	2148.886474609375
2132.0	2143.0	2150.142333984375
2133.0	2144.0	2146.37841796875
2134.0	2145.0	2142.62646484375
2133.0	2143.0	2144.141357421875
2132.0	2147.0	2145.723388671875
2129.0	2147.0	2152.30419921875
2131.0	2146.0	2146.25244140625
2133.0	2145.0	2140.34228515625
2133.0	2146.0	2139.4794921875
2133.0	2145.0	2138.677001953125
2134.0	2144.0	2135.439697265625
2133.0	2144.0	2137.286376953125
2132.0	2147.0	2139.137451171875
2132.0	2146.0	2138.55615234375
2132.0	2147.0	2137.8857421875
2133.0	2153.0	2134.755859375
2135.0	2143.0	2129.21142578125
2133.0	2146.0	2133.792724609375
2134.0	2144.0	2130.861328125
2128.0	2146.0	2145.666015625
2134.0	2146.0	2129.98291015625
2134.0	2143.0	2129.57275390625
2135.0	2144.0	2126.700927734375
2132.0	2144.0	2133.939208984375
2144.0	2143.0	2103.7109375
2144.0	2146.0	2104.4599609375
2144.0	2146.0	2105.1416015625
2154.0	2143.0	2080.36279296875
2152.0	2145.0	2087.113037109375
2151.0	2150.0	2091.186279296875
2151.0	2144.0	2092.644775390625
2156.0	2145.0	2081.33056640625
2152.0	2144.0	2092.781005859375
2152.0	2145.0	2093.987548828125
2158.0	2145.0	2079.938232421875
2152.0	2145.0	2096.31298828125
2152.0	2145.0	2097.528564453125
2150.0	2143.0	2103.64306640625
2153.0	2145.0	2096.95947265625
2163.0	2158.0	2072.35205078125
2164.0	2160.0	2071.79296875
2178.0	2158.0	2038.087890625
2166.0	2159.0	2070.381591796875
2162.0	2158.0	2082.21337890625
2163.0	2158.0	2081.21044921875
2162.0	2158.0	2085.271728515625
2164.0	2159.0	2081.615966796875
2163.0	2152.0	2085.250732421875
2159.0	2156.0	2096.739501953125
2163.0	2160.0	2087.716552734375
2163.0	2156.0	2088.81640625
2173.0	2160.0	2064.8369140625
2172.0	2158.0	2069.345458984375
2172.0	2157.0	2071.21630859375
2171.0	2162.0	2075.518798828125
2171.0	2156.0	2077.202880859375
2172.0	2157.0	2076.256103515625
2171.0	2156.0	2080.26611328125
2171.0	2155.0	2081.676513671875
2171.0	2157.0	2083.129150390625
2173.0	2159.0	2079.239013671875
2171.0	2157.0	2085.542236328125
2170.0	2156.0	2089.181884765625
2171.0	2158.0	2087.64404296875
2171.0	2157.0	2088.6484375
2172.0	2150.0	2087.048583984375
2176.0	2156.0	2077.69482421875
2175.0	2159.0	2081.099609375
2171.0	2163.0	2092.140380859375
2171.0	2157.0	2092.987548828125
2170.0	2160.0	2096.222412109375
2173.0	2159.0	2089.22900390625
2170.0	2160.0	2097.49609375
2171.0	2159.0	2095.521240234375
2175.0	2156.0	2085.991943359375
2173.0	2157.0	2091.6181640625
2173.0	2158.0	2092.062744140625
2172.0	2159.0	2095.069580078125
2170.0	2159.0	2100.619140625
2171.0	2163.0	2098.440673828125
2171.0	2158.0	2098.8134765625
2165.0	2158.0	2113.701904296875
2162.0	2156.0	2120.716552734375
2161.0	2159.0	2122.673095703125
2163.0	2159.0	2116.97998046875
2162.0	2158.0	2119.006103515625
2162.0	2155.0	2118.52099609375
2165.0	2159.0	2110.395751953125
2162.0	2159.0	2117.49609375
2165.0	2156.0	2109.433349609375
2162.0	2155.0	2116.62939453125
2149.0	2157.0	2148.395263671875
2155.0	2161.0	2131.67919921875
2152.0	2145.0	2137.95751953125
2151.0	2148.0	2139.24169921875
2152.0	2143.0	2135.566162109375
2152.0	2144.0	2134.377197265625
2153.0	2144.0	2130.739013671875
2153.0	2144.0	2129.715087890625
2151.0	2144.0	2133.84130859375
2152.0	2145.0	2130.303955078125
2153.0	2148.0	2126.857666015625
2153.0	2144.0	2126.036376953125
2145.0	2145.0	2144.952392578125
2142.0	2150.0	2150.85986328125
2141.0	2143.0	2151.744140625
2144.0	2144.0	2142.628173828125
2133.0	2144.0	2168.76318359375
2133.0	2144.0	2166.395751953125
2131.0	2146.0	2169.18896484375
2133.0	2143.0	2161.8330078125
2133.0	2154.0	2159.72998046875
2132.0	2146.0	2160.26708984375
2135.0	2135.0	2150.84375
2135.0	2144.0	2149.0703125
2134.0	2147.0	2150.012939453125
2135.0	2145.0	2145.81396484375
2132.0	2146.0	2151.99169921875
2132.0	2142.0	2150.707763671875
2133.0	2144.0	2146.756103515625
2132.0	2146.0	2148.05322265625
2135.0	2146.0	2139.261474609375
2134.0	2144.0	2140.68603515625
2136.0	2147.0	2134.564208984375
2133.0	2146.0	2141.12060546875
2133.0	2142.0	2140.102783203125
2134.0	2136.0	2136.642333984375
2135.0	2147.0	2133.1025390625
2133.0	2146.0	2137.364990234375
2136.0	2151.0	2128.96044921875
2146.0	2143.0	2102.82568359375
2135.0	2144.0	2130.13916015625
2133.0	2143.0	2134.596923828125
2133.0	2144.0	2133.97900390625
2132.0	2146.0	2135.873291015625
2133.0	2145.0	2132.78955078125
2134.0	2146.0	2129.697509765625
2132.0	2145.0	2134.310302734375
2145.0	2144.0	2100.85107421875
2143.0	2144.0	2106.677734375
2143.0	2145.0	2107.2626953125
2145.0	2143.0	2102.7451171875
2143.0	2143.0	2108.392333984375
2154.0	2152.0	2081.748779296875
2151.0	2143.0	2090.86865234375
2151.0	2145.0	2092.226806640625
2154.0	2145.0	2085.92822265625
2152.0	2143.0	2092.283935546875
2153.0	2145.0	2090.924560546875
2153.0	2143.0	2092.01611328125
2153.0	2145.0	2093.083740234375
2152.0	2145.0	2096.62060546875
2152.0	2157.0	2097.49169921875
2152.0	2156.0	2098.3525390625
2161.0	2161.0	2076.9326171875
2164.0	2159.0	2071.142822265625
2163.0	2159.0	2075.465087890625
2161.0	2161.0	2082.232421875
2162.0	2157.0	2081.295166015625
2162.0	2156.0	2082.79248046875
2165.0	2157.0	2076.55517578125
2162.0	2157.0	2085.4951171875
2166.0	2157.0	2076.592041015625
2161.0	2157.0	2090.52099609375
2165.0	2155.0	2081.429931640625
2172.0	2157.0	2065.5029296875
2172.0	2156.0	2067.43408203125
2172.0	2171.0	2069.197509765625
2175.0	2165.0	2063.30615234375
2184.0	2170.0	2042.0867919921875
2175.0	2170.0	2066.577880859375
2171.0	2168.0	2078.201171875
2173.0	2173.0	2074.4462890625
2172.0	2171.0	2078.385009765625
2172.0	2169.0	2079.59423828125
2173.0	2173.0	2078.29345703125
2171.0	2168.0	2084.563720703125
2174.0	2172.0	2077.98681640625
2174.0	2169.0	2078.937744140625
2171.0	2168.0	2087.473388671875
2174.0	2170.0	2080.694580078125
2172.0	2172.0	2086.572021484375
2173.0	2163.0	2084.833740234375
2169.0	2171.0	2095.828369140625
2172.0	2169.0	2088.914794921875
2172.0	2169.0	2089.62841796875
2173.0	2171.0	2087.776123046875
2173.0	2169.0	2088.36181640625
2174.0	2170.0	2086.426025390625
2172.0	2170.0	2092.038330078125
2170.0	2169.0	2097.6552734375
2171.0	2170.0	2095.52099609375
2173.0	2172.0	2090.861572265625
2172.0	2169.0	2093.783203125
2174.0	2171.0	2089.030517578125
2173.0	2170.0	2091.9423828125
2174.0	2175.0	2089.83447265625
2172.0	2158.0	2095.2421875
2173.0	2158.0	2093.01416015625
2173.0	2157.0	2093.28173828125
2175.0	2162.0	2088.486083984375
2176.0	2160.0	2086.248779296875
2171.0	2158.0	2099.20849609375
2171.0	2170.0	2099.43798828125
2172.0	2158.0	2097.117431640625
2163.0	2158.0	2119.9912109375
2179.0	2159.0	2078.39013671875
2163.0	2160.0	2118.361083984375
2162.0	2145.0	2120.144775390625
2162.0	2145.0	2119.39111328125
2162.0	2146.0	2118.69384765625
2175.0	2146.0	2084.976806640625
2164.0	2145.0	2112.3623046875
2165.0	2143.0	2109.198486328125
2162.0	2147.0	2116.1845703125
2164.0	2145.0	2110.538330078125
2153.0	2147.0	2137.39306640625
2151.0	2143.0	2140.973388671875
2151.0	2146.0	2139.52978515625
2153.0	2144.0	2133.09814453125
2154.0	2145.0	2129.23828125
2152.0	2142.0	2133.0849609375
2152.0	2144.0	2131.94287109375
2153.0	2145.0	2128.335693359375
2154.0	2145.0	2124.6611328125
2153.0	2147.0	2126.248779296875
2153.0	2114.0	2125.368408203125
2141.0	2144.0	2154.178466796875
2144.0	2145.0	2144.74072265625
2142.0	2147.0	2148.1552734375
2143.0	2145.0	2143.971923828125
2136.0	2146.0	2159.38427734375
2132.0	2148.0	2167.0771484375
2138.0	2144.0	2149.369873046875
2132.0	2145.0	2162.44091796875
2133.0	2145.0	2157.768798828125
2132.0	2140.0	2158.140625
2132.0	2147.0	2156.171875
2132.0	2146.0	2154.29736328125
2133.0	2140.0	2150.079833984375
2131.0	2146.0	2153.524169921875
2134.0	2144.0	2144.311279296875
2132.0	2144.0	2148.010498046875
2132.0	2144.0	2146.642333984375
2134.0	2145.0	2140.33349609375
2125.0	2143.0	2161.674072265625
2123.0	2144.0	2164.664306640625
2125.0	2143.0	2157.443115234375
2125.0	2148.0	2155.52685546875
2122.0	2146.0	2161.2958984375
2123.0	2147.0	2157.106689453125
2127.0	2145.0	2145.30126953125
2123.0	2146.0	2153.9775390625
2124.0	2143.0	2149.980712890625
2123.0	2156.0	2151.140625
2128.0	2155.0	2137.122802734375
2125.0	2157.0	2143.517333984375
2124.0	2163.0	2144.905517578125
2132.0	2158.0	2123.370361328125
2133.0	2159.0	2120.711669921875
2132.0	2155.0	2123.3203125
2132.0	2157.0	2123.361572265625
2136.0	2156.0	2113.15966796875
2132.0	2170.0	2123.295654296875
2134.0	2169.0	2118.211669921875
2131.0	2171.0	2125.988037109375
2134.0	2170.0	2118.3251953125
2133.0	2169.0	2120.865478515625
2133.0	2165.0	2120.8603515625
2133.0	2171.0	2120.81982421875
2132.0	2171.0	2123.36767578125
2152.0	2175.0	2072.54345703125
2133.0	2168.0	2120.97802734375
2134.0	2172.0	2118.39794921875
2133.0	2169.0	2120.93505859375
2132.0	2171.0	2123.491943359375
2139.0	2170.0	2105.78662109375
2133.0	2171.0	2121.041259765625
2132.0	2165.0	2123.682373046875
2133.0	2169.0	2121.093994140625
2134.0	2171.0	2118.608154296875
2134.0	2169.0	2118.73876953125
2134.0	2174.0	2118.737060546875
2138.0	2169.0	2108.513916015625
2133.0	2169.0	2121.190673828125
2143.0	2170.0	2096.318359375
2143.0	2168.0	2097.310302734375
2147.0	2169.0	2088.251708984375
2144.0	2170.0	2096.849853515625
2145.0	2181.0	2095.236083984375
2141.0	2170.0	2106.22314453125
2144.0	2171.0	2099.424560546875
2144.0	2171.0	2100.172607421875
2143.0	2186.0	2103.442138671875
2154.0	2184.0	2076.414794921875
2152.0	2184.0	2083.177001953125
2153.0	2190.0	2082.1904296875
2153.0	2187.0	2083.67529296875
2155.0	2182.0	2080.018798828125
2154.0	2184.0	2083.845947265625
2152.0	2183.0	2090.1220703125
2159.0	2183.0	2073.4921875
2155.0	2182.0	2084.85498046875
2151.0	2196.0	2096.212158203125
2151.0	2182.0	2097.262939453125
2152.0	2183.0	2095.651611328125
2154.0	2171.0	2091.55078125
2152.0	2187.0	2097.509521484375
2147.0	2171.0	2111.001220703125
2153.0	2171.0	2096.4580078125
2154.0	2170.0	2094.69580078125
2154.0	2174.0	2095.316162109375
2154.0	2170.0	2095.921142578125
2152.0	2171.0	2101.603271484375
2152.0	2166.0	2102.154541015625
2147.0	2170.0	2115.38232421875
2151.0	2172.0	2105.67724609375
2152.0	2171.0	2103.425048828125
2151.0	2169.0	2106.38623046875
2157.0	2171.0	2091.5556640625
2153.0	2170.0	2102.07861328125
2153.0	2168.0	2102.516845703125
2151.0	2171.0	2108.025146484375
2152.0	2169.0	2105.879150390625
2154.0	2168.0	2101.14306640625
2153.0	2174.0	2103.953369140625
2152.0	2159.0	2106.849609375
2153.0	2157.0	2104.546630859375
2152.0	2155.0	2107.344482421875
2154.0	2155.0	2102.451904296875
2154.0	2157.0	2102.68896484375
2151.0	2160.0	2110.60888671875
2152.0	2164.0	2108.232666015625
2152.0	2159.0	2108.447265625
2152.0	2159.0	2108.608642578125
2155.0	2157.0	2101.066650390625
2151.0	2160.0	2111.340576171875
2142.0	2157.0	2133.696044921875
2143.0	2157.0	2130.29638671875
2144.0	2158.0	2127.0400390625
2144.0	2144.0	2126.27392578125
2143.0	2144.0	2128.1904296875
2144.0	2144.0	2124.962890625
2134.0	2139.0	2148.974609375
2141.0	2144.0	2129.54736328125
2133.0	2145.0	2148.341552734375
2133.0	2146.0	2146.88427734375
2133.0	2149.0	2145.459716796875
2136.0	2144.0	2136.480712890625
2133.0	2146.0	2142.918701171875
2135.0	2139.0	2136.697021484375
2131.0	2146.0	2145.735107421875
2132.0	2144.0	2142.156494140625
2132.0	2146.0	2141.2080078125
2134.0	2146.0	2135.126953125
2133.0	2144.0	2136.73828125
2132.0	2144.0	2138.3984375
2133.0	2146.0	2135.053466796875
2136.0	2147.0	2126.653076171875
2132.0	2144.0	2135.984619140625
2133.0	2147.0	2132.8310546875
2134.0	2147.0	2129.66552734375
2132.0	2130.0	2134.1357421875
2133.0	2129.0	2131.05078125
2133.0	2131.0	2130.474853515625
2134.0	2129.0	2127.401123046875
2133.0	2132.0	2129.5673828125
2133.0	2130.0	2129.091064453125
2133.0	2134.0	2128.756103515625
2133.0	2132.0	2128.37255859375
2133.0	2132.0	2128.01171875
2131.0	2131.0	2132.76513671875
2136.0	2134.0	2119.7080078125
2134.0	2130.0	2124.495361328125
2133.0	2131.0	2126.70166015625
2133.0	2125.0	2126.425048828125
2133.0	2131.0	2126.129150390625
2134.0	2130.0	2123.44873046875
2135.0	2130.0	2120.69189453125
2134.0	2134.0	2123.093994140625
2132.0	2131.0	2127.928466796875
2132.0	2129.0	2127.7470703125
2132.0	2129.0	2127.532470703125
2133.0	2135.0	2124.796630859375
2141.0	2133.0	2104.24560546875
2133.0	2131.0	2124.444091796875
2131.0	2140.0	2129.39013671875
2132.0	2129.0	2126.766845703125
2132.0	2128.0	2126.697265625
2134.0	2130.0	2121.447265625
2133.0	2123.0	2123.839111328125
2131.0	2133.0	2128.787109375
2133.0	2132.0	2123.635009765625
2134.0	2131.0	2120.9912109375
2132.0	2129.0	2126.03759765625
2135.0	2132.0	2118.341552734375
2134.0	2131.0	2120.799560546875
2134.0	2161.0	2120.7412109375
2132.0	2144.0	2125.68798828125
2133.0	2145.0	2123.1279296875
2132.0	2143.0	2125.691650390625
2132.0	2146.0	2125.650146484375
2133.0	2146.0	2123.06591796875
2133.0	2145.0	2122.964111328125
2133.0	2149.0	2122.8876953125
2132.0	2145.0	2125.3994140625
2134.0	2144.0	2120.271728515625
2133.0	2146.0	2122.758544921875
2135.0	2146.0	2117.677490234375
2132.0	2144.0	2125.2509765625
2132.0	2145.0	2125.2138671875
2134.0	2143.0	2120.058837890625
2132.0	2143.0	2125.099365234375
2134.0	2146.0	2119.9345703125
2133.0	2143.0	2122.44775390625
2133.0	2151.0	2122.505615234375
2131.0	2145.0	2127.586669921875
2135.0	2145.0	2117.39599609375
2133.0	2145.0	2122.46923828125
2132.0	2146.0	2125.009033203125
2146.0	2142.0	2090.080078125
2144.0	2144.0	2096.2548828125
2143.0	2143.0	2099.876220703125
2159.0	2146.0	2060.093505859375
2144.0	2145.0	2099.232666015625
2153.0	2145.0	2077.5205078125
2153.0	2146.0	2079.315185546875
2153.0	2144.0	2081.017578125
2152.0	2146.0	2085.169921875
2153.0	2144.0	2084.134033203125
2152.0	2148.0	2088.114990234375
2151.0	2144.0	2092.00732421875
2152.0	2145.0	2090.69873046875
2153.0	2158.0	2089.362060546875
2152.0	2145.0	2093.01025390625
2153.0	2147.0	2091.5576171875
2163.0	2145.0	2067.130859375
2152.0	2144.0	2096.138671875
2156.0	2143.0	2086.871826171875
2154.0	2144.0	2092.79052734375
2163.0	2145.0	2071.40087890625
2162.0	2143.0	2075.8046875
2165.0	2143.0	2069.92041015625
2162.0	2145.0	2079.194580078125
2162.0	2141.0	2080.68896484375
2162.0	2143.0	2082.14794921875
2164.0	2146.0	2078.490478515625
2162.0	2144.0	2084.896484375
2162.0	2146.0	2086.132568359375
2170.0	2147.0	2067.0234375
2164.0	2145.0	2083.428955078125
2162.0	2143.0	2089.65087890625
2161.0	2144.0	2093.153076171875
2165.0	2144.0	2083.799560546875
2161.0	2146.0	2094.95263671875
2164.0	2146.0	2088.1611328125
2159.0	2150.0	2101.681396484375
2164.0	2145.0	2089.687744140625
2163.0	2144.0	2093.020263671875
2163.0	2145.0	2093.66650390625
2164.0	2145.0	2091.764404296875
2172.0	2143.0	2071.984130859375
2161.0	2150.0	2100.576904296875
2162.0	2159.0	2098.572509765625
2162.0	2159.0	2098.981201171875
2161.0	2159.0	2102.060546875
2163.0	2161.0	2097.431640625
2165.0	2161.0	2092.773193359375
2161.0	2157.0	2103.3193359375
2165.0	2154.0	2093.45068359375
2164.0	2156.0	2096.36328125
2164.0	2156.0	2096.674560546875
2162.0	2156.0	2101.989990234375
2164.0	2152.0	2097.176513671875
2162.0	2158.0	2102.546142578125
2162.0	2158.0	2102.773681640625
2162.0	2157.0	2103.04736328125
2163.0	2154.0	2100.71142578125
2168.0	2158.0	2088.37841796875
2162.0	2157.0	2103.86181640625
2163.0	2154.0	2101.49609375
2162.0	2157.0	2104.227783203125
2164.0	2155.0	2099.2763671875
2162.0	2156.0	2104.5576171875
2162.0	2157.0	2104.701171875
2162.0	2156.0	2104.794677734375
2164.0	2156.0	2099.79150390625
2164.0	2157.0	2099.879638671875
2164.0	2158.0	2099.908935546875
2162.0	2158.0	2105.14990234375
2162.0	2157.0	2105.22509765625
2163.0	2173.0	2102.813720703125
2163.0	2143.0	2103.0009765625
2161.0	2142.0	2108.121337890625
2163.0	2145.0	2103.097412109375
2163.0	2150.0	2103.142333984375
2175.0	2144.0	2072.690185546875
2165.0	2145.0	2098.175048828125
2162.0	2145.0	2105.836181640625
2164.0	2146.0	2100.82958984375
2163.0	2146.0	2103.476806640625
2162.0	2143.0	2106.0126953125
2151.0	2144.0	2133.213623046875
2151.0	2144.0	2132.17724609375
2152.0	2145.0	2128.746826171875
2152.0	2145.0	2127.7958984375
2151.0	2145.0	2129.45556640625
2167.0	2144.0	2088.008544921875
2153.0	2145.0	2122.8115234375
2152.0	2144.0	2124.6591796875
2151.0	2144.0	2126.44482421875
2154.0	2144.0	2118.210693359375
2152.0	2146.0	2122.4501953125
2151.0	2140.0	2124.37353515625
2153.0	2146.0	2118.81982421875
2153.0	2145.0	2118.30078125
2153.0	2143.0	2117.8583984375
2151.0	2147.0	2122.454833984375
2156.0	2145.0	2109.206787109375
2153.0	2147.0	2116.450927734375
2153.0	2142.0	2116.01318359375
2152.0	2146.0	2118.099365234375
2155.0	2145.0	2110.0849609375
2152.0	2143.0	2117.311767578125
2152.0	2145.0	2117.02392578125
2144.0	2141.0	2136.2451171875
2144.0	2147.0	2134.9384765625
2143.0	2143.0	2136.2958984375
2142.0	2147.0	2137.67919921875
2145.0	2144.0	2128.9365234375
2133.0	2145.0	2158.221923828125
2132.0	2143.0	2158.7451171875
2132.0	2146.0	2156.7373046875
2133.0	2144.0	2152.357177734375
2132.0	2145.0	2153.130126953125
2133.0	2149.0	2148.9013671875
2130.0	2143.0	2155.009033203125
2130.0	2145.0	2153.5390625
2132.0	2146.0	2147.06396484375
2134.0	2142.0	2140.659912109375
2135.0	2143.0	2136.8857421875
2134.0	2145.0	2138.148681640625
2133.0	2144.0	2139.698486328125
2132.0	2146.0	2141.29541015625
2132.0	2145.0	2140.29150390625
2135.0	2145.0	2131.641845703125
2133.0	2142.0	2135.787109375
2137.0	2143.0	2124.73095703125
2134.0	2146.0	2131.443603515625
2133.0	2144.0	2133.225830078125
2133.0	2143.0	2132.520751953125
2131.0	2145.0	2136.87939453125
2131.0	2146.0	2136.280517578125
2134.0	2149.0	2128.06689453125
2131.0	2143.0	2135.16455078125
2143.0	2146.0	2104.97119140625
2143.0	2145.0	2105.492431640625
2143.0	2144.0	2105.993896484375
2151.0	2144.0	2086.1962890625
2142.0	2146.0	2109.58349609375
2143.0	2158.0	2107.438232421875
2152.0	2144.0	2085.376708984375
2152.0	2145.0	2086.80810546875
2153.0	2144.0	2085.595458984375
2152.0	2136.0	2089.401123046875
2166.0	2143.0	2054.934814453125
2172.0	2146.0	2040.8111572265625
2152.0	2146.0	2092.79833984375
2153.0	2147.0	2091.19677734375
2155.0	2147.0	2087.097412109375
2151.0	2143.0	2098.17236328125
2154.0	2150.0	2091.451171875
2152.0	2145.0	2097.2841796875
2154.0	2145.0	2092.932373046875
2151.0	2145.0	2101.219482421875
2151.0	2148.0	2101.8857421875
2152.0	2143.0	2099.93994140625
2162.0	2145.0	2075.946044921875
2162.0	2144.0	2077.576416015625
2162.0	2145.0	2079.11572265625
2165.0	2142.0	2072.888916015625
2163.0	2147.0	2079.31982421875
2163.0	2145.0	2080.5810546875
2159.0	2145.0	2091.985595703125
2164.0	2146.0	2080.376220703125
2161.0	2143.0	2089.133056640625
2162.0	2145.0	2087.69140625
2163.0	2144.0	2086.158935546875
2164.0	2144.0	2084.474365234375
2163.0	2152.0	2087.83984375
2161.0	2145.0	2093.900390625
2163.0	2145.0	2089.620849609375
2164.0	2144.0	2087.79296875
2162.0	2143.0	2093.539794921875
2171.0	2145.0	2071.18701171875
2163.0	2144.0	2092.130859375
2162.0	2139.0	2095.294189453125
2163.0	2145.0	2093.352294921875
2167.0	2143.0	2083.690185546875
2164.0	2145.0	2091.83642578125
2162.0	2149.0	2097.309326171875
2175.0	2145.0	2064.692626953125
2162.0	2145.0	2098.16845703125
2163.0	2146.0	2095.975830078125
2161.0	2145.0	2101.4931640625
2165.0	2144.0	2091.706298828125
2163.0	2146.0	2097.094482421875
2164.0	2146.0	2094.873291015625
2160.0	2145.0	2105.32861328125
2153.0	2143.0	2123.4296875
2153.0	2147.0	2122.594970703125
2153.0	2141.0	2121.78466796875
2152.0	2145.0	2123.599609375
2152.0	2143.0	2122.8955078125
2153.0	2143.0	2119.70361328125
2154.0	2149.0	2116.583740234375
2154.0	2147.0	2115.944580078125
2151.0	2142.0	2122.936279296875
2152.0	2143.0	2119.844482421875
2156.0	2143.0	2109.133056640625
2151.0	2143.0	2121.29296875
2151.0	2141.0	2120.812744140625
2152.0	2145.0	2117.83203125
2145.0	2145.0	2134.439453125
2142.0	2145.0	2140.608154296875
2145.0	2148.0	2131.674560546875
2139.0	2145.0	2145.743408203125
2133.0	2146.0	2159.406005859375
2134.0	2144.0	2154.73046875
2132.0	2144.0	2157.796142578125
2132.0	2144.0	2155.8271484375
2132.0	2144.0	2154.01611328125
2131.0	2143.0	2154.81982421875
2133.0	2144.0	2148.07666015625
2133.0	2144.0	2146.46923828125
2134.0	2146.0	2142.375732421875
2134.0	2140.0	2140.939453125
2131.0	2146.0	2147.230712890625
2132.0	2145.0	2143.542236328125
2132.0	2140.0	2142.402099609375
2133.0	2145.0	2138.724609375
2133.0	2144.0	2137.73583984375
2134.0	2144.0	2134.1083984375
2132.0	2141.0	2138.26708984375
2130.0	2144.0	2142.544677734375
2134.0	2145.0	2131.516357421875
2133.0	2147.0	2133.259521484375
2134.0	2146.0	2129.94580078125
2134.0	2146.0	2129.234619140625
2133.0	2145.0	2131.153076171875
2133.0	2142.0	2130.541015625
2133.0	2144.0	2129.86865234375
2131.0	2148.0	2134.3740234375
2133.0	2143.0	2128.734619140625
2134.0	2143.0	2125.70361328125
2139.0	2145.0	2112.4931640625
2135.0	2147.0	2122.260986328125
2132.0	2142.0	2129.54296875
2132.0	2144.0	2129.203857421875
2134.0	2144.0	2123.654052734375
2122.0	2146.0	2153.81103515625
2132.0	2146.0	2127.95068359375
2131.0	2144.0	2130.114501953125
2133.0	2144.0	2124.72705078125
2133.0	2143.0	2124.496337890625
2132.0	2146.0	2126.861328125
2140.0	2145.0	2106.27099609375
2133.0	2145.0	2123.645263671875
2153.0	2162.0	2072.56103515625
2135.0	2144.0	2118.216796875
2134.0	2144.0	2120.531494140625
2133.0	2145.0	2122.869873046875
2134.0	2138.0	2120.128173828125
2127.0	2147.0	2137.670166015625
2144.0	2146.0	2094.934814453125
2143.0	2142.0	2098.390869140625
2142.0	2148.0	2101.8564453125
2143.0	2144.0	2100.150634765625
2151.0	2145.0	2080.87646484375
2154.0	2142.0	2074.990966796875
2155.0	2146.0	2074.179443359375
2153.0	2145.0	2080.869873046875
2153.0	2143.0	2082.3740234375
2152.0	2145.0	2086.2265625
2167.0	2145.0	2049.3291015625
2153.0	2144.0	2086.156005859375
2153.0	2141.0	2087.35205078125
2154.0	2149.0	2085.841552734375
2154.0	2143.0	2086.906982421875
2156.0	2146.0	2082.7255859375
2154.0	2142.0	2088.794921875
2154.0	2146.0	2089.68896484375
2154.0	2145.0	2090.589599609375
2151.0	2145.0	2099.062255859375
2161.0	2145.0	2075.057373046875
2160.0	2147.0	2079.442138671875
2162.0	2144.0	2076.039794921875
2161.0	2143.0	2080.14599609375
2163.0	2145.0	2076.566650390625
2162.0	2146.0	2080.436279296875
2166.0	2146.0	2071.551513671875
2162.0	2131.0	2083.0244140625
2163.0	2131.0	2081.651123046875
2164.0	2133.0	2080.2861328125
2162.0	2130.0	2086.4462890625
2163.0	2133.0	2084.928466796875
2163.0	2131.0	2085.954833984375
2164.0	2129.0	2084.3203125
2165.0	2128.0	2082.60400390625
2162.0	2131.0	2091.064697265625
2161.0	2131.0	2094.3486328125
2163.0	2130.0	2089.937744140625
2163.0	2131.0	2090.61962890625
2162.0	2130.0	2093.817626953125
2164.0	2130.0	2089.32275390625
2162.0	2131.0	2094.971923828125
2164.0	2134.0	2090.497802734375
2167.0	2129.0	2083.32861328125
2162.0	2130.0	2096.50732421875
2154.0	2130.0	2116.471435546875
2152.0	2130.0	2120.91015625
2153.0	2132.0	2117.756591796875
2153.0	2129.0	2117.1552734375
2153.0	2125.0	2116.72412109375
2152.0	2130.0	2118.723388671875
2153.0	2131.0	2115.725341796875
2154.0	2130.0	2112.69384765625
2153.0	2125.0	2114.837890625
2156.0	2116.0	2106.89697265625
2153.0	2117.0	2114.04833984375
2152.0	2119.0	2116.25341796875
2152.0	2118.0	2115.858154296875
2153.0	2118.0	2112.979248046875
2154.0	2116.0	2110.093505859375
2154.0	2116.0	2109.816162109375
2151.0	2119.0	2117.177001953125
2154.0	2118.0	2109.26416015625
2153.0	2115.0	2111.5283203125
2153.0	2119.0	2111.298828125
2156.0	2119.0	2103.455810546875
2154.0	2118.0	2108.311279296875
2151.0	2117.0	2115.688232421875
2152.0	2119.0	2112.927490234375
2156.0	2119.0	2102.58544921875
2152.0	2117.0	2112.571044921875
2154.0	2120.0	2107.37451171875
2151.0	2118.0	2115.024169921875
2144.0	2117.0	2132.19921875
2143.0	2119.0	2133.596923828125
2143.0	2119.0	2132.55224609375
2149.0	2120.0	2116.288818359375
2142.0	2119.0	2133.207275390625
2144.0	2117.0	2127.18701171875
2143.0	2119.0	2128.90966796875
2141.0	2117.0	2133.15771484375
2143.0	2119.0	2127.240478515625
2132.0	2117.0	2153.72802734375
2131.0	2118.0	2154.49658203125
2133.0	2118.0	2147.744384765625
2132.0	2117.0	2148.75
2135.0	2117.0	2139.72314453125
2135.0	2118.0	2138.350830078125
2133.0	2120.0	2142.087890625
2132.0	2119.0	2143.320068359375
2134.0	2119.0	2136.995849609375
2131.0	2119.0	2143.500732421875
2133.0	2120.0	2137.31005859375
2132.0	2134.0	2138.8369140625
2133.0	2118.0	2135.443603515625
2130.0	2120.0	2142.19775390625
2135.0	2115.0	2128.595947265625
2133.0	2122.0	2132.867431640625
2137.0	2117.0	2122.011474609375
2131.0	2118.0	2136.6328125
2132.0	2116.0	2133.43701171875
2131.0	2117.0	2135.3154296875
2135.0	2120.0	2124.521728515625
2134.0	2118.0	2126.45166015625
2133.0	2122.0	2128.400634765625
2132.0	2118.0	2130.385498046875
2133.0	2115.0	2127.345458984375
