2144.0	2117.0	2098.855712890625
2144.0	2116.0	2099.510986328125
2144.0	2120.0	2100.109130859375
2142.0	2121.0	2105.755615234375
2143.0	2117.0	2103.741943359375
2142.0	2119.0	2106.86767578125
2143.0	2131.0	2104.873779296875
2142.0	2130.0	2107.90087890625
2143.0	2141.0	2105.88623046875
2142.0	2131.0	2108.884521484375
2151.0	2131.0	2086.48876953125
2151.0	2130.0	2087.79833984375
2152.0	2135.0	2086.567626953125
2152.0	2132.0	2087.729248046875
2152.0	2133.0	2088.81787109375
2152.0	2130.0	2089.98583984375
2153.0	2134.0	2088.443115234375
2154.0	2131.0	2086.8681640625
2153.0	2132.0	2090.341552734375
2151.0	2137.0	2096.28173828125
2154.0	2131.0	2089.437744140625
2151.0	2131.0	2097.90673828125
2153.0	2131.0	2093.599853515625
2152.0	2135.0	2096.90380859375
2162.0	2143.0	2072.125
2154.0	2145.0	2093.026611328125
2153.0	2143.0	2096.16650390625
2153.0	2148.0	2096.711669921875
2153.0	2144.0	2097.217041015625
2154.0	2145.0	2095.171630859375
2155.0	2143.0	2093.114990234375
2151.0	2145.0	2103.764404296875
2154.0	2145.0	2096.56884765625
2154.0	2145.0	2097.081298828125
2152.0	2148.0	2102.60546875
2147.0	2145.0	2115.6904296875
2153.0	2146.0	2100.60009765625
2152.0	2142.0	2103.469482421875
2152.0	2147.0	2103.856201171875
2147.0	2147.0	2116.30224609375
2142.0	2146.0	2128.372314453125
2143.0	2141.0	2125.212158203125
2143.0	2145.0	2124.586669921875
2144.0	2143.0	2121.477783203125
2135.0	2143.0	2143.69775390625
2132.0	2150.0	2149.743896484375
2131.0	2145.0	2150.7880859375
2132.0	2144.0	2146.803955078125
2132.0	2144.0	2145.408203125
2132.0	2147.0	2144.1298828125
2131.0	2144.0	2145.469970703125
2131.0	2144.0	2144.327880859375
2132.0	2145.0	2140.789306640625
2132.0	2147.0	2139.704833984375
2125.0	2145.0	2156.45654296875
2124.0	2145.0	2157.139404296875
2123.0	2144.0	2157.92431640625
2123.0	2143.0	2156.204345703125
2123.0	2144.0	2154.59521484375
2124.0	2144.0	2150.55517578125
2124.0	2145.0	2149.107177734375
2128.0	2143.0	2137.56005859375
2123.0	2147.0	2148.938232421875
2126.0	2142.0	2140.0126953125
2123.0	2145.0	2146.51708984375
2123.0	2146.0	2145.460205078125
2124.0	2143.0	2141.818115234375
2125.0	2147.0	2138.2880859375
2122.0	2143.0	2144.97021484375
2124.0	2145.0	2139.07275390625
2128.0	2143.0	2127.9990234375
2124.0	2146.0	2137.33984375
2127.0	2146.0	2128.917724609375
2123.0	2144.0	2138.34814453125
2123.0	2144.0	2137.71875
2125.0	2146.0	2132.011962890625
2125.0	2145.0	2131.59521484375
2124.0	2144.0	2133.722412109375
2125.0	2148.0	2130.687744140625
2123.0	2146.0	2135.2841796875
2125.0	2146.0	2129.557861328125
2124.0	2142.0	2131.712890625
2122.0	2144.0	2136.376953125
2121.0	2145.0	2138.5380859375
2124.0	2145.0	2130.515869140625
2123.0	2144.0	2132.709716796875
2124.0	2143.0	2129.853271484375
2124.0	2144.0	2129.605712890625
2123.0	2143.0	2131.875
2124.0	2149.0	2129.087158203125
2125.0	2143.0	2126.32861328125
2128.0	2147.0	2118.4521484375
2124.0	2144.0	2128.4169921875
2115.0	2145.0	2150.390380859375
2112.0	2157.0	2156.73046875
2113.0	2157.0	2153.04931640625
2115.0	2157.0	2146.92041015625
2116.0	2155.0	2143.323486328125
2116.0	2158.0	2142.392822265625
2115.0	2157.0	2144.048095703125
2114.0	2154.0	2145.738037109375
2114.0	2158.0	2144.860595703125
2112.0	2157.0	2149.1884765625
2114.0	2157.0	2143.33935546875
2113.0	2156.0	2145.25439453125
2114.0	2157.0	2142.130615234375
2114.0	2159.0	2141.533203125
2116.0	2158.0	2135.813720703125
2113.0	2160.0	2142.958984375
2115.0	2156.0	2137.433837890625
2114.0	2158.0	2139.487548828125
2114.0	2154.0	2139.044677734375
2114.0	2156.0	2138.60888671875
2117.0	2158.0	2130.506103515625
2115.0	2157.0	2135.175048828125
2113.0	2158.0	2139.94140625
2114.0	2156.0	2137.109375
2116.0	2158.0	2131.8232421875
2114.0	2159.0	2136.584228515625
2114.0	2154.0	2136.30517578125
2114.0	2157.0	2136.085205078125
2116.0	2158.0	2130.819580078125
2112.0	2157.0	2140.75537109375
2113.0	2158.0	2137.965087890625
2115.0	2156.0	2132.741455078125
2112.0	2158.0	2140.24169921875
2113.0	2158.0	2137.45556640625
2113.0	2157.0	2137.36474609375
2113.0	2157.0	2137.170166015625
2114.0	2156.0	2134.49365234375
2114.0	2161.0	2134.37841796875
2114.0	2158.0	2134.216796875
2113.0	2156.0	2136.71533203125
2115.0	2157.0	2131.555908203125
2113.0	2153.0	2136.602294921875
2113.0	2158.0	2136.435302734375
2113.0	2159.0	2136.378662109375
2115.0	2158.0	2131.2001953125
2114.0	2157.0	2133.738525390625
2113.0	2157.0	2136.208251953125
2117.0	2157.0	2126.036376953125
2113.0	2150.0	2136.1533203125
2108.0	2158.0	2148.86767578125
2113.0	2157.0	2136.126708984375
2114.0	2157.0	2133.6142578125
2116.0	2154.0	2128.588623046875
2117.0	2159.0	2126.003662109375
2113.0	2157.0	2136.215087890625
2113.0	2151.0	2136.195556640625
2113.0	2158.0	2135.965087890625
2113.0	2156.0	2135.959716796875
2113.0	2151.0	2135.94140625
2116.0	2149.0	2128.484375
2111.0	2159.0	2141.255615234375
2113.0	2157.0	2136.18359375
2112.0	2157.0	2138.6884765625
2114.0	2161.0	2133.607666015625
2111.0	2156.0	2141.3271484375
2114.0	2158.0	2133.794921875
2116.0	2153.0	2128.873046875
2123.0	2160.0	2111.93896484375
2126.0	2160.0	2105.390625
2126.0	2157.0	2106.47021484375
2125.0	2156.0	2110.009033203125
2124.0	2156.0	2113.50341796875
2122.0	2157.0	2119.530517578125
2125.0	2156.0	2112.70654296875
2123.0	2154.0	2118.63037109375
2123.0	2157.0	2119.38427734375
2124.0	2159.0	2117.556396484375
2124.0	2158.0	2118.20556640625
2123.0	2156.0	2121.5458984375
2124.0	2156.0	2119.570556640625
2123.0	2159.0	2122.6279296875
2124.0	2162.0	2120.665771484375
2136.0	2156.0	2090.67431640625
2123.0	2158.0	2124.24951171875
2124.0	2154.0	2122.152587890625
2124.0	2158.0	2122.56591796875
2125.0	2157.0	2120.435791015625
2123.0	2158.0	2125.906005859375
2122.0	2160.0	2128.802490234375
2113.0	2158.0	2151.967529296875
2114.0	2159.0	2148.729248046875
2114.0	2158.0	2147.9208984375
2116.0	2164.0	2142.14501953125
2108.0	2156.0	2161.856689453125
2114.0	2156.0	2146.008544921875
2114.0	2157.0	2145.458740234375
2114.0	2156.0	2144.91357421875
2114.0	2159.0	2144.423583984375
2113.0	2158.0	2146.45751953125
2113.0	2153.0	2146.0126953125
2113.0	2158.0	2145.6240234375
2114.0	2156.0	2142.757568359375
2114.0	2156.0	2142.469970703125
2113.0	2150.0	2144.68896484375
2108.0	2160.0	2157.1865234375
2115.0	2156.0	2139.109619140625
2115.0	2157.0	2138.921630859375
2114.0	2154.0	2141.264892578125
2111.0	2161.0	2148.636474609375
2112.0	2158.0	2145.857177734375
2113.0	2155.0	2143.0908203125
2115.0	2156.0	2137.85400390625
2113.0	2157.0	2142.79833984375
2115.0	2156.0	2137.64501953125
2113.0	2158.0	2142.641357421875
2107.0	2158.0	2157.70654296875
2115.0	2157.0	2137.131103515625
2115.0	2158.0	2136.9892578125
2116.0	2156.0	2134.334716796875
2120.0	2158.0	2124.126220703125
2114.0	2159.0	2139.31494140625
2114.0	2154.0	2139.144287109375
2113.0	2157.0	2141.55224609375
2114.0	2158.0	2138.9013671875
2115.0	2157.0	2136.28173828125
2113.0	2154.0	2141.341796875
2112.0	2157.0	2143.774169921875
2115.0	2156.0	2136.11962890625
2113.0	2157.0	2141.1142578125
2115.0	2153.0	2136.015380859375
2119.0	2157.0	2125.846435546875
2113.0	2156.0	2141.166259765625
2114.0	2156.0	2138.70166015625
2113.0	2157.0	2141.23974609375
2115.0	2159.0	2136.11865234375
2113.0	2160.0	2141.13720703125
2113.0	2162.0	2141.134765625
2111.0	2158.0	2146.224609375
2113.0	2158.0	2141.16845703125
2114.0	2158.0	2138.533203125
2113.0	2158.0	2141.130615234375
2117.0	2156.0	2130.995361328125
2112.0	2156.0	2143.826171875
2114.0	2169.0	2138.758544921875
2114.0	2158.0	2138.798583984375
2111.0	2157.0	2146.43359375
2115.0	2158.0	2136.279296875
2113.0	2164.0	2141.4130859375
2113.0	2155.0	2141.5458984375
2114.0	2159.0	2139.16162109375
2115.0	2157.0	2136.652587890625
2115.0	2158.0	2136.722412109375
2116.0	2158.0	2134.151123046875
2114.0	2157.0	2139.2734375
2114.0	2155.0	2139.42431640625
2114.0	2154.0	2139.4375
2114.0	2159.0	2139.41357421875
2113.0	2158.0	2141.970947265625
2116.0	2164.0	2134.467041015625
2113.0	2158.0	2142.112060546875
2114.0	2145.0	2139.6279296875
2114.0	2145.0	2139.701904296875
2113.0	2147.0	2142.36669921875
2113.0	2145.0	2142.373779296875
2113.0	2144.0	2142.507080078125
2114.0	2144.0	2140.01513671875
2113.0	2146.0	2142.56103515625
2118.0	2145.0	2129.865966796875
2113.0	2143.0	2142.603515625
2111.0	2144.0	2147.73681640625
2114.0	2143.0	2140.15966796875
2119.0	2143.0	2127.473876953125
2114.0	2145.0	2140.270263671875
2114.0	2157.0	2140.369873046875
2115.0	2144.0	2137.85986328125
2116.0	2140.0	2135.3974609375
2112.0	2144.0	2145.58544921875
2115.0	2149.0	2137.9931640625
2112.0	2144.0	2145.683349609375
2113.0	2145.0	2143.18212890625
2115.0	2144.0	2138.146484375
2114.0	2148.0	2140.80615234375
2120.0	2142.0	2125.61572265625
2113.0	2146.0	2143.52001953125
2114.0	2144.0	2141.103271484375
2116.0	2145.0	2136.046875
2113.0	2146.0	2143.76953125
2114.0	2144.0	2141.293701171875
2114.0	2152.0	2141.47021484375
2113.0	2144.0	2144.0498046875
2116.0	2142.0	2136.4736328125
2115.0	2146.0	2139.1005859375
2115.0	2145.0	2139.1533203125
2119.0	2144.0	2129.1337890625
2114.0	2144.0	2141.923828125
2114.0	2144.0	2141.99658203125
2113.0	2144.0	2144.5859375
2120.0	2158.0	2126.78564453125
2115.0	2158.0	2139.5419921875
2117.0	2162.0	2134.581298828125
2115.0	2157.0	2139.66943359375
2116.0	2157.0	2137.217529296875
2115.0	2157.0	2139.828369140625
2115.0	2151.0	2139.9189453125
2113.0	2157.0	2145.1123046875
2113.0	2156.0	2145.235107421875
2113.0	2156.0	2145.246826171875
2114.0	2157.0	2142.7275390625
2126.0	2156.0	2112.245849609375
2114.0	2157.0	2142.8662109375
2114.0	2157.0	2142.8984375
2116.0	2154.0	2137.78271484375
2112.0	2157.0	2148.03759765625
2112.0	2158.0	2148.06591796875
2113.0	2166.0	2145.5126953125
2114.0	2171.0	2143.1533203125
2117.0	2171.0	2135.557373046875
2114.0	2170.0	2143.244873046875
2114.0	2176.0	2143.3427734375
2113.0	2170.0	2146.130859375
2113.0	2171.0	2146.20556640625
2114.0	2172.0	2143.735107421875
2113.0	2171.0	2146.35205078125
2116.0	2170.0	2138.84423828125
2113.0	2170.0	2146.398681640625
2114.0	2169.0	2144.019287109375
2113.0	2158.0	2146.59228515625
2124.0	2156.0	2118.724609375
2124.0	2155.0	2119.93115234375
2123.0	2151.0	2123.5810546875
2124.0	2157.0	2122.082275390625
2124.0	2156.0	2123.033935546875
2124.0	2154.0	2123.96142578125
2125.0	2158.0	2122.225830078125
2122.0	2156.0	2130.701171875
2124.0	2157.0	2126.426025390625
2124.0	2158.0	2127.179443359375
2125.0	2157.0	2125.357177734375
2130.0	2156.0	2113.283203125
2123.0	2145.0	2131.7265625
2124.0	2142.0	2129.808349609375
2123.0	2145.0	2132.91650390625
2123.0	2144.0	2133.46337890625
2123.0	2145.0	2133.96728515625
2125.0	2139.0	2129.439453125
2123.0	2147.0	2135.040283203125
2124.0	2146.0	2132.991455078125
2125.0	2142.0	2130.83837890625
2123.0	2144.0	2136.337646484375
2121.0	2144.0	2141.768310546875
2128.0	2143.0	2124.34423828125
2125.0	2146.0	2132.39501953125
2123.0	2146.0	2137.807861328125
2117.0	2147.0	2153.41162109375
2123.0	2146.0	2138.437255859375
2124.0	2139.0	2136.21435546875
2124.0	2143.0	2136.516357421875
2115.0	2146.0	2159.591552734375
2114.0	2144.0	2161.3857421875
2113.0	2147.0	2163.18994140625
2113.0	2147.0	2162.413330078125
2112.0	2145.0	2164.295654296875
2114.0	2144.0	2158.592529296875
2113.0	2146.0	2160.560791015625
2113.0	2143.0	2160.004150390625
2112.0	2144.0	2162.022705078125
2113.0	2143.0	2158.95166015625
2117.0	2142.0	2148.287841796875
2117.0	2144.0	2147.85791015625
2112.0	2147.0	2160.183837890625
2113.0	2140.0	2157.2783203125
2114.0	2143.0	2154.3779296875
2115.0	2143.0	2151.45654296875
2115.0	2144.0	2151.1103515625
2115.0	2141.0	2150.810791015625
2112.0	2146.0	2158.11083984375
2112.0	2144.0	2157.822021484375
2114.0	2144.0	2152.50390625
2113.0	2149.0	2154.88720703125
2110.0	2147.0	2162.25341796875
2115.0	2144.0	2149.359130859375
2114.0	2146.0	2151.711181640625
2113.0	2144.0	2154.02294921875
2110.0	2145.0	2161.5419921875
2114.0	2143.0	2151.17041015625
2112.0	2143.0	2156.0732421875
2113.0	2143.0	2153.391357421875
2113.0	2146.0	2153.24609375
2113.0	2143.0	2153.158935546875
2117.0	2148.0	2142.964111328125
2113.0	2144.0	2153.0078125
2115.0	2143.0	2147.75
2123.0	2148.0	2127.549560546875
2124.0	2144.0	2126.0146484375
2128.0	2146.0	2116.850830078125
2123.0	2144.0	2130.519775390625
2123.0	2145.0	2131.447998046875
2124.0	2142.0	2129.72021484375
2124.0	2144.0	2130.47314453125
2122.0	2145.0	2136.289306640625
2123.0	2141.0	2134.451416015625
2124.0	2147.0	2132.66064453125
2122.0	2144.0	2138.437744140625
2123.0	2146.0	2136.46826171875
2123.0	2145.0	2137.038818359375
2123.0	2144.0	2137.75146484375
2122.0	2144.0	2140.76611328125
2125.0	2145.0	2133.561279296875
2125.0	2144.0	2134.053466796875
2118.0	2144.0	2152.384521484375
2124.0	2145.0	2137.508544921875
2122.0	2144.0	2143.065185546875
2125.0	2148.0	2135.902099609375
2127.0	2146.0	2131.2138671875
2126.0	2147.0	2134.179443359375
2123.0	2145.0	2142.10107421875
2124.0	2144.0	2139.89013671875
2123.0	2146.0	2142.75048828125
2125.0	2142.0	2137.947998046875
2126.0	2143.0	2135.653076171875
2126.0	2143.0	2135.88232421875
2127.0	2143.0	2133.55078125
2123.0	2144.0	2143.900634765625
2131.0	2143.0	2124.552001953125
2134.0	2146.0	2118.1201171875
2135.0	2143.0	2116.711669921875
2133.0	2145.0	2122.89501953125
2133.0	2146.0	2124.017578125
2134.0	2143.0	2122.44580078125
2135.0	2142.0	2120.812744140625
2133.0	2144.0	2126.72509765625
2132.0	2144.0	2130.066162109375
2135.0	2144.0	2123.394287109375
2135.0	2144.0	2124.13720703125
2133.0	2144.0	2129.87255859375
2135.0	2148.0	2125.384521484375
2147.0	2146.0	2095.857421875
2142.0	2147.0	2110.2001953125
2141.0	2142.0	2114.3701171875
2144.0	2147.0	2108.1279296875
2153.0	2145.0	2087.38671875
2152.0	2144.0	2092.302490234375
2154.0	2149.0	2089.332763671875
2152.0	2146.0	2096.59619140625
2152.0	2144.0	2098.577392578125
2152.0	2143.0	2100.467041015625
2152.0	2139.0	2102.240478515625
2148.0	2144.0	2114.083251953125
2155.0	2144.0	2097.80859375
2152.0	2146.0	2106.905517578125
2154.0	2150.0	2103.201171875
2159.0	2144.0	2091.81201171875
2153.0	2145.0	2108.26953125
2153.0	2144.0	2109.483154296875
2162.0	2148.0	2087.935302734375
2159.0	2144.0	2097.720947265625
2164.0	2144.0	2087.03125
2163.0	2142.0	2091.536865234375
2160.0	2146.0	2100.9462890625
2163.0	2143.0	2095.06884765625
2162.0	2145.0	2099.3154296875
2160.0	2155.0	2105.9521484375
2161.0	2145.0	2104.74755859375
2161.0	2145.0	2106.183349609375
2163.0	2144.0	2102.408203125
2166.0	2137.0	2096.004638671875
2159.0	2144.0	2115.008056640625
2172.0	2157.0	2083.429443359375
2170.0	2156.0	2090.535888671875
2169.0	2151.0	2095.07666015625
2175.0	2157.0	2081.607421875
2172.0	2158.0	2091.023193359375
2172.0	2156.0	2092.62890625
2171.0	2153.0	2096.554931640625
2170.0	2157.0	2100.550537109375
2172.0	2158.0	2096.82373046875
2171.0	2161.0	2100.666259765625
2172.0	2157.0	2099.334228515625
2171.0	2158.0	2102.989501953125
2173.0	2158.0	2098.886474609375
2172.0	2160.0	2102.404052734375
2165.0	2156.0	2120.635009765625
2162.0	2159.0	2128.15576171875
2162.0	2160.0	2128.1796875
2161.0	2157.0	2130.670166015625
2165.0	2155.0	2120.416015625
2162.0	2159.0	2127.9560546875
2163.0	2156.0	2125.347412109375
2163.0	2157.0	2125.1630859375
2163.0	2159.0	2125.083984375
2162.0	2158.0	2127.552978515625
2163.0	2156.0	2124.96826171875
2163.0	2159.0	2124.9853515625
2164.0	2158.0	2122.4189453125
2162.0	2157.0	2127.46044921875
2162.0	2156.0	2127.365234375
2162.0	2159.0	2127.314697265625
2164.0	2159.0	2122.206787109375
2124.0	2160.0	2223.89208984375
2164.0	2160.0	2121.929443359375
2159.0	2157.0	2134.56640625
2161.0	2157.0	2129.390625
2161.0	2156.0	2129.3916015625
2163.0	2160.0	2124.237548828125
2161.0	2158.0	2129.32763671875
2164.0	2157.0	2121.6953125
2152.0	2156.0	2151.484375
2153.0	2144.0	2147.8232421875
2151.0	2144.0	2151.982666015625
2154.0	2144.0	2143.41748046875
2152.0	2143.0	2147.45166015625
2151.0	2147.0	2149.142578125
2154.0	2145.0	2140.713623046875
2152.0	2146.0	2145.00341796875
2151.0	2149.0	2146.790283203125
2152.0	2143.0	2143.46923828125
2154.0	2143.0	2137.6728515625
2154.0	2143.0	2137.055908203125
2155.0	2142.0	2133.85693359375
2151.0	2143.0	2143.35791015625
2151.0	2145.0	2142.791748046875
2152.0	2144.0	2139.7041015625
2161.0	2145.0	2116.507080078125
2163.0	2146.0	2112.03515625
2164.0	2145.0	2110.04443359375
2163.0	2142.0	2113.232177734375
2164.0	2145.0	2111.27978515625
2162.0	2146.0	2116.798583984375
2162.0	2144.0	2117.252197265625
2162.0	2146.0	2117.709716796875
2162.0	2121.0	2118.267333984375
2162.0	2143.0	2118.574462890625
2165.0	2144.0	2111.392822265625
2164.0	2151.0	2114.286865234375
2158.0	2146.0	2129.86865234375
2162.0	2143.0	2119.990234375
2163.0	2144.0	2117.72998046875
2164.0	2150.0	2115.43896484375
2164.0	2146.0	2115.660888671875
2164.0	2145.0	2115.7080078125
2163.0	2146.0	2118.509765625
2173.0	2147.0	2093.656005859375
2171.0	2146.0	2099.9306640625
2173.0	2143.0	2095.97119140625
2173.0	2143.0	2097.06884765625
2172.0	2144.0	2100.64111328125
2174.0	2145.0	2096.535400390625
2172.0	2145.0	2102.50439453125
2174.0	2145.0	2098.261474609375
2170.0	2144.0	2109.228271484375
2172.0	2144.0	2104.84375
2171.0	2145.0	2107.9921875
2171.0	2149.0	2108.626708984375
2171.0	2146.0	2109.211181640625
2171.0	2145.0	2109.804931640625
2172.0	2143.0	2107.739990234375
2172.0	2146.0	2108.239501953125
2169.0	2146.0	2116.319580078125
2171.0	2145.0	2111.676513671875
2172.0	2146.0	2109.626953125
2171.0	2146.0	2112.574462890625
2183.0	2140.0	2082.476318359375
2173.0	2146.0	2108.248779296875
2182.0	2145.0	2085.884033203125
2182.0	2144.0	2087.265869140625
2190.0	2145.0	2068.295654296875
2183.0	2143.0	2087.30517578125
2183.0	2142.0	2088.538330078125
2181.0	2143.0	2094.69140625
2183.0	2145.0	2090.62939453125
2181.0	2145.0	2096.63671875
2182.0	2136.0	2094.9599609375
2185.0	2146.0	2088.151611328125
2184.0	2145.0	2091.49560546875
2183.0	2144.0	2094.868896484375
2184.0	2146.0	2093.0751953125
2182.0	2145.0	2098.841064453125
2182.0	2144.0	2099.4736328125
2182.0	2144.0	2100.051025390625
2182.0	2149.0	2100.583251953125
2177.0	2144.0	2113.849365234375
2180.0	2146.0	2106.633544921875
2183.0	2144.0	2099.44091796875
2172.0	2149.0	2127.863037109375
2186.0	2146.0	2092.65966796875
2182.0	2147.0	2103.227294921875
2183.0	2144.0	2100.994140625
2183.0	2147.0	2101.336181640625
2184.0	2147.0	2099.177490234375
2181.0	2159.0	2107.07861328125
2180.0	2161.0	2109.944091796875
2184.0	2160.0	2099.82275390625
2185.0	2158.0	2097.5078125
2182.0	2157.0	2105.345703125
2182.0	2152.0	2105.5908203125
2181.0	2159.0	2108.3388671875
2181.0	2158.0	2108.55224609375
2182.0	2158.0	2106.276611328125
2183.0	2161.0	2103.893310546875
2177.0	2156.0	2119.30126953125
2182.0	2159.0	2106.646484375
2183.0	2156.0	2104.1728515625
2181.0	2156.0	2109.377685546875
2188.0	2155.0	2091.677734375
2203.0	2157.0	2053.556640625
2184.0	2157.0	2102.095458984375
2171.0	2158.0	2135.10107421875
2173.0	2158.0	2128.9599609375
2172.0	2157.0	2130.53515625
2171.0	2156.0	2132.18701171875
2171.0	2156.0	2131.3427734375
2168.0	2157.0	2138.1787109375
2172.0	2158.0	2127.1552734375
2172.0	2157.0	2126.358642578125
2172.0	2157.0	2125.664306640625
2173.0	2158.0	2122.467041015625
2171.0	2157.0	2126.914306640625
2175.0	2155.0	2116.14208984375
2186.0	2158.0	2087.50537109375
2172.0	2157.0	2122.609375
2172.0	2158.0	2122.083740234375
2170.0	2160.0	2126.662353515625
2169.0	2158.0	2128.771728515625
2172.0	2157.0	2120.720703125
2172.0	2153.0	2120.28955078125
2171.0	2156.0	2122.423583984375
2170.0	2157.0	2124.531494140625
2172.0	2156.0	2119.1328125
2173.0	2160.0	2116.221435546875
2171.0	2157.0	2121.039306640625
2170.0	2155.0	2123.15869140625
2174.0	2157.0	2112.751953125
2173.0	2161.0	2114.963134765625
2170.0	2156.0	2122.304443359375
2172.0	2159.0	2116.811279296875
2173.0	2159.0	2113.983154296875
2163.0	2158.0	2138.83349609375
2176.0	2156.0	2104.512451171875
2163.0	2158.0	2136.427490234375
2161.0	2157.0	2140.333984375
2162.0	2159.0	2136.7548828125
2170.0	2157.0	2115.429931640625
2162.0	2158.0	2134.912109375
2163.0	2157.0	2131.421630859375
2162.0	2155.0	2133.169921875
2162.0	2144.0	2132.4755859375
2161.0	2145.0	2134.18505859375
2166.0	2148.0	2120.818603515625
2163.0	2145.0	2127.673828125
2163.0	2146.0	2126.967041015625
2162.0	2145.0	2128.864990234375
2162.0	2145.0	2128.304931640625
2161.0	2144.0	2130.32421875
2162.0	2145.0	2127.222412109375
2165.0	2145.0	2119.079833984375
2162.0	2144.0	2126.28759765625
2162.0	2144.0	2125.895263671875
2162.0	2145.0	2125.357666015625
2161.0	2146.0	2127.44189453125
2164.0	2145.0	2119.358642578125
2160.0	2147.0	2129.141357421875
2163.0	2145.0	2121.138671875
2163.0	2144.0	2120.74169921875
2163.0	2143.0	2120.363037109375
2162.0	2143.0	2122.55078125
2162.0	2145.0	2122.29296875
2162.0	2151.0	2122.0908203125
2163.0	2144.0	2119.208251953125
2163.0	2143.0	2118.9208984375
2161.0	2146.0	2123.7734375
2161.0	2147.0	2123.575927734375
2161.0	2143.0	2123.39306640625
2164.0	2142.0	2115.564697265625
2163.0	2145.0	2117.873046875
2162.0	2151.0	2120.213623046875
2172.0	2144.0	2094.546630859375
2163.0	2143.0	2117.256591796875
2163.0	2144.0	2117.09375
2161.0	2144.0	2122.0087890625
2167.0	2145.0	2106.585205078125
2161.0	2147.0	2121.65087890625
2163.0	2144.0	2116.43115234375
2162.0	2145.0	2118.80712890625
2163.0	2145.0	2116.2265625
2164.0	2148.0	2113.584716796875
2164.0	2153.0	2113.37353515625
2162.0	2146.0	2118.358642578125
2165.0	2146.0	2110.57470703125
2162.0	2145.0	2118.06005859375
2162.0	2158.0	2117.859619140625
2163.0	2157.0	2115.199951171875
2162.0	2158.0	2117.60400390625
2162.0	2159.0	2117.501953125
2162.0	2159.0	2117.377685546875
2157.0	2158.0	2130.021240234375
2163.0	2157.0	2114.683349609375
2165.0	2156.0	2109.43603515625
2172.0	2157.0	2092.337646484375
2172.0	2157.0	2093.2587890625
2172.0	2158.0	2094.052978515625
2172.0	2158.0	2094.822021484375
2171.0	2154.0	2098.070556640625
2176.0	2158.0	2086.052490234375
2175.0	2157.0	2089.3759765625
2171.0	2157.0	2100.28271484375
2173.0	2157.0	2095.744873046875
2172.0	2158.0	2098.780517578125
2172.0	2160.0	2099.27001953125
2171.0	2154.0	2102.344482421875
2171.0	2157.0	2102.8173828125
2176.0	2158.0	2090.575927734375
2172.0	2157.0	2101.136474609375
2171.0	2163.0	2104.076416015625
2172.0	2157.0	2101.82177734375
2169.0	2156.0	2109.80859375
2174.0	2155.0	2097.48974609375
2172.0	2156.0	2102.876953125
2171.0	2156.0	2105.721435546875
2172.0	2158.0	2103.453125
2171.0	2158.0	2106.272216796875
2173.0	2162.0	2101.38623046875
2167.0	2156.0	2116.888427734375
2175.0	2157.0	2096.72412109375
2172.0	2158.0	2104.506103515625
2171.0	2161.0	2107.1279296875
2177.0	2160.0	2091.881591796875
2171.0	2159.0	2107.283935546875
2172.0	2157.0	2104.96044921875
2171.0	2156.0	2107.622314453125
2173.0	2158.0	2102.64794921875
2173.0	2158.0	2102.69677734375
2173.0	2157.0	2102.79248046875
2173.0	2156.0	2102.95849609375
2171.0	2156.0	2108.179931640625
2172.0	2157.0	2105.747314453125
2173.0	2170.0	2103.2041015625
2162.0	2157.0	2131.2724609375
2172.0	2156.0	2105.852783203125
2172.0	2158.0	2105.8193359375
2171.0	2161.0	2108.377197265625
2173.0	2158.0	2103.298095703125
2172.0	2158.0	2105.878662109375
2171.0	2158.0	2108.379150390625
2172.0	2157.0	2105.908447265625
2171.0	2158.0	2108.531494140625
2173.0	2158.0	2103.4716796875
2162.0	2159.0	2130.880615234375
2164.0	2162.0	2124.808349609375
2163.0	2158.0	2126.489990234375
2162.0	2158.0	2128.188232421875
2163.0	2157.0	2124.966064453125
2162.0	2158.0	2126.77490234375
2161.0	2157.0	2128.6318359375
2163.0	2157.0	2122.815673828125
2163.0	2155.0	2122.11279296875
2161.0	2158.0	2126.49462890625
2161.0	2155.0	2125.8837890625
2163.0	2158.0	2120.20361328125
2165.0	2154.0	2114.606201171875
2151.0	2161.0	2149.111328125
2152.0	2156.0	2144.98486328125
2154.0	2156.0	2138.39404296875
2152.0	2154.0	2142.04833984375
2154.0	2158.0	2135.610107421875
2152.0	2159.0	2139.4326171875
2152.0	2157.0	2138.135498046875
2155.0	2151.0	2129.32861328125
2152.0	2146.0	2135.916259765625
2152.0	2144.0	2134.970458984375
2154.0	2146.0	2128.847900390625
2153.0	2146.0	2130.474609375
2151.0	2143.0	2134.67529296875
2152.0	2145.0	2131.270263671875
2153.0	2144.0	2128.001953125
2153.0	2142.0	2127.255126953125
2164.0	2145.0	2098.526611328125
2153.0	2143.0	2125.842041015625
2143.0	2144.0	2150.102783203125
2143.0	2146.0	2148.515869140625
2145.0	2144.0	2141.91845703125
2142.0	2145.0	2148.16943359375
2144.0	2143.0	2141.726318359375
2142.0	2145.0	2145.528076171875
2134.0	2144.0	2164.61279296875
2133.0	2147.0	2164.8740234375
2133.0	2147.0	2162.76025390625
2132.0	2147.0	2163.276611328125
2132.0	2145.0	2161.43798828125
2133.0	2144.0	2157.11962890625
2132.0	2164.0	2157.9951171875
2134.0	2145.0	2151.29736328125
2132.0	2145.0	2154.91357421875
2133.0	2143.0	2150.988037109375
2134.0	2134.0	2147.07421875
2134.0	2133.0	2145.713623046875
2133.0	2132.0	2147.248779296875
2133.0	2130.0	2146.09619140625
2133.0	2125.0	2145.056396484375
2121.0	2132.0	2174.548095703125
2132.0	2130.0	2145.57080078125
2134.0	2130.0	2139.49169921875
2133.0	2131.0	2141.17236328125
2132.0	2132.0	2142.97509765625
2144.0	2130.0	2112.630859375
2142.0	2128.0	2118.0322265625
2145.0	2131.0	2110.70458984375
2144.0	2130.0	2113.568603515625
2142.0	2129.0	2118.939697265625
2142.0	2130.0	2119.294189453125
2154.0	2128.0	2089.47509765625
2151.0	2132.0	2098.303466796875
2152.0	2130.0	2096.903564453125
2153.0	2128.0	2095.491455078125
2152.0	2131.0	2099.016845703125
2152.0	2130.0	2099.973876953125
2153.0	2145.0	2098.37841796875
2153.0	2140.0	2099.282958984375
2152.0	2143.0	2102.6064453125
2153.0	2146.0	2100.86572265625
2163.0	2145.0	2076.6953125
2164.0	2140.0	2075.90478515625
2156.0	2146.0	2097.918212890625
2165.0	2147.0	2076.61572265625
2163.0	2145.0	2083.15185546875
2162.0	2147.0	2087.113525390625
2162.0	2144.0	2088.47509765625
2162.0	2144.0	2089.670166015625
2163.0	2147.0	2088.279541015625
2162.0	2140.0	2091.915283203125
2166.0	2143.0	2082.88818359375
2163.0	2145.0	2091.533447265625
2164.0	2142.0	2089.90966796875
2163.0	2146.0	2093.345947265625
2170.0	2144.0	2077.212890625
2173.0	2146.0	2071.33740234375
2174.0	2144.0	2070.364013671875
2173.0	2146.0	2074.44140625
2170.0	2143.0	2083.5908203125
2173.0	2144.0	2077.328125
2172.0	2142.0	2081.185791015625
2172.0	2145.0	2082.50634765625
2172.0	2146.0	2083.74658203125
2171.0	2145.0	2087.380859375
2172.0	2143.0	2085.947021484375
2173.0	2144.0	2084.18115234375
2172.0	2148.0	2087.6650390625
2170.0	2144.0	2093.59130859375
2172.0	2140.0	2089.301025390625
2171.0	2143.0	2092.62353515625
2171.0	2145.0	2093.323974609375
2172.0	2147.0	2091.281494140625
2172.0	2145.0	2091.989501953125
2170.0	2144.0	2097.755859375
2174.0	2145.0	2088.170654296875
2172.0	2143.0	2093.8662109375
2172.0	2147.0	2094.385986328125
2183.0	2145.0	2066.87841796875
2172.0	2144.0	2095.41357421875
2172.0	2143.0	2095.876708984375
2173.0	2146.0	2093.703369140625
2175.0	2146.0	2089.137939453125
2172.0	2146.0	2097.073974609375
2173.0	2126.0	2095.02880859375
2172.0	2129.0	2097.80712890625
2172.0	2131.0	2098.090087890625
2171.0	2133.0	2100.837890625
2174.0	2130.0	2093.506591796875
2164.0	2132.0	2119.16162109375
2163.0	2130.0	2120.94677734375
2163.0	2129.0	2120.2080078125
2162.0	2125.0	2122.00439453125
2162.0	2131.0	2121.326416015625
2159.0	2130.0	2128.327392578125
2163.0	2130.0	2117.52490234375
2162.0	2137.0	2119.49853515625
2163.0	2132.0	2116.40869140625
2162.0	2131.0	2118.423828125
2163.0	2130.0	2115.349853515625
2165.0	2128.0	2109.7685546875
2162.0	2130.0	2116.943115234375
2163.0	2131.0	2113.98583984375
2150.0	2129.0	2146.13525390625
2153.0	2136.0	2137.072265625
2151.0	2133.0	2140.751708984375
2152.0	2130.0	2136.867431640625
2155.0	2131.0	2128.00927734375
2154.0	2119.0	2129.381103515625
2150.0	2118.0	2138.46875
2153.0	2118.0	2129.8564453125
2153.0	2118.0	2128.84521484375
2152.0	2123.0	2130.411376953125
2150.0	2118.0	2134.6435546875
2154.0	2116.0	2123.56982421875
2153.0	2116.0	2125.263916015625
2153.0	2118.0	2124.552978515625
2154.0	2117.0	2121.172607421875
2155.0	2117.0	2117.998046875
2152.0	2116.0	2125.010498046875
2152.0	2115.0	2124.408203125
2156.0	2118.0	2113.680419921875
2152.0	2118.0	2123.294677734375
2154.0	2117.0	2117.69287109375
2154.0	2123.0	2117.197265625
2153.0	2120.0	2119.194091796875
2153.0	2117.0	2118.7080078125
2154.0	2115.0	2115.78125
2151.0	2120.0	2122.984130859375
2155.0	2118.0	2112.41943359375
2152.0	2119.0	2119.72607421875
2152.0	2117.0	2119.41015625
2144.0	2117.0	2139.283447265625
2146.0	2118.0	2132.887451171875
2144.0	2117.0	2136.723388671875
2144.0	2119.0	2135.542236328125
2143.0	2111.0	2137.022216796875
2142.0	2120.0	2138.5380859375
2144.0	2118.0	2132.4873046875
2145.0	2125.0	2128.997802734375
2143.0	2118.0	2133.2568359375
2145.0	2119.0	2127.35302734375
2134.0	2118.0	2153.770751953125
2135.0	2116.0	2149.394287109375
2132.0	2118.0	2155.3837890625
2133.0	2120.0	2151.16552734375
2133.0	2119.0	2149.62548828125
2132.0	2125.0	2150.6767578125
2126.0	2119.0	2164.59765625
2133.0	2118.0	2145.43505859375
2133.0	2120.0	2144.192138671875
2134.0	2116.0	2140.49365234375
2133.0	2118.0	2141.9013671875
2133.0	2118.0	2140.818359375
2135.0	2119.0	2134.80078125
2133.0	2125.0	2138.959716796875
2148.0	2119.0	2100.28271484375
2142.0	2119.0	2115.839111328125
2145.0	2118.0	2108.435546875
2145.0	2128.0	2108.662841796875
2145.0	2130.0	2108.8515625
2144.0	2130.0	2111.60546875
2145.0	2131.0	2109.2568359375
2143.0	2132.0	2114.591064453125
2146.0	2133.0	2107.148681640625
2143.0	2131.0	2114.915283203125
2143.0	2129.0	2115.065185546875
2153.0	2129.0	2090.2421875
2152.0	2130.0	2093.783447265625
2151.0	2131.0	2097.30419921875
2177.0	2131.0	2032.1070556640625
2151.0	2132.0	2099.2734375
2152.0	2131.0	2097.620361328125
2154.0	2131.0	2093.38037109375
2153.0	2132.0	2096.73486328125
2151.0	2129.0	2102.62841796875
2152.0	2130.0	2100.8701171875
2153.0	2131.0	2098.99267578125
2152.0	2132.0	2102.15966796875
2150.0	2129.0	2107.796875
2152.0	2145.0	2103.34228515625
2152.0	2144.0	2103.876220703125
2153.0	2149.0	2101.854736328125
2155.0	2143.0	2097.233154296875
2153.0	2144.0	2102.774658203125
2151.0	2145.0	2108.3583984375
2155.0	2144.0	2098.59619140625
2158.0	2145.0	2091.296630859375
2153.0	2146.0	2104.433837890625
2153.0	2160.0	2104.892822265625
2152.0	2146.0	2107.714111328125
2156.0	2144.0	2097.84521484375
2153.0	2144.0	2105.7626953125
2155.0	2142.0	2101.01318359375
2154.0	2148.0	2103.697265625
2153.0	2143.0	2106.554931640625
2154.0	2147.0	2104.24658203125
2153.0	2151.0	2107.05029296875
2152.0	2145.0	2109.717529296875
2144.0	2145.0	2130.16943359375
2143.0	2144.0	2131.831787109375
2144.0	2144.0	2128.590576171875
2144.0	2145.0	2127.80712890625
2144.0	2145.0	2127.017578125
2132.0	2143.0	2156.194580078125
2133.0	2147.0	2151.94287109375
2133.0	2148.0	2150.328369140625
2132.0	2147.0	2151.4248046875
2133.0	2144.0	2147.39453125
2133.0	2150.0	2146.037841796875
2127.0	2146.0	2159.960205078125
2134.0	2145.0	2140.91796875
2134.0	2144.0	2139.860107421875
2134.0	2147.0	2138.779541015625
2140.0	2146.0	2122.4052734375
2134.0	2143.0	2136.74365234375
2135.0	2143.0	2133.3017578125
2134.0	2143.0	2134.942138671875
2133.0	2145.0	2136.68017578125
2134.0	2145.0	2133.32861328125
2136.0	2145.0	2127.552978515625
2132.0	2143.0	2137.018310546875
2136.0	2141.0	2126.200927734375
2133.0	2147.0	2133.203369140625
2132.0	2143.0	2135.2265625
2135.0	2146.0	2126.91455078125
2133.0	2145.0	2131.517333984375
2123.0	2143.0	2156.38330078125
2124.0	2137.0	2152.46923828125
2123.0	2144.0	2153.677978515625
2133.0	2146.0	2127.248046875
2133.0	2144.0	2127.088623046875
2132.0	2146.0	2129.429931640625
2130.0	2145.0	2134.314453125
2134.0	2146.0	2123.897705078125
2132.0	2144.0	2128.822998046875
2132.0	2145.0	2128.621337890625
2147.0	2143.0	2090.2841796875
2133.0	2145.0	2125.74951171875
2133.0	2144.0	2125.662353515625
2133.0	2146.0	2125.37841796875
2131.0	2144.0	2130.3984375
2133.0	2143.0	2125.126708984375
2133.0	2139.0	2125.11328125
2134.0	2147.0	2122.441650390625
2133.0	2144.0	2124.85791015625
2134.0	2147.0	2122.1435546875
2132.0	2150.0	2127.184814453125
2132.0	2144.0	2127.07568359375
2133.0	2145.0	2124.511962890625
2133.0	2143.0	2124.44482421875
2136.0	2146.0	2116.733154296875
2133.0	2143.0	2124.40869140625
2146.0	2147.0	2091.7109375
2142.0	2144.0	2102.995361328125
2144.0	2146.0	2098.8857421875
2142.0	2145.0	2104.880859375
2146.0	2147.0	2095.611083984375
2155.0	2146.0	2074.2333984375
2151.0	2146.0	2086.14697265625
2155.0	2145.0	2077.58447265625
2154.0	2145.0	2081.6611328125
2153.0	2143.0	2085.689208984375
2153.0	2151.0	2087.12060546875
2152.0	2144.0	2090.918212890625
2151.0	2145.0	2094.683349609375
2154.0	2144.0	2088.276611328125
2151.0	2146.0	2096.984375
2150.0	2144.0	2100.628173828125
2163.0	2146.0	2068.71337890625
2165.0	2144.0	2065.614501953125
2161.0	2144.0	2077.70947265625
2161.0	2142.0	2079.5703125
2163.0	2144.0	2076.197265625
2162.0	2146.0	2080.398681640625
2161.0	2144.0	2084.512451171875
2162.0	2144.0	2083.427978515625
2163.0	2147.0	2082.295654296875
2162.0	2138.0	2086.122314453125
2167.0	2146.0	2074.576416015625
2162.0	2146.0	2088.388671875
2164.0	2144.0	2084.390380859375
2163.0	2150.0	2087.987548828125
2159.0	2146.0	2099.14111328125
2163.0	2143.0	2089.891357421875
2162.0	2144.0	2093.24853515625
2164.0	2145.0	2088.9951171875
2165.0	2146.0	2087.249267578125
2163.0	2144.0	2093.07568359375
2163.0	2144.0	2093.660400390625
2163.0	2150.0	2094.321533203125
2160.0	2144.0	2102.665771484375
2161.0	2145.0	2100.748779296875
2164.0	2143.0	2093.58447265625
2164.0	2142.0	2094.13037109375
2159.0	2146.0	2107.303466796875
2161.0	2143.0	2102.660400390625
2163.0	2140.0	2098.047607421875
2163.0	2146.0	2098.428466796875
2165.0	2145.0	2093.7470703125
2163.0	2145.0	2099.22412109375
2165.0	2144.0	2094.534912109375
2162.0	2143.0	2102.485107421875
2164.0	2147.0	2097.690185546875
2162.0	2144.0	2102.937255859375
2165.0	2147.0	2095.6162109375
2162.0	2144.0	2103.577392578125
2164.0	2146.0	2098.6796875
2165.0	2145.0	2096.35400390625
2163.0	2140.0	2101.696044921875
2162.0	2145.0	2104.415771484375
2165.0	2145.0	2097.020263671875
2165.0	2146.0	2097.240478515625
2163.0	2145.0	2102.4462890625
2161.0	2145.0	2107.687255859375
2162.0	2144.0	2105.299072265625
2165.0	2145.0	2097.8037109375
2163.0	2144.0	2102.990234375
2160.0	2144.0	2110.8466796875
2163.0	2146.0	2103.333251953125
2161.0	2145.0	2108.50634765625
2163.0	2145.0	2103.5908203125
2162.0	2147.0	2106.244140625
2161.0	2145.0	2108.822021484375
2162.0	2145.0	2106.29638671875
2163.0	2148.0	2103.802490234375
2165.0	2145.0	2098.83544921875
2163.0	2148.0	2104.020263671875
2161.0	2146.0	2109.098388671875
2162.0	2143.0	2106.634765625
2168.0	2143.0	2091.486083984375
2161.0	2144.0	2109.2900390625
2163.0	2144.0	2104.22265625
2163.0	2147.0	2104.264404296875
2162.0	2145.0	2106.809326171875
2161.0	2145.0	2109.32666015625
2152.0	2144.0	2132.048828125
2152.0	2142.0	2130.869873046875
2152.0	2144.0	2129.83349609375
2153.0	2144.0	2126.27490234375
2155.0	2156.0	2120.270751953125
2152.0	2143.0	2127.03955078125
2152.0	2146.0	2126.237060546875
2152.0	2145.0	2125.4912109375
2153.0	2150.0	2122.250732421875
2152.0	2144.0	2124.0458984375
2154.0	2145.0	2118.31591796875
2152.0	2144.0	2122.8212890625
2152.0	2140.0	2122.299560546875
2151.0	2145.0	2124.328369140625
2153.0	2146.0	2118.629638671875
2142.0	2145.0	2145.72216796875
2143.0	2148.0	2141.726318359375
2143.0	2144.0	2140.358642578125
2146.0	2148.0	2131.417236328125
2143.0	2144.0	2137.810302734375
2133.0	2142.0	2161.865478515625
2132.0	2148.0	2162.251220703125
2136.0	2144.0	2149.94140625
2133.0	2145.0	2155.67529296875
2133.0	2140.0	2153.820556640625
2131.0	2146.0	2157.1162109375
2133.0	2145.0	2150.370849609375
2153.0	2144.0	2097.88720703125
2132.0	2145.0	2149.826171875
2137.0	2143.0	2135.710693359375
2132.0	2145.0	2147.095947265625
2134.0	2144.0	2140.757568359375
2133.0	2141.0	2142.1240234375
2141.0	2142.0	2120.704345703125
2133.0	2146.0	2139.912841796875
2133.0	2146.0	2138.949462890625
2131.0	2145.0	2143.08251953125
2138.0	2144.0	2124.27197265625
2132.0	2145.0	2138.653076171875
2132.0	2146.0	2137.798583984375
2134.0	2146.0	2131.935546875
2138.0	2144.0	2121.031005859375
2132.0	2144.0	2135.594970703125
2134.0	2147.0	2129.88232421875
2133.0	2145.0	2131.811767578125
2135.0	2146.0	2126.142578125
2132.0	2144.0	2133.218505859375
2153.0	2143.0	2079.224609375
2134.0	2142.0	2127.071533203125
2144.0	2143.0	2101.755126953125
2143.0	2148.0	2104.959228515625
2143.0	2142.0	2105.604736328125
2144.0	2147.0	2103.5966796875
2145.0	2144.0	2101.612060546875
2153.0	2118.0	2081.94775390625
2152.0	2142.0	2085.90771484375
2153.0	2143.0	2084.73681640625
2151.0	2144.0	2091.190673828125
2151.0	2146.0	2092.4345703125
2155.0	2144.0	2083.470947265625
2153.0	2144.0	2089.776611328125
2153.0	2145.0	2090.829345703125
2153.0	2143.0	2091.799072265625
2152.0	2140.0	2095.347900390625
2151.0	2146.0	2098.800537109375
2154.0	2146.0	2091.9970703125
2152.0	2145.0	2097.98583984375
2152.0	2151.0	2098.741455078125
2151.0	2144.0	2101.924072265625
2151.0	2144.0	2102.59375
2152.0	2146.0	2100.654296875
2152.0	2141.0	2101.28076171875
2152.0	2145.0	2101.76416015625
2152.0	2143.0	2102.322509765625
2152.0	2145.0	2102.929443359375
2162.0	2151.0	2078.49267578125
2162.0	2143.0	2080.076171875
2162.0	2145.0	2081.517822265625
2163.0	2144.0	2080.302978515625
2164.0	2143.0	2079.0048828125
2162.0	2146.0	2085.324951171875
2163.0	2146.0	2083.8115234375
2161.0	2144.0	2089.98681640625
2162.0	2142.0	2088.4716796875
2162.0	2145.0	2089.505615234375
2164.0	2146.0	2085.296630859375
2163.0	2144.0	2088.690673828125
2163.0	2146.0	2089.51123046875
2161.0	2144.0	2095.359130859375
2163.0	2147.0	2090.97705078125
2162.0	2147.0	2094.0869140625
2163.0	2141.0	2092.226806640625
2157.0	2144.0	2108.112548828125
2163.0	2146.0	2093.455322265625
2164.0	2146.0	2091.42919921875
2163.0	2149.0	2094.554931640625
2164.0	2146.0	2092.512939453125
2164.0	2146.0	2093.025146484375
2162.0	2144.0	2098.551025390625
2162.0	2148.0	2098.89404296875
2171.0	2144.0	2076.357177734375
2163.0	2157.0	2097.04541015625
2163.0	2157.0	2097.293701171875
2161.0	2158.0	2102.722900390625
2168.0	2156.0	2085.272705078125
2162.0	2158.0	2100.816650390625
2161.0	2156.0	2103.633544921875
2162.0	2154.0	2101.2548828125
2165.0	2157.0	2093.814208984375
2163.0	2156.0	2099.178466796875
2164.0	2154.0	2096.81494140625
2162.0	2152.0	2102.1201171875
2168.0	2157.0	2087.1083984375
2164.0	2158.0	2097.4365234375
2164.0	2159.0	2097.703369140625
2162.0	2157.0	2102.976806640625
2163.0	2159.0	2100.55078125
2161.0	2156.0	2105.67578125
2162.0	2164.0	2103.28466796875
2152.0	2155.0	2128.357666015625
2149.0	2159.0	2135.008544921875
2152.0	2156.0	2126.390625
2154.0	2165.0	2120.43212890625
2150.0	2155.0	2129.8017578125
2155.0	2156.0	2116.265625
2152.0	2157.0	2123.158447265625
2153.0	2158.0	2119.962890625
2152.0	2154.0	2121.7216796875
2154.0	2155.0	2115.96044921875
2152.0	2157.0	2120.4580078125
2151.0	2137.0	2122.554931640625
2153.0	2145.0	2116.91259765625
2155.0	2145.0	2111.376708984375
2152.0	2143.0	2118.53466796875
2152.0	2143.0	2118.033203125
2154.0	2145.0	2112.481689453125
2155.0	2146.0	2109.641845703125
2153.0	2146.0	2114.289794921875
2154.0	2142.0	2111.38330078125
2152.0	2143.0	2116.10498046875
2157.0	2145.0	2102.984130859375
2153.0	2145.0	2112.83056640625
2153.0	2145.0	2112.544189453125
2152.0	2144.0	2114.779296875
2150.0	2145.0	2119.56689453125
2152.0	2144.0	2114.165283203125
2152.0	2143.0	2113.91845703125
2152.0	2145.0	2113.67041015625
2145.0	2146.0	2131.016845703125
2142.0	2145.0	2137.5302734375
2143.0	2143.0	2133.9658203125
2142.0	2149.0	2135.41552734375
2144.0	2145.0	2129.279296875
2144.0	2144.0	2128.254638671875
2145.0	2146.0	2124.89892578125
2134.0	2143.0	2151.446044921875
2095.0	2146.0	2248.7626953125
2133.0	2145.0	2150.154296875
2134.0	2145.0	2145.97998046875
2135.0	2148.0	2141.80078125
2134.0	2142.0	2142.89306640625
2133.0	2145.0	2144.029296875
2132.0	2146.0	2145.21875
2133.0	2146.0	2141.348876953125
2134.0	2145.0	2137.52490234375
2136.0	2145.0	2131.327880859375
2133.0	2146.0	2137.93017578125
2134.0	2146.0	2134.372314453125
2133.0	2144.0	2135.953857421875
2133.0	2147.0	2135.072265625
2133.0	2144.0	2134.26806640625
2132.0	2147.0	2135.989013671875
2131.0	2146.0	2137.770751953125
2133.0	2147.0	2131.90625
2133.0	2145.0	2131.31884765625
2132.0	2145.0	2133.21435546875
2134.0	2144.0	2127.490478515625
2133.0	2146.0	2129.420654296875
2143.0	2149.0	2104.0458984375
2142.0	2146.0	2107.103759765625
2145.0	2145.0	2099.992919921875
2144.0	2145.0	2103.050537109375
2143.0	2148.0	2106.107177734375
2142.0	2145.0	2109.140625
2143.0	2145.0	2107.03857421875
2152.0	2143.0	2085.0380859375
2151.0	2143.0	2088.8955078125
2149.0	2144.0	2095.3046875
2154.0	2146.0	2083.7802734375
2152.0	2146.0	2090.10986328125
2152.0	2148.0	2091.25537109375
2149.0	2143.0	2099.87451171875
2153.0	2145.0	2090.6796875
2153.0	2145.0	2091.638671875
2150.0	2148.0	2100.10205078125
2154.0	2146.0	2090.708740234375
2152.0	2144.0	2096.547119140625
2153.0	2145.0	2094.6279296875
2161.0	2138.0	2075.701416015625
2165.0	2144.0	2067.265625
2162.0	2144.0	2076.429931640625
2162.0	2144.0	2077.99755859375
2162.0	2140.0	2079.4482421875
2167.0	2146.0	2068.0478515625
2162.0	2143.0	2082.030029296875
2164.0	2144.0	2078.11572265625
2162.0	2146.0	2084.302001953125
2162.0	2145.0	2085.341552734375
2163.0	2144.0	2083.813720703125
2162.0	2142.0	2087.35888671875
2162.0	2141.0	2088.359375
2166.0	2145.0	2079.0673828125
2162.0	2146.0	2090.03466796875
2161.0	2141.0	2093.38330078125
2161.0	2145.0	2094.12060546875
2160.0	2147.0	2097.38916015625
2166.0	2145.0	2082.75048828125
2163.0	2144.0	2091.037353515625
2161.0	2146.0	2096.647705078125
2163.0	2145.0	2092.098388671875
2164.0	2144.0	2090.046630859375
2165.0	2160.0	2088.059814453125
2162.0	2143.0	2096.136474609375
2163.0	2144.0	2094.086669921875
2163.0	2145.0	2094.453125
2163.0	2152.0	2094.9208984375
2163.0	2143.0	2095.28564453125
2162.0	2145.0	2098.17236328125
2164.0	2143.0	2093.37158203125
2161.0	2145.0	2101.2822265625
2163.0	2145.0	2096.42919921875
2162.0	2147.0	2099.229736328125
2161.0	2143.0	2102.019287109375
2164.0	2152.0	2094.588623046875
2162.0	2144.0	2099.8505859375
2162.0	2144.0	2100.09814453125
2163.0	2143.0	2097.73291015625
2163.0	2146.0	2097.858642578125
2160.0	2144.0	2105.65625
2163.0	2145.0	2098.2568359375
2162.0	2146.0	2101.052490234375
2163.0	2151.0	2098.615234375
2169.0	2147.0	2083.384765625
2163.0	2144.0	2098.758544921875
2161.0	2145.0	2103.962890625
2164.0	2146.0	2096.389404296875
2163.0	2148.0	2099.0029296875
2162.0	2144.0	2101.648193359375
2164.0	2144.0	2096.62548828125
2163.0	2148.0	2099.3017578125
2161.0	2144.0	2104.439697265625
2164.0	2145.0	2096.885498046875
2162.0	2144.0	2102.0146484375
2164.0	2141.0	2096.97705078125
2166.0	2145.0	2092.01708984375
2162.0	2146.0	2102.244384765625
2162.0	2143.0	2102.449462890625
2152.0	2131.0	2127.787841796875
2152.0	2132.0	2126.783203125
2153.0	2129.0	2123.26171875
2153.0	2131.0	2122.310791015625
2153.0	2129.0	2121.34716796875
2153.0	2129.0	2120.452880859375
2153.0	2131.0	2119.6455078125
2154.0	2138.0	2116.34326171875
2152.0	2129.0	2120.698486328125
2152.0	2130.0	2120.09716796875
2153.0	2131.0	2116.8662109375
2152.0	2130.0	2118.7138671875
2153.0	2129.0	2115.5009765625
2141.0	2130.0	2144.77685546875
2145.0	2130.0	2133.1083984375
2144.0	2129.0	2134.35791015625
2143.0	2132.0	2135.50927734375
2142.0	2130.0	2136.80224609375
2132.0	2129.0	2160.8828125
2134.0	2138.0	2153.57470703125
2131.0	2132.0	2159.113525390625
2133.0	2131.0	2152.01953125
2135.0	2129.0	2145.026123046875
2132.0	2138.0	2150.827392578125
2132.0	2131.0	2149.15234375
2135.0	2131.0	2139.9130859375
2132.0	2131.0	2146.018310546875
2137.0	2137.0	2131.829345703125
2131.0	2131.0	2145.818115234375
2136.0	2133.0	2131.783203125
2134.0	2132.0	2135.6796875
2134.0	2131.0	2134.541259765625
2135.0	2128.0	2130.98193359375
2133.0	2132.0	2135.082763671875
2134.0	2133.0	2131.561767578125
2133.0	2127.0	2133.186279296875
2140.0	2131.0	2114.489013671875
2134.0	2132.0	2128.743896484375
2133.0	2132.0	2130.576171875
2133.0	2132.0	2129.841064453125
2127.0	2130.0	2143.454833984375
2125.0	2129.0	2147.043212890625
2127.0	2132.0	2140.43994140625
2123.0	2138.0	2149.179443359375
2132.0	2131.0	2124.917724609375
2124.0	2131.0	2144.0068359375
2124.0	2130.0	2142.8818359375
2125.0	2129.0	2139.203125
2133.0	2140.0	2117.768798828125
2124.0	2144.0	2139.68505859375
2123.0	2144.0	2141.16650390625
2123.0	2146.0	2140.2841796875
2126.0	2129.0	2131.77392578125
2123.0	2131.0	2138.58203125
2124.0	2129.0	2135.255859375
2126.0	2131.0	2129.361572265625
2123.0	2130.0	2136.343994140625
2123.0	2129.0	2135.708251953125
2126.0	2124.0	2127.480224609375
2123.0	2132.0	2134.619873046875
2122.0	2132.0	2136.666259765625
2124.0	2131.0	2131.068359375
2124.0	2132.0	2130.637939453125
2123.0	2129.0	2132.81298828125
2125.0	2131.0	2127.32177734375
2124.0	2131.0	2129.446533203125
2125.0	2141.0	2126.531005859375
2126.0	2132.0	2123.67333984375
2125.0	2131.0	2125.89794921875
2125.0	2129.0	2125.639404296875
2115.0	2136.0	2150.642578125
2113.0	2130.0	2154.369873046875
2114.0	2130.0	2150.484619140625
2114.0	2131.0	2149.25732421875
2113.0	2144.0	2150.632080078125
2113.0	2129.0	2149.54345703125
2116.0	2131.0	2140.9375
2113.0	2131.0	2147.561279296875
2114.0	2136.0	2144.119384765625
2113.0	2130.0	2145.777587890625
2113.0	2132.0	2144.9775390625
2113.0	2130.0	2144.197265625
2115.0	2125.0	2138.299560546875
2115.0	2131.0	2137.68017578125
2113.0	2131.0	2142.110595703125
2113.0	2131.0	2141.551025390625
2116.0	2128.0	2133.365478515625
2113.0	2146.0	2140.50341796875
2113.0	2144.0	2140.01904296875
2115.0	2146.0	2134.47802734375
2114.0	2149.0	2136.588623046875
2111.0	2144.0	2143.73388671875
2113.0	2144.0	2138.33740234375
2114.0	2143.0	2135.517578125
2123.0	2150.0	2112.310302734375
2120.0	2144.0	2120.734375
2124.0	2146.0	2111.300048828125
2126.0	2144.0	2106.90283203125
2124.0	2141.0	2112.706298828125
2123.0	2145.0	2115.848876953125
2124.0	2144.0	2113.910400390625
2124.0	2143.0	2114.508056640625
2124.0	2142.0	2114.96337890625
2135.0	2144.0	2087.464599609375
2123.0	2145.0	2118.54052734375
2124.0	2143.0	2116.4697265625
2124.0	2149.0	2116.904296875
2126.0	2145.0	2112.371826171875
2123.0	2144.0	2120.36572265625
2126.0	2142.0	2113.182373046875
2126.0	2144.0	2113.51416015625
2126.0	2144.0	2113.857666015625
2123.0	2147.0	2121.79638671875
2124.0	2142.0	2119.607666015625
2123.0	2144.0	2122.483642578125
2133.0	2145.0	2097.3974609375
2123.0	2163.0	2123.13525390625
2121.0	2145.0	2128.365966796875
2124.0	2145.0	2120.966064453125
2124.0	2131.0	2121.164794921875
2125.0	2131.0	2118.84033203125
2124.0	2130.0	2121.6259765625
2123.0	2133.0	2124.443359375
2121.0	2130.0	2129.738037109375
2123.0	2131.0	2124.806640625
2125.0	2129.0	2119.958251953125
2123.0	2133.0	2125.23046875
2124.0	2130.0	2122.91015625
2125.0	2132.0	2120.529052734375
2124.0	2131.0	2123.2421875
2124.0	2131.0	2123.339599609375
2120.0	2131.0	2133.669677734375
2123.0	2131.0	2126.125732421875
2123.0	2145.0	2126.271484375
2113.0	2131.0	2151.693115234375
2115.0	2117.0	2145.587646484375
2116.0	2118.0	2142.148193359375
2114.0	2116.0	2146.378662109375
2114.0	2119.0	2145.5234375
2110.0	2119.0	2154.936767578125
2114.0	2118.0	2144.0556640625
2113.0	2118.0	2145.968505859375
2114.0	2119.0	2142.723876953125
2116.0	2118.0	2136.99658203125
2114.0	2117.0	2141.6240234375
2113.0	2117.0	2143.43798828125
2114.0	2120.0	2140.35400390625
2116.0	2117.0	2134.735107421875
2114.0	2119.0	2139.444580078125
2114.0	2134.0	2139.0146484375
2113.0	2118.0	2141.1884765625
2114.0	2117.0	2138.34228515625
2112.0	2117.0	2143.059814453125
2115.0	2116.0	2135.238525390625
2115.0	2122.0	2134.867919921875
2125.0	2119.0	2109.95458984375
2124.0	2118.0	2113.254150390625
2123.0	2115.0	2116.546142578125
2124.0	2116.0	2114.736328125
2124.0	2118.0	2115.403076171875
2125.0	2117.0	2113.531494140625
2125.0	2118.0	2114.154296875
2124.0	2116.0	2117.29931640625
2124.0	2117.0	2117.843505859375
2122.0	2117.0	2123.53759765625
2124.0	2115.0	2118.927001953125
2123.0	2119.0	2121.90234375
2128.0	2117.0	2109.675048828125
2123.0	2120.0	2122.83056640625
2125.0	2125.0	2118.26025390625
2123.0	2119.0	2123.767822265625
2125.0	2116.0	2119.044921875
2124.0	2121.0	2122.0234375
2126.0	2124.0	2117.302001953125
2125.0	2117.0	2120.189208984375
2124.0	2118.0	2123.0390625
2126.0	2117.0	2118.323974609375
2125.0	2125.0	2121.13232421875
2123.0	2120.0	2126.4599609375
2128.0	2117.0	2114.02294921875
2126.0	2119.0	2119.318603515625
2125.0	2115.0	2122.103759765625
2123.0	2118.0	2127.36669921875
2124.0	2117.0	2125.05859375
2124.0	2119.0	2125.203125
2123.0	2115.0	2127.964111328125
2124.0	2129.0	2125.60205078125
2125.0	2131.0	2123.198486328125
2124.0	2132.0	2125.95458984375
2127.0	2128.0	2118.590087890625
2125.0	2131.0	2123.8232421875
2126.0	2132.0	2121.372802734375
2123.0	2131.0	2129.12255859375
2125.0	2126.0	2124.222412109375
2123.0	2132.0	2129.438720703125
2120.0	2131.0	2137.19580078125
2122.0	2130.0	2132.239501953125
2126.0	2128.0	2122.313720703125
2125.0	2135.0	2124.911376953125
2123.0	2130.0	2130.190185546875
2125.0	2131.0	2125.136474609375
2123.0	2128.0	2130.2939453125
2124.0	2142.0	2127.941162109375
2121.0	2143.0	2135.677978515625
2125.0	2148.0	2125.505615234375
2123.0	2145.0	2130.705078125
2123.0	2145.0	2130.78564453125
2126.0	2143.0	2123.28759765625
2126.0	2143.0	2123.3935546875
2125.0	2142.0	2126.114013671875
2123.0	2147.0	2131.251220703125
2116.0	2146.0	2148.8203125
2116.0	2144.0	2147.8828125
2115.0	2144.0	2149.427490234375
2112.0	2144.0	2156.143310546875
2122.0	2145.0	2129.845947265625
2116.0	2145.0	2144.37646484375
2115.0	2145.0	2146.16845703125
2114.0	2143.0	2148.08154296875
2107.0	2144.0	2165.305908203125
2113.0	2146.0	2149.505859375
2114.0	2143.0	2146.310546875
2115.0	2151.0	2143.186767578125
2110.0	2146.0	2155.35595703125
2116.0	2143.0	2139.57861328125
2113.0	2145.0	2146.73583984375
2113.0	2147.0	2146.267822265625
2112.0	2144.0	2148.365966796875
2114.0	2138.0	2142.879150390625
2112.0	2143.0	2147.724365234375
2116.0	2150.0	2137.1455078125
2113.0	2142.0	2144.5830078125
2115.0	2147.0	2139.1884765625
2115.0	2146.0	2138.893310546875
2115.0	2145.0	2138.605712890625
2113.0	2143.0	2143.41552734375
2114.0	2143.0	2140.6826171875
2114.0	2144.0	2140.4345703125
2113.0	2145.0	2142.87841796875
2112.0	2145.0	2145.1865234375
2113.0	2145.0	2142.3623046875
2114.0	2148.0	2139.658935546875
2113.0	2139.0	2142.09326171875
2112.0	2145.0	2144.52490234375
2113.0	2143.0	2141.878173828125
2115.0	2132.0	2136.741943359375
2113.0	2131.0	2141.7802734375
2112.0	2132.0	2144.18359375
2113.0	2128.0	2141.63525390625
2114.0	2130.0	2138.9990234375
2115.0	2128.0	2136.343994140625
2113.0	2130.0	2141.349609375
2115.0	2131.0	2136.271728515625
2114.0	2128.0	2138.788330078125
2115.0	2140.0	2136.118896484375
2113.0	2131.0	2141.148681640625
2115.0	2131.0	2136.0888671875
2113.0	2130.0	2141.19873046875
2124.0	2133.0	2113.78564453125
2124.0	2131.0	2114.862548828125
2126.0	2132.0	2110.721923828125
2124.0	2130.0	2116.750732421875
2124.0	2134.0	2117.72412109375
2124.0	2133.0	2118.646484375
2125.0	2130.0	2116.8984375
2124.0	2130.0	2120.162353515625
2124.0	2132.0	2120.923583984375
2123.0	2129.0	2124.2275390625
2124.0	2131.0	2122.36474609375
2124.0	2129.0	2123.0009765625
2133.0	2130.0	2101.677978515625
2131.0	2133.0	2108.364013671875
2132.0	2131.0	2107.267822265625
2134.0	2131.0	2103.511962890625
2132.0	2147.0	2109.890380859375
2132.0	2131.0	2111.052490234375
2134.0	2131.0	2107.146484375
2135.0	2132.0	2105.69873046875
2131.0	2139.0	2116.897216796875
2133.0	2132.0	2112.704345703125
2134.0	2132.0	2111.1240234375
2135.0	2132.0	2109.448974609375
2133.0	2127.0	2115.409423828125
2134.0	2130.0	2113.56982421875
2146.0	2129.0	2083.95068359375
2145.0	2131.0	2088.325927734375
2145.0	2132.0	2090.122314453125
2143.0	2130.0	2096.80419921875
2144.0	2133.0	2095.84912109375
2145.0	2132.0	2094.8056640625
2144.0	2128.0	2098.708251953125
2151.0	2132.0	2082.86376953125
2152.0	2131.0	2082.610107421875
2152.0	2129.0	2084.681396484375
2154.0	2126.0	2081.5380859375
2152.0	2131.0	2088.494384765625
2154.0	2131.0	2085.115966796875
2154.0	2132.0	2086.7724609375
2152.0	2143.0	2093.572509765625
2152.0	2142.0	2095.079833984375
2155.0	2145.0	2088.91552734375
2153.0	2145.0	2095.38671875
2152.0	2144.0	2099.2431640625
2155.0	2150.0	2092.82763671875
2148.0	2147.0	2111.705810546875
2154.0	2144.0	2097.46337890625
2153.0	2143.0	2101.03515625
2154.0	2146.0	2099.41845703125
2155.0	2147.0	2097.78173828125
2151.0	2145.0	2108.80810546875
2153.0	2144.0	2104.67919921875
2153.0	2145.0	2105.392822265625
2162.0	2145.0	2084.251220703125
2164.0	2144.0	2080.855224609375
2162.0	2142.0	2087.613525390625
2163.0	2143.0	2086.567138671875
2165.0	2143.0	2082.898193359375
2162.0	2144.0	2091.90771484375
2163.0	2144.0	2090.674072265625
2164.0	2146.0	2089.34521484375
2166.0	2145.0	2085.453857421875
2162.0	2147.0	2096.69287109375
2162.0	2157.0	2097.775146484375
2167.0	2159.0	2086.0009765625
2165.0	2158.0	2091.968994140625
2164.0	2157.0	2095.402587890625
2162.0	2156.0	2101.38671875
2164.0	2157.0	2097.012451171875
2167.0	2157.0	2090.095947265625
2163.0	2157.0	2100.99462890625
2163.0	2153.0	2101.671630859375
2162.0	2159.0	2104.744873046875
2166.0	2158.0	2095.178466796875
2164.0	2157.0	2100.8505859375
2163.0	2147.0	2103.859619140625
2163.0	2155.0	2104.341796875
2167.0	2157.0	2094.699462890625
2162.0	2158.0	2107.847412109375
2163.0	2158.0	2105.7734375
2162.0	2153.0	2108.701416015625
2162.0	2158.0	2109.0126953125
2162.0	2157.0	2109.302734375
2163.0	2159.0	2107.177490234375
2163.0	2163.0	2107.434326171875
2167.0	2157.0	2097.49755859375
2162.0	2158.0	2110.462890625
2163.0	2146.0	2108.204345703125
2166.0	2145.0	2100.7958984375
2177.0	2146.0	2073.053466796875
2163.0	2146.0	2108.98486328125
2163.0	2143.0	2109.2783203125
2164.0	2149.0	2106.89111328125
2167.0	2144.0	2099.485107421875
2163.0	2146.0	2109.830078125
2163.0	2144.0	2109.976318359375
2161.0	2143.0	2115.177490234375
2172.0	2144.0	2087.2548828125
2163.0	2146.0	2110.294677734375
2163.0	2146.0	2110.384765625
2161.0	2140.0	2115.589111328125
2166.0	2144.0	2102.952880859375
2162.0	2146.0	2113.1611328125
2163.0	2143.0	2110.783935546875
2162.0	2141.0	2113.39697265625
2157.0	2145.0	2126.25
2161.0	2145.0	2116.110107421875
2164.0	2145.0	2108.574462890625
2162.0	2144.0	2113.701416015625
2161.0	2146.0	2116.38037109375
2164.0	2144.0	2108.7705078125
2161.0	2146.0	2116.4658203125
2164.0	2146.0	2108.8134765625
2158.0	2147.0	2124.139404296875
2165.0	2145.0	2106.361328125
2162.0	2144.0	2114.038818359375
2163.0	2144.0	2111.5087890625
2151.0	2146.0	2141.53759765625
2152.0	2144.0	2137.931640625
2153.0	2144.0	2134.358154296875
2152.0	2149.0	2135.910888671875
2151.0	2144.0	2137.58056640625
2155.0	2145.0	2126.53369140625
2152.0	2144.0	2133.358642578125
2152.0	2147.0	2132.611572265625
2151.0	2143.0	2134.389892578125
2151.0	2144.0	2133.751953125
2154.0	2145.0	2125.4384765625
2152.0	2151.0	2129.938720703125
2150.0	2143.0	2134.386962890625
2154.0	2146.0	2123.66162109375
2153.0	2144.0	2125.754150390625
2153.0	2148.0	2125.243408203125
2151.0	2145.0	2129.81982421875
2152.0	2144.0	2126.856201171875
2153.0	2147.0	2123.82861328125
2153.0	2150.0	2123.326416015625
2153.0	2144.0	2122.865478515625
2154.0	2146.0	2120.012939453125
2153.0	2144.0	2122.175048828125
2154.0	2146.0	2119.284912109375
2151.0	2142.0	2126.636474609375
2153.0	2144.0	2121.2734375
2153.0	2145.0	2120.9755859375
2152.0	2149.0	2123.2841796875
2143.0	2145.0	2145.4345703125
2144.0	2144.0	2141.70556640625
2142.0	2143.0	2145.63623046875
2143.0	2146.0	2141.998046875
2143.0	2144.0	2140.95166015625
2146.0	2143.0	2132.3857421875
2142.0	2144.0	2141.643798828125
2143.0	2142.0	2138.19921875
2134.0	2144.0	2159.303466796875
2135.0	2142.0	2154.89208984375
2132.0	2146.0	2160.76171875
2133.0	2142.0	2156.53955078125
2133.0	2142.0	2154.98681640625
2136.0	2145.0	2145.89404296875
2134.0	2143.0	2149.550537109375
2135.0	2144.0	2145.62890625
2133.0	2144.0	2149.399169921875
2140.0	2144.0	2130.427734375
2133.0	2146.0	2147.112060546875
2134.0	2142.0	2143.47509765625
2133.0	2143.0	2145.058837890625
2132.0	2146.0	2146.61962890625
2132.0	2143.0	2145.74560546875
2135.0	2143.0	2137.32470703125
2133.0	2148.0	2141.581298828125
2138.0	2145.0	2128.1259765625
2135.0	2146.0	2135.068115234375
2132.0	2145.0	2142.04150390625
2141.0	2150.0	2118.609619140625
2138.0	2144.0	2126.715576171875
2144.0	2145.0	2111.894775390625
2143.0	2144.0	2114.909423828125
2144.0	2148.0	2112.797119140625
2143.0	2147.0	2115.70849609375
2143.0	2145.0	2116.086181640625
2153.0	2144.0	2091.70849609375
2152.0	2139.0	2095.5869140625
2151.0	2143.0	2099.35791015625
2155.0	2144.0	2090.3427734375
2153.0	2146.0	2096.5
2153.0	2137.0	2097.57080078125
2151.0	2143.0	2103.6728515625
2153.0	2147.0	2099.49267578125
2152.0	2143.0	2102.93408203125
2154.0	2156.0	2098.662841796875
2152.0	2143.0	2104.525390625
2152.0	2146.0	2105.3076171875
2153.0	2142.0	2103.47021484375
2163.0	2147.0	2078.8388671875
2161.0	2146.0	2085.644775390625
2163.0	2145.0	2082.18994140625
2163.0	2146.0	2083.7421875
2163.0	2147.0	2085.18994140625
2162.0	2146.0	2089.117431640625
2162.0	2144.0	2090.429931640625
2163.0	2146.0	2089.046875
2160.0	2148.0	2097.85107421875
2164.0	2143.0	2088.843994140625
2164.0	2145.0	2089.90234375
2164.0	2144.0	2090.877197265625
2162.0	2149.0	2096.872314453125
2159.0	2145.0	2105.370361328125
2164.0	2146.0	2093.475830078125
2162.0	2142.0	2099.36865234375
2164.0	2159.0	2095.041748046875
2162.0	2143.0	2100.88232421875
2164.0	2145.0	2096.394775390625
2162.0	2144.0	2102.0830078125
2163.0	2148.0	2100.006591796875
2162.0	2145.0	2103.2236328125
2162.0	2144.0	2103.77490234375
2161.0	2146.0	2106.7783203125
2161.0	2148.0	2107.260009765625
2162.0	2145.0	2105.127685546875
2160.0	2149.0	2110.704345703125
2162.0	2132.0	2105.984375
2164.0	2150.0	2101.375
2162.0	2144.0	2106.672607421875
2164.0	2148.0	2101.9443359375
2163.0	2144.0	2104.80517578125
2162.0	2141.0	2107.632080078125
2163.0	2144.0	2105.340576171875
2163.0	2145.0	2105.62109375
2164.0	2144.0	2103.28662109375
2164.0	2141.0	2103.462890625
2162.0	2144.0	2108.690673828125
2164.0	2145.0	2103.785400390625
2163.0	2144.0	2106.468017578125
2161.0	2145.0	2111.748046875
2162.0	2144.0	2109.375
2164.0	2145.0	2104.450439453125
2161.0	2143.0	2112.124755859375
2162.0	2149.0	2109.68603515625
2163.0	2143.0	2107.335693359375
2162.0	2144.0	2109.978759765625
2164.0	2145.0	2105.030029296875
2162.0	2148.0	2110.1865234375
2164.0	2145.0	2105.23974609375
2165.0	2146.0	2102.764404296875
2163.0	2144.0	2107.966796875
2163.0	2141.0	2108.02001953125
2160.0	2144.0	2115.633544921875
2167.0	2145.0	2097.9580078125
2163.0	2146.0	2108.184814453125
2162.0	2143.0	2110.831298828125
2163.0	2145.0	2108.310791015625
2166.0	2143.0	2100.64208984375
2162.0	2144.0	2110.849609375
2165.0	2142.0	2103.206298828125
2161.0	2146.0	2113.45703125
2162.0	2147.0	2110.90771484375
2163.0	2144.0	2108.370849609375
2164.0	2142.0	2105.8330078125
2163.0	2147.0	2108.412841796875
2159.0	2145.0	2118.6142578125
2164.0	2144.0	2105.87841796875
2162.0	2143.0	2110.967529296875
2163.0	2145.0	2108.39990234375
2160.0	2144.0	2115.97900390625
2163.0	2144.0	2108.390380859375
2162.0	2144.0	2110.904296875
2162.0	2149.0	2110.87109375
2163.0	2144.0	2108.310302734375
2160.0	2146.0	2115.95068359375
2162.0	2143.0	2110.85205078125
2161.0	2140.0	2113.39599609375
2162.0	2144.0	2110.841552734375
2161.0	2146.0	2113.409423828125
2165.0	2146.0	2103.21533203125
2162.0	2153.0	2110.851806640625
2163.0	2148.0	2108.352783203125
2162.0	2147.0	2110.88671875
2154.0	2146.0	2130.2216796875
2153.0	2142.0	2131.677490234375
2151.0	2146.0	2135.785888671875
2152.0	2145.0	2132.32763671875
2153.0	2143.0	2128.83642578125
2153.0	2146.0	2127.97705078125
2152.0	2143.0	2129.6904296875
2152.0	2143.0	2128.9111328125
2153.0	2146.0	2125.6904296875
2153.0	2143.0	2125.02294921875
2152.0	2158.0	2126.88232421875
2148.0	2158.0	2136.41650390625
2151.0	2157.0	2128.158203125
2150.0	2157.0	2130.1337890625
2156.0	2159.0	2114.3388671875
2156.0	2159.0	2113.871826171875
2151.0	2158.0	2126.04638671875
2153.0	2157.0	2120.424560546875
2153.0	2158.0	2120.00146484375
2164.0	2155.0	2091.612060546875
2151.0	2158.0	2124.364013671875
2153.0	2158.0	2118.923828125
2152.0	2158.0	2121.11376953125
2150.0	2157.0	2125.927734375
2153.0	2159.0	2118.035400390625
2152.0	2157.0	2120.2890625
2151.0	2160.0	2122.559326171875
2152.0	2157.0	2119.7490234375
2152.0	2157.0	2119.466064453125
2152.0	2157.0	2119.232421875
2152.0	2159.0	2119.0439453125
2152.0	2155.0	2118.828857421875
2162.0	2156.0	2093.337646484375
2163.0	2154.0	2091.639404296875
2163.0	2165.0	2092.449462890625
2164.0	2157.0	2090.708740234375
2164.0	2159.0	2091.41748046875
2162.0	2157.0	2097.21240234375
2163.0	2152.0	2095.291748046875
2162.0	2160.0	2098.378662109375
2162.0	2159.0	2098.965087890625
2161.0	2157.0	2102.07373046875
2163.0	2157.0	2097.553466796875
2163.0	2156.0	2098.067626953125
2162.0	2143.0	2101.150146484375
2164.0	2145.0	2096.48095703125
2163.0	2145.0	2099.357421875
2163.0	2145.0	2099.696533203125
2176.0	2144.0	2067.05517578125
2163.0	2146.0	2100.48681640625
2162.0	2145.0	2103.42626953125
2164.0	2147.0	2098.676025390625
2162.0	2145.0	2104.08447265625
2162.0	2145.0	2104.33740234375
2162.0	2146.0	2104.505859375
2164.0	2145.0	2099.689453125
2162.0	2145.0	2104.9462890625
2163.0	2146.0	2102.63134765625
2164.0	2146.0	2100.2958984375
2164.0	2140.0	2100.545654296875
2161.0	2143.0	2108.440673828125
2163.0	2147.0	2103.53369140625
2162.0	2145.0	2106.180419921875
2162.0	2140.0	2106.384033203125
2163.0	2145.0	2103.895751953125
2160.0	2144.0	2111.727783203125
2162.0	2147.0	2106.66552734375
2162.0	2141.0	2106.802978515625
2162.0	2145.0	2106.871337890625
2165.0	2147.0	2099.29150390625
2165.0	2146.0	2099.37255859375
2163.0	2143.0	2104.628173828125
2161.0	2142.0	2109.83935546875
2167.0	2142.0	2094.608154296875
2162.0	2145.0	2107.404541015625
2161.0	2146.0	2110.060302734375
2162.0	2145.0	2107.604736328125
2176.0	2144.0	2072.059326171875
2163.0	2146.0	2105.223876953125
2163.0	2147.0	2105.214111328125
2161.0	2149.0	2110.29931640625
2160.0	2145.0	2112.904541015625
2163.0	2145.0	2105.299560546875
2162.0	2144.0	2107.814208984375
2162.0	2143.0	2107.81298828125
2163.0	2144.0	2105.29931640625
2163.0	2146.0	2105.250244140625
2163.0	2146.0	2105.274169921875
2162.0	2148.0	2107.890625
2166.0	2144.0	2097.712890625
2165.0	2145.0	2100.230224609375
2163.0	2144.0	2105.271484375
2161.0	2150.0	2110.35693359375
2162.0	2145.0	2107.791015625
2164.0	2144.0	2102.675048828125
2161.0	2144.0	2110.220947265625
2162.0	2146.0	2107.66455078125
2163.0	2145.0	2105.130615234375
2164.0	2146.0	2102.595703125
2163.0	2143.0	2105.078857421875
2162.0	2146.0	2107.59033203125
2162.0	2146.0	2107.561767578125
2164.0	2145.0	2102.48193359375
2164.0	2144.0	2102.4873046875
2163.0	2145.0	2105.035888671875
2162.0	2153.0	2107.499755859375
2155.0	2145.0	2125.23291015625
2163.0	2147.0	2104.787109375
2163.0	2144.0	2104.708984375
2165.0	2143.0	2099.63623046875
2162.0	2145.0	2107.35888671875
2161.0	2145.0	2109.830078125
2161.0	2144.0	2109.8173828125
2165.0	2150.0	2099.622802734375
2162.0	2143.0	2107.31689453125
2165.0	2144.0	2099.629150390625
2162.0	2157.0	2107.185546875
2162.0	2154.0	2107.1220703125
2162.0	2157.0	2107.052490234375
2162.0	2158.0	2107.01953125
2163.0	2157.0	2104.445556640625
2163.0	2155.0	2104.4033203125
2161.0	2161.0	2109.409423828125
2164.0	2158.0	2101.702392578125
2163.0	2157.0	2104.3271484375
2161.0	2157.0	2109.353271484375
2161.0	2161.0	2109.2587890625
2161.0	2157.0	2109.2626953125
2162.0	2159.0	2106.705810546875
2162.0	2157.0	2106.66064453125
2162.0	2153.0	2106.615966796875
2162.0	2157.0	2106.706787109375
2163.0	2155.0	2104.178955078125
2162.0	2157.0	2106.67578125
2162.0	2154.0	2106.78564453125
2164.0	2156.0	2101.693115234375
2165.0	2150.0	2099.023681640625
2163.0	2159.0	2104.085205078125
2164.0	2157.0	2101.455810546875
2152.0	2156.0	2131.14599609375
2152.0	2160.0	2130.009765625
2151.0	2157.0	2131.4287109375
2153.0	2157.0	2125.40576171875
2152.0	2159.0	2127.00244140625
2150.0	2158.0	2131.2294921875
2152.0	2157.0	2125.30078125
2154.0	2157.0	2119.426513671875
2152.0	2163.0	2123.72021484375
2154.0	2158.0	2117.955078125
2152.0	2156.0	2122.434326171875
2152.0	2157.0	2121.75341796875
2152.0	2154.0	2121.1328125
2150.0	2157.0	2125.703125
2152.0	2157.0	2120.120361328125
2152.0	2156.0	2119.575927734375
2153.0	2156.0	2116.606201171875
2151.0	2156.0	2121.294921875
2127.0	2157.0	2181.956787109375
2153.0	2157.0	2115.28515625
2154.0	2157.0	2112.45703125
2152.0	2157.0	2117.137939453125
2161.0	2159.0	2093.87158203125
2153.0	2157.0	2113.941650390625
2153.0	2156.0	2113.560302734375
2151.0	2158.0	2118.310546875
2149.0	2159.0	2123.113037109375
2154.0	2157.0	2110.065185546875
2153.0	2158.0	2112.205810546875
2152.0	2161.0	2114.503173828125
2152.0	2156.0	2114.248779296875
2164.0	2147.0	2084.548095703125
2163.0	2143.0	2087.870361328125
2162.0	2151.0	2091.2578125
2162.0	2146.0	2091.926025390625
2164.0	2148.0	2087.62158203125
2162.0	2144.0	2093.303466796875
2163.0	2144.0	2091.35693359375
2164.0	2143.0	2089.443115234375
2164.0	2147.0	2089.914306640625
2165.0	2144.0	2087.916015625
2163.0	2143.0	2093.41748046875
2164.0	2149.0	2091.304443359375
2160.0	2145.0	2102.044677734375
2163.0	2145.0	2094.75390625
2162.0	2145.0	2097.6708984375
2162.0	2142.0	2098.090576171875
2163.0	2145.0	2095.924560546875
2172.0	2148.0	2073.59765625
2172.0	2144.0	2074.85205078125
2172.0	2143.0	2076.009033203125
2172.0	2143.0	2077.1728515625
2168.0	2145.0	2088.43603515625
2172.0	2144.0	2079.2763671875
2171.0	2145.0	2082.841796875
2174.0	2146.0	2076.08837890625
2179.0	2145.0	2064.257080078125
2172.0	2147.0	2082.837158203125
2173.0	2144.0	2081.12158203125
2172.0	2146.0	2084.361083984375
2171.0	2146.0	2087.614013671875
2170.0	2144.0	2090.83251953125
2174.0	2144.0	2081.306396484375
2174.0	2150.0	2081.881591796875
2172.0	2144.0	2087.494140625
2173.0	2145.0	2085.489990234375
2172.0	2145.0	2088.570556640625
2171.0	2139.0	2091.5927734375
2162.0	2144.0	2114.623779296875
2163.0	2145.0	2111.446533203125
2162.0	2144.0	2113.44775390625
2164.0	2144.0	2107.850341796875
2162.0	2123.0	2112.38818359375
2166.0	2145.0	2101.716552734375
2162.0	2130.0	2111.4765625
2164.0	2129.0	2105.905517578125
2163.0	2129.0	2108.019775390625
2161.0	2130.0	2112.763916015625
2160.0	2132.0	2114.866943359375
2161.0	2130.0	2112.005859375
2163.0	2126.0	2106.585205078125
2163.0	2132.0	2106.19384765625
2162.0	2132.0	2108.38720703125
2161.0	2131.0	2110.621826171875
2162.0	2136.0	2107.803955078125
2161.0	2131.0	2110.09619140625
2166.0	2129.0	2097.0986328125
2162.0	2132.0	2107.025146484375
2160.0	2144.0	2111.916748046875
2161.0	2145.0	2109.092041015625
2165.0	2145.0	2098.83544921875
2162.0	2143.0	2106.220458984375
2163.0	2144.0	2103.431884765625
2164.0	2146.0	2100.688232421875
2165.0	2145.0	2097.98486328125
2160.0	2146.0	2110.501953125
2163.0	2145.0	2102.7216796875
2163.0	2147.0	2102.584228515625
2150.0	2144.0	2135.087890625
2156.0	2145.0	2118.609130859375
2154.0	2144.0	2122.521484375
2152.0	2160.0	2126.5302734375
2155.0	2145.0	2117.816650390625
2151.0	2146.0	2126.983154296875
2151.0	2143.0	2126.0390625
2152.0	2143.0	2122.619140625
2153.0	2145.0	2119.168212890625
2154.0	2144.0	2115.81494140625
2153.0	2143.0	2117.647216796875
2152.0	2142.0	2119.505859375
2152.0	2148.0	2118.811767578125
2153.0	2145.0	2115.603515625
2145.0	2142.0	2134.95947265625
2145.0	2146.0	2133.4970703125
2133.0	2147.0	2162.54345703125
2147.0	2144.0	2125.498779296875
2142.0	2144.0	2136.904052734375
2145.0	2145.0	2128.10009765625
2134.0	2139.0	2154.12109375
2131.0	2147.0	2159.63720703125
2133.0	2145.0	2152.472900390625
2133.0	2145.0	2150.509033203125
2136.0	2158.0	2141.057373046875
2133.0	2146.0	2146.838134765625
2134.0	2145.0	2142.647705078125
2133.0	2147.0	2143.644287109375
2135.0	2141.0	2137.04296875
2132.0	2155.0	2143.234375
2135.0	2145.0	2134.23388671875
2132.0	2144.0	2140.790771484375
2135.0	2143.0	2131.9287109375
2133.0	2143.0	2135.8828125
2135.0	2143.0	2129.6728515625
2134.0	2145.0	2131.26708984375
2133.0	2144.0	2132.91162109375
2132.0	2147.0	2134.572509765625
2130.0	2145.0	2138.728759765625
2134.0	2144.0	2127.728759765625
2133.0	2145.0	2129.461181640625
2132.0	2150.0	2131.27001953125
2131.0	2147.0	2133.111572265625
2134.0	2144.0	2124.889404296875
2132.0	2146.0	2129.366943359375
2131.0	2145.0	2131.427978515625
2134.0	2143.0	2123.198974609375
2135.0	2143.0	2120.125244140625
2135.0	2146.0	2119.650146484375
2133.0	2146.0	2124.25927734375
2133.0	2147.0	2123.75537109375
2135.0	2146.0	2118.27099609375
2133.0	2143.0	2122.939697265625
2131.0	2140.0	2127.65625
2132.0	2149.0	2124.75146484375
2147.0	2146.0	2086.5859375
2142.0	2144.0	2100.1201171875
2143.0	2144.0	2098.36669921875
2143.0	2144.0	2099.1142578125
2141.0	2144.0	2104.900390625
2144.0	2143.0	2097.868408203125
2154.0	2146.0	2073.90673828125
2152.0	2146.0	2080.55029296875
2152.0	2146.0	2081.9482421875
2152.0	2143.0	2083.30322265625
2153.0	2148.0	2081.99755859375
2152.0	2146.0	2085.76123046875
2152.0	2145.0	2086.899169921875
2152.0	2144.0	2088.045654296875
2154.0	2144.0	2083.95458984375
2153.0	2142.0	2087.55517578125
2152.0	2142.0	2091.0166015625
2155.0	2144.0	2084.313232421875
2162.0	2144.0	2067.5029296875
2165.0	2145.0	2061.6904296875
2163.0	2147.0	2068.479248046875
2172.0	2146.0	2047.231689453125
2160.0	2147.0	2079.3525390625
2163.0	2144.0	2073.14892578125
2163.0	2146.0	2074.57861328125
2160.0	2144.0	2083.5458984375
2164.0	2145.0	2074.690673828125
2163.0	2143.0	2078.46484375
2163.0	2148.0	2079.585693359375
2161.0	2148.0	2085.71044921875
2161.0	2144.0	2086.69482421875
2163.0	2143.0	2082.58642578125
2162.0	2155.0	2086.061767578125
2165.0	2145.0	2079.2548828125
2161.0	2146.0	2090.228271484375
2161.0	2143.0	2090.984130859375
2163.0	2150.0	2086.622314453125
2163.0	2145.0	2087.33837890625
2172.0	2146.0	2065.154052734375
2153.0	2145.0	2114.108642578125
2163.0	2146.0	2089.14208984375
2163.0	2142.0	2089.708251953125
2160.0	2144.0	2097.777099609375
2162.0	2142.0	2093.069091796875
2162.0	2144.0	2093.501708984375
2163.0	2146.0	2091.42822265625
2161.0	2147.0	2096.88671875
2161.0	2145.0	2097.239013671875
2163.0	2145.0	2092.49951171875
2162.0	2145.0	2095.3125
2160.0	2143.0	2100.702392578125
2163.0	2145.0	2093.296630859375
2160.0	2146.0	2101.127685546875
2163.0	2153.0	2093.792724609375
2163.0	2147.0	2093.96630859375
2162.0	2146.0	2096.7333984375
2163.0	2145.0	2094.420654296875
2162.0	2146.0	2097.195068359375
2162.0	2148.0	2097.414306640625
2159.0	2146.0	2105.200439453125
2163.0	2143.0	2095.162353515625
2161.0	2147.0	2100.34375
2162.0	2145.0	2097.955810546875
2162.0	2144.0	2098.21435546875
2162.0	2142.0	2098.308349609375
2162.0	2145.0	2098.470458984375
2160.0	2141.0	2103.7060546875
2151.0	2144.0	2125.887451171875
2150.0	2146.0	2127.435302734375
2153.0	2143.0	2118.935546875
2151.0	2144.0	2123.08203125
2149.0	2143.0	2127.339599609375
2154.0	2145.0	2113.829833984375
2151.0	2144.0	2120.690185546875
2153.0	2144.0	2115.057861328125
2153.0	2145.0	2114.359375
2150.0	2142.0	2121.345458984375
2154.0	2143.0	2110.54296875
2154.0	2144.0	2109.935302734375
2153.0	2144.0	2111.923095703125
2143.0	2146.0	2136.01953125
2138.0	2145.0	2147.3603515625
2144.0	2146.0	2130.72119140625
2143.0	2151.0	2132.003662109375
2134.0	2145.0	2153.57177734375
2132.0	2146.0	2156.437255859375
2132.0	2146.0	2154.40966796875
2133.0	2141.0	2149.88720703125
2134.0	2144.0	2145.43994140625
2134.0	2143.0	2143.606201171875
2134.0	2144.0	2141.903076171875
2133.0	2143.0	2142.828857421875
2134.0	2144.0	2138.73046875
2136.0	2146.0	2132.21875
2134.0	2145.0	2135.9521484375
2135.0	2147.0	2132.21728515625
2134.0	2145.0	2133.556396484375
2130.0	2145.0	2142.705322265625
2136.0	2144.0	2126.333984375
2132.0	2146.0	2135.48974609375
2131.0	2152.0	2137.0439453125
2131.0	2146.0	2136.06689453125
2136.0	2144.0	2122.548583984375
2122.0	2145.0	2156.561767578125
2125.0	2142.0	2147.263671875
2125.0	2145.0	2145.5791015625
2122.0	2141.0	2151.6396484375
2123.0	2145.0	2147.601806640625
2126.0	2143.0	2138.66796875
2124.0	2149.0	2142.457275390625
2136.0	2143.0	2110.669921875
2125.0	2145.0	2137.496337890625
2125.0	2145.0	2136.378662109375
2122.0	2140.0	2142.9384765625
2124.0	2144.0	2136.808837890625
2124.0	2143.0	2135.89306640625
2124.0	2146.0	2134.97802734375
2125.0	2143.0	2131.64404296875
2125.0	2145.0	2130.843017578125
2124.0	2144.0	2132.580078125
2123.0	2144.0	2134.5009765625
2123.0	2142.0	2133.82861328125
2123.0	2144.0	2133.20263671875
2128.0	2143.0	2119.84765625
2123.0	2135.0	2132.00390625
2124.0	2148.0	2128.938720703125
2134.0	2142.0	2103.110107421875
2131.0	2146.0	2111.33203125
2133.0	2145.0	2106.715087890625
2133.0	2145.0	2107.307861328125
2131.0	2140.0	2112.838134765625
2133.0	2146.0	2108.19921875
2133.0	2147.0	2108.579345703125
2133.0	2146.0	2108.889892578125
2134.0	2138.0	2106.7216796875
2133.0	2145.0	2109.6552734375
2133.0	2146.0	2110.01708984375
2132.0	2146.0	2112.976318359375
2133.0	2141.0	2110.784423828125
2135.0	2141.0	2105.95166015625
2135.0	2145.0	2106.185302734375
2135.0	2143.0	2106.482421875
2130.0	2147.0	2119.431884765625
2134.0	2147.0	2109.51416015625
2132.0	2142.0	2114.7744140625
2146.0	2145.0	2080.192626953125
2143.0	2144.0	2088.953125
2144.0	2143.0	2087.665771484375
2147.0	2145.0	2081.143310546875
2143.0	2145.0	2092.366943359375
2151.0	2145.0	2073.59521484375
2152.0	2144.0	2073.05224609375
2152.0	2143.0	2074.76806640625
2148.0	2146.0	2086.69091796875
2152.0	2143.0	2078.159912109375
2153.0	2144.0	2077.185791015625
2154.0	2145.0	2076.111328125
2162.0	2144.0	2057.1484375
2152.0	2143.0	2083.972900390625
2153.0	2144.0	2082.6806640625
2152.0	2139.0	2086.433837890625
2153.0	2145.0	2084.99462890625
2155.0	2145.0	2080.999267578125
2152.0	2143.0	2089.569091796875
2154.0	2146.0	2085.402099609375
2152.0	2147.0	2091.353759765625
2152.0	2132.0	2092.271728515625
2154.0	2130.0	2087.983642578125
2150.0	2133.0	2098.929443359375
2153.0	2126.0	2091.94091796875
2153.0	2129.0	2092.583740234375
2152.0	2130.0	2095.810302734375
2153.0	2132.0	2093.84521484375
2152.0	2136.0	2097.006103515625
2151.0	2131.0	2099.998291015625
2153.0	2129.0	2095.464599609375
2155.0	2130.0	2090.9326171875
2154.0	2129.0	2094.136474609375
2152.0	2132.0	2099.630859375
2154.0	2131.0	2094.97607421875
2143.0	2133.0	2122.794189453125
2142.0	2132.0	2124.789306640625
2144.0	2131.0	2119.123046875
2141.0	2130.0	2126.104736328125
2143.0	2130.0	2120.494873046875
2143.0	2130.0	2119.99267578125
2144.0	2130.0	2116.9833984375
2131.0	2131.0	2148.768310546875
2133.0	2130.0	2142.242919921875
2132.0	2132.0	2143.353271484375
2133.0	2138.0	2139.388916015625
2136.0	2134.0	2130.4501953125
2128.0	2131.0	2149.683349609375
2135.0	2130.0	2130.61767578125
2132.0	2132.0	2137.20751953125
2132.0	2134.0	2136.234619140625
2148.0	2129.0	2094.563720703125
2132.0	2133.0	2134.427001953125
2133.0	2132.0	2131.0517578125
2132.0	2149.0	2132.765380859375
2125.0	2131.0	2149.7138671875
2126.0	2131.0	2145.497802734375
2125.0	2129.0	2146.54443359375
2124.0	2132.0	2147.55615234375
2124.0	2130.0	2146.16845703125
2123.0	2131.0	2147.419921875
2125.0	2132.0	2141.0078125
2125.0	2129.0	2139.858642578125
2124.0	2132.0	2141.19482421875
2121.0	2132.0	2147.8173828125
2113.0	2130.0	2166.191162109375
2115.0	2132.0	2159.10400390625
2113.0	2132.0	2162.3115234375
2113.0	2131.0	2160.576904296875
2117.0	2143.0	2148.679931640625
2115.0	2145.0	2152.145751953125
2115.0	2150.0	2150.653564453125
2112.0	2146.0	2156.86962890625
2114.0	2145.0	2150.48388671875
2115.0	2145.0	2146.591552734375
2113.0	2143.0	2150.4267578125
2116.0	2142.0	2141.65869140625
2112.0	2147.0	2150.78857421875
2114.0	2145.0	2144.7119140625
2113.0	2144.0	2146.189208984375
2114.0	2148.0	2142.7724609375
2113.0	2144.0	2144.45263671875
2115.0	2145.0	2138.594970703125
2113.0	2144.0	2142.943603515625
2113.0	2152.0	2142.247314453125
2114.0	2140.0	2139.0517578125
2118.0	2145.0	2128.200439453125
2113.0	2145.0	2140.3125
2114.0	2143.0	2137.1396484375
2114.0	2150.0	2136.602783203125
2111.0	2145.0	2143.740234375
2114.0	2143.0	2135.674560546875
2117.0	2144.0	2127.587158203125
2112.0	2155.0	2139.960205078125
2112.0	2146.0	2139.628173828125
2115.0	2145.0	2131.609130859375
2115.0	2145.0	2131.27734375
2114.0	2145.0	2133.475830078125
2113.0	2142.0	2135.750732421875
2117.0	2159.0	2125.3134765625
2113.0	2156.0	2135.229248046875
2113.0	2157.0	2134.87646484375
2113.0	2154.0	2134.56982421875
2123.0	2157.0	2109.451171875
2125.0	2156.0	2105.32666015625
2125.0	2157.0	2106.110595703125
2124.0	2161.0	2109.48046875
2124.0	2157.0	2110.215087890625
2125.0	2157.0	2108.39453125
2124.0	2158.0	2111.650146484375
2125.0	2156.0	2109.750732421875
2124.0	2160.0	2112.9169921875
2122.0	2159.0	2118.602783203125
2125.0	2158.0	2111.510498046875
2123.0	2158.0	2117.098388671875
2125.0	2157.0	2112.483154296875
2123.0	2159.0	2118.091796875
2124.0	2157.0	2116.0546875
2124.0	2158.0	2116.3935546875
2124.0	2156.0	2116.785400390625
2124.0	2157.0	2117.191162109375
2124.0	2159.0	2117.59619140625
2126.0	2158.0	2113.024169921875
2128.0	2156.0	2108.309326171875
2123.0	2163.0	2121.4111328125
2122.0	2156.0	2124.413818359375
2134.0	2159.0	2094.154541015625
2133.0	2157.0	2098.02734375
2133.0	2159.0	2099.15234375
2133.0	2158.0	2100.3720703125
2132.0	2156.0	2104.029541015625
2133.0	2155.0	2102.606201171875
2133.0	2151.0	2103.587646484375
2132.0	2156.0	2107.034912109375
2136.0	2157.0	2097.631103515625
2133.0	2158.0	2106.02294921875
2132.0	2157.0	2109.271484375
2132.0	2157.0	2109.98974609375
2131.0	2158.0	2113.23876953125
2122.0	2157.0	2136.69873046875
2125.0	2159.0	2128.723876953125
2123.0	2155.0	2133.516845703125
2123.0	2157.0	2133.17919921875
2124.0	2159.0	2130.3837890625
2123.0	2157.0	2132.73095703125
2123.0	2158.0	2132.458740234375
2124.0	2153.0	2129.755615234375
2135.0	2158.0	2101.48779296875
2126.0	2157.0	2124.242919921875
2126.0	2157.0	2124.07666015625
2124.0	2157.0	2128.948486328125
2124.0	2157.0	2128.727294921875
2118.0	2157.0	2143.874267578125
2123.0	2155.0	2131.0107421875
2124.0	2166.0	2128.33056640625
2123.0	2157.0	2130.781005859375
2126.0	2156.0	2122.967041015625
2123.0	2156.0	2130.34521484375
2114.0	2157.0	2152.340576171875
2115.0	2147.0	2148.758544921875
2077.0	2144.0	2244.4443359375
2114.0	2144.0	2149.178955078125
2112.0	2143.0	2153.298583984375
2115.0	2147.0	2144.77197265625
2113.0	2145.0	2148.993896484375
2112.0	2144.0	2150.731201171875
2115.0	2144.0	2142.20458984375
2113.0	2144.0	2146.620361328125
2116.0	2144.0	2138.358154296875
2110.0	2144.0	2153.003662109375
2115.0	2141.0	2139.7392578125
2114.0	2145.0	2141.72998046875
2115.0	2146.0	2138.647705078125
2108.0	2144.0	2155.957763671875
2111.0	2146.0	2147.846435546875
2115.0	2146.0	2137.35693359375
2105.0	2139.0	2161.728759765625
2104.0	2143.0	2162.924072265625
2103.0	2146.0	2164.155517578125
2104.0	2145.0	2160.28076171875
2103.0	2142.0	2161.696044921875
2103.0	2145.0	2160.62255859375
2108.0	2143.0	2146.867431640625
2104.0	2145.0	2156.06689453125
2103.0	2144.0	2157.625732421875
2105.0	2116.0	2151.746826171875
2104.0	2145.0	2153.447509765625
2106.0	2146.0	2147.582275390625
2105.0	2145.0	2149.5166015625
2105.0	2159.0	2148.840087890625
2106.0	2144.0	2145.650390625
2105.0	2146.0	2147.632080078125
2105.0	2143.0	2147.066162109375
2101.0	2145.0	2156.73583984375
2104.0	2144.0	2148.57080078125
2101.0	2144.0	2155.734619140625
2104.0	2145.0	2147.65234375
2105.0	2145.0	2144.74609375
2104.0	2149.0	2146.93994140625
2104.0	2144.0	2146.67626953125
2109.0	2142.0	2133.63330078125
2105.0	2145.0	2143.50390625
2104.0	2150.0	2145.747314453125
2106.0	2145.0	2140.5078125
2108.0	2145.0	2135.173828125
2104.0	2142.0	2145.135009765625
2105.0	2142.0	2142.36181640625
2106.0	2148.0	2139.58251953125
2103.0	2144.0	2147.041259765625
2117.0	2146.0	2111.93115234375
2114.0	2143.0	2120.493408203125
2115.0	2140.0	2118.74658203125
2113.0	2146.0	2124.53955078125
2116.0	2149.0	2117.654296875
2115.0	2144.0	2120.882080078125
2114.0	2144.0	2124.21630859375
2113.0	2147.0	2127.37109375
2112.0	2144.0	2130.469970703125
2113.0	2147.0	2128.423095703125
2113.0	2145.0	2128.926025390625
2113.0	2162.0	2129.415771484375
2118.0	2145.0	2117.161376953125
2115.0	2146.0	2125.277587890625
2116.0	2145.0	2123.1337890625
2117.0	2142.0	2121.0458984375
2123.0	2146.0	2107.1806640625
2127.0	2146.0	2098.527587890625
2126.0	2159.0	2102.458984375
2126.0	2159.0	2103.75244140625
2124.0	2154.0	2110.0380859375
2124.0	2158.0	2111.2158203125
2125.0	2159.0	2109.673095703125
2126.0	2159.0	2108.1376953125
2125.0	2172.0	2111.689208984375
2123.0	2157.0	2117.82177734375
2126.0	2158.0	2111.065185546875
2126.0	2157.0	2111.8369140625
2126.0	2158.0	2112.63623046875
2124.0	2158.0	2118.528076171875
2133.0	2158.0	2097.059814453125
2132.0	2157.0	2101.21435546875
2132.0	2156.0	2102.714111328125
2134.0	2154.0	2099.1005859375
2132.0	2155.0	2105.57568359375
2135.0	2157.0	2099.258544921875
2137.0	2155.0	2095.34033203125
2133.0	2170.0	2106.78466796875
2133.0	2174.0	2107.88818359375
2131.0	2170.0	2114.090576171875
2134.0	2168.0	2107.447998046875
2134.0	2169.0	2108.3564453125
2132.0	2173.0	2114.377685546875
2132.0	2170.0	2115.177001953125
2134.0	2169.0	2111.029541015625
2136.0	2171.0	2106.626220703125
2134.0	2176.0	2112.465087890625
2134.0	2171.0	2113.263671875
2137.0	2171.0	2106.309814453125
2133.0	2171.0	2117.171142578125
2132.0	2170.0	2120.38037109375
2133.0	2170.0	2118.42724609375
2132.0	2168.0	2121.48681640625
2134.0	2169.0	2116.950439453125
2132.0	2170.0	2122.524658203125
2132.0	2163.0	2122.93896484375
2132.0	2171.0	2123.31689453125
2135.0	2169.0	2116.164794921875
2134.0	2170.0	2119.20703125
2135.0	2171.0	2117.128662109375
2134.0	2173.0	2119.9912109375
2132.0	2170.0	2125.431640625
2133.0	2169.0	2123.17041015625
2133.0	2170.0	2123.50390625
2135.0	2177.0	2118.72412109375
2132.0	2169.0	2126.614013671875
2133.0	2169.0	2124.3076171875
2133.0	2170.0	2124.58203125
2131.0	2170.0	2129.7685546875
2132.0	2170.0	2127.44091796875
2144.0	2171.0	2097.06982421875
2132.0	2171.0	2127.84619140625
2133.0	2170.0	2125.5673828125
2133.0	2172.0	2125.67431640625
2132.0	2169.0	2128.38525390625
2133.0	2171.0	2126.019287109375
2134.0	2171.0	2123.665771484375
2133.0	2170.0	2126.373046875
2135.0	2170.0	2121.40234375
2133.0	2170.0	2126.630126953125
2145.0	2170.0	2097.113525390625
2143.0	2170.0	2103.38232421875
2143.0	2162.0	2104.515380859375
2142.0	2170.0	2108.24169921875
2144.0	2172.0	2104.0966796875
2143.0	2170.0	2107.609130859375
2145.0	2167.0	2103.53955078125
2145.0	2168.0	2104.426025390625
2146.0	2170.0	2102.707763671875
2146.0	2169.0	2103.475341796875
2146.0	2170.0	2104.224609375
2144.0	2155.0	2109.96484375
2147.0	2158.0	2102.927734375
2144.0	2159.0	2111.17919921875
2145.0	2157.0	2109.222900390625
2143.0	2164.0	2114.87646484375
2142.0	2157.0	2117.918212890625
2144.0	2157.0	2113.33935546875
2146.0	2160.0	2108.705810546875
2145.0	2156.0	2111.69384765625
2152.0	2157.0	2094.49462890625
2155.0	2161.0	2088.274169921875
2152.0	2146.0	2097.1982421875
2154.0	2145.0	2093.27392578125
2154.0	2139.0	2094.379638671875
2153.0	2143.0	2098.0771484375
2155.0	2144.0	2094.01025390625
2153.0	2147.0	2100.15869140625
2153.0	2143.0	2101.160888671875
2152.0	2143.0	2104.543701171875
2152.0	2143.0	2105.401611328125
2153.0	2145.0	2103.661376953125
2153.0	2143.0	2104.43603515625
2152.0	2148.0	2107.6865234375
2151.0	2129.0	2110.920166015625
2143.0	2131.0	2131.6201171875
2142.0	2130.0	2133.72119140625
2143.0	2125.0	2130.898681640625
2144.0	2129.0	2127.870361328125
2144.0	2130.0	2127.59228515625
2142.0	2130.0	2132.3291015625
2143.0	2131.0	2129.54443359375
2144.0	2129.0	2126.734619140625
2145.0	2129.0	2123.876953125
2144.0	2132.0	2126.18603515625
2143.0	2130.0	2128.486328125
2142.0	2136.0	2130.83837890625
2143.0	2127.0	2128.05224609375
2145.0	2130.0	2122.747314453125
2146.0	2130.0	2120.01513671875
2144.0	2131.0	2124.951416015625
2142.0	2131.0	2129.94189453125
2150.0	2133.0	2109.4931640625
2143.0	2132.0	2127.01123046875
2145.0	2131.0	2121.7734375
2143.0	2128.0	2126.857177734375
2143.0	2131.0	2126.70458984375
2147.0	2132.0	2116.3818359375
2144.0	2134.0	2123.90185546875
2143.0	2130.0	2126.33154296875
2143.0	2118.0	2126.2822265625
2140.0	2116.0	2133.77001953125
2142.0	2117.0	2128.575927734375
2142.0	2119.0	2128.4736328125
2142.0	2123.0	2128.469970703125
2142.0	2119.0	2128.34033203125
2146.0	2117.0	2118.17578125
2144.0	2119.0	2123.19970703125
2141.0	2118.0	2130.776123046875
2145.0	2113.0	2120.54296875
2161.0	2120.0	2079.796142578125
2144.0	2118.0	2122.990478515625
2144.0	2120.0	2122.87109375
2143.0	2117.0	2125.3720703125
2144.0	2117.0	2122.821533203125
2142.0	2119.0	2127.855712890625
2145.0	2117.0	2120.116455078125
2143.0	2117.0	2125.2255859375
2142.0	2116.0	2127.72607421875
2146.0	2118.0	2117.514892578125
2143.0	2118.0	2125.20751953125
2145.0	2119.0	2120.065185546875
2143.0	2123.0	2125.249755859375
2143.0	2118.0	2125.222412109375
2142.0	2120.0	2127.759033203125
2144.0	2121.0	2122.598876953125
2145.0	2117.0	2120.234619140625
2143.0	2116.0	2125.281005859375
2152.0	2115.0	2102.29248046875
2142.0	2120.0	2127.733642578125
2145.0	2117.0	2120.124755859375
2143.0	2130.0	2125.1943359375
2141.0	2118.0	2130.189697265625
2141.0	2119.0	2130.22607421875
2142.0	2120.0	2127.686279296875
2146.0	2116.0	2117.4951171875
2153.0	2120.0	2100.55615234375
2155.0	2118.0	2096.374267578125
2154.0	2117.0	2099.830810546875
2152.0	2118.0	2105.803466796875
2152.0	2115.0	2106.6005859375
2152.0	2118.0	2107.286376953125
2153.0	2119.0	2105.406982421875
2152.0	2118.0	2108.576171875
2153.0	2117.0	2106.788818359375
2152.0	2119.0	2110.023681640625
2157.0	2133.0	2098.026611328125
2152.0	2119.0	2111.253662109375
2153.0	2116.0	2109.272705078125
2152.0	2133.0	2112.26123046875
2154.0	2117.0	2107.5048828125
2152.0	2118.0	2112.991455078125
2152.0	2117.0	2113.379638671875
2151.0	2114.0	2116.27392578125
2151.0	2122.0	2116.562744140625
2149.0	2119.0	2121.976806640625
2152.0	2117.0	2114.58056640625
2152.0	2117.0	2114.926025390625
2153.0	2120.0	2112.668212890625
2153.0	2120.0	2112.8818359375
2155.0	2117.0	2108.0400390625
2152.0	2119.0	2115.885009765625
2153.0	2118.0	2113.66748046875
2153.0	2116.0	2113.936279296875
2151.0	2117.0	2119.279052734375
2155.0	2117.0	2109.2900390625
2154.0	2118.0	2112.061279296875
2153.0	2119.0	2114.80712890625
2152.0	2118.0	2117.48486328125
2153.0	2117.0	2115.129150390625
2153.0	2116.0	2115.261962890625
2152.0	2117.0	2117.87060546875
2153.0	2116.0	2115.40771484375
2151.0	2118.0	2120.591064453125
2153.0	2118.0	2115.6337890625
2148.0	2119.0	2127.78369140625
2143.0	2117.0	2139.667724609375
2142.0	2116.0	2141.31689453125
2147.0	2119.0	2127.845458984375
2143.0	2120.0	2137.174072265625
2143.0	2118.0	2136.4609375
2143.0	2121.0	2135.783203125
2142.0	2117.0	2137.693115234375
2142.0	2119.0	2137.070068359375
2143.0	2120.0	2134.0126953125
2143.0	2117.0	2133.443603515625
2143.0	2117.0	2132.976806640625
2141.0	2117.0	2137.63818359375
2142.0	2119.0	2134.581787109375
2143.0	2117.0	2131.552978515625
2143.0	2134.0	2131.173095703125
2142.0	2118.0	2133.389404296875
2143.0	2118.0	2130.49560546875
2143.0	2118.0	2130.1826171875
2143.0	2113.0	2129.800537109375
2145.0	2120.0	2124.407958984375
2147.0	2118.0	2119.113525390625
2143.0	2118.0	2128.987060546875
2144.0	2119.0	2126.23828125
2145.0	2118.0	2123.4912109375
2143.0	2114.0	2128.382080078125
2145.0	2119.0	2123.050048828125
2146.0	2119.0	2120.2802734375
2145.0	2120.0	2122.5595703125
2146.0	2122.0	2119.843505859375
2140.0	2117.0	2134.89794921875
2144.0	2117.0	2124.663330078125
2143.0	2117.0	2127.054443359375
2142.0	2121.0	2129.461181640625
2142.0	2118.0	2129.30712890625
2157.0	2117.0	2090.990478515625
2152.0	2118.0	2104.0185546875
2154.0	2116.0	2099.75927734375
2153.0	2115.0	2103.091796875
2152.0	2118.0	2106.425048828125
2152.0	2118.0	2107.25
2153.0	2118.0	2105.352783203125
2154.0	2120.0	2103.540771484375
2151.0	2118.0	2111.800537109375
2150.0	2118.0	2114.91015625
2151.0	2117.0	2112.97509765625
2151.0	2118.0	2113.452392578125
2153.0	2117.0	2108.850341796875
2152.0	2114.0	2111.849609375
2155.0	2117.0	2104.583740234375
2153.0	2121.0	2110.13330078125
2152.0	2119.0	2113.002197265625
2152.0	2124.0	2113.394775390625
2152.0	2119.0	2113.8203125
2152.0	2116.0	2114.087158203125
2151.0	2119.0	2116.889404296875
2152.0	2115.0	2114.6796875
2152.0	2118.0	2114.95556640625
2152.0	2117.0	2115.2587890625
2153.0	2119.0	2112.998291015625
2153.0	2118.0	2113.201171875
2142.0	2113.0	2140.826171875
2143.0	2120.0	2137.470458984375
2147.0	2120.0	2126.57861328125
2144.0	2117.0	2133.52099609375
2142.0	2119.0	2138.026123046875
2145.0	2112.0	2129.7744140625
2144.0	2120.0	2131.765625
2145.0	2119.0	2128.63232421875
2146.0	2116.0	2125.549072265625
2133.0	2118.0	2157.27783203125
2132.0	2120.0	2158.274169921875
2136.0	2117.0	2146.66845703125
2133.0	2118.0	2152.892822265625
2133.0	2118.0	2151.545654296875
2134.0	2115.0	2147.781494140625
2133.0	2118.0	2149.077392578125
2132.0	2121.0	2150.52392578125
2134.0	2118.0	2144.4248046875
2134.0	2119.0	2143.480224609375
2132.0	2123.0	2147.63720703125
2131.0	2120.0	2149.3115234375
2135.0	2118.0	2138.2353515625
2133.0	2118.0	2142.5751953125
2132.0	2118.0	2144.302490234375
2134.0	2118.0	2138.5712890625
2146.0	2118.0	2107.512939453125
2133.0	2117.0	2139.957275390625
2142.0	2118.0	2116.799560546875
2143.0	2114.0	2114.804443359375
2145.0	2116.0	2110.198486328125
2144.0	2120.0	2113.293212890625
2145.0	2117.0	2111.164306640625
2143.0	2118.0	2116.73486328125
2143.0	2117.0	2117.11767578125
2144.0	2119.0	2114.961181640625
2151.0	2118.0	2098.344970703125
2153.0	2117.0	2094.510009765625
2153.0	2119.0	2095.718505859375
2152.0	2120.0	2099.427734375
2155.0	2118.0	2092.8916015625
2152.0	2117.0	2101.58154296875
2153.0	2117.0	2099.9404296875
2152.0	2124.0	2103.43798828125
2152.0	2120.0	2104.275634765625
2150.0	2118.0	2110.131103515625
2152.0	2119.0	2105.857666015625
2156.0	2119.0	2096.4111328125
2152.0	2122.0	2107.32080078125
2152.0	2117.0	2108.055419921875
2166.0	2117.0	2073.53759765625
2162.0	2118.0	2085.467041015625
2162.0	2117.0	2087.115234375
2163.0	2120.0	2085.9892578125
2160.0	2118.0	2095.026611328125
2162.0	2118.0	2091.212158203125
2162.0	2117.0	2092.50732421875
2163.0	2114.0	2091.185302734375
2161.0	2118.0	2097.3818359375
2163.0	2118.0	2093.350830078125
2162.0	2117.0	2096.85693359375
2163.0	2117.0	2095.2470703125
2162.0	2126.0	2098.674072265625
2162.0	2129.0	2099.49267578125
2163.0	2131.0	2097.768310546875
2163.0	2129.0	2098.533935546875
2162.0	2130.0	2101.85888671875
2163.0	2133.0	2099.93701171875
2160.0	2129.0	2108.25244140625
2164.0	2131.0	2098.599365234375
2162.0	2131.0	2104.176025390625
2162.0	2136.0	2104.761962890625
2161.0	2129.0	2107.7568359375
2169.0	2131.0	2087.846435546875
2163.0	2132.0	2103.6376953125
2163.0	2131.0	2104.035400390625
2162.0	2129.0	2106.947509765625
2162.0	2133.0	2107.2802734375
2164.0	2132.0	2102.574462890625
2163.0	2132.0	2105.388916015625
2163.0	2128.0	2105.66015625
2166.0	2134.0	2098.318115234375
2160.0	2130.0	2113.84716796875
2165.0	2130.0	2101.462158203125
2162.0	2131.0	2109.3076171875
2163.0	2124.0	2106.958984375
2162.0	2129.0	2109.708251953125
2168.0	2130.0	2094.71728515625
2163.0	2130.0	2107.5986328125
2163.0	2130.0	2107.813720703125
2164.0	2133.0	2105.47021484375
2161.0	2129.0	2113.19677734375
2158.0	2132.0	2120.939697265625
2164.0	2131.0	2105.778076171875
2162.0	2129.0	2111.021728515625
2162.0	2134.0	2111.130859375
2160.0	2131.0	2116.30029296875
2163.0	2132.0	2108.763916015625
2162.0	2132.0	2111.37060546875
2163.0	2130.0	2109.019287109375
2163.0	2134.0	2109.054931640625
2165.0	2146.0	2104.0751953125
2162.0	2144.0	2111.72119140625
2162.0	2144.0	2111.8076171875
2163.0	2144.0	2109.37353515625
2162.0	2146.0	2111.790771484375
2161.0	2143.0	2114.3662109375
2163.0	2144.0	2109.351318359375
2163.0	2144.0	2109.389404296875
2163.0	2148.0	2109.484130859375
2158.0	2145.0	2122.2255859375
2165.0	2145.0	2104.447509765625
2161.0	2144.0	2114.66552734375
2165.0	2141.0	2104.517822265625
2163.0	2148.0	2109.6201171875
2166.0	2145.0	2102.044921875
2163.0	2144.0	2109.64453125
2163.0	2145.0	2109.622802734375
2163.0	2147.0	2109.611083984375
2160.0	2144.0	2117.256591796875
2165.0	2147.0	2104.556396484375
2162.0	2146.0	2112.178466796875
2163.0	2146.0	2109.71435546875
2162.0	2148.0	2112.215576171875
2161.0	2143.0	2114.846923828125
2165.0	2145.0	2104.6728515625
2164.0	2146.0	2107.20068359375
2162.0	2147.0	2112.298828125
2162.0	2144.0	2112.38330078125
2166.0	2144.0	2102.1708984375
2161.0	2144.0	2114.880859375
2164.0	2144.0	2107.271240234375
2163.0	2150.0	2109.755615234375
2164.0	2145.0	2107.084228515625
2167.0	2144.0	2099.39794921875
2164.0	2144.0	2106.951904296875
2162.0	2146.0	2112.10888671875
2162.0	2144.0	2112.086181640625
2162.0	2144.0	2112.070556640625
2160.0	2143.0	2117.234375
2162.0	2145.0	2112.058837890625
2164.0	2144.0	2107.00048828125
2160.0	2144.0	2117.061767578125
2159.0	2144.0	2119.7041015625
2162.0	2144.0	2112.091552734375
2164.0	2145.0	2107.03857421875
2164.0	2138.0	2106.7724609375
2162.0	2146.0	2111.8974609375
2167.0	2144.0	2099.10595703125
2161.0	2147.0	2114.3251953125
2163.0	2146.0	2109.173583984375
2164.0	2143.0	2106.62841796875
2163.0	2146.0	2109.055908203125
2163.0	2145.0	2109.06494140625
2162.0	2144.0	2111.608154296875
2163.0	2144.0	2109.046875
2162.0	2145.0	2111.517578125
2150.0	2144.0	2141.975341796875
2164.0	2143.0	2106.33056640625
2163.0	2145.0	2108.91455078125
2163.0	2145.0	2108.91064453125
2162.0	2143.0	2111.482421875
2161.0	2146.0	2113.94873046875
2162.0	2146.0	2111.19287109375
2162.0	2145.0	2111.160400390625
2164.0	2143.0	2106.0625
2165.0	2145.0	2103.49755859375
2166.0	2143.0	2100.702392578125
2162.0	2144.0	2110.87158203125
2163.0	2145.0	2108.3251953125
2161.0	2150.0	2113.33447265625
2162.0	2144.0	2110.851318359375
2162.0	2145.0	2110.818603515625
2165.0	2145.0	2103.205810546875
2164.0	2146.0	2105.77685546875
2163.0	2161.0	2108.24462890625
2163.0	2161.0	2108.215576171875
2163.0	2159.0	2108.217041015625
2163.0	2158.0	2108.2509765625
