1930.0	884.0	2452.0	0.0	0.0	0.0
1932.0	885.0	2450.0	0.0	0.0	0.0
1930.0	881.0	2451.0	0.0	0.0	0.0
1930.0	885.0	2450.0	0.0	0.0	0.0
1930.0	885.0	2441.0	0.0	0.0	0.0
1930.0	885.0	2434.0	0.0	0.0	0.0
1931.0	882.0	2436.0	0.0	0.0	0.0
1929.0	882.0	2445.0	0.0	0.0	0.0
1930.0	883.0	2450.0	0.0	0.0	0.0
1930.0	884.0	2463.0	0.0	0.0	0.0
1930.0	883.0	2469.0	0.0	0.0	0.0
1931.0	885.0	2428.0	0.0	0.0	0.0
1929.0	884.0	2449.0	0.0	0.0	0.0
1929.0	883.0	2431.0	0.0	0.0	0.0
1930.0	884.0	2433.0	0.0	0.0	0.0
1929.0	885.0	2446.0	0.0	0.0	0.0
1929.0	884.0	2452.0	0.0	0.0	0.0
1930.0	884.0	2454.0	0.0	0.0	0.0
1931.0	883.0	2452.0	0.0	0.0	0.0
1931.0	885.0	2431.0	0.0	0.0	0.0
1929.0	883.0	2447.0	0.0	0.0	0.0
1929.0	882.0	2468.0	0.0	0.0	0.0
1929.0	882.0	2454.0	0.0	0.0	0.0
1930.0	884.0	2442.0	0.0	0.0	0.0
1929.0	883.0	2440.0	0.0	0.0	0.0
1930.0	883.0	2448.0	0.0	0.0	0.0
1931.0	884.0	2444.0	0.0	0.0	0.0
1930.0	884.0	2442.0	0.0	0.0	0.0
1930.0	886.0	2421.0	0.0	0.0	0.0
1930.0	884.0	2420.0	0.0	0.0	0.0
1929.0	883.0	2440.0	0.0	0.0	0.0
1929.0	884.0	2446.0	0.0	0.0	0.0
1930.0	883.0	2439.0	0.0	0.0	0.0
1929.0	882.0	2441.0	0.0	0.0	0.0
1932.0	885.0	2465.0	0.0	0.0	0.0
1930.0	885.0	2433.0	0.0	0.0	0.0
1929.0	883.0	2456.0	0.0	0.0	0.0
1931.0	885.0	2438.0	0.0	0.0	0.0
1930.0	883.0	2440.0	0.0	0.0	0.0
1929.0	883.0	2453.0	0.0	0.0	0.0
1930.0	884.0	2431.0	0.0	0.0	0.0
1930.0	882.0	2423.0	0.0	0.0	0.0
1930.0	883.0	2439.0	0.0	0.0	0.0
1928.0	884.0	2451.0	0.0	0.0	0.0
1931.0	885.0	2438.0	3.0	0.0	0.0
1929.0	882.0	2449.0	0.0	0.0	0.0
1929.0	884.0	2451.0	0.0	0.0	0.0
1929.0	884.0	2458.0	0.0	0.0	0.0
1930.0	885.0	2437.0	0.0	0.0	0.0
1930.0	884.0	2429.0	0.0	0.0	0.0
1929.0	884.0	2455.0	0.0	0.0	0.0
1929.0	883.0	2441.0	0.0	0.0	0.0
1931.0	884.0	2425.0	0.0	0.0	0.0
1929.0	884.0	2416.0	0.0	0.0	0.0
1929.0	884.0	2448.0	0.0	0.0	0.0
1929.0	884.0	2437.0	0.0	0.0	0.0
1929.0	884.0	2424.0	0.0	0.0	0.0
1930.0	885.0	2445.0	0.0	0.0	0.0
1931.0	884.0	2433.0	0.0	0.0	0.0
1929.0	875.0	2425.0	0.0	0.0	0.0
1929.0	885.0	2436.0	0.0	0.0	0.0
1929.0	884.0	2450.0	0.0	0.0	0.0
1930.0	885.0	2438.0	0.0	0.0	0.0
1929.0	882.0	2438.0	0.0	0.0	0.0
1929.0	884.0	2427.0	0.0	0.0	0.0
1930.0	884.0	2452.0	0.0	0.0	0.0
1930.0	884.0	2441.0	0.0	0.0	0.0
1927.0	885.0	2450.0	0.0	0.0	0.0
1929.0	884.0	2436.0	0.0	0.0	0.0
1928.0	883.0	2442.0	0.0	0.0	0.0
1930.0	884.0	2435.0	0.0	0.0	0.0
1931.0	884.0	2437.0	0.0	0.0	0.0
1929.0	886.0	2446.0	0.0	0.0	0.0
1929.0	882.0	2453.0	0.0	0.0	0.0
1931.0	884.0	2430.0	0.0	0.0	0.0
1927.0	884.0	2445.0	0.0	0.0	0.0
1930.0	885.0	2448.0	0.0	0.0	0.0
1923.0	884.0	2440.0	0.0	0.0	0.0
1929.0	883.0	2433.0	0.0	0.0	0.0
1941.0	885.0	2438.0	0.0	0.0	0.0
1929.0	883.0	2417.0	0.0	0.0	0.0
1940.0	884.0	2423.0	0.0	0.0	0.0
1934.0	885.0	2456.0	0.0	0.0	0.0
1929.0	884.0	2440.0	0.0	0.0	0.0
1935.0	883.0	2428.0	0.0	0.0	0.0
1927.0	883.0	2430.0	0.0	0.0	0.0
1938.0	886.0	2418.0	0.0	0.0	0.0
1934.0	885.0	2434.0	0.0	0.0	0.0
1936.0	883.0	2421.0	0.0	0.0	0.0
1930.0	883.0	2431.0	0.0	0.0	0.0
1933.0	884.0	2448.0	0.0	0.0	0.0
1932.0	884.0	2448.0	0.0	0.0	0.0
1927.0	882.0	2451.0	0.0	0.0	0.0
1931.0	885.0	2445.0	0.0	0.0	0.0
1926.0	885.0	2434.0	0.0	0.0	0.0
1932.0	883.0	2430.0	0.0	0.0	0.0
1930.0	884.0	2442.0	0.0	0.0	0.0
1930.0	884.0	2448.0	0.0	0.0	0.0
1929.0	885.0	2433.0	0.0	0.0	0.0
1930.0	883.0	2440.0	0.0	0.0	0.0
1931.0	883.0	2443.0	0.0	0.0	0.0
1930.0	884.0	2420.0	0.0	0.0	0.0
1933.0	885.0	2433.0	0.0	0.0	0.0
1930.0	883.0	2419.0	0.0	0.0	0.0
1932.0	884.0	2415.0	0.0	0.0	0.0
1929.0	885.0	2435.0	0.0	0.0	0.0
1929.0	884.0	2426.0	0.0	0.0	0.0
1928.0	885.0	2451.0	0.0	0.0	0.0
1929.0	883.0	2457.0	0.0	0.0	0.0
1931.0	884.0	2431.0	0.0	0.0	0.0
1930.0	884.0	2428.0	0.0	0.0	0.0
1931.0	882.0	2447.0	0.0	0.0	0.0
1930.0	884.0	2445.0	0.0	0.0	0.0
1932.0	883.0	2440.0	0.0	0.0	0.0
1933.0	884.0	2432.0	0.0	0.0	0.0
1930.0	882.0	2450.0	0.0	0.0	0.0
1930.0	883.0	2457.0	0.0	0.0	0.0
1930.0	881.0	2446.0	0.0	0.0	0.0
1932.0	879.0	2416.0	0.0	0.0	0.0
1928.0	881.0	2429.0	0.0	0.0	0.0
1929.0	880.0	2426.0	0.0	0.0	0.0
1930.0	886.0	2437.0	0.0	0.0	0.0
1930.0	894.0	2432.0	0.0	0.0	0.0
1930.0	887.0	2433.0	0.0	0.0	0.0
1929.0	892.0	2422.0	0.0	0.0	0.0
1929.0	888.0	2415.0	0.0	0.0	0.0
1930.0	890.0	2426.0	0.0	0.0	0.0
1931.0	887.0	2454.0	0.0	0.0	0.0
1932.0	887.0	2432.0	0.0	0.0	0.0
1931.0	885.0	2412.0	0.0	0.0	0.0
1931.0	888.0	2421.0	0.0	0.0	0.0
1929.0	886.0	2435.0	0.0	0.0	0.0
1928.0	882.0	2440.0	0.0	0.0	0.0
1930.0	889.0	2426.0	0.0	0.0	0.0
1930.0	884.0	2454.0	0.0	0.0	0.0
1930.0	880.0	2450.0	0.0	0.0	0.0
1921.0	884.0	2430.0	0.0	0.0	0.0
1929.0	880.0	2431.0	0.0	0.0	0.0
1930.0	884.0	2436.0	0.0	0.0	0.0
1932.0	884.0	2428.0	0.0	0.0	0.0
1949.0	885.0	2434.0	0.0	0.0	0.0
1929.0	886.0	2453.0	0.0	0.0	0.0
1930.0	884.0	2443.0	0.0	0.0	0.0
1931.0	881.0	2425.0	0.0	0.0	0.0
1930.0	885.0	2427.0	0.0	0.0	0.0
1931.0	882.0	2452.0	0.0	0.0	0.0
1930.0	884.0	2439.0	0.0	0.0	0.0
1930.0	888.0	2448.0	0.0	0.0	0.0
1929.0	883.0	2448.0	0.0	0.0	0.0
1931.0	886.0	2428.0	0.0	0.0	0.0
1930.0	887.0	2438.0	0.0	0.0	0.0
1932.0	880.0	2449.0	0.0	0.0	0.0
1930.0	885.0	2418.0	0.0	0.0	0.0
1932.0	884.0	2433.0	0.0	0.0	0.0
1930.0	885.0	2411.0	0.0	0.0	0.0
1930.0	883.0	2435.0	0.0	0.0	0.0
1930.0	883.0	2433.0	0.0	0.0	0.0
1929.0	885.0	2442.0	0.0	0.0	0.0
1930.0	885.0	2457.0	0.0	0.0	0.0
1929.0	885.0	2420.0	0.0	0.0	0.0
1932.0	886.0	2427.0	0.0	0.0	0.0
1929.0	882.0	2444.0	0.0	0.0	0.0
1929.0	883.0	2450.0	0.0	0.0	0.0
1929.0	881.0	2427.0	0.0	0.0	0.0
1930.0	881.0	2441.0	0.0	0.0	0.0
1930.0	884.0	2429.0	0.0	0.0	0.0
1929.0	884.0	2432.0	0.0	0.0	0.0
1929.0	883.0	2442.0	0.0	0.0	0.0
1931.0	884.0	2430.0	0.0	0.0	0.0
1931.0	884.0	2453.0	0.0	0.0	0.0
1929.0	884.0	2436.0	0.0	0.0	0.0
1928.0	883.0	2449.0	0.0	0.0	0.0
1931.0	883.0	2447.0	0.0	0.0	0.0
1929.0	882.0	2472.0	0.0	0.0	0.0
1929.0	883.0	2443.0	0.0	0.0	0.0
1929.0	883.0	2452.0	0.0	0.0	0.0
1932.0	883.0	2438.0	0.0	0.0	0.0
1929.0	884.0	2423.0	0.0	0.0	0.0
1930.0	883.0	2434.0	0.0	0.0	0.0
1929.0	883.0	2432.0	0.0	0.0	0.0
1929.0	884.0	2425.0	0.0	0.0	0.0
1928.0	883.0	2410.0	0.0	0.0	0.0
1929.0	884.0	2440.0	0.0	0.0	0.0
1930.0	885.0	2416.0	0.0	0.0	0.0
1930.0	884.0	2446.0	0.0	0.0	0.0
1930.0	883.0	2434.0	0.0	0.0	0.0
1928.0	883.0	2446.0	0.0	0.0	0.0
1930.0	882.0	2465.0	0.0	0.0	0.0
1928.0	883.0	2451.0	0.0	0.0	0.0
1929.0	882.0	2435.0	0.0	0.0	0.0
1930.0	884.0	2452.0	0.0	0.0	0.0
1929.0	882.0	2424.0	0.0	0.0	0.0
1930.0	884.0	2441.0	0.0	0.0	0.0
1931.0	883.0	2458.0	0.0	0.0	0.0
1931.0	884.0	2442.0	0.0	0.0	0.0
1930.0	884.0	2440.0	0.0	0.0	0.0
1932.0	885.0	2433.0	0.0	0.0	0.0
1928.0	882.0	2420.0	0.0	0.0	0.0
1930.0	883.0	2454.0	0.0	0.0	0.0
1930.0	884.0	2440.0	0.0	0.0	0.0
