2046.0	2080.0	2209.011962890625
2046.0	2076.0	2210.259033203125
2045.0	2078.0	2213.6240234375
2054.0	2080.0	2195.29736328125
2055.0	2066.0	2194.83984375
2062.0	2067.0	2181.28662109375
2056.0	2068.0	2195.93505859375
2058.0	2067.0	2193.091796875
2067.0	2068.0	2175.440185546875
2069.0	2066.0	2173.047119140625
2076.0	2052.0	2160.1845703125
2074.0	2054.0	2166.870849609375
2074.0	2053.0	2169.124755859375
2086.0	2052.0	2145.33203125
2088.0	2061.0	2143.77734375
2096.0	2054.0	2128.982666015625
2095.0	2052.0	2134.159423828125
2108.0	2054.0	2108.820068359375
2104.0	2039.0	2120.587890625
2104.0	2042.0	2123.785888671875
2105.0	2041.0	2124.63037109375
2115.0	2040.0	2106.091064453125
2114.0	2041.0	2111.58642578125
2127.0	2041.0	2086.55224609375
2126.0	2040.0	2092.34228515625
2125.0	2041.0	2097.9580078125
2132.0	2035.0	2086.385009765625
2135.0	2031.0	2083.5146484375
2143.0	2042.0	2070.01025390625
2157.0	2040.0	2043.8809814453125
2154.0	2039.0	2054.697998046875
2152.0	2040.0	2063.14013671875
2167.0	2042.0	2034.631103515625
2164.0	2038.0	2045.4464111328125
2163.0	2041.0	2051.668212890625
2175.0	2041.0	2030.0709228515625
2173.0	2055.0	2038.639404296875
2182.0	2051.0	2023.4796142578125
2180.0	2058.0	2032.239501953125
2192.0	2051.0	2010.691650390625
2189.0	2050.0	2021.7403564453125
2205.0	2052.0	1991.4036865234375
2204.0	2053.0	1998.3284912109375
2196.0	2068.0	2020.272216796875
2201.0	2067.0	2013.6549072265625
2214.0	2065.0	1990.0281982421875
2210.0	2066.0	2003.0782470703125
2222.0	2067.0	1981.507568359375
2222.0	2064.0	1986.156494140625
2222.0	2076.0	1990.49072265625
2231.0	2081.0	1975.237060546875
2228.0	2083.0	1986.18603515625
2238.0	2080.0	1968.700927734375
2241.0	2094.0	1966.305419921875
2240.0	2094.0	1972.95751953125
2242.0	2092.0	1972.8468017578125
2240.0	2091.0	1981.1695556640625
2239.0	2094.0	1987.0894775390625
2252.0	2105.0	1962.5789794921875
2252.0	2105.0	1966.6090087890625
2250.0	2107.0	1974.707763671875
2250.0	2103.0	1978.2509765625
2251.0	2101.0	1979.423583984375
2259.0	2113.0	1965.81640625
2262.0	2117.0	1962.892333984375
2261.0	2119.0	1968.559814453125
2262.0	2117.0	1969.6461181640625
2263.0	2134.0	1970.5755615234375
2268.0	2132.0	1962.801513671875
2268.0	2131.0	1966.19482421875
2271.0	2130.0	1962.8978271484375
2269.0	2145.0	1970.4281005859375
2270.0	2144.0	1971.15771484375
2270.0	2149.0	1973.8458251953125
2270.0	2145.0	1976.40380859375
2280.0	2149.0	1957.390380859375
2274.0	2160.0	1973.275390625
2277.0	2157.0	1969.539794921875
2280.0	2160.0	1965.612060546875
2278.0	2170.0	1972.38427734375
2279.0	2170.0	1972.5535888671875
2280.0	2170.0	1972.5511474609375
2278.0	2171.0	1978.9151611328125
2280.0	2169.0	1976.5523681640625
2281.0	2169.0	1976.2164306640625
2280.0	2184.0	1980.0902099609375
2280.0	2189.0	1981.6978759765625
2280.0	2180.0	1983.21435546875
2278.0	2182.0	1988.9970703125
2282.0	2184.0	1981.736572265625
2280.0	2184.0	1987.3785400390625
2270.0	2198.0	2009.7945556640625
2270.0	2197.0	2010.374267578125
2269.0	2194.0	2013.0836181640625
2270.0	2194.0	2011.340576171875
2271.0	2192.0	2009.6099853515625
2260.0	2207.0	2033.7537841796875
2248.0	2212.0	2059.533447265625
2259.0	2208.0	2035.3692626953125
2259.0	2207.0	2035.146240234375
2254.0	2208.0	2045.810791015625
2248.0	2208.0	2058.01611328125
2251.0	2208.0	2050.67529296875
2250.0	2211.0	2052.066162109375
2250.0	2207.0	2051.253173828125
2240.0	2209.0	2071.939453125
2240.0	2207.0	2070.61279296875
2242.0	2211.0	2065.07763671875
2230.0	2215.0	2089.79931640625
2230.0	2228.0	2088.049560546875
2229.0	2223.0	2088.537841796875
2231.0	2223.0	2082.596435546875
2224.0	2225.0	2095.854248046875
2221.0	2222.0	2100.36767578125
2225.0	2222.0	2089.76611328125
2212.0	2224.0	2115.816162109375
2210.0	2223.0	2117.803955078125
2203.0	2225.0	2130.70556640625
2201.0	2222.0	2132.364013671875
2204.0	2225.0	2123.300048828125
2203.0	2222.0	2123.00048828125
2191.0	2221.0	2146.080810546875
2190.0	2223.0	2145.404052734375
2183.0	2212.0	2157.614013671875
2197.0	2211.0	2124.173095703125
2180.0	2209.0	2158.126708984375
2172.0	2209.0	2172.4814453125
2173.0	2210.0	2167.01171875
2173.0	2208.0	2163.8818359375
2164.0	2211.0	2179.865234375
2163.0	2209.0	2178.594970703125
2154.0	2207.0	2194.363525390625
2154.0	2210.0	2190.63720703125
2145.0	2207.0	2206.355224609375
2143.0	2200.0	2206.822265625
2134.0	2198.0	2222.311279296875
2131.0	2195.0	2224.6708984375
2125.0	2196.0	2233.740234375
2125.0	2198.0	2229.404052734375
2124.0	2196.0	2227.48828125
2116.0	2196.0	2240.502197265625
2115.0	2196.0	2238.409423828125
2106.0	2182.0	2253.648193359375
2104.0	2183.0	2253.527587890625
2106.0	2179.0	2244.9794921875
2096.0	2182.0	2262.593994140625
2097.0	2197.0	2255.984375
2085.0	2175.0	2277.74365234375
2077.0	2173.0	2290.531982421875
2091.0	2170.0	2255.869140625
2086.0	2169.0	2262.634521484375
2076.0	2172.0	2280.20166015625
2076.0	2171.0	2275.896240234375
2075.0	2170.0	2274.005859375
2067.0	2157.0	2287.30615234375
2065.0	2156.0	2287.34521484375
2065.0	2160.0	2283.3544921875
2066.0	2144.0	2277.361572265625
2066.0	2151.0	2273.8466796875
2054.0	2148.0	2295.883544921875
2056.0	2142.0	2287.6767578125
2058.0	2145.0	2279.69921875
2057.0	2144.0	2278.41064453125
2057.0	2141.0	2275.111328125
2047.0	2131.0	2293.649658203125
2045.0	2132.0	2294.4111328125
2048.0	2130.0	2284.49609375
2046.0	2130.0	2285.600830078125
2048.0	2130.0	2278.2578125
2045.0	2134.0	2281.8876953125
2045.0	2145.0	2279.1904296875
2037.0	2117.0	2293.680908203125
2038.0	2115.0	2288.47607421875
2035.0	2117.0	2292.119140625
2040.0	2119.0	2278.637451171875
2036.0	2117.0	2284.732666015625
2036.0	2120.0	2282.43017578125
2037.0	2119.0	2278.019287109375
2038.0	2104.0	2273.69482421875
2036.0	2104.0	2275.982177734375
2039.0	2107.0	2267.5400390625
2038.0	2102.0	2267.928466796875
2035.0	2102.0	2272.779541015625
2038.0	2105.0	2264.6796875
2037.0	2103.0	2265.285888671875
2036.0	2105.0	2266.015869140625
2039.0	2105.0	2258.12158203125
2038.0	2106.0	2259.0478515625
2040.0	2093.0	2253.537109375
2039.0	2093.0	2254.552001953125
2035.0	2090.0	2262.040771484375
2038.0	2095.0	2254.49951171875
2037.0	2091.0	2255.699462890625
2045.0	2089.0	2237.526611328125
2046.0	2094.0	2235.137939453125
2048.0	2097.0	2230.552734375
2047.0	2095.0	2232.451416015625
2046.0	2090.0	2234.404541015625
2043.0	2093.0	2240.69970703125
2048.0	2091.0	2229.695068359375
2044.0	2092.0	2238.244384765625
2058.0	2092.0	2208.05712890625
2056.0	2091.0	2212.81787109375
2058.0	2093.0	2208.98486328125
2056.0	2093.0	2213.789306640625
2055.0	2091.0	2216.483642578125
2056.0	2091.0	2214.70654296875
2069.0	2092.0	2187.5625
2065.0	2086.0	2197.226806640625
2066.0	2088.0	2195.9208984375
2065.0	2092.0	2199.02880859375
2075.0	2092.0	2178.54638671875
2078.0	2092.0	2173.48828125
2078.0	2091.0	2174.87744140625
2075.0	2090.0	2182.66357421875
2085.0	2093.0	2162.702880859375
2085.0	2093.0	2164.501708984375
2086.0	2106.0	2164.049072265625
2095.0	2106.0	2146.56298828125
2094.0	2105.0	2150.91162109375
2105.0	2119.0	2129.304931640625
2105.0	2111.0	2131.8310546875
2107.0	2103.0	2129.896240234375
2108.0	2106.0	2129.99560546875
2106.0	2105.0	2136.463134765625
2114.0	2108.0	2121.729248046875
2114.0	2106.0	2124.25830078125
2126.0	2118.0	2100.94140625
2126.0	2119.0	2103.83056640625
2126.0	2119.0	2106.579833984375
2133.0	2118.0	2094.1806640625
2133.0	2117.0	2097.261962890625
2145.0	2118.0	2074.267333984375
2155.0	2132.0	2056.053955078125
2154.0	2132.0	2061.984375
2153.0	2130.0	2067.761962890625
2153.0	2131.0	2071.199462890625
2162.0	2131.0	2055.2783203125
2161.0	2132.0	2061.171875
2172.0	2129.0	2041.0946044921875
2174.0	2146.0	2040.76806640625
2183.0	2144.0	2025.0968017578125
2181.0	2144.0	2033.6129150390625
2181.0	2153.0	2037.570068359375
2183.0	2148.0	2036.949951171875
2190.0	2144.0	2025.877197265625
2190.0	2142.0	2029.796142578125
2203.0	2144.0	2005.6905517578125
2203.0	2157.0	2009.867431640625
2200.0	2156.0	2020.321533203125
2210.0	2160.0	2002.5390625
2210.0	2158.0	2006.6641845703125
2211.0	2158.0	2008.3909912109375
2212.0	2156.0	2009.9586181640625
2222.0	2168.0	1992.208740234375
2223.0	2171.0	1993.981201171875
2222.0	2168.0	1999.8760986328125
2231.0	2173.0	1984.1885986328125
2231.0	2168.0	1988.11083984375
2227.0	2169.0	2000.524169921875
2242.0	2170.0	1971.7080078125
2240.0	2171.0	1980.0450439453125
2243.0	2172.0	1977.2857666015625
2240.0	2170.0	1987.36279296875
2241.0	2183.0	1988.57177734375
2243.0	2185.0	1987.44287109375
2251.0	2183.0	1973.5587158203125
2251.0	2183.0	1977.0621337890625
2250.0	2181.0	1982.4588623046875
2250.0	2189.0	1985.522705078125
2249.0	2181.0	1990.641845703125
2265.0	2184.0	1958.731689453125
2260.0	2183.0	1972.908447265625
2260.0	2182.0	1975.996337890625
2260.0	2182.0	1978.9141845703125
2261.0	2185.0	1979.5106201171875
2260.0	2184.0	1984.263916015625
2262.0	2196.0	1982.4283447265625
2261.0	2195.0	1986.93798828125
2258.0	2195.0	1995.6463623046875
2261.0	2195.0	1991.193115234375
2260.0	2198.0	1995.37109375
2259.0	2198.0	1999.3140869140625
2274.0	2195.0	1968.44775390625
2260.0	2195.0	2000.5133056640625
2262.0	2198.0	1997.7054443359375
2260.0	2175.0	2003.543212890625
2259.0	2195.0	2007.0672607421875
2260.0	2197.0	2006.2080078125
2258.0	2195.0	2011.7982177734375
2260.0	2194.0	2008.6043701171875
2260.0	2196.0	2009.6949462890625
2260.0	2198.0	2010.734130859375
2260.0	2196.0	2011.673828125
2260.0	2194.0	2012.6002197265625
2261.0	2194.0	2011.3125
2260.0	2195.0	2014.344970703125
2251.0	2196.0	2034.6407470703125
2250.0	2195.0	2036.8740234375
2249.0	2182.0	2039.05224609375
2249.0	2181.0	2039.109619140625
2249.0	2183.0	2039.21484375
2250.0	2182.0	2037.09423828125
2249.0	2183.0	2039.3094482421875
2241.0	2190.0	2056.2490234375
2243.0	2182.0	2051.32568359375
2241.0	2189.0	2055.1025390625
2241.0	2185.0	2054.600830078125
2233.0	2182.0	2071.288818359375
2231.0	2181.0	2074.5283203125
2233.0	2184.0	2069.10888671875
2231.0	2183.0	2072.414306640625
2231.0	2170.0	2071.46826171875
2223.0	2171.0	2087.634765625
2221.0	2171.0	2090.537841796875
2222.0	2169.0	2086.9833984375
2213.0	2170.0	2104.95849609375
2212.0	2177.0	2105.204345703125
2210.0	2172.0	2107.7177734375
2201.0	2169.0	2125.453125
2201.0	2171.0	2123.2099609375
2210.0	2171.0	2101.616943359375
2204.0	2158.0	2112.680908203125
2192.0	2157.0	2136.47314453125
2192.0	2158.0	2133.99951171875
2182.0	2156.0	2153.032958984375
2184.0	2157.0	2145.884033203125
2183.0	2156.0	2145.39404296875
2183.0	2154.0	2142.755615234375
2172.0	2145.0	2163.70947265625
2173.0	2150.0	2158.67529296875
2164.0	2146.0	2174.94580078125
2163.0	2144.0	2173.93115234375
2164.0	2146.0	2168.82421875
2152.0	2145.0	2191.845458984375
2153.0	2145.0	2186.305908203125
2145.0	2145.0	2200.361083984375
2145.0	2130.0	2196.760498046875
2144.0	2131.0	2195.514404296875
2135.0	2128.0	2211.19873046875
2133.0	2128.0	2211.875732421875
2124.0	2127.0	2227.63671875
2124.0	2127.0	2223.71533203125
2113.0	2135.0	2243.56591796875
2114.0	2128.0	2237.258544921875
2116.0	2118.0	2229.00341796875
2107.0	2117.0	2244.64697265625
2106.0	2117.0	2242.822998046875
2105.0	2118.0	2241.1015625
2106.0	2120.0	2235.22607421875
2105.0	2117.0	2233.878662109375
2096.0	2119.0	2249.7919921875
2094.0	2117.0	2250.380859375
2086.0	2118.0	2263.81982421875
2084.0	2116.0	2264.158447265625
2088.0	2117.0	2251.709716796875
2086.0	2105.0	2252.51611328125
2073.0	2103.0	2277.3095703125
2079.0	2106.0	2260.484619140625
2075.0	2105.0	2265.577392578125
2075.0	2105.0	2262.1298828125
2076.0	2105.0	2256.667236328125
2069.0	2105.0	2268.631591796875
2068.0	2104.0	2267.28466796875
2066.0	2105.0	2268.2900390625
2065.0	2105.0	2267.34375
2067.0	2105.0	2260.0234375
2066.0	2104.0	2259.439453125
2065.0	2106.0	2258.950439453125
2058.0	2106.0	2271.02197265625
2053.0	2094.0	2278.880859375
2062.0	2091.0	2256.504150390625
2056.0	2094.0	2266.864013671875
2056.0	2092.0	2264.336181640625
2058.0	2092.0	2257.576904296875
2055.0	2092.0	2261.804931640625
2057.0	2093.0	2255.2978515625
2055.0	2091.0	2257.584228515625
2057.0	2090.0	2251.34814453125
2055.0	2091.0	2253.882080078125
2056.0	2100.0	2250.02197265625
2056.0	2091.0	2248.387451171875
2056.0	2089.0	2246.871337890625
2051.0	2093.0	2256.230224609375
2061.0	2094.0	2233.159912109375
2053.0	2094.0	2249.239013671875
2057.0	2094.0	2239.3291015625
2056.0	2093.0	2240.355224609375
2058.0	2093.0	2234.9365234375
2056.0	2094.0	2238.229248046875
2055.0	2094.0	2239.377685546875
2058.0	2093.0	2232.10546875
2067.0	2092.0	2211.9228515625
2067.0	2099.0	2211.762939453125
2067.0	2094.0	2211.583740234375
2066.0	2104.0	2213.5869140625
2065.0	2106.0	2215.606201171875
2073.0	2104.0	2198.114013671875
2067.0	2106.0	2211.054931640625
2074.0	2104.0	2196.08984375
2075.0	2106.0	2194.39794921875
2075.0	2105.0	2194.842041015625
2075.0	2106.0	2195.265380859375
2085.0	2103.0	2174.064208984375
2085.0	2105.0	2175.198486328125
2085.0	2104.0	2176.21484375
2086.0	2106.0	2175.111572265625
2086.0	2104.0	2175.986328125
2093.0	2102.0	2162.13232421875
2095.0	2105.0	2159.17333984375
2100.0	2118.0	2149.646240234375
2104.0	2118.0	2142.328369140625
2107.0	2119.0	2137.718994140625
2104.0	2119.0	2146.010986328125
2106.0	2119.0	2143.33935546875
2117.0	2118.0	2121.55859375
2113.0	2118.0	2132.294921875
2115.0	2118.0	2129.909912109375
2125.0	2117.0	2110.581298828125
2127.0	2117.0	2108.6337890625
2124.0	2116.0	2117.426025390625
2134.0	2133.0	2097.904052734375
2131.0	2133.0	2107.0595703125
2140.0	2130.0	2090.123779296875
2142.0	2133.0	2088.787109375
2153.0	2131.0	2068.34521484375
2154.0	2132.0	2069.467041015625
2153.0	2130.0	2074.7412109375
2162.0	2130.0	2058.566650390625
2163.0	2130.0	2059.801513671875
2164.0	2130.0	2060.95849609375
2173.0	2143.0	2044.5716552734375
2171.0	2137.0	2052.45263671875
2183.0	2146.0	2029.8201904296875
2182.0	2143.0	2035.81982421875
2193.0	2145.0	2015.5328369140625
2193.0	2145.0	2019.40869140625
2193.0	2145.0	2023.1641845703125
2191.0	2146.0	2031.0972900390625
2201.0	2146.0	2013.1495361328125
2202.0	2144.0	2014.834228515625
2203.0	2146.0	2016.2626953125
2200.0	2149.0	2026.2401123046875
2211.0	2157.0	2006.2083740234375
2211.0	2155.0	2009.9163818359375
2211.0	2157.0	2013.441650390625
2222.0	2159.0	1993.3494873046875
2219.0	2159.0	2003.6170654296875
2230.0	2158.0	1983.32373046875
2228.0	2157.0	1991.162109375
2230.0	2158.0	1990.725341796875
2232.0	2158.0	1989.99169921875
2230.0	2156.0	1997.716064453125
2231.0	2158.0	1998.770263671875
2228.0	2171.0	2008.3212890625
2241.0	2172.0	1983.31982421875
2241.0	2171.0	1986.7393798828125
2240.0	2170.0	1992.154296875
2243.0	2174.0	1988.64599609375
2242.0	2171.0	1993.650634765625
2241.0	2167.0	1998.5135498046875
2248.0	2170.0	1985.8892822265625
2255.0	2172.0	1973.71875
2251.0	2170.0	1985.2607421875
2248.0	2170.0	1994.4503173828125
2250.0	2168.0	1992.656494140625
2249.0	2173.0	1997.1181640625
2249.0	2168.0	1999.372802734375
2251.0	2171.0	1997.1859130859375
2248.0	2169.0	2005.7469482421875
2252.0	2172.0	1998.97412109375
2250.0	2168.0	2005.2027587890625
2251.0	2173.0	2004.7445068359375
2250.0	2172.0	2008.5013427734375
2251.0	2171.0	2007.84423828125
2247.0	2171.0	2017.9622802734375
2250.0	2171.0	2012.8204345703125
2249.0	2172.0	2016.28173828125
2249.0	2172.0	2017.4891357421875
2253.0	2172.0	2009.9267578125
2249.0	2169.0	2019.6759033203125
2254.0	2169.0	2009.8626708984375
2252.0	2169.0	2015.1639404296875
2249.0	2169.0	2022.5654296875
2249.0	2167.0	2023.410400390625
2251.0	2165.0	2019.874267578125
2250.0	2177.0	2022.7529296875
2240.0	2172.0	2045.07763671875
2239.0	2172.0	2047.3592529296875
2243.0	2168.0	2038.7105712890625
2244.0	2171.0	2036.6060791015625
2242.0	2170.0	2040.9989013671875
2240.0	2169.0	2045.37451171875
2242.0	2172.0	2041.0277099609375
2228.0	2169.0	2071.135009765625
2232.0	2167.0	2061.840087890625
2232.0	2170.0	2061.25390625
2230.0	2172.0	2064.99658203125
2231.0	2164.0	2062.29736328125
2221.0	2173.0	2082.912353515625
2221.0	2167.0	2081.892333984375
2218.0	2171.0	2087.421630859375
2224.0	2168.0	2073.4658203125
2211.0	2159.0	2100.432373046875
2213.0	2158.0	2094.587646484375
2210.0	2158.0	2099.6396484375
2201.0	2155.0	2117.669189453125
2202.0	2158.0	2113.58984375
2201.0	2159.0	2113.989990234375
2193.0	2157.0	2129.590576171875
2191.0	2157.0	2131.64111328125
2192.0	2155.0	2127.301025390625
2192.0	2152.0	2125.323974609375
2183.0	2143.0	2142.58984375
2181.0	2145.0	2144.47900390625
2183.0	2145.0	2137.814453125
2174.0	2144.0	2155.034423828125
2173.0	2143.0	2154.50146484375
2173.0	2145.0	2151.9365234375
2172.0	2146.0	2151.659912109375
2162.0	2144.0	2170.623779296875
2164.0	2144.0	2163.49462890625
2163.0	2131.0	2163.04638671875
2152.0	2130.0	2184.07568359375
2152.0	2129.0	2181.082275390625
2144.0	2137.0	2195.538330078125
2144.0	2132.0	2192.272705078125
2132.0	2132.0	2215.0986328125
2133.0	2131.0	2209.2783203125
2134.0	2132.0	2203.69482421875
2124.0	2132.0	2221.7802734375
2124.0	2118.0	2218.136962890625
2124.0	2117.0	2214.651123046875
2117.0	2117.0	2226.248046875
2114.0	2118.0	2228.990478515625
2115.0	2118.0	2223.27099609375
2114.0	2110.0	2222.088134765625
2106.0	2117.0	2235.7578125
2107.0	2122.0	2230.056640625
2104.0	2108.0	2233.174560546875
2104.0	2105.0	2229.898193359375
2093.0	2104.0	2250.369384765625
2099.0	2106.0	2233.89404296875
2096.0	2105.0	2237.038818359375
2085.0	2104.0	2257.54248046875
2086.0	2105.0	2251.7646484375
2087.0	2106.0	2246.274169921875
2086.0	2105.0	2245.250244140625
2086.0	2107.0	2242.195556640625
2087.0	2091.0	2237.15283203125
2077.0	2092.0	2255.801025390625
2076.0	2092.0	2254.83935546875
2076.0	2091.0	2251.854248046875
2076.0	2097.0	2248.958251953125
2078.0	2093.0	2241.875732421875
2078.0	2090.0	2239.30322265625
2079.0	2094.0	2234.71728515625
2068.0	2091.0	2255.72216796875
2067.0	2092.0	2255.1650390625
2068.0	2091.0	2250.45654296875
2067.0	2094.0	2250.15869140625
2066.0	2092.0	2249.982666015625
2066.0	2094.0	2247.749755859375
2069.0	2090.0	2239.09814453125
2066.0	2092.0	2243.625
2066.0	2091.0	2241.77978515625
2066.0	2089.0	2240.10302734375
2066.0	2087.0	2238.41943359375
2065.0	2090.0	2239.0087890625
2067.0	2094.0	2233.1552734375
2068.0	2092.0	2229.549560546875
2068.0	2092.0	2228.220458984375
2067.0	2092.0	2229.130859375
2067.0	2094.0	2227.95556640625
2065.0	2093.0	2231.156982421875
2067.0	2106.0	2225.749267578125
2066.0	2105.0	2226.891357421875
2066.0	2104.0	2225.94091796875
2067.0	2106.0	2222.91259765625
2066.0	2106.0	2224.22216796875
2065.0	2119.0	2225.6015625
2067.0	2100.0	2220.5068359375
2066.0	2108.0	2221.992431640625
2066.0	2105.0	2221.31298828125
2077.0	2105.0	2196.81396484375
2072.0	2106.0	2207.599853515625
2075.0	2104.0	2201.107177734375
2076.0	2118.0	2198.956787109375
2074.0	2117.0	2203.303955078125
2075.0	2117.0	2201.133056640625
2086.0	2117.0	2177.508544921875
2088.0	2119.0	2173.904052734375
2086.0	2119.0	2178.94921875
2085.0	2115.0	2181.77294921875
2084.0	2121.0	2184.517333984375
2095.0	2137.0	2161.747314453125
2095.0	2133.0	2162.821044921875
2094.0	2130.0	2166.04296875
2099.0	2129.0	2156.151123046875
2106.0	2130.0	2142.22265625
2107.0	2131.0	2141.687744140625
2105.0	2134.0	2147.535400390625
2107.0	2130.0	2144.571533203125
2115.0	2144.0	2128.58251953125
2115.0	2146.0	2130.4326171875
2114.0	2144.0	2134.3330078125
2113.0	2144.0	2138.13134765625
2125.0	2146.0	2113.9833984375
2122.0	2145.0	2122.61181640625
2125.0	2136.0	2118.1533203125
2133.0	2162.0	2102.892333984375
2131.0	2158.0	2109.6181640625
2136.0	2156.0	2101.0595703125
2144.0	2157.0	2086.584716796875
2145.0	2158.0	2087.094970703125
2151.0	2157.0	2077.175537109375
2152.0	2170.0	2077.996826171875
2152.0	2170.0	2080.795654296875
2163.0	2170.0	2060.040771484375
2164.0	2170.0	2061.021484375
2173.0	2171.0	2044.6483154296875
2171.0	2167.0	2052.458984375
2172.0	2175.0	2053.51318359375
2182.0	2170.0	2034.9744873046875
2182.0	2169.0	2038.5101318359375
2185.0	2183.0	2035.35791015625
2182.0	2182.0	2045.11376953125
2192.0	2185.0	2026.8377685546875
2191.0	2185.0	2032.4478759765625
2201.0	2181.0	2014.25341796875
2203.0	2182.0	2013.649658203125
2201.0	2184.0	2021.532470703125
2203.0	2183.0	2020.6224365234375
2201.0	2182.0	2028.1658935546875
2212.0	2194.0	2007.78125
2210.0	2196.0	2015.53759765625
2211.0	2199.0	2016.606689453125
2222.0	2191.0	1996.1357421875
2232.0	2194.0	1977.9697265625
2218.0	2197.0	2011.598388671875
2223.0	2197.0	2003.95849609375
2229.0	2197.0	1993.9737548828125
2230.0	2195.0	1995.2396240234375
2230.0	2196.0	1998.4498291015625
2231.0	2197.0	1999.33740234375
2230.0	2194.0	2004.4195556640625
2230.0	2196.0	2007.126708984375
2241.0	2197.0	1986.2310791015625
2241.0	2202.0	1989.3421630859375
2240.0	2197.0	1994.404541015625
2241.0	2193.0	1995.02490234375
2236.0	2209.0	2008.55810546875
2241.0	2210.0	2000.2978515625
2241.0	2208.0	2002.6895751953125
2241.0	2208.0	2004.8836669921875
2239.0	2211.0	2011.285400390625
2249.0	2208.0	1991.9862060546875
2249.0	2196.0	1994.43603515625
2250.0	2197.0	1994.6611328125
2251.0	2195.0	1994.6693115234375
2250.0	2196.0	1998.9219970703125
2249.0	2197.0	2003.05322265625
2249.0	2193.0	2004.8641357421875
2250.0	2194.0	2004.5079345703125
2247.0	2196.0	2012.6522216796875
2258.0	2195.0	1990.4459228515625
2250.0	2195.0	2009.262939453125
2251.0	2195.0	2008.4813232421875
2250.0	2196.0	2011.9429931640625
2243.0	2194.0	2028.25341796875
2240.0	2197.0	2035.37255859375
2239.0	2197.0	2038.06884765625
2239.0	2192.0	2038.592529296875
2240.0	2195.0	2036.87109375
2241.0	2198.0	2035.1590576171875
2240.0	2198.0	2037.7835693359375
2240.0	2195.0	2038.20263671875
2241.0	2182.0	2036.418212890625
2230.0	2181.0	2060.45263671875
2230.0	2183.0	2060.120361328125
2231.0	2182.0	2057.642822265625
2232.0	2182.0	2055.162109375
2230.0	2184.0	2059.12353515625
2229.0	2183.0	2060.9306640625
2227.0	2183.0	2065.05810546875
2223.0	2187.0	2073.136474609375
2221.0	2170.0	2076.636474609375
2219.0	2170.0	2080.16162109375
2224.0	2164.0	2068.570556640625
2211.0	2173.0	2095.984619140625
2213.0	2170.0	2090.308837890625
2212.0	2170.0	2091.2392578125
2223.0	2172.0	2066.144775390625
2201.0	2168.0	2112.429931640625
2204.0	2168.0	2104.164794921875
2202.0	2157.0	2106.90087890625
2201.0	2157.0	2107.52392578125
2191.0	2159.0	2127.681884765625
2192.0	2156.0	2123.489501953125
2191.0	2143.0	2123.74072265625
2191.0	2143.0	2121.89990234375
2186.0	2145.0	2130.51025390625
2184.0	2144.0	2132.68017578125
2174.0	2144.0	2151.988037109375
2172.0	2144.0	2153.779296875
2171.0	2146.0	2153.446533203125
2171.0	2145.0	2150.8759765625
2166.0	2131.0	2158.951904296875
2163.0	2133.0	2162.77392578125
2164.0	2131.0	2158.09130859375
2154.0	2131.0	2176.89990234375
2151.0	2132.0	2180.48046875
2155.0	2130.0	2168.998779296875
2142.0	2119.0	2194.328369140625
2143.0	2118.0	2188.947021484375
2135.0	2117.0	2203.25439453125
2133.0	2113.0	2204.25146484375
2125.0	2122.0	2218.24951171875
2126.0	2115.0	2212.406005859375
2126.0	2119.0	2208.942138671875
2124.0	2106.0	2210.0341796875
2114.0	2104.0	2228.30859375
2113.0	2106.0	2226.901611328125
2112.0	2105.0	2225.661865234375
2106.0	2106.0	2235.2978515625
2105.0	2105.0	2233.822021484375
2107.0	2105.0	2226.004150390625
2103.0	2105.0	2231.44091796875
2105.0	2105.0	2224.02587890625
2095.0	2091.0	2242.21826171875
2093.0	2101.0	2243.194091796875
2095.0	2091.0	2235.6474609375
2084.0	2091.0	2256.32470703125
2090.0	2093.0	2239.814208984375
2087.0	2095.0	2243.061767578125
2089.0	2092.0	2235.62109375
2088.0	2092.0	2234.901611328125
2077.0	2092.0	2255.310302734375
2076.0	2092.0	2254.216796875
2076.0	2091.0	2251.126708984375
2076.0	2090.0	2248.18408203125
2073.0	2094.0	2251.905517578125
2065.0	2091.0	2266.441650390625
2065.0	2090.0	2263.486328125
2069.0	2105.0	2251.90087890625
2063.0	2084.0	2262.1796875
2067.0	2097.0	2250.9111328125
2064.0	2092.0	2254.905029296875
2065.0	2092.0	2250.418701171875
2065.0	2094.0	2248.192138671875
2067.0	2091.0	2241.76904296875
2056.0	2091.0	2263.368896484375
2057.0	2092.0	2258.69384765625
2058.0	2093.0	2254.144287109375
2057.0	2091.0	2254.068603515625
2055.0	2091.0	2256.304931640625
2047.0	2092.0	2271.71240234375
2056.0	2092.0	2250.3369140625
2056.0	2098.0	2248.572021484375
2055.0	2091.0	2249.094482421875
2055.0	2091.0	2247.484619140625
2054.0	2092.0	2248.116943359375
2063.0	2091.0	2227.2412109375
2056.0	2090.0	2241.128173828125
2055.0	2096.0	2242.034912109375
2056.0	2090.0	2238.648193359375
2056.0	2094.0	2237.5068359375
2057.0	2091.0	2234.25146484375
2065.0	2093.0	2216.351806640625
2065.0	2091.0	2215.99951171875
2068.0	2105.0	2209.26123046875
2070.0	2104.0	2204.685546875
2067.0	2100.0	2210.91552734375
2068.0	2108.0	2208.49658203125
2067.0	2104.0	2210.418212890625
2066.0	2106.0	2212.349609375
2067.0	2105.0	2210.03662109375
2075.0	2106.0	2193.050537109375
2074.0	2106.0	2195.608642578125
2077.0	2117.0	2189.476806640625
2075.0	2117.0	2194.191650390625
2076.0	2118.0	2192.3291015625
2075.0	2118.0	2194.809814453125
2086.0	2119.0	2171.361572265625
2085.0	2116.0	2174.514404296875
2086.0	2130.0	2173.306396484375
2087.0	2133.0	2171.990966796875
2086.0	2130.0	2174.98193359375
2086.0	2129.0	2175.753173828125
2094.0	2144.0	2159.407470703125
2098.0	2144.0	2152.060302734375
2093.0	2145.0	2164.081298828125
2104.0	2144.0	2141.58203125
2108.0	2144.0	2134.61669921875
2104.0	2146.0	2144.9560546875
2105.0	2144.0	2144.372802734375
2106.0	2144.0	2143.71533203125
2115.0	2158.0	2125.9150390625
2114.0	2159.0	2130.017822265625
2115.0	2157.0	2129.73876953125
2125.0	2186.0	2110.006591796875
2124.0	2169.0	2114.4912109375
2123.0	2175.0	2118.843017578125
2132.0	2171.0	2101.419677734375
2137.0	2169.0	2093.146484375
2132.0	2173.0	2106.385986328125
2134.0	2170.0	2104.307373046875
2145.0	2168.0	2082.912109375
2154.0	2173.0	2066.290283203125
2154.0	2182.0	2069.42333984375
2153.0	2183.0	2074.58203125
2162.0	2183.0	2057.948486328125
2162.0	2183.0	2061.316162109375
2173.0	2183.0	2040.6761474609375
2175.0	2187.0	2039.943603515625
2171.0	2188.0	2052.034423828125
2172.0	2182.0	2053.111083984375
2178.0	2196.0	2043.4390869140625
2179.0	2197.0	2044.7454833984375
2183.0	2197.0	2039.40283203125
2193.0	2197.0	2021.0926513671875
2192.0	2198.0	2026.8695068359375
2192.0	2196.0	2030.2772216796875
2194.0	2196.0	2029.136962890625
2202.0	2197.0	2015.3204345703125
2201.0	2195.0	2021.021240234375
2201.0	2193.0	2024.35888671875
2201.0	2207.0	2027.47900390625
2211.0	2210.0	2008.965087890625
2211.0	2206.0	2012.3712158203125
2210.0	2207.0	2017.757568359375
2224.0	2209.0	1990.49365234375
2222.0	2210.0	1998.3814697265625
2220.0	2207.0	2006.09033203125
2223.0	2210.0	2002.7877197265625
2223.0	2210.0	2005.7989501953125
2230.0	2208.0	1993.941650390625
2231.0	2210.0	1995.020263671875
2230.0	2211.0	2000.3265380859375
2232.0	2207.0	1998.9554443359375
2231.0	2211.0	2003.9122314453125
2233.0	2208.0	2002.2598876953125
2228.0	2201.0	2015.5653076171875
2232.0	2224.0	2009.25927734375
2242.0	2211.0	1990.2579345703125
2235.0	2209.0	2008.1749267578125
2236.0	2209.0	2008.622314453125
2243.0	2208.0	1995.907958984375
2239.0	2209.0	2006.8841552734375
2240.0	2212.0	2006.900146484375
2241.0	2208.0	2006.766357421875
2239.0	2195.0	2013.0216064453125
2241.0	2196.0	2010.5625
2243.0	2196.0	2008.0587158203125
2240.0	2195.0	2016.201904296875
2239.0	2195.0	2019.9327392578125
2239.0	2198.0	2021.4034423828125
2241.0	2193.0	2018.457275390625
2241.0	2197.0	2019.775634765625
2241.0	2196.0	2020.9500732421875
2243.0	2198.0	2017.806396484375
2243.0	2194.0	2018.914306640625
2241.0	2196.0	2024.299560546875
2240.0	2198.0	2027.4437255859375
2241.0	2182.0	2026.205078125
2241.0	2182.0	2027.1668701171875
2241.0	2182.0	2028.0115966796875
2242.0	2184.0	2026.6165771484375
2239.0	2181.0	2033.8453369140625
2240.0	2185.0	2032.361328125
2240.0	2176.0	2033.0115966796875
2230.0	2183.0	2054.689208984375
2230.0	2171.0	2054.65673828125
2244.0	2170.0	2024.1385498046875
2228.0	2170.0	2058.9375
2233.0	2171.0	2048.015380859375
2232.0	2169.0	2050.123779296875
2223.0	2171.0	2069.539794921875
2222.0	2171.0	2070.9833984375
2220.0	2155.0	2074.710205078125
2222.0	2157.0	2069.72119140625
2219.0	2158.0	2075.71240234375
2222.0	2156.0	2068.651123046875
2210.0	2144.0	2093.705078125
2210.0	2144.0	2092.551513671875
2211.0	2144.0	2089.21142578125
2202.0	2146.0	2107.51708984375
2202.0	2144.0	2105.95263671875
2201.0	2146.0	2106.70263671875
2202.0	2144.0	2103.11572265625
2203.0	2144.0	2099.6357421875
2190.0	2131.0	2125.983154296875
2192.0	2129.0	2119.79296875
2192.0	2131.0	2118.037841796875
2193.0	2131.0	2114.2001953125
2183.0	2132.0	2134.07861328125
2184.0	2118.0	2129.8359375
2181.0	2114.0	2134.433349609375
2182.0	2122.0	2130.416015625
2172.0	2133.0	2149.744384765625
2174.0	2111.0	2143.09033203125
2172.0	2119.0	2145.233642578125
2160.0	2104.0	2168.736083984375
2162.0	2105.0	2161.85009765625
2164.0	2105.0	2155.118408203125
2154.0	2106.0	2174.510498046875
2154.0	2104.0	2171.666259765625
2154.0	2106.0	2169.006591796875
2155.0	2104.0	2164.28173828125
2143.0	2091.0	2187.372314453125
2142.0	2093.0	2186.686279296875
2123.0	2091.0	2224.88232421875
2135.0	2092.0	2195.60595703125
2124.0	2090.0	2216.125
2123.0	2103.0	2214.832275390625
2127.0	2089.0	2202.8623046875
2124.0	2096.0	2206.238525390625
2115.0	2082.0	2222.2412109375
2113.0	2078.0	2223.2099609375
2115.0	2080.0	2215.636474609375
2106.0	2078.0	2231.71875
2106.0	2081.0	2228.231201171875
2106.0	2077.0	2224.926513671875
2106.0	2079.0	2221.75927734375
2105.0	2081.0	2220.983154296875
2094.0	2078.0	2241.949951171875
2097.0	2080.0	2232.14208984375
2095.0	2077.0	2233.336181640625
2097.0	2079.0	2226.02685546875
2086.0	2078.0	2246.552001953125
2085.0	2081.0	2245.487060546875
2086.0	2080.0	2240.255126953125
2084.0	2078.0	2241.69677734375
2097.0	2078.0	2210.70068359375
2073.0	2079.0	2260.0380859375
2074.0	2079.0	2254.80517578125
2074.0	2078.0	2251.897216796875
2076.0	2079.0	2244.73681640625
2076.0	2078.0	2242.096435546875
2076.0	2079.0	2239.6416015625
2074.0	2079.0	2241.633544921875
2075.0	2080.0	2237.271240234375
2066.0	2080.0	2254.49658203125
2069.0	2079.0	2245.406494140625
2068.0	2079.0	2245.177734375
2066.0	2086.0	2247.201416015625
2069.0	2081.0	2238.510498046875
2065.0	2080.0	2245.116455078125
2067.0	2079.0	2238.830322265625
2068.0	2078.0	2234.8408203125
2067.0	2078.0	2235.347900390625
2069.0	2081.0	2229.417236328125
2070.0	2078.0	2225.678466796875
2068.0	2091.0	2228.630126953125
2068.0	2094.0	2227.22509765625
2065.0	2092.0	2232.426025390625
2066.0	2091.0	2228.966064453125
2064.0	2092.0	2232.102294921875
2067.0	2091.0	2224.502685546875
2067.0	2091.0	2223.511962890625
2065.0	2098.0	2226.846923828125
2066.0	2097.0	2223.70849609375
2066.0	2107.0	2222.789794921875
2066.0	2107.0	2221.951904296875
2065.0	2104.0	2223.29833984375
2069.0	2106.0	2213.899658203125
2069.0	2105.0	2213.29736328125
2067.0	2106.0	2216.970458984375
2066.0	2106.0	2218.504150390625
2067.0	2104.0	2215.77587890625
2077.0	2117.0	2193.76611328125
2076.0	2120.0	2196.020263671875
2076.0	2119.0	2196.093994140625
2075.0	2116.0	2198.34423828125
2075.0	2115.0	2198.41259765625
2076.0	2115.0	2196.321533203125
2074.0	2117.0	2200.73388671875
2089.0	2136.0	2168.8408203125
2085.0	2129.0	2178.231689453125
2085.0	2129.0	2178.873291015625
2092.0	2129.0	2164.319580078125
2098.0	2132.0	2152.062255859375
2097.0	2131.0	2155.440673828125
2093.0	2145.0	2165.2568359375
2094.0	2143.0	2164.117919921875
2095.0	2148.0	2162.93701171875
2106.0	2145.0	2140.4921875
2104.0	2144.0	2146.3681640625
2105.0	2145.0	2145.622802734375
2107.0	2158.0	2142.6845703125
2115.0	2154.0	2126.861572265625
2115.0	2165.0	2128.747802734375
2113.0	2155.0	2134.842041015625
2115.0	2175.0	2132.1396484375
2112.0	2168.0	2140.19482421875
2124.0	2168.0	2116.34228515625
2126.0	2173.0	2114.016845703125
2125.0	2170.0	2118.080078125
2136.0	2169.0	2096.2412109375
2134.0	2184.0	2102.9326171875
2134.0	2184.0	2105.133544921875
2145.0	2183.0	2083.514404296875
2147.0	2184.0	2081.81298828125
2153.0	2196.0	2071.40087890625
2151.0	2193.0	2078.706787109375
2152.0	2196.0	2079.338134765625
2155.0	2207.0	2075.4755859375
2164.0	2196.0	2058.72802734375
2162.0	2200.0	2066.05712890625
2167.0	2210.0	2058.058349609375
2175.0	2212.0	2043.6844482421875
2171.0	2211.0	2055.504150390625
2172.0	2208.0	2056.329345703125
2171.0	2208.0	2061.29736328125
2172.0	2209.0	2061.783203125
2183.0	2208.0	2041.0408935546875
2183.0	2211.0	2044.0379638671875
2181.0	2223.0	2051.290771484375
2193.0	2223.0	2028.2315673828125
2191.0	2221.0	2035.6622314453125
2191.0	2228.0	2038.6298828125
2193.0	2222.0	2037.0933837890625
2191.0	2220.0	2044.1248779296875
2198.0	2220.0	2032.0875244140625
2208.0	2225.0	2013.4676513671875
2203.0	2220.0	2027.1939697265625
2200.0	2224.0	2036.4464111328125
2202.0	2236.0	2034.686767578125
2203.0	2235.0	2034.9359130859375
2209.0	2238.0	2024.266845703125
2210.0	2236.0	2024.832275390625
2213.0	2235.0	2020.980224609375
2211.0	2234.0	2027.9085693359375
2212.0	2235.0	2028.0916748046875
2222.0	2231.0	2009.0718994140625
2222.0	2239.0	2011.78076171875
2221.0	2238.0	2016.523681640625
2219.0	2234.0	2023.2767333984375
2214.0	2235.0	2036.423583984375
2219.0	2221.0	2027.8502197265625
2222.0	2223.0	2023.4183349609375
2220.0	2222.0	2029.7088623046875
2220.0	2221.0	2031.58154296875
2231.0	2223.0	2010.01220703125
2230.0	2224.0	2014.4136962890625
2232.0	2221.0	2012.14599609375
2230.0	2224.0	2018.593505859375
2232.0	2222.0	2016.2039794921875
2230.0	2224.0	2022.3255615234375
2229.0	2204.0	2026.1688232421875
2231.0	2214.0	2023.4202880859375
2230.0	2216.0	2027.1051025390625
2230.0	2209.0	2028.503662109375
2239.0	2209.0	2010.3193359375
2227.0	2209.0	2037.6539306640625
2232.0	2209.0	2027.993896484375
2229.0	2208.0	2035.596435546875
2230.0	2208.0	2034.46435546875
2231.0	2197.0	2033.3138427734375
2222.0	2196.0	2053.653076171875
2223.0	2198.0	2051.759033203125
2221.0	2196.0	2056.427490234375
2221.0	2197.0	2056.70849609375
2221.0	2180.0	2056.92919921875
2221.0	2178.0	2057.12890625
2222.0	2189.0	2055.1455078125
2220.0	2182.0	2059.6904296875
2219.0	2182.0	2062.07421875
2232.0	2182.0	2033.9935302734375
2216.0	2170.0	2068.9384765625
2223.0	2169.0	2053.86328125
2214.0	2172.0	2072.943115234375
2211.0	2169.0	2078.9482421875
2209.0	2158.0	2082.8232421875
2211.0	2158.0	2077.991943359375
2204.0	2158.0	2092.4052734375
2203.0	2158.0	2093.61181640625
2203.0	2144.0	2092.662353515625
2201.0	2142.0	2096.03662109375
2203.0	2160.0	2090.771240234375
2202.0	2139.0	2092.111572265625
2190.0	2142.0	2116.6953125
2193.0	2130.0	2108.802490234375
2188.0	2131.0	2118.3427734375
2197.0	2130.0	2097.655517578125
2194.0	2129.0	2103.008056640625
2181.0	2122.0	2129.92822265625
2183.0	2118.0	2123.939208984375
2183.0	2119.0	2122.36767578125
2184.0	2118.0	2118.715576171875
2170.0	2118.0	2147.19970703125
2173.0	2105.0	2138.69677734375
2173.0	2103.0	2136.932373046875
2174.0	2106.0	2133.0048828125
2164.0	2106.0	2152.85205078125
2164.0	2113.0	2150.671142578125
2162.0	2092.0	2152.8779296875
2163.0	2090.0	2148.73046875
2158.0	2092.0	2157.68017578125
2151.0	2092.0	2170.553955078125
2153.0	2093.0	2163.9873046875
2154.0	2091.0	2159.67822265625
2144.0	2080.0	2178.888671875
2144.0	2078.0	2176.348388671875
2136.0	2078.0	2191.128662109375
2134.0	2080.0	2192.533447265625
2132.0	2079.0	2194.114990234375
2123.0	2080.0	2210.873779296875
2125.0	2080.0	2203.444091796875
2123.0	2092.0	2204.89892578125
2127.0	2073.0	2193.447021484375
2115.0	2069.0	2216.484130859375
2113.0	2070.0	2217.6806640625
2113.0	2069.0	2214.690185546875
2113.0	2069.0	2211.907958984375
2104.0	2065.0	2228.740966796875
2107.0	2067.0	2219.1630859375
2104.0	2067.0	2222.7373046875
2103.0	2068.0	2222.1181640625
2106.0	2067.0	2212.954345703125
2105.0	2066.0	2212.6220703125
2093.0	2067.0	2235.947509765625
2098.0	2064.0	2222.209228515625
2096.0	2066.0	2223.79150390625
2086.0	2067.0	2242.7001953125
2087.0	2068.0	2237.50537109375
2087.0	2067.0	2234.659423828125
2085.0	2066.0	2236.319580078125
2080.0	2064.0	2244.599609375
2093.0	2067.0	2213.9677734375
2083.0	2068.0	2233.404541015625
2088.0	2067.0	2220.41259765625
2075.0	2066.0	2246.376953125
2078.0	2066.0	2237.26806640625
2075.0	2066.0	2241.32177734375
2076.0	2066.0	2236.805419921875
2076.0	2066.0	2234.567626953125
2079.0	2065.0	2226.012939453125
2078.0	2065.0	2226.222412109375
2077.0	2067.0	2226.583740234375
2076.0	2085.0	2227.052001953125
2066.0	2078.0	2246.76708984375
2066.0	2084.0	2244.58984375
2065.0	2080.0	2244.701416015625
2071.0	2081.0	2229.7177734375
2069.0	2080.0	2232.26220703125
2065.0	2080.0	2239.2822265625
2065.0	2094.0	2237.64013671875
2067.0	2093.0	2231.78857421875
2065.0	2091.0	2234.647705078125
2067.0	2093.0	2228.929931640625
2065.0	2090.0	2231.95849609375
2068.0	2105.0	2224.235595703125
2066.0	2105.0	2227.392822265625
2064.0	2119.0	2230.658447265625
2067.0	2111.0	2223.110107421875
2066.0	2107.0	2224.314208984375
2077.0	2107.0	2200.053955078125
2075.0	2119.0	2204.106689453125
2072.0	2118.0	2210.338134765625
2077.0	2119.0	2199.17822265625
2078.0	2118.0	2196.802001953125
2076.0	2118.0	2200.9404296875
2076.0	2131.0	2200.72314453125
2076.0	2132.0	2200.53857421875
2075.0	2131.0	2202.50341796875
2076.0	2133.0	2200.14892578125
2076.0	2129.0	2199.996826171875
2076.0	2145.0	2199.83642578125
2086.0	2144.0	2178.3544921875
2085.0	2143.0	2181.047119140625
2085.0	2146.0	2181.535400390625
2086.0	2148.0	2179.8544921875
2085.0	2153.0	2182.46435546875
2093.0	2158.0	2165.526123046875
2095.0	2158.0	2162.15380859375
2096.0	2158.0	2160.97412109375
2096.0	2171.0	2161.9091796875
2094.0	2169.0	2167.144775390625
2106.0	2170.0	2142.243896484375
2104.0	2170.0	2147.946044921875
2106.0	2183.0	2144.93896484375
2105.0	2182.0	2148.3642578125
2108.0	2182.0	2143.071533203125
2105.0	2181.0	2150.7197265625
2115.0	2183.0	2130.666748046875
2114.0	2177.0	2134.470703125
2114.0	2189.0	2135.995361328125
2116.0	2196.0	2133.07568359375
2121.0	2194.0	2123.95068359375
2138.0	2195.0	2088.990478515625
2120.0	2194.0	2129.906005859375
2127.0	2198.0	2116.471923828125
2134.0	2207.0	2103.013427734375
2135.0	2209.0	2103.0390625
2132.0	2208.0	2111.60693359375
2133.0	2209.0	2111.382080078125
2144.0	2211.0	2089.6953125
2145.0	2209.0	2089.9287109375
2155.0	2210.0	2070.78173828125
2154.0	2222.0	2075.633544921875
2153.0	2222.0	2080.39013671875
2152.0	2219.0	2084.993408203125
2164.0	2223.0	2061.8662109375
2164.0	2228.0	2064.6904296875
2162.0	2224.0	2071.6806640625
2174.0	2223.0	2048.53173828125
2174.0	2222.0	2051.553466796875
2171.0	2222.0	2060.934326171875
2183.0	2234.0	2037.7244873046875
2183.0	2237.0	2040.89990234375
2183.0	2236.0	2043.906005859375
2183.0	2236.0	2046.7745361328125
2181.0	2235.0	2053.82373046875
2192.0	2234.0	2032.9713134765625
2192.0	2236.0	2035.963623046875
2191.0	2235.0	2040.949462890625
2201.0	2236.0	2022.3458251953125
2203.0	2232.0	2021.120849609375
2203.0	2240.0	2024.1307373046875
2204.0	2233.0	2024.8377685546875
2201.0	2235.0	2034.06591796875
2201.0	2237.0	2036.6671142578125
2201.0	2234.0	2039.0980224609375
2211.0	2236.0	2020.1756591796875
2211.0	2235.0	2022.94189453125
2210.0	2233.0	2027.7061767578125
2210.0	2249.0	2030.1751708984375
2211.0	2235.0	2030.3233642578125
2222.0	2222.0	2008.743408203125
2220.0	2221.0	2015.892578125
2221.0	2222.0	2016.2894287109375
2224.0	2223.0	2012.2186279296875
2222.0	2219.0	2018.83837890625
2220.0	2228.0	2025.35107421875
2223.0	2225.0	2020.88330078125
2220.0	2222.0	2029.3333740234375
2225.0	2208.0	2020.305908203125
2218.0	2208.0	2037.311279296875
2224.0	2211.0	2025.9698486328125
2220.0	2208.0	2036.193603515625
2231.0	2210.0	2014.3585205078125
2231.0	2210.0	2016.3355712890625
2229.0	2209.0	2022.5703125
2229.0	2198.0	2024.3037109375
2233.0	2197.0	2017.33837890625
2232.0	2196.0	2021.0946044921875
2230.0	2195.0	2026.9326171875
2229.0	2191.0	2030.52294921875
2230.0	2189.0	2029.6695556640625
2231.0	2184.0	2028.7554931640625
2230.0	2182.0	2032.1112060546875
2244.0	2183.0	2002.8746337890625
2220.0	2184.0	2055.66259765625
2215.0	2168.0	2066.94921875
2215.0	2169.0	2067.311279296875
2220.0	2169.0	2056.810302734375
2223.0	2170.0	2050.600341796875
2222.0	2168.0	2053.09326171875
2221.0	2156.0	2055.53662109375
2223.0	2157.0	2051.503662109375
2222.0	2158.0	2053.966064453125
2222.0	2158.0	2054.206787109375
2221.0	2142.0	2056.64013671875
2222.0	2153.0	2054.68408203125
2221.0	2147.0	2057.0400390625
2222.0	2148.0	2055.0712890625
2209.0	2131.0	2083.2744140625
2207.0	2131.0	2087.087646484375
2212.0	2131.0	2075.8154296875
2209.0	2130.0	2081.9052734375
2211.0	2131.0	2077.129150390625
2205.0	2131.0	2089.3603515625
2202.0	2118.0	2094.837890625
2199.0	2119.0	2100.389892578125
2204.0	2118.0	2088.677490234375
2202.0	2117.0	2092.119873046875
2202.0	2103.0	2091.3974609375
2200.0	2102.0	2095.02880859375
2192.0	2102.0	2111.063720703125
2190.0	2100.0	2114.071533203125
2192.0	2111.0	2108.48193359375
2190.0	2103.0	2111.625732421875
2191.0	2106.0	2108.368408203125
2179.0	2093.0	2133.058349609375
2183.0	2094.0	2122.7626953125
2183.0	2094.0	2121.174560546875
2184.0	2094.0	2117.59033203125
2172.0	2092.0	2142.241455078125
2170.0	2094.0	2144.630126953125
2173.0	2078.0	2136.2587890625
2174.0	2079.0	2132.313232421875
2171.0	2080.0	2137.185546875
2166.0	2078.0	2146.09228515625
2163.0	2082.0	2150.64208984375
2164.0	2078.0	2146.498291015625
2164.0	2088.0	2144.607666015625
2154.0	2070.0	2163.983154296875
2152.0	2065.0	2166.03662109375
2154.0	2063.0	2159.47509765625
2155.0	2069.0	2155.203125
2144.0	2067.0	2176.790771484375
2143.0	2064.0	2176.49072265625
2134.0	2066.0	2193.351806640625
2134.0	2065.0	2190.522216796875
2135.0	2067.0	2185.709228515625
2135.0	2066.0	2183.146728515625
2125.0	2070.0	2201.87158203125
2125.0	2066.0	2198.998291015625
2123.0	2065.0	2200.635498046875
2126.0	2066.0	2191.533447265625
2114.0	2066.0	2214.81005859375
2114.0	2065.0	2211.865234375
2114.0	2073.0	2209.08935546875
2112.0	2071.0	2210.765869140625
2117.0	2071.0	2197.431884765625
2124.0	2066.0	2179.8701171875
2112.0	2068.0	2203.1572265625
2104.0	2064.0	2217.86474609375
2107.0	2065.0	2208.781982421875
2106.0	2065.0	2208.55029296875
2106.0	2067.0	2206.25634765625
2110.0	2066.0	2195.412841796875
2097.0	2066.0	2221.4248046875
2096.0	2065.0	2221.001220703125
2096.0	2066.0	2218.5703125
2096.0	2065.0	2216.282958984375
2094.0	2065.0	2218.467529296875
2096.0	2064.0	2212.04248046875
2093.0	2063.0	2216.61181640625
2086.0	2059.0	2229.453857421875
2087.0	2080.0	2224.9453125
2084.0	2079.0	2229.209716796875
2086.0	2078.0	2222.75439453125
2085.0	2079.0	2223.013427734375
2088.0	2079.0	2214.66455078125
2084.0	2080.0	2221.596923828125
2086.0	2079.0	2215.566650390625
2074.0	2080.0	2239.548095703125
2077.0	2082.0	2230.849853515625
2076.0	2079.0	2230.984130859375
2077.0	2093.0	2226.88330078125
2076.0	2091.0	2227.324951171875
2076.0	2093.0	2225.652587890625
2077.0	2093.0	2221.8994140625
2079.0	2091.0	2216.06494140625
2077.0	2091.0	2218.978759765625
2074.0	2098.0	2224.128662109375
2074.0	2091.0	2222.816650390625
2075.0	2107.0	2219.34130859375
2083.0	2104.0	2200.82568359375
2082.0	2102.0	2201.904541015625
2076.0	2106.0	2213.92626953125
2074.0	2105.0	2217.31201171875
2075.0	2103.0	2214.232421875
2077.0	2104.0	2209.05126953125
2076.0	2120.0	2210.35986328125
2074.0	2119.0	2213.904296875
2077.0	2119.0	2206.645751953125
2075.0	2119.0	2210.27197265625
2076.0	2130.0	2207.501953125
2075.0	2132.0	2209.082763671875
2075.0	2135.0	2208.565673828125
2076.0	2126.0	2205.912841796875
2075.0	2127.0	2207.58740234375
2076.0	2135.0	2204.954833984375
2074.0	2145.0	2208.79541015625
2071.0	2144.0	2214.768798828125
2083.0	2143.0	2188.351318359375
2075.0	2145.0	2205.447021484375
2085.0	2145.0	2183.76708984375
2086.0	2144.0	2181.93701171875
2087.0	2144.0	2180.076416015625
2089.0	2159.0	2176.027099609375
2085.0	2158.0	2184.9794921875
2087.0	2157.0	2180.888671875
2088.0	2170.0	2178.955322265625
2086.0	2168.0	2183.6064453125
2096.0	2170.0	2162.667236328125
2094.0	2168.0	2167.806640625
2095.0	2167.0	2166.415283203125
2094.0	2173.0	2169.262451171875
2097.0	2173.0	2163.423095703125
2095.0	2181.0	2168.40283203125
2101.0	2182.0	2155.941162109375
2111.0	2184.0	2135.399658203125
2106.0	2181.0	2147.41552734375
2105.0	2195.0	2150.7666015625
2104.0	2196.0	2153.984375
2105.0	2195.0	2152.8359375
2103.0	2195.0	2158.127197265625
2115.0	2198.0	2133.027587890625
2115.0	2196.0	2134.513427734375
2115.0	2196.0	2135.929443359375
2116.0	2208.0	2135.0517578125
2115.0	2208.0	2138.53564453125
2115.0	2203.0	2139.740966796875
2115.0	2205.0	2140.8828125
2125.0	2215.0	2120.455322265625
2124.0	2208.0	2124.268798828125
2125.0	2222.0	2123.66552734375
2128.0	2222.0	2118.60986328125
2131.0	2224.0	2113.57763671875
2128.0	2223.0	2121.432373046875
2132.0	2223.0	2114.595458984375
2133.0	2222.0	2114.2353515625
2135.0	2225.0	2111.555908203125
2134.0	2222.0	2115.360595703125
2145.0	2223.0	2093.199462890625
2145.0	2237.0	2095.3720703125
2145.0	2237.0	2097.340576171875
2154.0	2235.0	2080.2255859375
2152.0	2237.0	2086.869384765625
2152.0	2243.0	2089.110107421875
2153.0	2235.0	2089.02734375
2154.0	2236.0	2088.769287109375
2163.0	2240.0	2071.62841796875
2163.0	2236.0	2074.023193359375
2162.0	2235.0	2078.474853515625
2162.0	2235.0	2080.75341796875
2162.0	2235.0	2082.817626953125
2174.0	2236.0	2059.24072265625
2172.0	2236.0	2066.021728515625
2172.0	2234.0	2068.276123046875
2176.0	2235.0	2061.740234375
2172.0	2237.0	2072.466552734375
2186.0	2236.0	2044.2230224609375
2183.0	2235.0	2053.298583984375
2183.0	2222.0	2055.64697265625
2186.0	2221.0	2051.343017578125
2183.0	2228.0	2059.963134765625
2183.0	2224.0	2061.950439453125
2194.0	2224.0	2040.4384765625
2190.0	2226.0	2051.470703125
2198.0	2222.0	2036.4241943359375
2191.0	2223.0	2053.7431640625
2191.0	2208.0	2055.73779296875
2192.0	2209.0	2055.433349609375
2191.0	2208.0	2059.375732421875
2192.0	2208.0	2058.893798828125
2189.0	2210.0	2066.98681640625
2192.0	2209.0	2061.977783203125
2203.0	2211.0	2040.0418701171875
2202.0	2198.0	2044.22998046875
2204.0	2196.0	2041.7864990234375
2202.0	2196.0	2047.896728515625
2203.0	2206.0	2047.3406982421875
2201.0	2202.0	2053.282958984375
2201.0	2198.0	2054.81884765625
2201.0	2184.0	2056.207763671875
2202.0	2185.0	2055.390380859375
2204.0	2183.0	2052.24365234375
2199.0	2171.0	2064.27880859375
2200.0	2170.0	2063.21728515625
2192.0	2168.0	2081.4404296875
2190.0	2170.0	2086.138427734375
2190.0	2157.0	2086.468994140625
2195.0	2158.0	2075.944580078125
2190.0	2159.0	2087.10302734375
2192.0	2144.0	2083.003662109375
2193.0	2142.0	2081.11572265625
2189.0	2147.0	2090.046630859375
2193.0	2147.0	2081.6064453125
2192.0	2131.0	2083.989990234375
2189.0	2129.0	2090.70068359375
2193.0	2131.0	2082.221923828125
2183.0	2117.0	2103.900146484375
2184.0	2118.0	2101.361328125
2184.0	2117.0	2100.947998046875
2182.0	2120.0	2104.902587890625
2182.0	2118.0	2104.5693359375
2171.0	2105.0	2127.498046875
2174.0	2105.0	2120.067138671875
2171.0	2104.0	2125.62060546875
2172.0	2091.0	2122.60986328125
2172.0	2091.0	2121.826416015625
2163.0	2091.0	2140.37548828125
2162.0	2085.0	2141.2216796875
2162.0	2093.0	2139.944580078125
2164.0	2081.0	2134.407958984375
2149.0	2077.0	2165.287353515625
2157.0	2080.0	2146.234130859375
2154.0	2076.0	2151.111083984375
2145.0	2065.0	2168.795166015625
2145.0	2066.0	2166.741943359375
2134.0	2065.0	2188.535400390625
2134.0	2065.0	2186.093017578125
2135.0	2066.0	2181.61962890625
2133.0	2063.0	2183.7333984375
2124.0	2051.0	2200.60791015625
2125.0	2053.0	2195.867431640625
2126.0	2052.0	2191.21240234375
2113.0	2052.0	2216.890869140625
2115.0	2066.0	2209.7412109375
2114.0	2033.0	2209.23583984375
2106.0	2037.0	2223.9267578125
2103.0	2039.0	2227.43798828125
2109.0	2038.0	2211.58544921875
2107.0	2038.0	2213.249267578125
2105.0	2040.0	2215.029541015625
2094.0	2042.0	2235.96923828125
2100.0	2039.0	2220.02734375
2097.0	2039.0	2223.81787109375
2088.0	2038.0	2240.42431640625
2086.0	2028.0	2241.690185546875
2086.0	2026.0	2238.824462890625
2087.0	2025.0	2233.94775390625
2076.0	2027.0	2254.600341796875
2076.0	2021.0	2251.512939453125
2078.0	2020.0	2244.283203125
2075.0	2012.0	2248.016357421875
2065.0	2012.0	2266.72265625
2078.0	2015.0	2235.435791015625
2065.0	2025.0	2260.787841796875
2057.0	2029.0	2275.243896484375
2056.0	2025.0	2274.183837890625
2056.0	2028.0	2271.14404296875
2055.0	2027.0	2270.40234375
2059.0	2013.0	2258.978271484375
2057.0	2014.0	2260.709228515625
2055.0	2013.0	2262.569091796875
2048.0	2027.0	2275.13232421875
2044.0	2026.0	2281.005615234375
2046.0	2027.0	2273.97705078125
2046.0	2032.0	2271.41650390625
2046.0	2041.0	2268.983154296875
2046.0	2041.0	2266.70361328125
2045.0	2040.0	2266.68115234375
2035.0	2041.0	2285.9248046875
2038.0	2040.0	2277.0166015625
2038.0	2039.0	2274.7587890625
2039.0	2039.0	2270.363037109375
2037.0	2052.0	2272.54833984375
2035.0	2052.0	2274.888671875
2037.0	2055.0	2268.66748046875
2037.0	2053.0	2266.904296875
2038.0	2052.0	2262.985595703125
2037.0	2055.0	2263.533203125
2027.0	2066.0	2283.276611328125
2030.0	2067.0	2274.740478515625
2026.0	2082.0	2281.509033203125
2028.0	2072.0	2275.300537109375
2035.0	2068.0	2258.601318359375
2038.0	2079.0	2251.123291015625
2037.0	2076.0	2252.34716796875
2038.0	2080.0	2249.290283203125
2051.0	2078.0	2220.249755859375
2044.0	2079.0	2234.68408203125
2037.0	2092.0	2249.217529296875
2036.0	2091.0	2250.716064453125
2038.0	2092.0	2245.675048828125
2037.0	2095.0	2247.259765625
2036.0	2106.0	2248.856201171875
2046.0	2102.0	2226.6865234375
2047.0	2105.0	2224.63232421875
2046.0	2106.0	2226.9453125
2048.0	2107.0	2222.771728515625
2056.0	2104.0	2205.879150390625
2057.0	2115.0	2204.435302734375
2046.0	2117.0	2228.588134765625
2046.0	2115.0	2228.603271484375
2046.0	2136.0	2228.62353515625
2047.0	2129.0	2226.48095703125
2050.0	2130.0	2220.171630859375
2062.0	2131.0	2194.8603515625
2057.0	2142.0	2206.423583984375
2057.0	2144.0	2207.044677734375
2054.0	2146.0	2214.1796875
2057.0	2156.0	2208.25146484375
2056.0	2157.0	2210.981201171875
2057.0	2157.0	2209.291015625
2058.0	2170.0	2207.611083984375
2068.0	2171.0	2186.4033203125
2065.0	2169.0	2194.079345703125
2066.0	2181.0	2193.022216796875
2068.0	2186.0	2189.689453125
2066.0	2186.0	2194.9814453125
2066.0	2186.0	2195.873046875
2066.0	2193.0	2196.709228515625
2066.0	2195.0	2197.477783203125
2085.0	2196.0	2157.1826171875
2071.0	2197.0	2188.869140625
2076.0	2196.0	2179.381103515625
2075.0	2207.0	2182.6689453125
2076.0	2209.0	2181.63427734375
2075.0	2206.0	2184.84765625
2087.0	2210.0	2160.4150390625
2087.0	2224.0	2162.015380859375
2086.0	2221.0	2165.668212890625
2093.0	2222.0	2152.05126953125
2096.0	2235.0	2147.503662109375
2094.0	2236.0	2153.709716796875
2094.0	2241.0	2155.462158203125
2095.0	2230.0	2154.97509765625
2104.0	2241.0	2137.582763671875
2106.0	2231.0	2135.402099609375
2102.0	2248.0	2146.1171875
2107.0	2248.0	2137.2021484375
2116.0	2250.0	2119.653076171875
2113.0	2250.0	2128.5234375
2113.0	2248.0	2130.750732421875
2114.0	2250.0	2130.73291015625
2114.0	2248.0	2132.6787109375
2123.0	2248.0	2115.64111328125
2124.0	2263.0	2115.9072265625
2125.0	2258.0	2115.9970703125
2136.0	2261.0	2094.495361328125
2135.0	2262.0	2099.32666015625
2134.0	2261.0	2103.95166015625
2144.0	2269.0	2084.736083984375
2144.0	2262.0	2087.615478515625
2154.0	2263.0	2068.771728515625
2151.0	2260.0	2078.486572265625
2155.0	2261.0	2072.79443359375
2154.0	2261.0	2077.864013671875
2165.0	2259.0	2057.131103515625
2163.0	2262.0	2064.698486328125
2163.0	2263.0	2067.746337890625
2163.0	2260.0	2070.605224609375
2175.0	2262.0	2047.419921875
2174.0	2263.0	2052.802978515625
2174.0	2261.0	2055.794189453125
2174.0	2260.0	2058.660400390625
2182.0	2261.0	2044.6224365234375
2185.0	2259.0	2041.30224609375
2183.0	2257.0	2048.666259765625
2183.0	2266.0	2051.547607421875
2192.0	2262.0	2034.8572998046875
2191.0	2247.0	2040.17919921875
2206.0	2247.0	2010.577880859375
2193.0	2247.0	2041.6617431640625
2194.0	2248.0	2042.1727294921875
2191.0	2249.0	2051.2080078125
2202.0	2247.0	2030.1307373046875
2203.0	2235.0	2030.8560791015625
2203.0	2236.0	2033.59326171875
2202.0	2236.0	2038.3428955078125
2202.0	2235.0	2040.896484375
2201.0	2233.0	2045.462646484375
2202.0	2225.0	2045.5242919921875
2202.0	2222.0	2047.611572265625
2200.0	2229.0	2053.88671875
2209.0	2205.0	2036.739501953125
2209.0	2208.0	2039.1485595703125
2211.0	2209.0	2037.0091552734375
2213.0	2199.0	2034.77490234375
2215.0	2197.0	2032.4439697265625
2213.0	2193.0	2038.66796875
2212.0	2197.0	2042.58837890625
2212.0	2184.0	2044.2576904296875
2211.0	2185.0	2047.993896484375
2212.0	2183.0	2047.3486328125
2210.0	2170.0	2053.09130859375
2210.0	2170.0	2054.458984375
2210.0	2170.0	2055.74560546875
2213.0	2155.0	2050.402099609375
2210.0	2162.0	2058.020751953125
2211.0	2173.0	2056.897705078125
2212.0	2150.0	2055.7158203125
2211.0	2150.0	2058.81005859375
2213.0	2146.0	2055.341552734375
2210.0	2145.0	2062.719482421875
2216.0	2132.0	2050.527099609375
2212.0	2131.0	2059.928955078125
2208.0	2130.0	2069.344970703125
2212.0	2117.0	2061.34033203125
2211.0	2119.0	2064.139892578125
2209.0	2115.0	2069.06494140625
2213.0	2117.0	2060.9765625
2212.0	2108.0	2063.717041015625
2212.0	2105.0	2064.280517578125
2202.0	2104.0	2086.2021484375
2203.0	2105.0	2083.88623046875
2203.0	2095.0	2083.716552734375
2200.0	2094.0	2090.08984375
2202.0	2095.0	2085.601318359375
2201.0	2093.0	2087.648193359375
2201.0	2080.0	2087.532470703125
2204.0	2077.0	2080.925048828125
2204.0	2081.0	2080.880615234375
2193.0	2080.0	2104.15625
2191.0	2081.0	2107.699951171875
2190.0	2065.0	2109.143310546875
2193.0	2065.0	2101.9765625
2192.0	2067.0	2103.465087890625
2181.0	2066.0	2126.558349609375
2184.0	2067.0	2118.9052734375
2184.0	2067.0	2117.756103515625
2183.0	2063.0	2118.920166015625
2184.0	2061.0	2115.724853515625
2171.0	2055.0	2142.427001953125
2172.0	2055.0	2138.66455078125
2172.0	2055.0	2137.1796875
2173.0	2054.0	2133.619384765625
2160.0	2053.0	2160.247314453125
2161.0	2054.0	2156.250244140625
2163.0	2053.0	2150.18994140625
2166.0	2053.0	2142.035400390625
2152.0	2040.0	2170.889892578125
2153.0	2039.0	2166.571044921875
2152.0	2041.0	2166.698974609375
2155.0	2047.0	2158.257080078125
2144.0	2039.0	2180.093017578125
2145.0	2040.0	2175.599365234375
2133.0	2039.0	2199.20263671875
2134.0	2040.0	2194.26123046875
2135.0	2039.0	2189.54931640625
2134.0	2039.0	2189.251953125
2124.0	2050.0	2208.215087890625
2123.0	2042.0	2207.62744140625
2124.0	2042.0	2202.81201171875
2122.0	2038.0	2204.65771484375
2112.0	2040.0	2223.7568359375
2117.0	2040.0	2210.02392578125
2115.0	2040.0	2211.622314453125
2113.0	2054.0	2213.44189453125
2116.0	2053.0	2204.508544921875
2105.0	2053.0	2225.599365234375
2106.0	2053.0	2220.6474609375
2105.0	2052.0	2220.181396484375
2103.0	2052.0	2222.02392578125
2105.0	2055.0	2215.30078125
2096.0	2068.0	2232.325927734375
2094.0	2066.0	2233.95556640625
2095.0	2066.0	2229.3203125
2096.0	2065.0	2224.66845703125
2095.0	2064.0	2224.531982421875
2085.0	2070.0	2243.475341796875
2085.0	2071.0	2240.81787109375
2085.0	2065.0	2238.3046875
2071.0	2082.0	2266.02001953125
2084.0	2080.0	2235.21875
2084.0	2078.0	2233.147705078125
2085.0	2094.0	2228.990966796875
2087.0	2093.0	2222.79931640625
2084.0	2091.0	2227.546142578125
2075.0	2092.0	2244.866943359375
2075.0	2091.0	2242.60888671875
2075.0	2106.0	2240.481689453125
2075.0	2107.0	2238.44921875
2078.0	2105.0	2230.013427734375
2076.0	2105.0	2232.57763671875
2074.0	2118.0	2235.300048828125
2075.0	2118.0	2231.579345703125
2077.0	2114.0	2225.75341796875
2074.0	2116.0	2230.806396484375
2078.0	2131.0	2220.774658203125
2077.0	2131.0	2221.66552734375
2075.0	2134.0	2224.816162109375
2079.0	2132.0	2214.9130859375
2083.0	2148.0	2205.44921875
2086.0	2146.0	2198.6005859375
2088.0	2146.0	2193.9853515625
2087.0	2157.0	2195.8349609375
2085.0	2159.0	2199.818603515625
2084.0	2158.0	2201.711181640625
2084.0	2171.0	2201.46337890625
2085.0	2172.0	2199.038330078125
2084.0	2170.0	2200.970458984375
2085.0	2169.0	2198.549560546875
2086.0	2183.0	2196.177734375
2086.0	2178.0	2196.0
2086.0	2189.0	2195.9052734375
2095.0	2186.0	2176.775390625
2096.0	2181.0	2175.014404296875
2095.0	2195.0	2177.581298828125
2095.0	2193.0	2177.947021484375
2090.0	2195.0	2189.13134765625
2106.0	2209.0	2155.076171875
2106.0	2209.0	2156.11962890625
2103.0	2211.0	2163.563720703125
2075.0	2208.0	2225.18212890625
2106.0	2207.0	2158.726318359375
2107.0	2211.0	2157.364013671875
2114.0	2222.0	2142.930419921875
2114.0	2222.0	2144.23291015625
2115.0	2223.0	2143.298828125
2114.0	2220.0	2146.635986328125
2112.0	2235.0	2152.04541015625
2114.0	2233.0	2148.74560546875
2126.0	2236.0	2123.94580078125
2125.0	2238.0	2127.740478515625
2123.0	2241.0	2133.605712890625
2125.0	2241.0	2130.748291015625
2124.0	2250.0	2134.342041015625
2131.0	2251.0	2120.86572265625
2134.0	2249.0	2116.144287109375
2135.0	2247.0	2115.697509765625
2137.0	2249.0	2112.990478515625
2142.0	2249.0	2103.80224609375
2144.0	2250.0	2101.60400390625
2153.0	2249.0	2084.16650390625
2153.0	2246.0	2086.650634765625
2153.0	2247.0	2088.991943359375
2154.0	2246.0	2089.027587890625
2165.0	2250.0	2067.673828125
2163.0	2251.0	2074.67333984375
2162.0	2248.0	2079.344482421875
2163.0	2249.0	2079.528564453125
2171.0	2250.0	2064.584228515625
2172.0	2249.0	2065.16943359375
2173.0	2241.0	2065.5654296875
2173.0	2250.0	2067.98876953125
2171.0	2249.0	2074.63818359375
2182.0	2253.0	2053.4931640625
2176.0	2263.0	2069.2080078125
2184.0	2260.0	2054.40576171875
2181.0	2249.0	2063.359130859375
2193.0	2248.0	2039.819580078125
2194.0	2248.0	2040.389404296875
2193.0	2247.0	2045.1624755859375
2193.0	2247.0	2047.6212158203125
2190.0	2248.0	2056.468017578125
2192.0	2249.0	2054.325927734375
2203.0	2247.0	2033.14306640625
2202.0	2248.0	2037.9853515625
2201.0	2246.0	2042.6605224609375
2201.0	2237.0	2044.983154296875
2204.0	2231.0	2040.6861572265625
2201.0	2230.0	2049.285888671875
2201.0	2235.0	2051.2470703125
2203.0	2237.0	2048.833984375
2206.0	2236.0	2044.52099609375
2217.0	2223.0	2022.972900390625
2211.0	2220.0	2038.1474609375
2213.0	2223.0	2035.8155517578125
2212.0	2223.0	2039.9063720703125
2211.0	2222.0	2043.883544921875
2214.0	2209.0	2039.0894775390625
2212.0	2211.0	2045.041748046875
2213.0	2209.0	2044.4046630859375
2213.0	2207.0	2045.8922119140625
2224.0	2209.0	2023.8782958984375
2219.0	2197.0	2036.653076171875
2222.0	2197.0	2031.9793701171875
2222.0	2194.0	2033.6988525390625
2221.0	2200.0	2037.43212890625
2222.0	2183.0	2036.78173828125
2220.0	2181.0	2042.5592041015625
2218.0	2182.0	2048.250244140625
2225.0	2186.0	2034.45654296875
2221.0	2170.0	2044.393310546875
2221.0	2170.0	2045.5732421875
2221.0	2169.0	2046.637939453125
2212.0	2170.0	2066.982421875
2208.0	2157.0	2075.992431640625
2211.0	2158.0	2069.796630859375
2212.0	2145.0	2067.923095703125
2211.0	2145.0	2070.356689453125
2210.0	2145.0	2072.76416015625
2212.0	2145.0	2068.646728515625
2210.0	2143.0	2073.214599609375
2213.0	2160.0	2066.943603515625
2200.0	2129.0	2094.96240234375
2202.0	2130.0	2090.228271484375
2203.0	2128.0	2087.645263671875
2199.0	2120.0	2095.934326171875
2205.0	2121.0	2082.570068359375
2201.0	2120.0	2090.91357421875
2204.0	2118.0	2084.089111328125
2201.0	2105.0	2090.286376953125
2190.0	2105.0	2113.47314453125
2191.0	2105.0	2110.35009765625
2192.0	2105.0	2107.263671875
2191.0	2106.0	2108.575439453125
2193.0	2092.0	2103.43994140625
2190.0	2096.0	2109.220947265625
2182.0	2088.0	2125.3037109375
2186.0	2092.0	2115.371337890625
2183.0	2094.0	2120.735595703125
2178.0	2080.0	2130.46484375
2174.0	2078.0	2137.71630859375
2173.0	2083.0	2138.23291015625
2170.0	2080.0	2143.1884765625
2173.0	2080.0	2135.18798828125
2164.0	2069.0	2153.181884765625
2161.0	2069.0	2157.74365234375
2136.0	2065.0	2210.13037109375
2163.0	2068.0	2149.75341796875
2163.0	2065.0	2148.1416015625
2151.0	2079.0	2172.122314453125
2154.0	2072.0	2163.4765625
2154.0	2066.0	2161.463623046875
2138.0	2052.0	2194.111083984375
2143.0	2050.0	2180.884033203125
2136.0	2053.0	2193.708984375
2133.0	2051.0	2197.404052734375
2133.0	2052.0	2194.719482421875
2131.0	2053.0	2196.58154296875
2124.0	2052.0	2208.879150390625
2125.0	2053.0	2203.8564453125
2124.0	2055.0	2203.36279296875
2115.0	2052.0	2220.096435546875
2115.0	2041.0	2217.008544921875
2109.0	2038.0	2226.851806640625
2105.0	2041.0	2232.227294921875
2103.0	2040.0	2233.41455078125
2105.0	2041.0	2226.095947265625
2105.0	2040.0	2223.329833984375
2104.0	2044.0	2222.837646484375
2108.0	2044.0	2211.655517578125
2105.0	2054.0	2215.73974609375
2104.0	2055.0	2215.622802734375
2100.0	2054.0	2222.136474609375
2097.0	2066.0	2226.634033203125
2096.0	2068.0	2226.251220703125
2096.0	2068.0	2223.84326171875
2095.0	2066.0	2223.6953125
2095.0	2066.0	2221.465576171875
2094.0	2078.0	2221.54638671875
2096.0	2078.0	2215.229736328125
2087.0	2078.0	2232.5458984375
2086.0	2080.0	2232.3779296875
2087.0	2092.0	2227.935302734375
2087.0	2091.0	2225.9248046875
2087.0	2092.0	2223.96728515625
2086.0	2092.0	2224.32421875
2087.0	2090.0	2220.41845703125
2086.0	2106.0	2220.967529296875
2076.0	2099.0	2240.647216796875
2075.0	2108.0	2240.660400390625
2074.0	2117.0	2240.7978515625
2075.0	2120.0	2236.679443359375
2083.0	2116.0	2217.53076171875
2076.0	2119.0	2231.017333984375
2077.0	2133.0	2227.281005859375
2075.0	2132.0	2230.122314453125
2077.0	2132.0	2224.3232421875
2076.0	2132.0	2225.134765625
2076.0	2145.0	2223.8623046875
2074.0	2144.0	2226.97802734375
2075.0	2144.0	2223.633056640625
2076.0	2159.0	2220.4130859375
2073.0	2156.0	2225.949951171875
2076.0	2157.0	2218.480224609375
2077.0	2168.0	2215.40380859375
2074.0	2176.0	2221.07470703125
2075.0	2169.0	2218.100830078125
2075.0	2174.0	2217.32275390625
2075.0	2181.0	2216.59423828125
2075.0	2184.0	2215.85693359375
2080.0	2185.0	2204.38720703125
2078.0	2183.0	2208.21630859375
2085.0	2197.0	2192.63330078125
2088.0	2195.0	2186.245849609375
2088.0	2195.0	2186.36865234375
2088.0	2197.0	2186.47900390625
2085.0	2208.0	2193.100341796875
2084.0	2208.0	2195.343017578125
2089.0	2209.0	2184.568603515625
2085.0	2208.0	2193.395751953125
2086.0	2222.0	2191.3056640625
2087.0	2221.0	2189.218017578125
2096.0	2227.0	2170.28564453125
2095.0	2223.0	2173.1201171875
2094.0	2225.0	2175.908447265625
2095.0	2235.0	2174.29931640625
2094.0	2236.0	2177.007080078125
2108.0	2234.0	2147.36767578125
2106.0	2237.0	2152.870849609375
2108.0	2233.0	2149.704345703125
2105.0	2248.0	2157.30224609375
2105.0	2249.0	2158.286865234375
2105.0	2246.0	2159.21142578125
2107.0	2249.0	2155.778076171875
2114.0	2247.0	2141.968505859375
2115.0	2252.0	2141.132080078125
2114.0	2248.0	2144.623291015625
2114.0	2248.0	2145.856201171875
2123.0	2248.0	2127.597900390625
2123.0	2246.0	2129.383056640625
2124.0	2250.0	2128.907958984375
2125.0	2253.0	2128.347900390625
2125.0	2252.0	2129.8388671875
2132.0	2249.0	2116.49365234375
2136.0	2259.0	2109.74951171875
2135.0	2262.0	2113.792724609375
2134.0	2261.0	2117.690185546875
2147.0	2262.0	2091.39306640625
2144.0	2263.0	2100.14111328125
2144.0	2262.0	2102.244873046875
2155.0	2262.0	2080.921630859375
2156.0	2263.0	2081.20751953125
2154.0	2263.0	2087.844482421875
2162.0	2249.0	2073.13671875
2163.0	2247.0	2073.718994140625
2164.0	2244.0	2074.105712890625
2162.0	2252.0	2080.8466796875
2174.0	2249.0	2057.25732421875
2173.0	2248.0	2062.188232421875
2174.0	2248.0	2062.669677734375
2167.0	2251.0	2080.4052734375
2174.0	2247.0	2067.59912109375
2183.0	2248.0	2050.891845703125
2182.0	2248.0	2055.7978515625
2185.0	2235.0	2051.85107421875
2184.0	2236.0	2056.4453125
2191.0	2236.0	2043.85205078125
2192.0	2234.0	2044.45361328125
2190.0	2235.0	2051.4580078125
2192.0	2234.0	2049.601318359375
2192.0	2223.0	2051.96435546875
2191.0	2222.0	2056.3232421875
2202.0	2218.0	2035.2379150390625
2202.0	2215.0	2037.911376953125
2201.0	2211.0	2042.5638427734375
2199.0	2210.0	2049.29345703125
2202.0	2209.0	2045.027587890625
2202.0	2208.0	2047.1646728515625
2195.0	2197.0	2064.335693359375
2203.0	2196.0	2048.833251953125
2204.0	2197.0	2048.4833984375
2200.0	2196.0	2058.829833984375
2200.0	2196.0	2060.427978515625
2212.0	2183.0	2036.388427734375
2212.0	2184.0	2038.353759765625
2209.0	2182.0	2046.8179931640625
2210.0	2171.0	2046.446533203125
2210.0	2171.0	2048.188720703125
2213.0	2170.0	2043.2628173828125
2211.0	2166.0	2049.093505859375
2211.0	2155.0	2050.5078125
2212.0	2163.0	2049.690673828125
2211.0	2145.0	2053.10888671875
2209.0	2145.0	2058.656982421875
2215.0	2143.0	2046.849853515625
2213.0	2143.0	2052.315185546875
2213.0	2130.0	2053.28515625
2212.0	2130.0	2056.4404296875
2212.0	2132.0	2057.340576171875
2209.0	2130.0	2064.7353515625
2212.0	2132.0	2058.998046875
2204.0	2118.0	2076.570556640625
2201.0	2116.0	2083.235595703125
2201.0	2119.0	2083.408203125
2203.0	2103.0	2079.2607421875
2201.0	2105.0	2083.7568359375
2200.0	2100.0	2086.04833984375
2204.0	2112.0	2077.44189453125
2200.0	2095.0	2086.189208984375
2202.0	2095.0	2081.89892578125
2203.0	2091.0	2079.7802734375
2189.0	2090.0	2109.681396484375
2202.0	2081.0	2080.89892578125
2192.0	2079.0	2102.093994140625
2190.0	2078.0	2105.80615234375
2192.0	2082.0	2101.005859375
2191.0	2066.0	2102.702880859375
2191.0	2066.0	2102.2548828125
2182.0	2067.0	2120.779296875
2184.0	2066.0	2115.406982421875
2182.0	2067.0	2118.791259765625
2183.0	2065.0	2115.72314453125
2182.0	2051.0	2117.040771484375
2176.0	2055.0	2129.102783203125
2172.0	2054.0	2136.379150390625
2172.0	2054.0	2135.131591796875
2173.0	2047.0	2131.71875
2162.0	2055.0	2154.454345703125
2163.0	2050.0	2150.504638671875
2160.0	2043.0	2155.357421875
2164.0	2043.0	2145.10205078125
2158.0	2040.0	2156.6376953125
2156.0	2026.0	2159.151611328125
2155.0	2029.0	2159.32421875
2146.0	2026.0	2176.909912109375
2147.0	2028.0	2172.4033203125
2143.0	2013.0	2178.82275390625
2143.0	2015.0	2176.76123046875
2144.0	2016.0	2172.59716796875
2144.0	2014.0	2170.69677734375
2143.0	2013.0	2171.1220703125
2144.0	2015.0	2167.24609375
2142.0	2018.0	2169.964111328125
2134.0	2001.0	2185.58984375
2132.0	2003.0	2187.8447265625
2131.0	2000.0	2187.956787109375
2135.0	2004.0	2177.39599609375
2133.0	2001.0	2179.953125
2134.0	1999.0	2176.0966796875
2125.0	2002.0	2193.5791015625
2124.0	2004.0	2193.65869140625
2125.0	2005.0	2189.499755859375
2125.0	1987.0	2187.59912109375
2122.0	1991.0	2192.323486328125
2130.0	1990.0	2173.26123046875
2125.0	1990.0	2182.54345703125
2126.0	1987.0	2178.833740234375
2115.0	1987.0	2200.737060546875
2115.0	1987.0	2198.7158203125
2112.0	1987.0	2203.3251953125
2115.0	1989.0	2195.0419921875
2115.0	1989.0	2193.379638671875
2113.0	1989.0	2196.077392578125
2114.0	1987.0	2192.427490234375
2113.0	2001.0	2193.123046875
2113.0	2001.0	2191.763916015625
2115.0	2002.0	2186.1279296875
2115.0	2001.0	2184.92919921875
2115.0	2002.0	2183.787109375
2115.0	2001.0	2182.69921875
2114.0	2002.0	2183.832763671875
2115.0	1995.0	2180.69873046875
2114.0	2006.0	2181.95068359375
2113.0	2000.0	2183.275390625
2116.0	2013.0	2175.9326171875
2114.0	2014.0	2179.513427734375
2114.0	2014.0	2178.749267578125
2112.0	2014.0	2182.404052734375
2110.0	2030.0	2186.137939453125
2113.0	2028.0	2179.041015625
2116.0	2042.0	2172.001953125
2117.0	2040.0	2169.26953125
2114.0	2041.0	2175.250244140625
2114.0	2039.0	2174.732421875
2116.0	2038.0	2169.921875
2113.0	2053.0	2176.02294921875
2115.0	2053.0	2171.251708984375
2117.0	2054.0	2166.507080078125
2116.0	2068.0	2168.3388671875
2117.0	2067.0	2165.816650390625
2114.0	2067.0	2172.0322265625
2116.0	2080.0	2167.3828125
2116.0	2081.0	2167.171875
2115.0	2083.0	2169.06640625
2113.0	2077.0	2173.1455078125
2114.0	2093.0	2170.695556640625
2123.0	2087.0	2151.34375
2122.0	2092.0	2153.9365234375
2119.0	2103.0	2160.802978515625
2127.0	2105.0	2143.8896484375
2125.0	2104.0	2148.6396484375
2126.0	2103.0	2146.826904296875
2124.0	2118.0	2151.51416015625
2122.0	2118.0	2156.179443359375
2133.0	2119.0	2133.14501953125
2132.0	2117.0	2136.1630859375
2136.0	2131.0	2128.30322265625
2134.0	2132.0	2133.3974609375
2134.0	2130.0	2134.103271484375
2134.0	2133.0	2134.772216796875
2132.0	2143.0	2139.769775390625
2107.0	2144.0	2194.612548828125
2144.0	2145.0	2114.892822265625
2144.0	2143.0	2116.08935546875
2144.0	2151.0	2117.271728515625
2146.0	2148.0	2114.1005859375
2143.0	2151.0	2121.65478515625
2154.0	2155.0	2099.012939453125
2146.0	2158.0	2117.898193359375
2154.0	2157.0	2101.98779296875
2158.0	2169.0	2094.6953125
2153.0	2169.0	2106.84521484375
2154.0	2169.0	2106.070556640625
2152.0	2171.0	2111.578125
2153.0	2171.0	2110.49755859375
2154.0	2171.0	2109.330810546875
2153.0	2171.0	2112.461669921875
2152.0	2169.0	2115.56494140625
2153.0	2171.0	2114.224365234375
2153.0	2169.0	2115.051025390625
2154.0	2171.0	2113.654296875
2153.0	2170.0	2116.584228515625
2154.0	2170.0	2115.108154296875
2156.0	2169.0	2111.405029296875
2151.0	2170.0	2122.880126953125
2154.0	2167.0	2117.01513671875
2153.0	2165.0	2119.755615234375
2152.0	2164.0	2122.43603515625
2154.0	2169.0	2118.573486328125
2151.0	2171.0	2125.5517578125
2166.0	2170.0	2093.43603515625
2159.0	2168.0	2109.033935546875
2156.0	2170.0	2115.941162109375
2154.0	2170.0	2120.708984375
2152.0	2167.0	2125.451904296875
2153.0	2171.0	2123.637451171875
2143.0	2171.0	2145.2978515625
2141.0	2171.0	2149.326171875
2146.0	2171.0	2138.2314453125
2134.0	2171.0	2164.006591796875
2135.0	2169.0	2160.912841796875
2133.0	2170.0	2164.3837890625
2135.0	2156.0	2159.297119140625
2133.0	2156.0	2162.911865234375
2133.0	2156.0	2162.133056640625
2133.0	2150.0	2161.461669921875
2124.0	2156.0	2179.96826171875
2125.0	2158.0	2176.58984375
2123.0	2136.0	2179.73486328125
2126.0	2147.0	2172.166259765625
2117.0	2148.0	2190.07177734375
2112.0	2146.0	2199.34814453125
2117.0	2140.0	2187.019287109375
2114.0	2132.0	2192.115234375
2108.0	2128.0	2203.439697265625
2107.0	2132.0	2203.75244140625
2104.0	2131.0	2208.50537109375
2105.0	2132.0	2204.687255859375
2097.0	2118.0	2220.369140625
2096.0	2119.0	2220.38720703125
2095.0	2119.0	2220.535400390625
2086.0	2118.0	2237.60595703125
2087.0	2118.0	2233.05078125
2086.0	2108.0	2232.898193359375
2077.0	2105.0	2249.870849609375
2077.0	2105.0	2247.20166015625
2078.0	2104.0	2242.538818359375
2076.0	2091.0	2244.48193359375
2067.0	2088.0	2261.1943359375
2066.0	2091.0	2260.6416015625
2068.0	2092.0	2253.730712890625
2057.0	2096.0	2274.600341796875
2056.0	2077.0	2273.838134765625
2054.0	2080.0	2275.368896484375
2039.0	2079.0	2304.862060546875
2049.0	2080.0	2280.05810546875
2046.0	2066.0	2283.65478515625
2036.0	2066.0	2302.68212890625
2037.0	2067.0	2297.26611328125
2040.0	2067.0	2287.726318359375
2038.0	2066.0	2289.195068359375
2029.0	2052.0	2305.4873046875
2028.0	2052.0	2304.433837890625
2017.0	2053.0	2325.07470703125
2017.0	2053.0	2321.572998046875
2018.0	2041.0	2316.123046875
2006.0	2043.0	2338.94091796875
2007.0	2041.0	2333.179931640625
2006.0	2042.0	2331.96728515625
2008.0	2040.0	2324.431640625
2006.0	2022.0	2325.764892578125
1998.0	2026.0	2339.82470703125
2000.0	2009.0	2332.236083984375
1997.0	2017.0	2335.628173828125
1990.0	2013.0	2347.724609375
1988.0	2017.0	2348.6318359375
1988.0	2001.0	2345.367431640625
1984.0	2002.0	2350.942626953125
1982.0	2004.0	2351.83984375
1982.0	2005.0	2348.59814453125
1980.0	2001.0	2349.8037109375
1979.0	2003.0	2349.02294921875
1978.0	2003.0	2348.4169921875
1979.0	2000.0	2343.689208984375
1969.0	2003.0	2362.771484375
1970.0	2009.0	2357.594482421875
1967.0	2003.0	2361.286376953125
1970.0	2002.0	2352.07763671875
1970.0	1989.0	2349.55029296875
1970.0	1991.0	2347.16357421875
1959.0	1987.0	2368.365966796875
1962.0	1991.0	2359.073486328125
1960.0	1987.0	2360.83984375
1963.0	1990.0	2351.92822265625
1961.0	1989.0	2353.99609375
1960.0	1987.0	2353.9833984375
1959.0	1989.0	2354.07763671875
1961.0	1995.0	2347.784423828125
1959.0	1987.0	2350.32373046875
1960.0	1992.0	2346.483154296875
1962.0	1990.0	2340.55712890625
1958.0	1989.0	2347.69091796875
1960.0	1989.0	2341.933349609375
1956.0	2003.0	2349.25048828125
1959.0	2003.0	2341.45068359375
1960.0	2001.0	2338.112060546875
1960.0	2005.0	2336.9658203125
1961.0	2003.0	2333.8017578125
1959.0	2003.0	2337.142822265625
1961.0	2003.0	2331.924560546875
1957.0	2002.0	2339.7470703125
1958.0	2003.0	2336.74853515625
1960.0	2013.0	2331.578125
1970.0	2013.0	2309.342529296875
1969.0	2014.0	2311.41796875
1970.0	2013.0	2309.1630859375
1968.0	2014.0	2313.4384765625
1969.0	2027.0	2311.28955078125
1979.0	2027.0	2289.970947265625
1978.0	2051.0	2292.748046875
1980.0	2036.0	2288.991943359375
1978.0	2055.0	2293.887451171875
1977.0	2048.0	2296.60107421875
1980.0	2053.0	2290.58251953125
1990.0	2070.0	2269.89892578125
1989.0	2065.0	2273.09814453125
1999.0	2068.0	2253.0029296875
1992.0	2065.0	2269.74609375
2005.0	2078.0	2243.131103515625
2008.0	2079.0	2238.580322265625
2005.0	2094.0	2247.05126953125
2010.0	2093.0	2238.029296875
2018.0	2092.0	2222.5283203125
2019.0	2104.0	2222.658447265625
2028.0	2106.0	2205.435546875
2028.0	2103.0	2208.124755859375
2028.0	2105.0	2210.697021484375
2039.0	2118.0	2189.748779296875
2045.0	2117.0	2180.111328125
2047.0	2131.0	2179.072998046875
2057.0	2128.0	2160.948486328125
2056.0	2131.0	2166.77880859375
2067.0	2148.0	2146.552490234375
2068.0	2147.0	2148.322509765625
2067.0	2145.0	2154.2373046875
2072.0	2158.0	2147.361328125
2079.0	2156.0	2136.080322265625
2088.0	2158.0	2120.804443359375
2095.0	2169.0	2110.18359375
2097.0	2172.0	2110.4013671875
2104.0	2182.0	2099.6640625
2106.0	2183.0	2100.066650390625
2115.0	2185.0	2085.074462890625
2115.0	2184.0	2089.903076171875
2125.0	2196.0	2073.427978515625
2125.0	2196.0	2078.42578125
2133.0	2195.0	2066.14453125
2146.0	2209.0	2043.4862060546875
2154.0	2209.0	2031.9151611328125
2152.0	2205.0	2041.964599609375
2164.0	2226.0	2021.470458984375
2163.0	2227.0	2029.457763671875
2168.0	2215.0	2024.6251220703125
2173.0	2238.0	2019.518310546875
2180.0	2236.0	2010.440185546875
2182.0	2238.0	2011.884521484375
2193.0	2238.0	1993.9730224609375
2200.0	2250.0	1985.118896484375
2206.0	2249.0	1978.20654296875
2212.0	2250.0	1971.250732421875
2210.0	2251.0	1981.6329345703125
2212.0	2247.0	1983.0340576171875
2220.0	2261.0	1971.677001953125
2219.0	2261.0	1979.6278076171875
2232.0	2264.0	1957.472900390625
2230.0	2262.0	1967.6368408203125
2238.0	2262.0	1956.129150390625
2242.0	2274.0	1953.2646484375
2249.0	2276.0	1943.9146728515625
2249.0	2276.0	1949.6475830078125
2249.0	2275.0	1955.0828857421875
2251.0	2273.0	1955.8870849609375
2263.0	2275.0	1935.3975830078125
2269.0	2275.0	1927.60986328125
2269.0	2275.0	1933.2412109375
2270.0	2287.0	1936.418212890625
2281.0	2287.0	1917.9971923828125
2280.0	2287.0	1925.502685546875
2280.0	2286.0	1930.56982421875
2279.0	2287.0	1937.5216064453125
2290.0	2288.0	1918.37255859375
2288.0	2287.0	1927.642578125
2291.0	2286.0	1925.8175048828125
2291.0	2286.0	1930.2662353515625
2292.0	2289.0	1932.347900390625
2292.0	2288.0	1936.392578125
2300.0	2288.0	1923.1944580078125
2299.0	2286.0	1929.52587890625
2300.0	2294.0	1931.296630859375
2300.0	2290.0	1934.9791259765625
2301.0	2275.0	1936.2144775390625
2297.0	2276.0	1948.1239013671875
2297.0	2275.0	1951.2301025390625
2311.0	2274.0	1924.279052734375
2311.0	2273.0	1927.7008056640625
2312.0	2272.0	1928.7725830078125
2310.0	2273.0	1936.1932373046875
2308.0	2274.0	1943.399658203125
2308.0	2261.0	1946.0919189453125
2309.0	2261.0	1946.4783935546875
2308.0	2259.0	1951.0322265625
2309.0	2247.0	1951.1175537109375
2311.0	2249.0	1948.9420166015625
2309.0	2248.0	1955.3740234375
2310.0	2248.0	1955.1669921875
2300.0	2248.0	1978.4371337890625
2297.0	2244.0	1986.0220947265625
2297.0	2240.0	1987.078125
2300.0	2236.0	1981.5107421875
2295.0	2237.0	1993.271728515625
2297.0	2235.0	1989.77001953125
2288.0	2223.0	2009.6824951171875
2291.0	2223.0	2003.3626708984375
2296.0	2225.0	1992.6461181640625
2291.0	2210.0	2003.619140625
2288.0	2206.0	2010.2142333984375
2279.0	2208.0	2029.7052001953125
2279.0	2210.0	2029.09716796875
2278.0	2195.0	2030.692626953125
2279.0	2196.0	2027.9833984375
2272.0	2194.0	2042.123779296875
2272.0	2182.0	2040.92529296875
2260.0	2183.0	2065.651611328125
2261.0	2183.0	2061.8935546875
2259.0	2169.0	2064.71875
2250.0	2169.0	2082.57568359375
2247.0	2169.0	2087.039306640625
2241.0	2163.0	2098.08447265625
2241.0	2162.0	2095.668701171875
2242.0	2159.0	2091.183349609375
2230.0	2148.0	2114.36328125
2229.0	2145.0	2113.820068359375
2221.0	2146.0	2128.181396484375
2233.0	2131.0	2099.10498046875
2210.0	2132.0	2145.828857421875
2212.0	2130.0	2138.15380859375
2201.0	2119.0	2158.691162109375
2202.0	2117.0	2152.862548828125
2193.0	2119.0	2168.776611328125
2192.0	2118.0	2167.043701171875
2191.0	2104.0	2165.51171875
2182.0	2105.0	2181.024658203125
2181.0	2106.0	2179.341064453125
2173.0	2095.0	2192.70654296875
2151.0	2091.0	2235.989990234375
2164.0	2091.0	2203.254150390625
2153.0	2090.0	2222.76171875
2152.0	2093.0	2220.202392578125
2155.0	2077.0	2209.228759765625
2134.0	2077.0	2250.14404296875
2134.0	2095.0	2244.91259765625
2124.0	2062.0	2261.207763671875
2123.0	2066.0	2258.101806640625
2113.0	2065.0	2274.5078125
2111.0	2067.0	2273.4033203125
2109.0	2054.0	2272.417724609375
2104.0	2054.0	2277.85205078125
2097.0	2052.0	2287.876953125
2095.0	2054.0	2286.662109375
2087.0	2054.0	2298.342529296875
2086.0	2055.0	2294.975830078125
2075.0	2041.0	2313.169189453125
2076.0	2039.0	2305.437255859375
2067.0	2041.0	2319.420654296875
2066.0	2040.0	2316.05908203125
2066.0	2040.0	2310.769287109375
2057.0	2026.0	2325.13330078125
2058.0	2029.0	2317.62255859375
2057.0	2027.0	2314.691650390625
2047.0	2013.0	2331.022216796875
2047.0	2014.0	2325.807861328125
2046.0	2010.0	2323.06298828125
2038.0	2013.0	2335.417724609375
2039.0	2019.0	2328.2314453125
2038.0	2022.0	2325.68603515625
2025.0	2016.0	2349.404541015625
2028.0	2011.0	2337.9921875
2026.0	2014.0	2337.703369140625
2026.0	2016.0	2333.309814453125
2025.0	2001.0	2330.885498046875
2021.0	2002.0	2335.076171875
2017.0	2003.0	2339.48388671875
2020.0	2002.0	2328.96240234375
2011.0	2003.0	2344.52294921875
2008.0	2001.0	2346.88134765625
2011.0	2016.0	2336.365234375
2007.0	2016.0	2341.2392578125
2009.0	2016.0	2333.266845703125
2010.0	2016.0	2327.700927734375
2009.0	2015.0	2326.65087890625
2008.0	2015.0	2325.757568359375
2008.0	2014.0	2322.870849609375
2007.0	2015.0	2322.3330078125
2008.0	2018.0	2317.58935546875
2007.0	2014.0	2317.37890625
2005.0	2013.0	2319.464111328125
2011.0	2027.0	2304.259765625
2011.0	2030.0	2302.1953125
2009.0	2039.0	2304.5869140625
2007.0	2033.0	2307.08642578125
2009.0	2039.0	2300.99365234375
2010.0	2043.0	2297.205078125
2017.0	2053.0	2280.61328125
2015.0	2052.0	2284.149169921875
2023.0	2053.0	2265.990234375
2021.0	2054.0	2269.652099609375
2018.0	2052.0	2275.6015625
2026.0	2068.0	2258.152587890625
2030.0	2068.0	2249.476806640625
2029.0	2068.0	2251.655517578125
2038.0	2068.0	2232.513671875
2036.0	2079.0	2237.510986328125
2037.0	2079.0	2235.957275390625
2039.0	2080.0	2232.185791015625
2046.0	2091.0	2218.121826171875
2050.0	2094.0	2210.5146484375
2046.0	2093.0	2220.21728515625
2056.0	2090.0	2200.138671875
2056.0	2104.0	2201.739501953125
2056.0	2105.0	2203.2548828125
2066.0	2102.0	2183.356689453125
2068.0	2119.0	2181.031005859375
2076.0	2117.0	2165.713623046875
2076.0	2119.0	2168.118408203125
2076.0	2114.0	2170.39306640625
2086.0	2133.0	2151.37548828125
2085.0	2132.0	2156.228515625
2104.0	2131.0	2117.976806640625
2100.0	2131.0	2129.667724609375
2105.0	2145.0	2121.90380859375
2105.0	2145.0	2125.26904296875
2107.0	2145.0	2124.14453125
2114.0	2158.0	2112.0849609375
2113.0	2159.0	2117.685546875
2114.0	2158.0	2118.714599609375
2126.0	2171.0	2096.217529296875
2125.0	2172.0	2101.946044921875
2135.0	2171.0	2084.044677734375
2143.0	2182.0	2070.835693359375
2154.0	2183.0	2051.4697265625
2154.0	2182.0	2056.1064453125
2162.0	2195.0	2043.078857421875
2164.0	2197.0	2043.5238037109375
2174.0	2197.0	2026.3800048828125
2173.0	2194.0	2033.4609375
2173.0	2200.0	2038.0504150390625
2182.0	2212.0	2023.3016357421875
2182.0	2209.0	2028.0794677734375
2188.0	2208.0	2020.03173828125
2195.0	2207.0	2009.671875
2201.0	2225.0	2001.400634765625
2204.0	2222.0	1999.931884765625
2200.0	2224.0	2013.3472900390625
2203.0	2225.0	2011.322509765625
2212.0	2234.0	1996.59228515625
2212.0	2233.0	2001.1959228515625
2221.0	2236.0	1986.4320068359375
2221.0	2234.0	1991.1900634765625
2230.0	2235.0	1976.521484375
2231.0	2249.0	1979.1890869140625
2231.0	2247.0	1983.808349609375
2238.0	2249.0	1973.0003662109375
2241.0	2249.0	1971.2340087890625
2242.0	2247.0	1973.6253662109375
2241.0	2247.0	1980.1336669921875
2250.0	2260.0	1965.13134765625
2250.0	2250.0	1969.528564453125
2250.0	2262.0	1973.675048828125
2251.0	2262.0	1975.4266357421875
2260.0	2257.0	1959.8798828125
2258.0	2262.0	1968.3785400390625
2264.0	2262.0	1959.3719482421875
2281.0	2260.0	1926.2138671875
2261.0	2260.0	1973.21240234375
2271.0	2262.0	1955.2117919921875
2271.0	2263.0	1959.03564453125
2268.0	2261.0	1969.1346435546875
2281.0	2263.0	1944.5267333984375
2279.0	2259.0	1952.7108154296875
2279.0	2261.0	1956.2698974609375
2280.0	2262.0	1957.4859619140625
2278.0	2262.0	1965.012939453125
2281.0	2261.0	1961.66064453125
2279.0	2260.0	1968.89599609375
2279.0	2258.0	1971.62939453125
2279.0	2260.0	1974.2154541015625
2278.0	2260.0	1978.806640625
2281.0	2266.0	1974.5826416015625
2281.0	2264.0	1976.7320556640625
2279.0	2263.0	1983.071044921875
2277.0	2260.0	1989.3214111328125
2279.0	2260.0	1986.7957763671875
2277.0	2262.0	1992.9110107421875
2282.0	2248.0	1983.829833984375
2280.0	2246.0	1989.733642578125
2281.0	2248.0	1988.9932861328125
2272.0	2249.0	2009.58056640625
2272.0	2249.0	2010.256103515625
2269.0	2235.0	2017.36962890625
2271.0	2236.0	2013.60595703125
2269.0	2234.0	2018.4964599609375
2262.0	2235.0	2033.6746826171875
2261.0	2237.0	2035.70947265625
2259.0	2237.0	2039.9129638671875
2260.0	2222.0	2037.630126953125
2261.0	2221.0	2035.343994140625
2249.0	2223.0	2061.119384765625
2249.0	2209.0	2060.3583984375
2252.0	2208.0	2053.0966796875
2249.0	2207.0	2058.900146484375
2242.0	2202.0	2072.791748046875
2240.0	2196.0	2075.904541015625
2240.0	2196.0	2074.77880859375
2240.0	2197.0	2073.6533203125
2229.0	2182.0	2096.064208984375
2241.0	2185.0	2068.403076171875
2235.0	2181.0	2079.918701171875
2220.0	2168.0	2110.953857421875
2223.0	2171.0	2102.441162109375
2219.0	2169.0	2109.20068359375
2220.0	2170.0	2105.217041015625
2214.0	2159.0	2115.986328125
2213.0	2155.0	2115.895751953125
2203.0	2147.0	2134.987060546875
2202.0	2145.0	2134.53125
2202.0	2144.0	2132.02978515625
2192.0	2131.0	2151.268310546875
2191.0	2130.0	2150.57080078125
2192.0	2131.0	2145.688720703125
2193.0	2131.0	2140.883544921875
2182.0	2125.0	2161.732177734375
2183.0	2116.0	2156.65087890625
2173.0	2121.0	2175.171630859375
2173.0	2099.0	2171.947998046875
2163.0	2104.0	2190.281494140625
2165.0	2096.0	2182.424072265625
2151.0	2093.0	2209.3310546875
2156.0	2092.0	2194.683349609375
2154.0	2093.0	2195.427978515625
2145.0	2078.0	2211.113525390625
2146.0	2078.0	2205.22265625
2135.0	2080.0	2224.9638671875
2132.0	2068.0	2227.483642578125
2122.0	2068.0	2245.142333984375
2125.0	2068.0	2234.43408203125
2115.0	2065.0	2251.88330078125
2117.0	2050.0	2243.0771484375
2113.0	2053.0	2247.545654296875
2106.0	2055.0	2258.194580078125
2107.0	2052.0	2251.67626953125
2106.0	2052.0	2249.718994140625
2096.0	2038.0	2266.8701171875
2096.0	2038.0	2262.56201171875
2084.0	2055.0	2284.337890625
2086.0	2031.0	2275.54150390625
2084.0	2029.0	2275.737548828125
2076.0	2017.0	2288.94091796875
2075.0	2015.0	2286.68505859375
2075.0	2013.0	2282.427978515625
2071.0	2014.0	2287.087646484375
2067.0	2016.0	2291.661376953125
2066.0	2013.0	2289.677978515625
2067.0	2003.0	2283.55859375
2059.0	2003.0	2296.991455078125
2056.0	2002.0	2299.410888671875
2055.0	2002.0	2297.690673828125
2059.0	2001.0	2285.292724609375
2055.0	2001.0	2290.43896484375
2059.0	2001.0	2278.427490234375
2057.0	2003.0	2279.605224609375
2048.0	2002.0	2295.748046875
2045.0	2003.0	2298.825439453125
2046.0	2001.0	2293.334228515625
2045.0	2002.0	2292.45947265625
2046.0	2001.0	2287.375
2047.0	2002.0	2282.517822265625
2048.0	2002.0	2277.784423828125
2046.0	1998.0	2279.686279296875
2037.0	2002.0	2296.3173828125
2037.0	2001.0	2293.534912109375
2036.0	1999.0	2293.094482421875
2040.0	2005.0	2281.944580078125
2037.0	2003.0	2286.08349609375
2035.0	2015.0	2288.198974609375
2042.0	2012.0	2270.8974609375
2045.0	2015.0	2262.4814453125
2038.0	2016.0	2275.841796875
2037.0	2016.0	2276.262451171875
2038.0	2025.0	2272.401123046875
2038.0	2029.0	2270.8154296875
2038.0	2040.0	2269.274169921875
2046.0	2041.0	2250.723388671875
2049.0	2042.0	2243.4345703125
2048.0	2041.0	2244.89794921875
2047.0	2053.0	2246.399658203125
2047.0	2055.0	2245.74462890625
2044.0	2054.0	2251.646728515625
2049.0	2054.0	2240.3076171875
2045.0	2068.0	2248.51904296875
2044.0	2064.0	2250.217529296875
2056.0	2064.0	2224.072998046875
2056.0	2094.0	2224.287841796875
2057.0	2077.0	2222.30419921875
2056.0	2092.0	2224.686767578125
2056.0	2091.0	2224.873779296875
2065.0	2093.0	2205.508056640625
2066.0	2094.0	2204.147216796875
2062.0	2105.0	2213.664306640625
2070.0	2105.0	2197.059326171875
2066.0	2105.0	2206.477294921875
2068.0	2117.0	2202.828857421875
2070.0	2130.0	2199.16064453125
2066.0	2128.0	2208.46728515625
2067.0	2146.0	2206.867431640625
2065.0	2144.0	2211.765625
2066.0	2157.0	2210.13525390625
2069.0	2157.0	2204.113037109375
2068.0	2169.0	2206.769287109375
2070.0	2183.0	2202.862548828125
2067.0	2184.0	2209.80615234375
2065.0	2198.0	2214.614501953125
2067.0	2207.0	2210.697998046875
2069.0	2210.0	2206.725341796875
2066.0	2219.0	2213.616943359375
2066.0	2222.0	2213.951171875
2066.0	2230.0	2214.2998046875
2066.0	2233.0	2214.6083984375
2066.0	2246.0	2214.9013671875
2064.0	2260.0	2219.519287109375
2065.0	2274.0	2217.63134765625
2078.0	2273.0	2189.798095703125
2074.0	2288.0	2199.400634765625
2072.0	2303.0	2204.56787109375
2075.0	2301.0	2198.87158203125
2076.0	2300.0	2197.469482421875
2076.0	2312.0	2198.14208984375
2074.0	2327.0	2203.143798828125
2075.0	2326.0	2201.5859375
2076.0	2340.0	2200.001953125
2076.0	2338.0	2200.573486328125
2075.0	2353.0	2203.268798828125
2077.0	2352.0	2199.443603515625
2075.0	2364.0	2204.264404296875
2076.0	2365.0	2202.57421875
2078.0	2365.0	2198.634765625
2086.0	2377.0	2182.244873046875
2085.0	2386.0	2185.43310546875
2086.0	2385.0	2184.281005859375
2098.0	2395.0	2159.199951171875
2084.0	2389.0	2190.4814453125
2084.0	2407.0	2191.32421875
2084.0	2402.0	2192.153564453125
2085.0	2404.0	2190.73046875
2089.0	2406.0	2182.768310546875
2099.0	2403.0	2162.388671875
2094.0	2405.0	2174.490478515625
2097.0	2419.0	2169.18212890625
2098.0	2418.0	2168.129150390625
2095.0	2417.0	2175.654052734375
2094.0	2418.0	2178.80615234375
2104.0	2417.0	2158.190185546875
2105.0	2416.0	2157.618896484375
2104.0	2420.0	2161.283203125
2105.0	2416.0	2160.51953125
2101.0	2417.0	2170.515380859375
2106.0	2416.0	2160.889404296875
2105.0	2418.0	2164.2607421875
2106.0	2417.0	2163.26611328125
2107.0	2416.0	2162.228759765625
2114.0	2420.0	2148.096435546875
2114.0	2416.0	2149.66015625
2115.0	2402.0	2148.960693359375
2115.0	2403.0	2150.388671875
2114.0	2406.0	2153.907958984375
2114.0	2405.0	2155.17529296875
2115.0	2407.0	2154.177978515625
2114.0	2390.0	2157.481689453125
2123.0	2390.0	2139.233154296875
2119.0	2378.0	2149.58154296875
2128.0	2377.0	2131.6357421875
2125.0	2379.0	2139.677978515625
2125.0	2366.0	2141.074462890625
2124.0	2365.0	2144.574462890625
2132.0	2366.0	2128.982666015625
2132.0	2365.0	2130.75
2134.0	2352.0	2128.1328125
2134.0	2341.0	2129.747802734375
2134.0	2341.0	2131.234130859375
2135.0	2326.0	2130.498291015625
2142.0	2328.0	2116.646484375
2144.0	2328.0	2114.24951171875
2154.0	2314.0	2094.439697265625
2154.0	2316.0	2096.794189453125
2153.0	2301.0	2101.209228515625
2153.0	2286.0	2103.288818359375
2154.0	2271.0	2103.1279296875
2154.0	2280.0	2105.0341796875
2154.0	2263.0	2106.8359375
2165.0	2252.0	2084.806396484375
2162.0	2240.0	2093.57861328125
2165.0	2236.0	2089.21533203125
2158.0	2234.0	2106.4091796875
2167.0	2219.0	2088.75048828125
2164.0	2210.0	2097.08935546875
2162.0	2209.0	2103.21044921875
2172.0	2198.0	2083.37451171875
2176.0	2181.0	2076.859375
2173.0	2183.0	2085.4072265625
2172.0	2170.0	2089.41162109375
2172.0	2159.0	2091.204345703125
2172.0	2157.0	2092.94189453125
2171.0	2146.0	2096.71826171875
2172.0	2132.0	2096.080322265625
2173.0	2130.0	2095.421875
2185.0	2118.0	2071.1044921875
2184.0	2107.0	2075.22509765625
2182.0	2092.0	2081.421630859375
2184.0	2093.0	2078.761962890625
2181.0	2091.0	2086.916748046875
2180.0	2060.0	2090.66943359375
2181.0	2064.0	2089.965087890625
2182.0	2070.0	2089.18212890625
2181.0	2055.0	2092.6630859375
2187.0	2040.0	2080.869384765625
2182.0	2029.0	2093.0068359375
2184.0	2016.0	2089.83984375
2185.0	2005.0	2088.760498046875
2183.0	2005.0	2094.119384765625
2183.0	2003.0	2095.080322265625
2190.0	1989.0	2081.263916015625
2189.0	1988.0	2084.83251953125
2191.0	1975.0	2081.798095703125
2193.0	1965.0	2078.698974609375
2190.0	1964.0	2086.423828125
2190.0	1949.0	2087.526611328125
2192.0	1950.0	2084.24609375
2191.0	1937.0	2087.40869140625
2192.0	1937.0	2086.25146484375
2192.0	1934.0	2087.16455078125
2194.0	1918.0	2083.733154296875
2191.0	1927.0	2091.071044921875
2193.0	1926.0	2087.487060546875
2192.0	1909.0	2090.36767578125
2192.0	1913.0	2091.069580078125
2192.0	1896.0	2091.704833984375
2191.0	1899.0	2094.46533203125
2199.0	1898.0	2078.318603515625
2208.0	1898.0	2060.020263671875
2204.0	1898.0	2069.83447265625
2201.0	1885.0	2077.487548828125
2202.0	1885.0	2076.342041015625
2203.0	1884.0	2075.1337890625
2203.0	1883.0	2076.066162109375
2204.0	1886.0	2074.715576171875
2203.0	1883.0	2077.753173828125
2202.0	1885.0	2080.642333984375
2203.0	1887.0	2079.15478515625
2204.0	1888.0	2077.623779296875
2201.0	1887.0	2084.768798828125
2202.0	1885.0	2083.158447265625
2201.0	1884.0	2085.863525390625
2200.0	1886.0	2088.63037109375
2204.0	1885.0	2080.49462890625
2194.0	1884.0	2102.437255859375
2192.0	1900.0	2106.544921875
2192.0	1882.0	2106.300048828125
2192.0	1885.0	2106.0458984375
2195.0	1879.0	2099.29248046875
2191.0	1889.0	2107.78857421875
2191.0	1887.0	2107.597412109375
2191.0	1896.0	2107.38525390625
2191.0	1897.0	2107.198486328125
2189.0	1901.0	2111.345458984375
2196.0	1900.0	2096.056640625
2192.0	1912.0	2104.64697265625
2193.0	1910.0	2102.320556640625
2192.0	1909.0	2104.316650390625
2193.0	1926.0	2102.00634765625
2192.0	1925.0	2104.046630859375
2193.0	1923.0	2101.771728515625
2190.0	1938.0	2108.13525390625
2189.0	1938.0	2110.197265625
2191.0	1950.0	2105.71337890625
2184.0	1951.0	2120.7978515625
2183.0	1964.0	2122.2509765625
2174.0	1976.0	2141.07763671875
2172.0	1975.0	2144.136962890625
2175.0	2001.0	2136.4013671875
2162.0	2014.0	2163.084228515625
2155.0	2026.0	2176.119384765625
2142.0	2057.0	2201.67724609375
2135.0	2069.0	2213.90625
2123.0	2084.0	2236.609130859375
2115.0	2094.0	2250.294189453125
2114.0	2115.0	2248.322265625
2105.0	2130.0	2263.963623046875
2101.0	2130.0	2268.33447265625
2095.0	2146.0	2276.85546875
2085.0	2158.0	2293.730224609375
2086.0	2184.0	2286.720947265625
2076.0	2194.0	2303.47021484375
2068.0	2209.0	2315.616943359375
2056.0	2222.0	2336.256103515625
2057.0	2248.0	2328.357666015625
2057.0	2250.0	2322.979736328125
2037.0	2275.0	2360.773681640625
2035.0	2273.0	2359.06201171875
2029.0	2299.0	2365.89306640625
2027.0	2314.0	2364.210693359375
2020.0	2323.0	2373.458984375
2007.0	2337.0	2395.48828125
2008.0	2352.0	2386.959716796875
1998.0	2364.0	2402.538818359375
1992.0	2390.0	2409.340576171875
1992.0	2391.0	2402.886962890625
1989.0	2406.0	2403.175537109375
1979.0	2418.0	2418.63427734375
1972.0	2437.0	2427.126708984375
1970.0	2445.0	2425.023193359375
1959.0	2462.0	2442.5244140625
1962.0	2467.0	2429.61328125
1947.0	2482.0	2456.104736328125
1959.0	2484.0	2423.75439453125
1942.0	2497.0	2454.72021484375
1939.0	2496.0	2454.94775390625
1941.0	2510.0	2444.7978515625
1929.0	2521.0	2464.874267578125
1932.0	2537.0	2452.416015625
1921.0	2550.0	2470.286376953125
1922.0	2564.0	2462.217041015625
1923.0	2563.0	2454.484619140625
1922.0	2573.0	2451.343994140625
1912.0	2575.0	2467.90380859375
1903.0	2588.0	2482.0859375
1903.0	2587.0	2476.412353515625
1902.0	2587.0	2473.2197265625
1895.0	2599.0	2482.833984375
1893.0	2602.0	2481.755126953125
1894.0	2601.0	2474.452880859375
1894.0	2615.0	2469.6162109375
1891.0	2613.0	2471.533935546875
1892.0	2615.0	2465.02099609375
1893.0	2615.0	2458.754150390625
1893.0	2616.0	2454.87109375
1894.0	2617.0	2449.111083984375
1895.0	2615.0	2443.48876953125
1893.0	2613.0	2444.6533203125
1892.0	2616.0	2443.790283203125
1895.0	2614.0	2434.5322265625
1894.0	2615.0	2434.013916015625
1893.0	2613.0	2433.711181640625
1891.0	2613.0	2435.638916015625
1895.0	2614.0	2424.675048828125
1904.0	2613.0	2403.477294921875
1912.0	2598.0	2385.097900390625
1911.0	2598.0	2386.550537109375
1911.0	2585.0	2385.893798828125
1922.0	2581.0	2361.6728515625
1925.0	2583.0	2355.2275390625
1921.0	2588.0	2364.063232421875
1929.0	2579.0	2346.893310546875
1931.0	2563.0	2343.236083984375
1930.0	2565.0	2345.99169921875
1943.0	2547.0	2318.89111328125
1941.0	2551.0	2324.422119140625
1951.0	2520.0	2304.294921875
1950.0	2523.0	2308.126953125
1960.0	2508.0	2288.2724609375
1967.0	2496.0	2275.310791015625
1973.0	2482.0	2264.963134765625
1979.0	2469.0	2254.63525390625
1980.0	2457.0	2255.505126953125
1980.0	2456.0	2258.416259765625
1992.0	2443.0	2235.618408203125
1999.0	2443.0	2224.022216796875
1997.0	2417.0	2232.010009765625
2008.0	2404.0	2211.938232421875
2009.0	2403.0	2213.648681640625
2018.0	2378.0	2197.9658203125
2029.0	2365.0	2178.274658203125
2029.0	2365.0	2182.829833984375
2047.0	2340.0	2148.6396484375
2049.0	2339.0	2149.637939453125
2045.0	2325.0	2163.358642578125
2057.0	2311.0	2142.470458984375
2069.0	2307.0	2121.880859375
2067.0	2272.0	2131.71044921875
2076.0	2267.0	2117.67138671875
2085.0	2250.0	2103.894775390625
2096.0	2236.0	2085.90771484375
2094.0	2235.0	2096.41064453125
2102.0	2207.0	2085.47509765625
2104.0	2196.0	2087.379638671875
2115.0	2184.0	2069.8994140625
2124.0	2169.0	2056.923828125
2133.0	2159.0	2044.069580078125
2143.0	2143.0	2029.2239990234375
2153.0	2117.0	2014.5338134765625
2162.0	2107.0	2002.3887939453125
2173.0	2094.0	1985.998046875
2172.0	2091.0	1995.9459228515625
2182.0	2079.0	1982.1268310546875
2191.0	2066.0	1970.5001220703125
2191.0	2038.0	1978.2445068359375
2201.0	2030.0	1964.253662109375
2213.0	1999.0	1946.0689697265625
2222.0	1988.0	1934.437744140625
2229.0	1979.0	1927.239013671875
2230.0	1960.0	1933.24462890625
2239.0	1951.0	1921.38623046875
2242.0	1949.0	1922.860595703125
2253.0	1937.0	1907.0462646484375
2262.0	1922.0	1895.751953125
2262.0	1911.0	1903.6953125
2271.0	1900.0	1892.13427734375
2279.0	1886.0	1882.841064453125
2290.0	1873.0	1867.0791015625
2289.0	1872.0	1877.42919921875
2289.0	1873.0	1885.193115234375
2310.0	1847.0	1847.47509765625
2311.0	1848.0	1853.497802734375
2310.0	1832.0	1863.3831787109375
2318.0	1823.0	1853.6988525390625
2317.0	1820.0	1863.4765625
2327.0	1808.0	1849.0068359375
2339.0	1797.0	1830.60205078125
2337.0	1795.0	1842.59326171875
2347.0	1783.0	1828.093994140625
2347.0	1785.0	1835.5302734375
