2066.0	2069.0
2065.0	2067.0
2065.0	2066.0
2065.0	2066.0
2064.0	2073.0
2067.0	2066.0
2066.0	2067.0
2065.0	2066.0
2066.0	2066.0
2068.0	2066.0
2066.0	2066.0
2065.0	2063.0
2066.0	2068.0
2065.0	2066.0
2062.0	2067.0
2064.0	2072.0
2066.0	2065.0
2065.0	2067.0
2067.0	2066.0
2064.0	2065.0
2065.0	2067.0
2066.0	2068.0
2070.0	2080.0
2065.0	2066.0
2066.0	2066.0
2066.0	2067.0
2064.0	2066.0
2068.0	2066.0
2065.0	2066.0
2068.0	2063.0
2066.0	2066.0
2066.0	2087.0
2066.0	2066.0
2067.0	2067.0
2067.0	2065.0
2066.0	2066.0
2065.0	2065.0
2066.0	2061.0
2065.0	2064.0
2066.0	2066.0
2066.0	2064.0
2067.0	2060.0
2066.0	2065.0
2066.0	2066.0
2063.0	2066.0
2066.0	2066.0
2067.0	2066.0
2067.0	2066.0
2069.0	2067.0
2067.0	2066.0
2064.0	2064.0
2067.0	2065.0
2065.0	2065.0
2065.0	2067.0
2066.0	2067.0
2065.0	2063.0
2065.0	2065.0
2066.0	2064.0
2067.0	2065.0
2073.0	2073.0
2065.0	2066.0
2067.0	2066.0
2066.0	2063.0
2064.0	2066.0
2064.0	2066.0
2066.0	2065.0
2069.0	2069.0
2064.0	2066.0
2064.0	2067.0
2066.0	2067.0
2071.0	2070.0
2064.0	2066.0
2065.0	2064.0
2068.0	2064.0
2065.0	2066.0
2065.0	2065.0
2066.0	2066.0
2065.0	2066.0
2066.0	2066.0
2065.0	2066.0
2065.0	2065.0
2071.0	2067.0
2066.0	2066.0
2066.0	2064.0
2066.0	2069.0
2065.0	2065.0
2066.0	2066.0
2067.0	2067.0
2064.0	2065.0
2066.0	2065.0
2066.0	2065.0
2066.0	2064.0
2070.0	2061.0
2065.0	2066.0
2065.0	2068.0
2066.0	2066.0
2064.0	2064.0
2065.0	2066.0
2064.0	2067.0
2067.0	2067.0
2066.0	2066.0
2067.0	2066.0
2065.0	2072.0
2067.0	2066.0
2064.0	2062.0
2064.0	2062.0
2064.0	2065.0
2065.0	2065.0
2065.0	2066.0
2065.0	2066.0
2069.0	2065.0
2064.0	2066.0
2066.0	2067.0
2066.0	2060.0
2064.0	2066.0
2066.0	2065.0
2065.0	2066.0
2065.0	2066.0
2065.0	2064.0
2064.0	2064.0
2066.0	2065.0
2067.0	2067.0
2068.0	2064.0
2065.0	2067.0
2067.0	2063.0
2064.0	2066.0
2065.0	2065.0
2066.0	2066.0
2068.0	2066.0
2066.0	2067.0
2066.0	2068.0
2065.0	2067.0
2069.0	2066.0
2065.0	2067.0
2066.0	2067.0
2065.0	2066.0
2062.0	2067.0
2067.0	2066.0
2064.0	2068.0
2068.0	2064.0
2066.0	2065.0
2065.0	2068.0
2066.0	2065.0
2064.0	2067.0
2066.0	2068.0
2067.0	2065.0
2066.0	2068.0
2061.0	2068.0
2066.0	2066.0
2066.0	2068.0
2067.0	2067.0
2063.0	2066.0
2073.0	2066.0
2065.0	2066.0
2067.0	2065.0
2065.0	2065.0
2066.0	2067.0
2064.0	2066.0
2065.0	2071.0
2064.0	2067.0
2066.0	2066.0
2066.0	2067.0
2066.0	2065.0
2065.0	2067.0
2066.0	2067.0
2065.0	2067.0
2066.0	2067.0
2067.0	2068.0
2064.0	2065.0
2063.0	2067.0
2067.0	2067.0
2065.0	2067.0
2066.0	2066.0
2066.0	2067.0
2066.0	2066.0
2066.0	2070.0
2066.0	2067.0
2065.0	2066.0
2066.0	2070.0
2066.0	2068.0
2064.0	2067.0
2065.0	2065.0
2067.0	2065.0
2066.0	2066.0
2066.0	2067.0
2064.0	2064.0
2066.0	2069.0
2067.0	2067.0
2067.0	2067.0
2065.0	2066.0
2065.0	2061.0
2067.0	2065.0
2068.0	2068.0
2065.0	2067.0
2067.0	2066.0
2066.0	2065.0
2063.0	2066.0
2067.0	2065.0
2065.0	2067.0
2066.0	2066.0
2065.0	2064.0
2066.0	2068.0
2067.0	2066.0
2066.0	2066.0
2066.0	2066.0
2066.0	2067.0
2065.0	2065.0
2066.0	2065.0
2064.0	2065.0
2069.0	2065.0
2064.0	2067.0
2066.0	2065.0
2065.0	2067.0
2069.0	2070.0
2066.0	2065.0
2067.0	2065.0
2066.0	2065.0
2067.0	2064.0
2066.0	2067.0
2066.0	2065.0
2065.0	2067.0
2065.0	2066.0
2066.0	2067.0
2066.0	2064.0
2066.0	2063.0
2067.0	2066.0
2066.0	2066.0
2067.0	2068.0
2064.0	2066.0
2066.0	2065.0
2065.0	2065.0
2065.0	2067.0
2065.0	2065.0
2066.0	2067.0
2068.0	2067.0
2069.0	2070.0
2067.0	2064.0
2064.0	2065.0
2066.0	2068.0
2064.0	2066.0
2067.0	2065.0
2066.0	2066.0
2067.0	2067.0
2065.0	2065.0
2066.0	2067.0
2065.0	2067.0
2069.0	2065.0
2066.0	2066.0
2065.0	2065.0
2066.0	2067.0
2065.0	2066.0
2067.0	2066.0
2065.0	2067.0
2066.0	2066.0
2063.0	2066.0
2065.0	2055.0
2066.0	2064.0
2068.0	2058.0
2065.0	2064.0
2066.0	2066.0
2066.0	2062.0
2063.0	2066.0
2066.0	2067.0
2068.0	2066.0
2069.0	2066.0
2065.0	2066.0
2065.0	2065.0
2065.0	2067.0
2068.0	2070.0
2065.0	2064.0
2067.0	2053.0
2066.0	2066.0
2065.0	2063.0
2067.0	2065.0
2066.0	2068.0
2064.0	2067.0
2065.0	2065.0
2064.0	2066.0
2065.0	2065.0
2068.0	2067.0
2066.0	2066.0
2066.0	2065.0
2065.0	2064.0
2065.0	2066.0
2066.0	2067.0
2066.0	2066.0
2066.0	2073.0
2063.0	2065.0
2066.0	2066.0
2066.0	2065.0
2067.0	2065.0
2065.0	2065.0
2068.0	2067.0
2068.0	2067.0
2061.0	2064.0
2065.0	2066.0
2068.0	2069.0
2063.0	2066.0
2067.0	2067.0
2069.0	2064.0
2068.0	2057.0
2062.0	2065.0
2064.0	2066.0
2066.0	2068.0
2065.0	2081.0
2077.0	2065.0
2067.0	2067.0
2065.0	2069.0
2064.0	2063.0
2065.0	2066.0
2066.0	2065.0
2068.0	2068.0
2065.0	2064.0
2066.0	2067.0
2065.0	2064.0
2067.0	2065.0
2066.0	2066.0
2066.0	2067.0
2064.0	2066.0
2065.0	2064.0
2065.0	2067.0
2064.0	2066.0
2065.0	2065.0
2066.0	2065.0
2053.0	2066.0
2065.0	2065.0
2066.0	2069.0
2069.0	2066.0
2065.0	2063.0
2066.0	2065.0
2066.0	2065.0
2065.0	2060.0
2065.0	2067.0
2066.0	2068.0
2066.0	2066.0
2066.0	2060.0
2066.0	2064.0
2063.0	2067.0
2067.0	2063.0
2065.0	2066.0
2067.0	2064.0
2066.0	2064.0
2065.0	2068.0
2063.0	2064.0
2066.0	2066.0
2067.0	2065.0
2066.0	2066.0
2065.0	2064.0
2066.0	2064.0
2066.0	2067.0
2064.0	2066.0
2067.0	2067.0
2067.0	2068.0
2069.0	2069.0
2068.0	2066.0
2067.0	2066.0
2065.0	2067.0
2065.0	2080.0
2066.0	2067.0
2067.0	2066.0
2068.0	2069.0
2065.0	2067.0
2065.0	2063.0
2065.0	2066.0
2068.0	2068.0
2066.0	2065.0
2066.0	2066.0
2065.0	2060.0
2064.0	2065.0
2064.0	2066.0
2066.0	2070.0
2066.0	2067.0
2066.0	2067.0
2066.0	2064.0
2066.0	2071.0
2065.0	2066.0
2066.0	2066.0
2068.0	2068.0
2065.0	2065.0
2066.0	2067.0
2066.0	2067.0
2066.0	2069.0
2069.0	2067.0
2066.0	2066.0
2066.0	2065.0
2066.0	2066.0
2064.0	2065.0
2066.0	2066.0
2065.0	2063.0
2067.0	2066.0
2065.0	2066.0
2066.0	2066.0
2066.0	2065.0
2065.0	2066.0
2065.0	2068.0
2065.0	2066.0
2065.0	2040.0
2064.0	2064.0
2067.0	2064.0
2066.0	2065.0
2067.0	2070.0
2067.0	2066.0
2065.0	2064.0
2066.0	2065.0
2068.0	2067.0
2066.0	2066.0
2066.0	2066.0
2065.0	2064.0
2065.0	2074.0
2066.0	2066.0
2066.0	2068.0
2070.0	2064.0
2066.0	2066.0
2067.0	2067.0
2065.0	2065.0
2066.0	2066.0
2066.0	2066.0
2066.0	2068.0
2064.0	2067.0
2063.0	2071.0
2066.0	2065.0
2066.0	2066.0
2067.0	2064.0
2064.0	2066.0
2066.0	2067.0
2066.0	2065.0
2068.0	2068.0
2067.0	2066.0
2066.0	2065.0
2066.0	2064.0
2065.0	2069.0
2065.0	2067.0
2063.0	2064.0
2066.0	2066.0
2064.0	2065.0
2065.0	2065.0
2065.0	2065.0
2069.0	2070.0
2067.0	2064.0
2065.0	2067.0
2066.0	2067.0
2065.0	2063.0
2066.0	2067.0
2066.0	2066.0
2067.0	2071.0
2066.0	2067.0
2068.0	2067.0
2066.0	2066.0
2080.0	2063.0
2067.0	2066.0
2067.0	2065.0
2065.0	2066.0
2066.0	2066.0
2065.0	2066.0
2068.0	2064.0
2066.0	2068.0
2068.0	2066.0
2067.0	2068.0
2065.0	2067.0
2064.0	2065.0
2067.0	2067.0
2066.0	2065.0
2066.0	2067.0
2067.0	2067.0
2066.0	2066.0
2066.0	2065.0
2070.0	2073.0
2067.0	2067.0
2065.0	2067.0
2065.0	2067.0
2064.0	2064.0
2065.0	2066.0
2067.0	2066.0
2068.0	2064.0
2066.0	2067.0
2066.0	2068.0
2065.0	2066.0
2064.0	2067.0
2066.0	2068.0
2065.0	2065.0
2066.0	2072.0
2066.0	2068.0
2065.0	2067.0
2065.0	2065.0
2070.0	2065.0
2065.0	2067.0
2066.0	2064.0
2068.0	2067.0
2063.0	2066.0
2065.0	2066.0
2066.0	2064.0
2063.0	2065.0
2069.0	2065.0
2066.0	2067.0
2067.0	2066.0
2063.0	2067.0
2067.0	2068.0
2067.0	2067.0
2068.0	2064.0
2065.0	2067.0
2065.0	2067.0
2067.0	2072.0
2065.0	2065.0
2066.0	2066.0
2065.0	2068.0
2066.0	2077.0
2074.0	2066.0
2063.0	2065.0
2065.0	2061.0
2066.0	2066.0
2065.0	2067.0
2064.0	2066.0
2065.0	2085.0
2063.0	2067.0
2066.0	2067.0
2069.0	2067.0
2066.0	2063.0
2064.0	2065.0
2066.0	2064.0
2068.0	2067.0
2067.0	2067.0
2065.0	2067.0
2065.0	2067.0
2067.0	2071.0
2071.0	2066.0
2065.0	2065.0
2065.0	2067.0
2066.0	2067.0
2065.0	2061.0
2065.0	2067.0
2064.0	2066.0
2064.0	2067.0
2066.0	2064.0
2065.0	2068.0
2065.0	2066.0
2069.0	2072.0
2067.0	2066.0
2066.0	2065.0
2066.0	2068.0
2065.0	2063.0
2067.0	2068.0
2066.0	2065.0
2066.0	2065.0
2066.0	2065.0
2065.0	2067.0
2068.0	2068.0
2063.0	2065.0
2066.0	2066.0
2065.0	2069.0
2068.0	2066.0
2063.0	2065.0
2066.0	2067.0
2065.0	2066.0
2067.0	2069.0
2065.0	2066.0
2067.0	2067.0
2066.0	2068.0
2064.0	2072.0
2066.0	2067.0
2066.0	2065.0
2066.0	2061.0
2066.0	2066.0
2065.0	2064.0
2065.0	2065.0
2077.0	2069.0
2064.0	2065.0
2066.0	2064.0
2066.0	2066.0
2067.0	2066.0
2065.0	2066.0
2068.0	2060.0
2065.0	2065.0
2066.0	2065.0
2066.0	2065.0
2065.0	2061.0
2066.0	2067.0
2065.0	2067.0
2065.0	2064.0
2066.0	2066.0
2067.0	2066.0
2066.0	2063.0
2068.0	2071.0
2072.0	2066.0
2066.0	2067.0
2065.0	2066.0
2066.0	2060.0
2064.0	2067.0
2066.0	2066.0
2064.0	2067.0
2066.0	2064.0
2066.0	2068.0
2066.0	2067.0
2065.0	2063.0
2072.0	2065.0
2068.0	2065.0
2066.0	2067.0
2064.0	2068.0
2063.0	2066.0
2065.0	2065.0
2061.0	2066.0
2068.0	2066.0
2068.0	2064.0
2065.0	2067.0
2068.0	2064.0
2067.0	2071.0
2066.0	2067.0
2067.0	2064.0
2067.0	2066.0
2065.0	2064.0
2065.0	2065.0
2064.0	2066.0
2068.0	2068.0
2069.0	2065.0
2066.0	2067.0
2064.0	2062.0
2063.0	2064.0
2066.0	2066.0
2066.0	2066.0
2065.0	2065.0
2065.0	2067.0
2066.0	2066.0
2066.0	2068.0
2066.0	2073.0
2066.0	2067.0
2066.0	2065.0
2066.0	2068.0
2063.0	2065.0
2065.0	2066.0
2066.0	2067.0
2065.0	2073.0
2066.0	2064.0
2067.0	2064.0
2065.0	2066.0
2080.0	2066.0
2066.0	2064.0
2067.0	2064.0
2063.0	2066.0
2066.0	2064.0
2067.0	2068.0
2066.0	2066.0
2065.0	2072.0
2066.0	2064.0
2066.0	2066.0
2067.0	2065.0
2061.0	2053.0
2067.0	2067.0
2067.0	2068.0
2069.0	2061.0
2067.0	2065.0
2068.0	2066.0
2066.0	2065.0
2067.0	2069.0
2067.0	2066.0
2065.0	2067.0
2067.0	2064.0
2065.0	2065.0
2065.0	2063.0
2067.0	2067.0
2067.0	2065.0
2064.0	2066.0
2064.0	2066.0
2069.0	2066.0
2068.0	2071.0
2064.0	2067.0
2065.0	2068.0
2067.0	2068.0
2065.0	2065.0
2066.0	2066.0
2065.0	2065.0
2065.0	2069.0
2066.0	2067.0
2066.0	2065.0
2065.0	2067.0
2066.0	2071.0
2065.0	2067.0
2065.0	2065.0
2067.0	2070.0
2064.0	2066.0
2066.0	2065.0
2065.0	2065.0
2067.0	2081.0
2063.0	2068.0
2067.0	2068.0
2066.0	2063.0
2065.0	2065.0
2066.0	2064.0
2065.0	2066.0
2070.0	2070.0
2065.0	2063.0
2068.0	2066.0
2066.0	2066.0
2065.0	2065.0
2065.0	2064.0
2065.0	2066.0
2066.0	2066.0
2068.0	2067.0
2066.0	2068.0
2065.0	2063.0
2064.0	2064.0
2065.0	2065.0
2066.0	2064.0
2064.0	2068.0
2067.0	2066.0
2066.0	2066.0
2064.0	2065.0
2068.0	2066.0
2066.0	2067.0
2066.0	2067.0
2065.0	2073.0
2065.0	2066.0
2068.0	2066.0
2066.0	2066.0
2069.0	2065.0
2066.0	2068.0
2065.0	2065.0
2067.0	2064.0
2080.0	2066.0
2067.0	2066.0
2067.0	2068.0
2064.0	2067.0
2066.0	2069.0
2067.0	2066.0
2066.0	2065.0
2065.0	2061.0
2065.0	2069.0
2066.0	2067.0
2066.0	2065.0
2066.0	2081.0
2066.0	2067.0
2067.0	2067.0
2067.0	2067.0
2067.0	2066.0
2066.0	2064.0
2088.0	2065.0
2065.0	2070.0
2067.0	2065.0
2068.0	2067.0
2067.0	2065.0
2065.0	2054.0
2066.0	2067.0
2066.0	2070.0
2068.0	2066.0
2065.0	2065.0
2067.0	2064.0
2064.0	2068.0
2066.0	2068.0
2065.0	2066.0
2066.0	2066.0
2065.0	2067.0
2066.0	2068.0
2063.0	2066.0
2064.0	2067.0
2063.0	2063.0
2066.0	2068.0
2066.0	2063.0
2066.0	2065.0
2066.0	2066.0
2065.0	2064.0
2066.0	2065.0
2067.0	2060.0
2068.0	2064.0
2064.0	2067.0
2069.0	2066.0
2066.0	2066.0
2067.0	2067.0
2067.0	2066.0
2065.0	2066.0
2066.0	2067.0
2066.0	2063.0
2058.0	2065.0
2064.0	2066.0
2067.0	2065.0
2066.0	2069.0
2064.0	2065.0
2068.0	2069.0
2065.0	2068.0
2063.0	2060.0
2064.0	2067.0
2066.0	2067.0
2065.0	2067.0
2067.0	2063.0
2064.0	2064.0
2065.0	2068.0
2065.0	2067.0
2065.0	2067.0
2066.0	2066.0
2066.0	2068.0
2068.0	2066.0
2065.0	2064.0
2066.0	2066.0
2064.0	2079.0
2066.0	2067.0
2066.0	2067.0
2067.0	2063.0
2063.0	2067.0
2065.0	2065.0
2065.0	2067.0
2067.0	2064.0
2064.0	2070.0
2066.0	2065.0
2068.0	2067.0
2066.0	2064.0
2068.0	2080.0
2063.0	2067.0
2066.0	2065.0
2067.0	2068.0
2066.0	2064.0
2065.0	2065.0
2066.0	2076.0
2066.0	2071.0
2065.0	2067.0
2064.0	2064.0
2066.0	2067.0
2066.0	2064.0
2067.0	2065.0
2066.0	2065.0
2064.0	2065.0
2067.0	2067.0
2065.0	2066.0
2065.0	2065.0
2065.0	2066.0
2067.0	2067.0
2066.0	2068.0
2064.0	2070.0
2066.0	2066.0
2065.0	2067.0
2065.0	2063.0
2065.0	2065.0
2066.0	2068.0
2065.0	2067.0
2067.0	2070.0
2067.0	2066.0
2066.0	2066.0
2064.0	2066.0
2065.0	2072.0
2069.0	2065.0
2067.0	2064.0
2066.0	2069.0
2064.0	2065.0
2068.0	2065.0
2065.0	2064.0
2076.0	2064.0
2067.0	2067.0
2066.0	2066.0
2067.0	2068.0
2068.0	2067.0
2066.0	2069.0
2064.0	2066.0
2072.0	2061.0
2067.0	2066.0
2065.0	2065.0
2068.0	2066.0
2065.0	2066.0
2064.0	2066.0
2067.0	2065.0
2068.0	2064.0
2066.0	2067.0
2066.0	2066.0
2066.0	2065.0
2065.0	2065.0
2065.0	2067.0
2066.0	2067.0
2067.0	2070.0
2066.0	2064.0
2066.0	2067.0
2065.0	2067.0
2061.0	2064.0
2067.0	2065.0
2066.0	2065.0
2065.0	2066.0
2065.0	2065.0
2064.0	2067.0
2068.0	2066.0
2066.0	2068.0
2066.0	2065.0
2065.0	2065.0
2066.0	2067.0
2067.0	2068.0
2063.0	2064.0
2066.0	2066.0
2067.0	2061.0
2066.0	2066.0
2065.0	2065.0
2066.0	2066.0
2064.0	2065.0
2064.0	2066.0
2066.0	2065.0
2072.0	2068.0
2065.0	2065.0
2066.0	2064.0
2065.0	2065.0
2066.0	2064.0
2065.0	2067.0
2065.0	2065.0
2069.0	2067.0
2065.0	2067.0
2069.0	2064.0
2068.0	2065.0
2065.0	2065.0
2066.0	2067.0
2067.0	2071.0
2072.0	2069.0
2067.0	2066.0
2064.0	2065.0
2065.0	2068.0
2065.0	2067.0
2065.0	2068.0
2066.0	2068.0
2067.0	2066.0
2065.0	2067.0
2065.0	2066.0
2067.0	2066.0
2064.0	2066.0
2065.0	2065.0
2066.0	2064.0
2065.0	2067.0
2067.0	2066.0
2066.0	2066.0
2065.0	2064.0
2065.0	2064.0
2067.0	2066.0
2066.0	2067.0
2068.0	2066.0
2066.0	2066.0
2065.0	2071.0
2065.0	2064.0
2066.0	2067.0
2067.0	2065.0
2065.0	2068.0
2067.0	2067.0
2067.0	2065.0
2065.0	2067.0
2066.0	2068.0
2065.0	2063.0
2067.0	2065.0
2067.0	2068.0
2066.0	2069.0
2066.0	2066.0
2065.0	2067.0
2066.0	2066.0
2069.0	2064.0
2068.0	2067.0
2065.0	2066.0
2066.0	2063.0
2067.0	2065.0
2066.0	2066.0
2064.0	2065.0
2064.0	2059.0
2066.0	2067.0
2066.0	2064.0
2066.0	2065.0
2064.0	2065.0
2066.0	2067.0
2066.0	2067.0
2067.0	2063.0
2065.0	2067.0
2066.0	2064.0
2069.0	2063.0
2064.0	2066.0
2065.0	2063.0
2068.0	2043.0
2065.0	2061.0
2065.0	2066.0
2067.0	2066.0
2067.0	2066.0
2066.0	2066.0
2066.0	2065.0
2065.0	2066.0
2064.0	2067.0
2064.0	2065.0
2066.0	2058.0
2065.0	2063.0
2066.0	2065.0
2066.0	2067.0
2065.0	2064.0
2063.0	2065.0
2063.0	2067.0
2065.0	2069.0
2066.0	2066.0
2068.0	2067.0
2064.0	2067.0
2065.0	2064.0
2065.0	2066.0
2067.0	2065.0
2068.0	2071.0
2065.0	2067.0
2067.0	2063.0
2066.0	2065.0
2066.0	2064.0
2064.0	2066.0
2066.0	2067.0
2065.0	2064.0
2069.0	2065.0
2066.0	2067.0
2064.0	2066.0
2067.0	2066.0
2064.0	2067.0
2066.0	2069.0
2066.0	2067.0
2071.0	2070.0
2066.0	2067.0
2065.0	2067.0
2068.0	2065.0
2066.0	2066.0
2065.0	2064.0
2066.0	2066.0
2076.0	2082.0
2065.0	2064.0
2066.0	2069.0
2087.0	2064.0
2065.0	2064.0
2064.0	2068.0
2066.0	2067.0
2066.0	2072.0
2065.0	2064.0
2065.0	2065.0
2068.0	2063.0
2065.0	2064.0
2065.0	2066.0
2068.0	2067.0
2065.0	2060.0
2066.0	2064.0
2064.0	2066.0
2065.0	2067.0
2065.0	2064.0
2066.0	2066.0
2067.0	2066.0
2064.0	2065.0
2064.0	2066.0
2065.0	2068.0
2066.0	2068.0
2065.0	2068.0
2064.0	2067.0
2065.0	2068.0
2064.0	2067.0
2065.0	2065.0
2065.0	2066.0
2065.0	2068.0
2066.0	2065.0
2067.0	2067.0
2067.0	2064.0
2065.0	2065.0
2065.0	2066.0
2064.0	2066.0
2073.0	2071.0
2064.0	2068.0
2066.0	2069.0
2064.0	2066.0
2065.0	2066.0
2066.0	2065.0
2064.0	2066.0
2080.0	2072.0
2064.0	2065.0
2065.0	2064.0
2066.0	2063.0
2065.0	2068.0
2069.0	2065.0
2068.0	2064.0
2066.0	2064.0
2064.0	2062.0
2065.0	2067.0
2068.0	2069.0
2066.0	2068.0
2065.0	2066.0
2065.0	2065.0
2063.0	2064.0
2065.0	2066.0
2067.0	2067.0
2067.0	2069.0
2065.0	2066.0
2066.0	2065.0
2066.0	2067.0
2066.0	2065.0
2064.0	2066.0
2064.0	2067.0
2068.0	2067.0
2066.0	2067.0
2067.0	2065.0
2067.0	2068.0
2063.0	2066.0
2069.0	2067.0
2069.0	2067.0
2079.0	2061.0
2066.0	2066.0
2068.0	2065.0
2067.0	2067.0
2065.0	2065.0
2066.0	2064.0
2066.0	2067.0
2061.0	2066.0
2066.0	2067.0
2067.0	2066.0
2066.0	2064.0
2083.0	2066.0
2066.0	2065.0
2066.0	2036.0
2066.0	2066.0
2068.0	2067.0
2064.0	2065.0
2066.0	2067.0
2066.0	2067.0
2066.0	2062.0
2065.0	2064.0
2065.0	2066.0
2066.0	2067.0
2065.0	2068.0
2074.0	2065.0
2067.0	2064.0
2066.0	2067.0
2064.0	2066.0
2064.0	2065.0
2065.0	2066.0
2068.0	2067.0
2082.0	2065.0
2065.0	2066.0
2066.0	2065.0
2065.0	2065.0
2065.0	2065.0
2067.0	2066.0
2064.0	2071.0
2066.0	2067.0
2066.0	2068.0
2065.0	2068.0
2063.0	2064.0
2064.0	2068.0
2065.0	2067.0
2065.0	2065.0
2064.0	2075.0
2066.0	2065.0
2067.0	2064.0
2066.0	2065.0
2066.0	2064.0
2065.0	2063.0
2066.0	2069.0
2065.0	2067.0
2064.0	2066.0
2066.0	2065.0
2064.0	2068.0
2066.0	2065.0
2068.0	2065.0
2063.0	2061.0
2066.0	2066.0
2067.0	2067.0
2066.0	2066.0
2065.0	2069.0
2065.0	2065.0
2064.0	2062.0
2066.0	2071.0
2064.0	2063.0
2065.0	2065.0
2070.0	2066.0
2066.0	2063.0
2064.0	2066.0
2066.0	2066.0
2063.0	2071.0
2066.0	2068.0
2066.0	2067.0
2069.0	2065.0
2066.0	2064.0
2067.0	2066.0
2066.0	2066.0
2064.0	2063.0
2066.0	2067.0
2066.0	2066.0
2064.0	2071.0
2065.0	2066.0
2066.0	2067.0
2065.0	2064.0
2065.0	2067.0
2065.0	2064.0
2066.0	2075.0
2068.0	2067.0
2068.0	2066.0
2067.0	2065.0
2065.0	2064.0
2065.0	2065.0
2066.0	2065.0
2067.0	2067.0
2062.0	2066.0
2066.0	2065.0
2065.0	2066.0
2067.0	2067.0
2068.0	2065.0
2065.0	2067.0
2064.0	2064.0
2066.0	2066.0
2066.0	2066.0
2069.0	2071.0
2068.0	2066.0
2066.0	2066.0
2064.0	2061.0
2068.0	2067.0
2066.0	2066.0
2065.0	2066.0
2065.0	2065.0
2064.0	2068.0
2065.0	2066.0
2065.0	2065.0
2064.0	2075.0
2067.0	2065.0
2066.0	2066.0
2071.0	2069.0
2066.0	2065.0
2066.0	2067.0
2065.0	2065.0
2065.0	2062.0
2067.0	2067.0
2065.0	2067.0
2061.0	2064.0
2065.0	2065.0
2066.0	2066.0
2069.0	2067.0
2064.0	2064.0
2068.0	2065.0
2067.0	2066.0
2061.0	2066.0
2067.0	2068.0
2065.0	2065.0
2067.0	2070.0
2067.0	2067.0
2066.0	2065.0
2069.0	2070.0
2065.0	2066.0
2066.0	2066.0
2067.0	2068.0
2070.0	2068.0
2065.0	2068.0
2065.0	2065.0
2064.0	2063.0
2065.0	2065.0
2066.0	2065.0
2065.0	2067.0
2064.0	2065.0
2066.0	2066.0
2065.0	2067.0
2069.0	2067.0
2066.0	2066.0
2066.0	2065.0
2068.0	2066.0
2066.0	2065.0
2064.0	2064.0
2064.0	2066.0
2063.0	2067.0
2067.0	2066.0
2075.0	2065.0
2065.0	2071.0
2066.0	2067.0
2066.0	2063.0
2066.0	2066.0
2063.0	2066.0
2067.0	2068.0
2065.0	2067.0
2065.0	2066.0
2065.0	2064.0
2065.0	2066.0
2066.0	2063.0
2064.0	2065.0
2065.0	2064.0
2066.0	2071.0
2066.0	2066.0
2065.0	2064.0
2065.0	2065.0
2064.0	2063.0
2065.0	2065.0
2066.0	2063.0
2065.0	2072.0
2065.0	2066.0
2060.0	2069.0
2067.0	2064.0
2066.0	2065.0
2061.0	2064.0
2068.0	2066.0
2065.0	2066.0
2065.0	2066.0
2065.0	2065.0
2068.0	2069.0
2065.0	2064.0
2066.0	2065.0
2064.0	2063.0
2065.0	2066.0
2067.0	2068.0
2068.0	2067.0
2064.0	2065.0
2067.0	2065.0
2066.0	2066.0
2063.0	2063.0
2066.0	2065.0
2066.0	2067.0
2067.0	2063.0
2066.0	2065.0
2067.0	2065.0
2069.0	2066.0
2065.0	2079.0
2065.0	2064.0
2066.0	2066.0
2063.0	2065.0
2066.0	2066.0
2065.0	2064.0
2067.0	2068.0
2064.0	2066.0
2066.0	2066.0
2067.0	2063.0
2066.0	2067.0
2066.0	2064.0
2067.0	2072.0
2070.0	2066.0
2064.0	2065.0
2066.0	2070.0
2068.0	2068.0
2067.0	2067.0
2066.0	2065.0
2069.0	2066.0
2067.0	2066.0
2067.0	2066.0
2067.0	2060.0
2062.0	2066.0
2065.0	2068.0
2066.0	2066.0
2067.0	2065.0
2065.0	2065.0
2064.0	2063.0
2067.0	2066.0
2064.0	2068.0
2068.0	2065.0
2065.0	2063.0
2066.0	2066.0
2064.0	2066.0
2066.0	2067.0
2073.0	2068.0
2065.0	2066.0
2066.0	2068.0
2066.0	2065.0
2066.0	2065.0
2066.0	2067.0
2066.0	2066.0
2064.0	2065.0
2065.0	2065.0
2065.0	2067.0
2060.0	2062.0
2068.0	2067.0
2068.0	2065.0
2066.0	2067.0
2066.0	2066.0
2068.0	2066.0
2066.0	2064.0
2066.0	2067.0
2064.0	2064.0
2066.0	2067.0
2064.0	2065.0
2068.0	2067.0
2064.0	2064.0
2070.0	2059.0
2066.0	2068.0
2065.0	2066.0
2067.0	2070.0
2064.0	2066.0
2065.0	2065.0
2067.0	2068.0
2065.0	2066.0
2065.0	2067.0
2064.0	2067.0
2064.0	2080.0
2065.0	2064.0
2066.0	2066.0
2076.0	2067.0
2065.0	2066.0
2065.0	2068.0
2063.0	2064.0
2064.0	2065.0
2065.0	2067.0
2065.0	2066.0
2066.0	2067.0
2067.0	2067.0
2064.0	2073.0
2064.0	2067.0
2066.0	2066.0
2064.0	2063.0
2070.0	2065.0
2065.0	2065.0
2066.0	2067.0
2066.0	2064.0
2066.0	2065.0
2067.0	2068.0
2066.0	2065.0
2068.0	2067.0
2065.0	2066.0
2068.0	2081.0
2064.0	2064.0
2065.0	2067.0
2066.0	2067.0
2065.0	2066.0
2066.0	2066.0
2066.0	2069.0
2067.0	2066.0
2068.0	2067.0
2067.0	2068.0
2065.0	2062.0
2065.0	2066.0
2066.0	2067.0
2066.0	2066.0
2065.0	2063.0
2066.0	2064.0
2066.0	2066.0
2068.0	2069.0
2066.0	2066.0
2065.0	2067.0
2066.0	2071.0
2066.0	2068.0
2067.0	2067.0
2067.0	2064.0
2064.0	2067.0
2065.0	2066.0
2066.0	2065.0
2065.0	2067.0
2065.0	2068.0
2065.0	2064.0
2068.0	2061.0
2065.0	2066.0
2065.0	2066.0
2068.0	2061.0
2067.0	2067.0
2067.0	2067.0
2065.0	2064.0
2067.0	2067.0
2066.0	2066.0
2066.0	2068.0
2065.0	2066.0
2066.0	2067.0
2066.0	2066.0
2064.0	2066.0
2066.0	2066.0
2065.0	2068.0
2071.0	2071.0
2065.0	2065.0
2068.0	2065.0
2067.0	2071.0
2068.0	2066.0
2065.0	2065.0
2066.0	2067.0
2066.0	2064.0
2066.0	2065.0
2068.0	2066.0
2064.0	2063.0
2064.0	2065.0
2064.0	2067.0
2081.0	2067.0
2064.0	2064.0
2066.0	2065.0
2066.0	2068.0
2064.0	2065.0
2065.0	2067.0
2068.0	2062.0
2065.0	2066.0
2067.0	2066.0
2065.0	2068.0
2065.0	2066.0
2066.0	2066.0
2068.0	2066.0
2064.0	2071.0
2064.0	2068.0
2066.0	2065.0
2064.0	2063.0
2066.0	2066.0
2066.0	2067.0
2067.0	2072.0
2066.0	2065.0
2066.0	2067.0
2066.0	2082.0
2066.0	2067.0
2065.0	2066.0
2066.0	2065.0
2066.0	2063.0
2066.0	2067.0
2065.0	2065.0
2063.0	2069.0
2066.0	2066.0
2066.0	2067.0
2068.0	2065.0
2066.0	2066.0
2065.0	2068.0
2065.0	2070.0
2066.0	2066.0
2067.0	2067.0
2068.0	2067.0
2065.0	2067.0
2064.0	2066.0
2066.0	2066.0
2066.0	2064.0
2063.0	2065.0
2068.0	2065.0
2068.0	2069.0
2067.0	2066.0
2066.0	2065.0
2069.0	2060.0
2068.0	2068.0
2064.0	2082.0
2067.0	2065.0
2066.0	2065.0
2066.0	2066.0
2065.0	2067.0
2066.0	2064.0
2067.0	2065.0
2067.0	2065.0
2063.0	2065.0
2065.0	2067.0
2066.0	2066.0
2064.0	2066.0
2065.0	2064.0
2068.0	2064.0
2067.0	2067.0
2066.0	2065.0
2065.0	2067.0
2066.0	2063.0
2066.0	2066.0
2066.0	2066.0
2066.0	2075.0
2066.0	2064.0
2065.0	2066.0
2068.0	2070.0
2064.0	2066.0
2066.0	2066.0
2066.0	2065.0
2068.0	2067.0
2065.0	2064.0
2066.0	2064.0
2066.0	2067.0
2065.0	2066.0
2067.0	2066.0
2066.0	2065.0
2066.0	2063.0
2066.0	2066.0
2064.0	2064.0
2067.0	2061.0
2067.0	2064.0
2066.0	2065.0
2065.0	2062.0
2067.0	2066.0
2066.0	2066.0
2079.0	2068.0
2065.0	2065.0
2065.0	2067.0
2067.0	2069.0
2065.0	2065.0
2066.0	2065.0
2064.0	2066.0
2066.0	2066.0
2064.0	2064.0
2066.0	2068.0
2067.0	2064.0
2065.0	2068.0
2066.0	2067.0
2065.0	2073.0
2066.0	2067.0
2066.0	2067.0
2066.0	2061.0
2067.0	2065.0
2065.0	2065.0
2069.0	2064.0
2068.0	2067.0
2065.0	2068.0
2067.0	2066.0
2065.0	2064.0
2064.0	2066.0
2066.0	2066.0
2067.0	2065.0
2066.0	2066.0
2066.0	2077.0
2066.0	2066.0
2067.0	2065.0
2067.0	2069.0
2066.0	2066.0
2065.0	2064.0
2066.0	2064.0
2079.0	2065.0
2065.0	2064.0
2068.0	2063.0
2066.0	2068.0
2064.0	2067.0
2067.0	2067.0
2068.0	2072.0
2064.0	2065.0
2066.0	2064.0
2066.0	2072.0
2066.0	2066.0
2064.0	2066.0
2067.0	2061.0
2065.0	2065.0
2089.0	2066.0
2066.0	2073.0
2064.0	2067.0
2065.0	2068.0
2065.0	2072.0
2073.0	2064.0
2068.0	2068.0
2065.0	2064.0
2067.0	2065.0
2067.0	2067.0
2066.0	2066.0
2067.0	2065.0
2065.0	2067.0
2066.0	2065.0
2067.0	2068.0
2068.0	2064.0
2067.0	2066.0
2065.0	2064.0
2064.0	2064.0
2067.0	2066.0
2066.0	2064.0
2063.0	2080.0
2066.0	2065.0
2066.0	2065.0
2078.0	2063.0
2065.0	2066.0
2068.0	2066.0
2066.0	2064.0
2066.0	2066.0
2066.0	2066.0
2066.0	2062.0
2067.0	2065.0
2067.0	2067.0
2066.0	2069.0
2065.0	2066.0
2090.0	2062.0
2066.0	2063.0
2064.0	2064.0
2066.0	2067.0
2064.0	2066.0
2065.0	2064.0
2064.0	2065.0
2066.0	2065.0
2067.0	2064.0
2065.0	2068.0
2066.0	2065.0
2067.0	2071.0
2065.0	2064.0
2068.0	2066.0
2069.0	2057.0
2065.0	2066.0
2066.0	2067.0
2070.0	2072.0
2068.0	2066.0
2066.0	2065.0
2068.0	2066.0
2065.0	2066.0
2064.0	2064.0
2066.0	2069.0
2065.0	2065.0
2068.0	2066.0
2065.0	2067.0
2065.0	2064.0
2065.0	2067.0
2065.0	2064.0
2066.0	2067.0
2067.0	2068.0
2064.0	2066.0
2065.0	2065.0
2067.0	2065.0
2065.0	2064.0
2065.0	2065.0
2065.0	2066.0
2065.0	2066.0
2060.0	2064.0
2065.0	2065.0
2064.0	2067.0
2080.0	2066.0
2065.0	2065.0
2068.0	2066.0
2063.0	2081.0
2066.0	2067.0
2066.0	2067.0
2066.0	2062.0
2066.0	2070.0
2066.0	2066.0
2066.0	2062.0
2066.0	2066.0
2065.0	2065.0
2066.0	2065.0
2065.0	2066.0
2067.0	2066.0
2068.0	2064.0
2066.0	2065.0
2066.0	2066.0
2066.0	2070.0
2066.0	2064.0
2066.0	2066.0
2090.0	2069.0
2066.0	2067.0
2067.0	2069.0
2066.0	2067.0
2066.0	2065.0
2066.0	2065.0
2065.0	2064.0
2067.0	2064.0
2065.0	2066.0
2068.0	2066.0
2064.0	2064.0
2066.0	2066.0
2065.0	2069.0
2065.0	2068.0
2068.0	2068.0
2066.0	2069.0
2065.0	2065.0
2066.0	2064.0
2065.0	2073.0
2063.0	2065.0
2067.0	2067.0
2067.0	2071.0
2065.0	2068.0
2065.0	2063.0
2066.0	2062.0
2068.0	2066.0
2066.0	2065.0
2068.0	2070.0
2071.0	2065.0
2065.0	2066.0
2066.0	2057.0
2070.0	2066.0
2064.0	2066.0
2066.0	2073.0
2067.0	2066.0
2065.0	2065.0
2066.0	2067.0
2066.0	2067.0
2066.0	2066.0
2066.0	2066.0
2062.0	2066.0
2064.0	2067.0
2066.0	2067.0
2066.0	2065.0
2066.0	2066.0
2066.0	2066.0
2069.0	2070.0
2066.0	2065.0
2065.0	2066.0
2067.0	2064.0
2066.0	2065.0
2066.0	2067.0
2068.0	2071.0
2065.0	2064.0
2067.0	2068.0
2065.0	2065.0
2065.0	2067.0
2067.0	2066.0
2067.0	2064.0
2067.0	2064.0
2068.0	2068.0
2067.0	2068.0
2064.0	2065.0
2066.0	2066.0
2067.0	2064.0
2067.0	2066.0
2065.0	2066.0
2065.0	2067.0
2064.0	2064.0
2063.0	2065.0
2066.0	2067.0
2066.0	2065.0
2067.0	2065.0
2064.0	2066.0
2066.0	2067.0
2068.0	2066.0
2068.0	2063.0
2067.0	2067.0
2065.0	2066.0
2067.0	2066.0
2065.0	2066.0
2066.0	2065.0
2064.0	2067.0
2068.0	2067.0
2065.0	2061.0
2069.0	2067.0
2065.0	2064.0
2065.0	2067.0
2068.0	2065.0
2066.0	2064.0
2069.0	2067.0
2066.0	2065.0
2066.0	2067.0
2067.0	2063.0
2068.0	2065.0
2065.0	2066.0
2066.0	2064.0
2066.0	2066.0
2065.0	2066.0
2067.0	2065.0
2063.0	2066.0
2066.0	2067.0
2065.0	2064.0
2063.0	2066.0
2064.0	2066.0
2067.0	2065.0
2067.0	2066.0
2066.0	2065.0
2066.0	2065.0
2066.0	2066.0
2065.0	2066.0
2065.0	2064.0
2062.0	2062.0
2065.0	2064.0
2065.0	2064.0
2071.0	2061.0
2067.0	2066.0
2065.0	2064.0
2064.0	2057.0
2067.0	2063.0
2066.0	2065.0
2067.0	2063.0
2065.0	2067.0
2065.0	2067.0
2069.0	2064.0
2068.0	2066.0
2067.0	2065.0
2071.0	2070.0
2065.0	2067.0
2067.0	2066.0
2069.0	2071.0
2069.0	2065.0
2066.0	2067.0
2067.0	2070.0
2065.0	2065.0
2064.0	2066.0
2066.0	2066.0
2065.0	2066.0
2065.0	2066.0
2063.0	2065.0
2066.0	2067.0
2066.0	2066.0
2067.0	2063.0
2065.0	2065.0
2066.0	2066.0
2067.0	2067.0
2066.0	2066.0
2066.0	2068.0
2066.0	2066.0
2065.0	2066.0
2064.0	2066.0
2065.0	2065.0
2067.0	2065.0
2068.0	2065.0
2064.0	2068.0
2065.0	2067.0
2065.0	2065.0
2065.0	2064.0
2067.0	2067.0
2066.0	2065.0
2065.0	2065.0
2065.0	2066.0
2064.0	2066.0
2065.0	2066.0
2065.0	2064.0
2065.0	2067.0
2067.0	2063.0
2066.0	2067.0
2067.0	2065.0
2065.0	2067.0
2065.0	2066.0
2064.0	2067.0
2066.0	2068.0
2067.0	2065.0
2066.0	2067.0
2066.0	2066.0
2064.0	2064.0
2068.0	2062.0
2063.0	2065.0
2066.0	2068.0
2063.0	2064.0
2066.0	2068.0
2063.0	2065.0
2064.0	2072.0
2066.0	2066.0
2046.0	1794.0
2045.0	1793.0
2043.0	1796.0
2046.0	1797.0
2055.0	1797.0
2046.0	1796.0
2045.0	1796.0
2046.0	1793.0
2049.0	1793.0
2044.0	1795.0
2046.0	1797.0
2046.0	1797.0
2045.0	1797.0
2046.0	1797.0
2045.0	1796.0
2051.0	1801.0
2045.0	1796.0
2047.0	1796.0
2047.0	1797.0
2046.0	1795.0
2046.0	1795.0
2050.0	1801.0
2046.0	1796.0
2048.0	1798.0
2046.0	1795.0
2045.0	1795.0
2048.0	1796.0
2046.0	1795.0
2046.0	1796.0
2048.0	1798.0
2045.0	1796.0
2047.0	1799.0
2047.0	1796.0
2045.0	1797.0
2046.0	1797.0
2047.0	1795.0
2048.0	1796.0
2047.0	1796.0
2051.0	1796.0
2046.0	1797.0
2047.0	1799.0
2043.0	1798.0
2047.0	1797.0
2048.0	1800.0
2047.0	1796.0
2047.0	1797.0
2044.0	1813.0
2047.0	1795.0
2045.0	1797.0
2046.0	1796.0
2048.0	1797.0
2046.0	1796.0
2049.0	1797.0
2046.0	1796.0
2047.0	1800.0
2046.0	1798.0
2049.0	1796.0
2044.0	1797.0
2046.0	1797.0
2046.0	1797.0
2047.0	1795.0
2046.0	1801.0
2049.0	1797.0
2047.0	1795.0
2047.0	1793.0
2047.0	1800.0
2048.0	1795.0
2045.0	1797.0
2047.0	1797.0
2046.0	1799.0
2047.0	1796.0
2046.0	1798.0
2051.0	1799.0
2044.0	1798.0
2045.0	1797.0
2045.0	1793.0
2046.0	1796.0
2046.0	1794.0
2048.0	1812.0
2042.0	1796.0
2048.0	1798.0
2048.0	1794.0
2047.0	1797.0
2048.0	1796.0
2048.0	1797.0
2046.0	1797.0
2048.0	1795.0
2047.0	1797.0
2048.0	1795.0
2049.0	1796.0
2045.0	1797.0
2047.0	1798.0
2046.0	1801.0
2045.0	1796.0
2046.0	1795.0
2046.0	1802.0
2046.0	1798.0
2045.0	1795.0
2046.0	1797.0
2047.0	1796.0
2048.0	1796.0
2046.0	1796.0
2046.0	1796.0
2048.0	1795.0
2047.0	1794.0
2049.0	1797.0
2044.0	1796.0
2046.0	1796.0
2047.0	1798.0
2045.0	1797.0
2046.0	1794.0
2048.0	1812.0
2046.0	1796.0
2046.0	1798.0
2047.0	1793.0
2046.0	1797.0
2046.0	1795.0
2050.0	1798.0
2045.0	1798.0
2048.0	1795.0
2043.0	1796.0
2046.0	1796.0
2046.0	1789.0
2043.0	1794.0
2048.0	1796.0
2048.0	1794.0
2046.0	1795.0
2046.0	1797.0
2047.0	1794.0
2045.0	1795.0
2044.0	1794.0
2048.0	1795.0
2046.0	1798.0
2046.0	1797.0
2049.0	1797.0
2046.0	1795.0
2046.0	1799.0
2058.0	1798.0
2047.0	1797.0
2046.0	1795.0
2045.0	1793.0
2048.0	1796.0
2044.0	1797.0
2043.0	1793.0
2048.0	1795.0
2048.0	1799.0
2046.0	1797.0
2047.0	1796.0
2045.0	1793.0
2046.0	1798.0
2047.0	1796.0
2046.0	1802.0
2048.0	1799.0
2047.0	1797.0
2046.0	1796.0
2044.0	1796.0
2048.0	1797.0
2048.0	1796.0
2046.0	1797.0
2046.0	1800.0
2048.0	1797.0
2046.0	1799.0
2047.0	1797.0
2046.0	1795.0
2047.0	1797.0
2039.0	1796.0
2046.0	1797.0
2046.0	1797.0
2047.0	1797.0
2047.0	1796.0
2046.0	1797.0
2046.0	1796.0
2042.0	1797.0
2046.0	1801.0
2047.0	1796.0
2047.0	1796.0
2047.0	1796.0
2046.0	1797.0
2045.0	1796.0
2048.0	1793.0
2046.0	1794.0
2045.0	1796.0
2050.0	1797.0
2045.0	1796.0
2047.0	1799.0
2048.0	1797.0
2045.0	1797.0
2050.0	1797.0
2046.0	1797.0
2047.0	1795.0
2044.0	1790.0
2047.0	1795.0
2049.0	1795.0
2048.0	1795.0
2046.0	1796.0
2046.0	1800.0
2046.0	1795.0
2046.0	1797.0
2050.0	1802.0
2044.0	1795.0
2044.0	1797.0
2046.0	1796.0
2047.0	1798.0
2046.0	1796.0
2047.0	1796.0
2048.0	1796.0
2048.0	1797.0
2044.0	1796.0
2045.0	1797.0
2048.0	1792.0
2048.0	1796.0
2047.0	1799.0
2046.0	1794.0
2046.0	1795.0
2046.0	1795.0
2046.0	1795.0
2050.0	1798.0
2047.0	1794.0
2046.0	1796.0
2049.0	1795.0
2051.0	1800.0
2047.0	1797.0
2046.0	1794.0
2045.0	1803.0
2048.0	1797.0
2046.0	1795.0
2047.0	1796.0
2049.0	1797.0
2046.0	1796.0
2045.0	1796.0
2046.0	1795.0
2051.0	1797.0
2045.0	1797.0
2046.0	1797.0
2046.0	1796.0
2047.0	1794.0
2047.0	1794.0
2047.0	1797.0
2045.0	1797.0
2047.0	1796.0
2047.0	1796.0
2047.0	1797.0
2051.0	1795.0
2046.0	1796.0
2047.0	1802.0
2046.0	1797.0
2046.0	1796.0
2045.0	1794.0
2045.0	1796.0
2048.0	1790.0
2048.0	1797.0
2047.0	1796.0
2047.0	1794.0
2043.0	1796.0
2046.0	1795.0
2047.0	1795.0
2046.0	1796.0
2046.0	1797.0
2045.0	1792.0
2046.0	1795.0
2047.0	1797.0
2052.0	1790.0
2046.0	1797.0
2048.0	1796.0
2045.0	1795.0
2046.0	1796.0
2047.0	1796.0
2045.0	1796.0
2045.0	1797.0
2048.0	1796.0
2047.0	1797.0
2046.0	1797.0
2045.0	1813.0
2046.0	1797.0
2046.0	1797.0
2047.0	1798.0
2047.0	1797.0
2047.0	1796.0
2049.0	1796.0
2048.0	1796.0
2049.0	1797.0
2043.0	1797.0
2046.0	1796.0
2046.0	1796.0
2048.0	1795.0
2051.0	1798.0
2046.0	1797.0
2047.0	1798.0
2050.0	1798.0
2044.0	1795.0
2048.0	1795.0
2046.0	1795.0
2046.0	1795.0
2047.0	1797.0
2045.0	1796.0
2047.0	1796.0
2048.0	1798.0
2045.0	1794.0
2047.0	1793.0
2044.0	1798.0
2046.0	1795.0
2047.0	1794.0
2046.0	1798.0
2047.0	1798.0
2048.0	1799.0
2046.0	1795.0
2046.0	1798.0
2043.0	1797.0
2047.0	1795.0
2048.0	1795.0
2045.0	1795.0
2046.0	1798.0
2046.0	1795.0
2046.0	1797.0
2046.0	1797.0
2053.0	1797.0
2047.0	1797.0
2047.0	1792.0
2044.0	1795.0
2045.0	1794.0
2045.0	1791.0
2047.0	1797.0
2047.0	1795.0
2048.0	1794.0
2046.0	1798.0
2047.0	1796.0
2050.0	1796.0
2047.0	1796.0
2046.0	1796.0
2046.0	1797.0
2046.0	1796.0
2048.0	1794.0
2046.0	1796.0
2049.0	1795.0
2049.0	1800.0
2046.0	1795.0
2046.0	1795.0
2047.0	1794.0
2048.0	1794.0
2046.0	1797.0
2044.0	1797.0
2045.0	1798.0
2048.0	1793.0
2046.0	1795.0
2046.0	1798.0
2046.0	1796.0
2047.0	1796.0
2047.0	1800.0
2048.0	1795.0
2047.0	1795.0
2048.0	1799.0
2044.0	1796.0
2046.0	1797.0
2046.0	1794.0
2047.0	1770.0
2046.0	1797.0
2045.0	1798.0
2048.0	1797.0
2046.0	1796.0
2047.0	1797.0
2047.0	1797.0
2042.0	1810.0
2048.0	1797.0
2046.0	1796.0
2045.0	1794.0
2048.0	1796.0
2049.0	1794.0
2045.0	1796.0
2047.0	1797.0
2048.0	1802.0
2048.0	1797.0
2046.0	1795.0
2046.0	1797.0
2047.0	1795.0
2047.0	1797.0
2046.0	1795.0
2045.0	1798.0
2047.0	1797.0
2046.0	1795.0
2048.0	1796.0
2045.0	1795.0
2045.0	1797.0
2046.0	1797.0
2047.0	1794.0
2048.0	1796.0
2042.0	1803.0
2045.0	1796.0
2045.0	1798.0
2048.0	1794.0
2046.0	1796.0
2046.0	1797.0
2046.0	1795.0
2047.0	1797.0
2047.0	1787.0
2045.0	1796.0
2047.0	1797.0
2047.0	1792.0
2046.0	1795.0
2047.0	1797.0
2045.0	1796.0
2046.0	1794.0
2047.0	1801.0
2047.0	1797.0
2048.0	1798.0
2044.0	1804.0
2048.0	1798.0
2046.0	1795.0
2046.0	1794.0
2048.0	1796.0
2047.0	1799.0
2048.0	1795.0
2045.0	1796.0
2044.0	1790.0
2047.0	1796.0
2045.0	1796.0
2045.0	1796.0
2047.0	1796.0
2046.0	1795.0
2046.0	1792.0
2046.0	1797.0
2043.0	1798.0
2049.0	1796.0
2045.0	1797.0
2046.0	1796.0
2045.0	1796.0
2049.0	1798.0
2045.0	1796.0
2047.0	1792.0
2046.0	1796.0
2046.0	1796.0
2046.0	1795.0
2045.0	1797.0
2047.0	1795.0
2046.0	1798.0
2048.0	1795.0
2048.0	1797.0
2046.0	1797.0
2046.0	1795.0
2046.0	1795.0
2046.0	1796.0
2046.0	1797.0
2049.0	1796.0
2047.0	1795.0
2047.0	1800.0
2044.0	1795.0
2047.0	1795.0
2045.0	1794.0
2046.0	1796.0
2049.0	1797.0
2051.0	1796.0
2045.0	1796.0
2044.0	1799.0
2048.0	1798.0
2047.0	1796.0
2047.0	1796.0
2047.0	1796.0
2046.0	1793.0
2051.0	1795.0
2046.0	1796.0
2047.0	1796.0
2046.0	1796.0
2047.0	1796.0
2048.0	1795.0
2047.0	1795.0
2049.0	1798.0
2047.0	1800.0
2046.0	1797.0
2049.0	1797.0
2046.0	1795.0
2046.0	1795.0
2047.0	1794.0
2046.0	1796.0
2046.0	1795.0
2045.0	1779.0
2047.0	1796.0
2049.0	1797.0
2050.0	1796.0
2046.0	1797.0
2053.0	1799.0
2046.0	1798.0
2046.0	1795.0
2046.0	1800.0
2046.0	1796.0
2049.0	1796.0
2046.0	1796.0
2045.0	1796.0
2041.0	1797.0
2046.0	1796.0
2047.0	1792.0
2049.0	1796.0
2047.0	1796.0
2046.0	1809.0
2049.0	1796.0
2047.0	1797.0
2045.0	1798.0
2048.0	1797.0
2045.0	1796.0
2046.0	1796.0
2047.0	1797.0
2046.0	1796.0
2047.0	1795.0
2047.0	1797.0
2045.0	1797.0
2046.0	1797.0
2045.0	1797.0
2048.0	1794.0
2046.0	1795.0
2043.0	1795.0
2047.0	1797.0
2046.0	1803.0
2045.0	1798.0
2046.0	1798.0
2047.0	1794.0
2046.0	1797.0
2047.0	1795.0
2046.0	1795.0
2045.0	1797.0
2046.0	1795.0
2047.0	1795.0
2047.0	1795.0
2052.0	1796.0
2047.0	1796.0
2047.0	1800.0
2046.0	1794.0
2048.0	1797.0
2045.0	1798.0
2047.0	1796.0
2046.0	1795.0
2043.0	1796.0
2045.0	1796.0
2046.0	1797.0
2047.0	1798.0
2046.0	1794.0
2045.0	1798.0
2046.0	1797.0
2045.0	1796.0
2046.0	1793.0
2047.0	1795.0
2050.0	1795.0
2045.0	1795.0
2046.0	1798.0
2060.0	1794.0
2046.0	1795.0
2047.0	1797.0
2047.0	1797.0
2046.0	1796.0
2045.0	1794.0
2047.0	1794.0
2047.0	1797.0
2045.0	1802.0
2046.0	1797.0
2019.0	1797.0
2046.0	1794.0
2047.0	1795.0
2060.0	1808.0
2046.0	1794.0
2046.0	1796.0
2045.0	1796.0
2047.0	1795.0
2047.0	1789.0
2045.0	1793.0
2046.0	1797.0
2046.0	1795.0
2047.0	1795.0
2046.0	1801.0
2049.0	1797.0
2047.0	1797.0
2041.0	1794.0
2046.0	1797.0
2048.0	1796.0
2046.0	1797.0
2045.0	1798.0
2052.0	1791.0
2047.0	1796.0
2048.0	1796.0
2046.0	1795.0
2047.0	1790.0
2044.0	1796.0
2046.0	1794.0
2045.0	1797.0
2044.0	1793.0
2047.0	1796.0
2047.0	1797.0
2045.0	1794.0
2048.0	1795.0
2049.0	1789.0
2047.0	1795.0
2048.0	1796.0
2046.0	1796.0
2048.0	1797.0
2050.0	1796.0
2045.0	1794.0
2045.0	1797.0
2046.0	1796.0
2049.0	1796.0
2045.0	1800.0
2046.0	1795.0
2047.0	1794.0
2043.0	1793.0
2046.0	1795.0
2048.0	1796.0
2046.0	1795.0
2046.0	1797.0
2049.0	1804.0
2046.0	1794.0
2047.0	1797.0
2044.0	1795.0
2046.0	1799.0
2048.0	1791.0
2044.0	1796.0
2045.0	1797.0
2046.0	1797.0
2046.0	1795.0
2047.0	1800.0
2046.0	1798.0
2046.0	1797.0
2043.0	1795.0
2048.0	1797.0
2046.0	1797.0
2047.0	1797.0
2048.0	1797.0
2052.0	1797.0
2046.0	1796.0
2045.0	1794.0
2046.0	1796.0
2046.0	1796.0
2047.0	1799.0
2045.0	1795.0
2046.0	1798.0
2048.0	1796.0
2046.0	1796.0
2044.0	1796.0
2047.0	1797.0
2046.0	1796.0
2046.0	1795.0
2047.0	1797.0
2046.0	1795.0
2047.0	1797.0
2047.0	1793.0
2049.0	1798.0
2045.0	1795.0
2047.0	1801.0
2045.0	1796.0
2045.0	1797.0
2045.0	1794.0
2046.0	1797.0
2046.0	1788.0
2045.0	1798.0
2047.0	1797.0
2045.0	1797.0
2045.0	1794.0
2048.0	1799.0
2054.0	1799.0
2046.0	1795.0
2045.0	1794.0
2049.0	1797.0
2047.0	1794.0
2049.0	1790.0
2048.0	1794.0
2046.0	1794.0
2046.0	1795.0
2046.0	1798.0
2063.0	1798.0
2046.0	1795.0
2044.0	1796.0
2047.0	1795.0
2046.0	1796.0
2050.0	1800.0
2047.0	1797.0
2035.0	1797.0
2047.0	1797.0
2045.0	1795.0
2049.0	1800.0
2048.0	1794.0
2045.0	1794.0
2046.0	1796.0
2047.0	1796.0
2046.0	1794.0
2046.0	1799.0
2047.0	1797.0
2046.0	1796.0
2046.0	1796.0
2050.0	1796.0
2046.0	1795.0
2046.0	1795.0
2045.0	1809.0
2046.0	1796.0
2048.0	1797.0
2047.0	1795.0
2046.0	1794.0
2047.0	1799.0
2046.0	1797.0
2046.0	1797.0
2048.0	1796.0
2047.0	1798.0
2059.0	1800.0
2047.0	1795.0
2046.0	1792.0
2046.0	1796.0
2045.0	1797.0
2050.0	1796.0
2047.0	1798.0
2046.0	1792.0
2047.0	1797.0
2047.0	1795.0
2047.0	1798.0
2047.0	1798.0
2047.0	1802.0
2047.0	1798.0
2047.0	1798.0
2045.0	1795.0
2047.0	1797.0
2047.0	1801.0
2046.0	1797.0
2045.0	1800.0
2049.0	1796.0
2046.0	1795.0
2046.0	1795.0
2048.0	1797.0
2044.0	1798.0
2048.0	1796.0
2046.0	1794.0
2048.0	1798.0
2046.0	1796.0
2046.0	1798.0
2045.0	1795.0
2045.0	1796.0
2047.0	1796.0
2045.0	1794.0
2047.0	1797.0
2045.0	1794.0
2048.0	1796.0
2046.0	1797.0
2046.0	1795.0
2046.0	1797.0
2046.0	1797.0
2045.0	1797.0
2048.0	1794.0
2046.0	1794.0
2046.0	1796.0
2045.0	1799.0
2045.0	1796.0
2046.0	1797.0
2047.0	1793.0
2046.0	1796.0
2049.0	1798.0
2049.0	1798.0
2046.0	1796.0
2045.0	1796.0
2046.0	1797.0
2048.0	1796.0
2048.0	1798.0
2048.0	1796.0
2046.0	1795.0
2047.0	1797.0
2046.0	1796.0
2047.0	1795.0
2046.0	1796.0
2046.0	1796.0
2047.0	1796.0
2045.0	1798.0
2047.0	1797.0
2045.0	1796.0
2046.0	1795.0
2048.0	1797.0
2047.0	1792.0
2047.0	1796.0
2046.0	1796.0
2045.0	1793.0
2046.0	1798.0
2048.0	1797.0
2045.0	1797.0
2048.0	1794.0
2046.0	1798.0
2047.0	1796.0
2045.0	1795.0
2047.0	1795.0
2045.0	1797.0
2047.0	1797.0
2046.0	1796.0
2045.0	1801.0
2045.0	1798.0
2046.0	1797.0
2046.0	1796.0
2045.0	1797.0
2046.0	1797.0
2047.0	1796.0
2046.0	1798.0
2046.0	1795.0
2048.0	1795.0
2045.0	1795.0
2047.0	1798.0
2046.0	1796.0
2048.0	1794.0
2047.0	1795.0
2046.0	1799.0
2046.0	1797.0
2047.0	1795.0
2046.0	1795.0
2045.0	1797.0
2042.0	1796.0
2046.0	1795.0
2046.0	1796.0
2045.0	1795.0
2046.0	1798.0
2048.0	1796.0
2046.0	1795.0
2049.0	1796.0
2044.0	1796.0
2049.0	1796.0
2047.0	1793.0
2046.0	1797.0
2046.0	1797.0
2045.0	1796.0
2047.0	1795.0
2045.0	1796.0
2046.0	1798.0
2045.0	1797.0
2048.0	1796.0
2046.0	1797.0
2047.0	1796.0
2047.0	1797.0
2044.0	1796.0
2046.0	1797.0
2045.0	1796.0
2045.0	1798.0
2048.0	1795.0
2048.0	1793.0
2045.0	1798.0
2045.0	1796.0
2049.0	1795.0
2046.0	1798.0
2047.0	1796.0
2049.0	1797.0
2046.0	1795.0
2058.0	1796.0
2047.0	1798.0
2047.0	1811.0
2045.0	1796.0
2045.0	1794.0
2050.0	1796.0
2047.0	1796.0
2044.0	1801.0
2050.0	1796.0
2046.0	1798.0
2044.0	1796.0
2047.0	1798.0
2047.0	1795.0
2046.0	1797.0
2048.0	1801.0
2044.0	1794.0
2046.0	1795.0
2041.0	1795.0
2046.0	1796.0
2047.0	1800.0
2045.0	1795.0
2046.0	1797.0
2048.0	1796.0
2073.0	1795.0
2046.0	1797.0
2046.0	1798.0
2046.0	1795.0
2046.0	1796.0
2048.0	1796.0
2045.0	1796.0
2045.0	1810.0
2049.0	1797.0
2047.0	1796.0
2046.0	1796.0
2046.0	1795.0
2045.0	1801.0
2047.0	1795.0
2047.0	1797.0
2045.0	1796.0
2047.0	1797.0
2046.0	1795.0
2048.0	1800.0
2043.0	1800.0
2047.0	1798.0
2045.0	1798.0
2046.0	1795.0
2045.0	1798.0
2047.0	1801.0
2045.0	1796.0
2046.0	1795.0
2048.0	1795.0
2046.0	1797.0
2049.0	1798.0
2049.0	1796.0
2047.0	1797.0
2047.0	1797.0
2049.0	1796.0
2041.0	1797.0
2047.0	1796.0
2044.0	1797.0
2049.0	1796.0
2048.0	1796.0
2045.0	1796.0
2045.0	1796.0
2051.0	1799.0
2046.0	1797.0
2047.0	1798.0
2046.0	1797.0
2046.0	1797.0
2046.0	1795.0
2046.0	1797.0
2047.0	1791.0
2045.0	1796.0
2045.0	1797.0
2047.0	1795.0
2047.0	1795.0
2045.0	1792.0
2048.0	1800.0
2047.0	1793.0
2051.0	1796.0
2046.0	1795.0
2046.0	1800.0
2046.0	1796.0
2045.0	1797.0
2059.0	1798.0
2048.0	1795.0
2046.0	1795.0
2047.0	1798.0
2045.0	1797.0
2046.0	1798.0
2048.0	1798.0
2047.0	1799.0
2046.0	1797.0
2049.0	1798.0
2045.0	1794.0
2045.0	1797.0
2046.0	1799.0
2046.0	1797.0
2047.0	1796.0
2046.0	1794.0
2046.0	1795.0
2048.0	1795.0
2046.0	1795.0
2046.0	1797.0
2045.0	1796.0
2045.0	1796.0
2052.0	1796.0
2048.0	1795.0
2047.0	1796.0
2047.0	1796.0
2045.0	1794.0
2041.0	1806.0
2048.0	1798.0
2050.0	1798.0
2046.0	1796.0
2047.0	1795.0
2046.0	1794.0
2048.0	1796.0
2048.0	1795.0
2047.0	1795.0
2048.0	1799.0
2047.0	1797.0
2047.0	1795.0
2049.0	1801.0
2050.0	1796.0
2048.0	1797.0
2047.0	1796.0
2047.0	1799.0
2045.0	1790.0
2046.0	1796.0
2048.0	1794.0
2047.0	1796.0
2047.0	1796.0
2045.0	1797.0
2047.0	1798.0
2047.0	1797.0
2046.0	1796.0
2048.0	1794.0
2046.0	1796.0
2045.0	1797.0
2051.0	1801.0
2046.0	1795.0
2047.0	1795.0
2048.0	1797.0
2045.0	1795.0
2042.0	1806.0
2047.0	1797.0
2048.0	1794.0
2046.0	1796.0
2046.0	1797.0
2046.0	1797.0
2047.0	1794.0
2046.0	1799.0
2047.0	1796.0
2050.0	1796.0
2047.0	1795.0
2046.0	1797.0
2052.0	1791.0
2046.0	1796.0
2046.0	1797.0
2047.0	1793.0
2047.0	1796.0
2053.0	1795.0
2046.0	1796.0
2047.0	1794.0
2046.0	1796.0
2047.0	1796.0
2046.0	1796.0
2049.0	1799.0
2046.0	1797.0
2047.0	1796.0
2047.0	1797.0
2047.0	1797.0
2047.0	1796.0
2053.0	1800.0
2047.0	1796.0
2048.0	1792.0
2047.0	1796.0
2046.0	1797.0
2042.0	1794.0
2046.0	1796.0
2049.0	1792.0
2046.0	1795.0
2049.0	1797.0
2044.0	1796.0
2048.0	1794.0
2046.0	1797.0
2047.0	1795.0
2046.0	1797.0
2046.0	1797.0
2049.0	1796.0
2049.0	1797.0
2045.0	1795.0
2045.0	1796.0
2047.0	1797.0
2045.0	1797.0
2048.0	1800.0
2046.0	1796.0
2041.0	1797.0
2047.0	1797.0
2048.0	1797.0
2047.0	1796.0
2045.0	1798.0
2061.0	1796.0
2047.0	1798.0
2048.0	1796.0
2047.0	1798.0
2047.0	1795.0
2045.0	1796.0
2046.0	1798.0
2047.0	1796.0
2046.0	1799.0
2046.0	1791.0
2046.0	1795.0
2047.0	1795.0
2046.0	1792.0
2046.0	1796.0
2047.0	1797.0
2047.0	1796.0
2049.0	1792.0
2047.0	1797.0
2045.0	1796.0
2043.0	1798.0
2045.0	1799.0
2047.0	1795.0
2047.0	1796.0
2046.0	1796.0
2042.0	1799.0
2046.0	1796.0
2048.0	1798.0
2046.0	1796.0
2049.0	1798.0
2046.0	1797.0
2045.0	1796.0
2050.0	1798.0
2044.0	1796.0
2047.0	1796.0
2046.0	1796.0
2045.0	1798.0
2045.0	1792.0
2047.0	1795.0
2045.0	1798.0
2045.0	1796.0
2047.0	1798.0
2046.0	1796.0
2045.0	1796.0
2051.0	1803.0
2045.0	1796.0
2045.0	1796.0
2044.0	1796.0
2047.0	1798.0
2045.0	1792.0
2046.0	1797.0
2048.0	1799.0
2047.0	1796.0
2048.0	1798.0
2045.0	1797.0
2036.0	1796.0
2056.0	1790.0
2047.0	1798.0
2049.0	1798.0
2045.0	1795.0
2047.0	1801.0
2046.0	1798.0
2048.0	1798.0
2047.0	1798.0
2046.0	1796.0
2046.0	1797.0
2049.0	1797.0
2045.0	1795.0
2045.0	1798.0
2048.0	1795.0
2048.0	1794.0
2046.0	1799.0
2047.0	1796.0
2046.0	1796.0
2045.0	1796.0
2052.0	1798.0
2048.0	1795.0
2047.0	1794.0
2047.0	1798.0
2046.0	1796.0
2046.0	1796.0
2045.0	1794.0
2047.0	1797.0
2045.0	1796.0
2046.0	1800.0
2049.0	1797.0
2045.0	1796.0
2051.0	1797.0
2046.0	1795.0
2047.0	1799.0
2048.0	1797.0
2046.0	1796.0
2045.0	1796.0
