887.0	1859.0
879.0	1859.0
881.0	1859.0
878.0	1860.0
879.0	1862.0
872.0	1861.0
873.0	1860.0
872.0	1862.0
872.0	1860.0
871.0	1861.0
879.0	1860.0
873.0	1862.0
871.0	1860.0
872.0	1859.0
871.0	1861.0
872.0	1857.0
871.0	1861.0
871.0	1863.0
873.0	1853.0
872.0	1861.0
873.0	1859.0
873.0	1860.0
872.0	1858.0
872.0	1861.0
872.0	1861.0
871.0	1860.0
844.0	1861.0
873.0	1859.0
872.0	1861.0
873.0	1861.0
873.0	1859.0
871.0	1861.0
872.0	1860.0
872.0	1861.0
871.0	1860.0
871.0	1861.0
872.0	1866.0
873.0	1864.0
871.0	1857.0
873.0	1858.0
871.0	1860.0
872.0	1860.0
872.0	1860.0
873.0	1860.0
872.0	1860.0
873.0	1861.0
872.0	1860.0
873.0	1860.0
872.0	1862.0
873.0	1860.0
869.0	1862.0
871.0	1861.0
871.0	1860.0
872.0	1859.0
872.0	1864.0
871.0	1858.0
873.0	1860.0
871.0	1865.0
871.0	1859.0
871.0	1859.0
871.0	1862.0
871.0	1859.0
872.0	1859.0
873.0	1862.0
873.0	1860.0
872.0	1861.0
872.0	1862.0
872.0	1861.0
871.0	1861.0
872.0	1859.0
875.0	1859.0
869.0	1860.0
872.0	1861.0
872.0	1860.0
871.0	1862.0
874.0	1864.0
871.0	1866.0
872.0	1859.0
872.0	1865.0
872.0	1873.0
871.0	1862.0
873.0	1858.0
872.0	1860.0
874.0	1860.0
872.0	1860.0
873.0	1861.0
872.0	1861.0
872.0	1859.0
872.0	1864.0
872.0	1860.0
874.0	1861.0
876.0	1859.0
878.0	1861.0
874.0	1859.0
872.0	1861.0
874.0	1860.0
873.0	1874.0
872.0	1870.0
872.0	1872.0
872.0	1867.0
873.0	1868.0
873.0	1870.0
872.0	1871.0
874.0	1865.0
871.0	1862.0
874.0	1861.0
872.0	1860.0
872.0	1858.0
872.0	1860.0
872.0	1859.0
871.0	1859.0
872.0	1859.0
874.0	1862.0
873.0	1860.0
873.0	1860.0
871.0	1859.0
868.0	1860.0
872.0	1862.0
872.0	1862.0
872.0	1857.0
872.0	1858.0
873.0	1861.0
873.0	1862.0
872.0	1858.0
872.0	1858.0
873.0	1859.0
872.0	1858.0
872.0	1860.0
871.0	1860.0
873.0	1859.0
872.0	1859.0
872.0	1858.0
872.0	1861.0
872.0	1862.0
874.0	1860.0
874.0	1859.0
875.0	1861.0
874.0	1861.0
870.0	1861.0
872.0	1859.0
873.0	1860.0
872.0	1860.0
874.0	1860.0
872.0	1862.0
872.0	1859.0
872.0	1853.0
872.0	1858.0
872.0	1858.0
874.0	1858.0
872.0	1859.0
871.0	1861.0
872.0	1860.0
874.0	1860.0
872.0	1859.0
872.0	1861.0
872.0	1862.0
874.0	1862.0
872.0	1860.0
872.0	1860.0
872.0	1861.0
873.0	1861.0
872.0	1859.0
873.0	1860.0
868.0	1860.0
871.0	1861.0
873.0	1860.0
872.0	1860.0
874.0	1861.0
873.0	1862.0
872.0	1863.0
872.0	1865.0
873.0	1862.0
871.0	1863.0
872.0	1853.0
874.0	1860.0
872.0	1859.0
872.0	1859.0
872.0	1860.0
871.0	1859.0
872.0	1860.0
874.0	1874.0
872.0	1874.0
872.0	1872.0
874.0	1874.0
871.0	1871.0
873.0	1872.0
871.0	1873.0
873.0	1872.0
873.0	1887.0
873.0	1885.0
875.0	1885.0
871.0	1884.0
872.0	1885.0
872.0	1884.0
872.0	1886.0
870.0	1882.0
872.0	1886.0
874.0	1890.0
875.0	1887.0
871.0	1889.0
872.0	1882.0
873.0	1885.0
872.0	1884.0
873.0	1886.0
873.0	1885.0
873.0	1887.0
874.0	1886.0
872.0	1886.0
874.0	1886.0
874.0	1888.0
872.0	1884.0
872.0	1884.0
873.0	1888.0
872.0	1873.0
873.0	1874.0
873.0	1872.0
874.0	1874.0
876.0	1873.0
873.0	1874.0
870.0	1872.0
873.0	1873.0
872.0	1868.0
873.0	1874.0
874.0	1875.0
873.0	1873.0
873.0	1874.0
873.0	1871.0
872.0	1872.0
872.0	1878.0
872.0	1884.0
873.0	1877.0
872.0	1873.0
872.0	1873.0
872.0	1873.0
872.0	1871.0
871.0	1873.0
873.0	1874.0
873.0	1873.0
875.0	1874.0
871.0	1873.0
873.0	1873.0
872.0	1873.0
872.0	1873.0
873.0	1872.0
875.0	1872.0
873.0	1872.0
873.0	1877.0
876.0	1871.0
881.0	1873.0
870.0	1873.0
872.0	1872.0
870.0	1872.0
872.0	1873.0
874.0	1872.0
872.0	1857.0
872.0	1864.0
872.0	1857.0
874.0	1861.0
873.0	1861.0
872.0	1864.0
873.0	1874.0
872.0	1857.0
872.0	1859.0
872.0	1861.0
872.0	1861.0
872.0	1858.0
873.0	1861.0
873.0	1860.0
872.0	1862.0
872.0	1861.0
872.0	1860.0
872.0	1860.0
873.0	1859.0
871.0	1861.0
872.0	1859.0
871.0	1859.0
871.0	1859.0
872.0	1860.0
871.0	1859.0
873.0	1862.0
874.0	1862.0
877.0	1862.0
871.0	1860.0
873.0	1862.0
871.0	1861.0
870.0	1860.0
872.0	1859.0
872.0	1862.0
871.0	1855.0
872.0	1863.0
871.0	1858.0
871.0	1860.0
871.0	1856.0
871.0	1856.0
871.0	1850.0
872.0	1837.0
873.0	1847.0
870.0	1848.0
870.0	1848.0
871.0	1848.0
872.0	1847.0
873.0	1846.0
869.0	1847.0
872.0	1848.0
872.0	1848.0
871.0	1849.0
870.0	1849.0
872.0	1846.0
874.0	1849.0
872.0	1847.0
874.0	1846.0
873.0	1848.0
872.0	1848.0
871.0	1847.0
874.0	1846.0
873.0	1846.0
882.0	1847.0
871.0	1847.0
873.0	1851.0
874.0	1849.0
871.0	1847.0
873.0	1846.0
872.0	1847.0
871.0	1843.0
878.0	1847.0
881.0	1845.0
880.0	1849.0
879.0	1842.0
878.0	1842.0
879.0	1852.0
881.0	1845.0
879.0	1853.0
878.0	1848.0
880.0	1846.0
881.0	1849.0
889.0	1845.0
886.0	1846.0
888.0	1849.0
887.0	1846.0
888.0	1848.0
887.0	1848.0
887.0	1847.0
887.0	1848.0
887.0	1846.0
888.0	1846.0
886.0	1846.0
887.0	1849.0
894.0	1849.0
894.0	1849.0
894.0	1848.0
896.0	1847.0
893.0	1848.0
893.0	1849.0
894.0	1846.0
895.0	1848.0
893.0	1848.0
896.0	1846.0
895.0	1849.0
882.0	1847.0
892.0	1848.0
904.0	1848.0
903.0	1848.0
901.0	1846.0
902.0	1850.0
903.0	1848.0
907.0	1850.0
902.0	1847.0
901.0	1848.0
907.0	1848.0
906.0	1850.0
902.0	1846.0
906.0	1847.0
910.0	1846.0
918.0	1847.0
907.0	1849.0
909.0	1847.0
907.0	1847.0
909.0	1846.0
908.0	1847.0
908.0	1847.0
909.0	1849.0
908.0	1847.0
908.0	1847.0
909.0	1847.0
916.0	1848.0
918.0	1847.0
917.0	1848.0
916.0	1848.0
915.0	1847.0
918.0	1848.0
912.0	1851.0
917.0	1847.0
923.0	1848.0
924.0	1847.0
924.0	1847.0
923.0	1849.0
923.0	1848.0
923.0	1849.0
924.0	1848.0
923.0	1849.0
925.0	1847.0
924.0	1846.0
923.0	1848.0
923.0	1848.0
924.0	1847.0
925.0	1848.0
923.0	1848.0
925.0	1848.0
923.0	1847.0
924.0	1848.0
922.0	1847.0
924.0	1850.0
923.0	1848.0
924.0	1849.0
923.0	1846.0
924.0	1847.0
924.0	1848.0
922.0	1846.0
925.0	1847.0
922.0	1849.0
924.0	1847.0
923.0	1849.0
925.0	1846.0
924.0	1847.0
924.0	1846.0
924.0	1849.0
924.0	1847.0
924.0	1847.0
924.0	1848.0
925.0	1848.0
922.0	1847.0
923.0	1850.0
924.0	1847.0
922.0	1847.0
923.0	1847.0
924.0	1847.0
923.0	1850.0
921.0	1848.0
923.0	1847.0
922.0	1850.0
924.0	1847.0
921.0	1847.0
923.0	1846.0
929.0	1850.0
923.0	1845.0
927.0	1847.0
925.0	1848.0
933.0	1847.0
927.0	1848.0
925.0	1847.0
925.0	1849.0
926.0	1846.0
934.0	1847.0
932.0	1847.0
938.0	1847.0
934.0	1848.0
936.0	1847.0
933.0	1848.0
933.0	1847.0
931.0	1848.0
933.0	1848.0
932.0	1848.0
933.0	1848.0
932.0	1849.0
933.0	1835.0
933.0	1835.0
932.0	1832.0
898.0	1835.0
948.0	1836.0
933.0	1835.0
931.0	1834.0
932.0	1835.0
931.0	1835.0
922.0	1836.0
925.0	1833.0
924.0	1832.0
925.0	1834.0
924.0	1835.0
927.0	1835.0
923.0	1833.0
926.0	1834.0
923.0	1836.0
924.0	1835.0
924.0	1836.0
923.0	1834.0
925.0	1834.0
924.0	1833.0
923.0	1835.0
932.0	1836.0
932.0	1835.0
931.0	1834.0
930.0	1834.0
932.0	1834.0
924.0	1834.0
923.0	1834.0
924.0	1834.0
924.0	1834.0
923.0	1834.0
924.0	1834.0
925.0	1833.0
923.0	1833.0
924.0	1833.0
939.0	1834.0
924.0	1833.0
924.0	1834.0
924.0	1834.0
926.0	1834.0
917.0	1832.0
917.0	1835.0
917.0	1835.0
917.0	1834.0
918.0	1833.0
917.0	1834.0
909.0	1832.0
908.0	1835.0
909.0	1833.0
908.0	1835.0
909.0	1833.0
909.0	1833.0
908.0	1835.0
909.0	1834.0
909.0	1832.0
908.0	1833.0
910.0	1832.0
901.0	1831.0
902.0	1849.0
901.0	1846.0
902.0	1846.0
902.0	1849.0
902.0	1845.0
901.0	1847.0
902.0	1847.0
902.0	1845.0
903.0	1848.0
902.0	1849.0
902.0	1847.0
901.0	1846.0
901.0	1847.0
901.0	1848.0
894.0	1848.0
893.0	1847.0
894.0	1846.0
894.0	1845.0
893.0	1847.0
894.0	1848.0
894.0	1848.0
890.0	1847.0
886.0	1849.0
888.0	1848.0
887.0	1844.0
887.0	1846.0
888.0	1845.0
879.0	1847.0
879.0	1847.0
878.0	1846.0
880.0	1846.0
873.0	1847.0
872.0	1851.0
872.0	1847.0
874.0	1847.0
873.0	1849.0
872.0	1846.0
871.0	1846.0
872.0	1849.0
871.0	1846.0
872.0	1846.0
872.0	1849.0
871.0	1850.0
871.0	1847.0
872.0	1847.0
872.0	1848.0
874.0	1847.0
872.0	1847.0
873.0	1848.0
872.0	1847.0
873.0	1848.0
871.0	1848.0
871.0	1849.0
870.0	1847.0
871.0	1848.0
873.0	1850.0
873.0	1847.0
873.0	1847.0
873.0	1848.0
871.0	1846.0
864.0	1848.0
872.0	1848.0
872.0	1846.0
874.0	1847.0
872.0	1850.0
871.0	1848.0
870.0	1847.0
873.0	1849.0
873.0	1859.0
872.0	1861.0
873.0	1859.0
873.0	1847.0
872.0	1860.0
873.0	1862.0
872.0	1859.0
875.0	1861.0
874.0	1859.0
875.0	1863.0
876.0	1859.0
872.0	1859.0
866.0	1860.0
870.0	1861.0
872.0	1859.0
871.0	1861.0
871.0	1861.0
872.0	1859.0
871.0	1862.0
872.0	1860.0
873.0	1861.0
872.0	1859.0
871.0	1860.0
871.0	1861.0
871.0	1862.0
871.0	1858.0
871.0	1860.0
873.0	1862.0
871.0	1862.0
872.0	1860.0
871.0	1859.0
870.0	1861.0
871.0	1859.0
871.0	1861.0
872.0	1861.0
870.0	1860.0
870.0	1859.0
872.0	1859.0
871.0	1860.0
872.0	1860.0
873.0	1862.0
871.0	1861.0
872.0	1861.0
871.0	1860.0
871.0	1860.0
871.0	1860.0
870.0	1859.0
873.0	1858.0
873.0	1860.0
872.0	1857.0
872.0	1860.0
872.0	1858.0
872.0	1862.0
871.0	1862.0
872.0	1861.0
871.0	1857.0
871.0	1857.0
870.0	1859.0
872.0	1860.0
873.0	1861.0
873.0	1859.0
872.0	1856.0
872.0	1858.0
872.0	1860.0
871.0	1856.0
872.0	1857.0
873.0	1858.0
871.0	1858.0
871.0	1860.0
886.0	1857.0
870.0	1856.0
873.0	1860.0
872.0	1863.0
871.0	1859.0
873.0	1844.0
872.0	1849.0
871.0	1843.0
874.0	1845.0
867.0	1846.0
872.0	1846.0
872.0	1848.0
872.0	1850.0
872.0	1846.0
871.0	1846.0
870.0	1845.0
871.0	1847.0
873.0	1846.0
874.0	1845.0
872.0	1852.0
872.0	1850.0
873.0	1845.0
871.0	1850.0
872.0	1851.0
871.0	1848.0
872.0	1848.0
872.0	1852.0
872.0	1850.0
870.0	1845.0
871.0	1848.0
873.0	1847.0
872.0	1843.0
871.0	1847.0
867.0	1849.0
871.0	1846.0
872.0	1846.0
871.0	1848.0
872.0	1848.0
871.0	1846.0
873.0	1851.0
871.0	1860.0
871.0	1860.0
871.0	1859.0
874.0	1860.0
871.0	1860.0
873.0	1859.0
871.0	1861.0
871.0	1859.0
874.0	1859.0
871.0	1860.0
871.0	1859.0
871.0	1860.0
872.0	1860.0
871.0	1860.0
873.0	1864.0
871.0	1860.0
871.0	1860.0
872.0	1861.0
872.0	1860.0
873.0	1860.0
871.0	1861.0
872.0	1860.0
872.0	1861.0
873.0	1860.0
871.0	1861.0
870.0	1859.0
870.0	1860.0
869.0	1860.0
871.0	1859.0
871.0	1860.0
871.0	1860.0
872.0	1860.0
871.0	1859.0
871.0	1859.0
872.0	1860.0
868.0	1858.0
871.0	1860.0
870.0	1862.0
873.0	1859.0
880.0	1863.0
874.0	1860.0
872.0	1861.0
873.0	1862.0
868.0	1859.0
872.0	1861.0
878.0	1861.0
873.0	1860.0
873.0	1862.0
874.0	1860.0
873.0	1862.0
875.0	1861.0
877.0	1861.0
878.0	1861.0
873.0	1859.0
874.0	1861.0
874.0	1861.0
872.0	1860.0
871.0	1860.0
872.0	1859.0
874.0	1859.0
872.0	1862.0
872.0	1859.0
871.0	1860.0
872.0	1861.0
872.0	1860.0
872.0	1858.0
872.0	1860.0
871.0	1859.0
872.0	1859.0
873.0	1860.0
871.0	1860.0
873.0	1863.0
871.0	1861.0
871.0	1861.0
871.0	1860.0
871.0	1858.0
872.0	1861.0
872.0	1860.0
873.0	1862.0
872.0	1861.0
872.0	1861.0
873.0	1860.0
872.0	1862.0
874.0	1860.0
871.0	1860.0
872.0	1861.0
872.0	1860.0
871.0	1860.0
871.0	1859.0
873.0	1862.0
872.0	1861.0
872.0	1861.0
871.0	1859.0
871.0	1860.0
872.0	1860.0
873.0	1862.0
872.0	1860.0
872.0	1859.0
870.0	1859.0
871.0	1861.0
871.0	1859.0
869.0	1861.0
872.0	1860.0
874.0	1861.0
872.0	1859.0
872.0	1860.0
872.0	1859.0
870.0	1860.0
871.0	1858.0
872.0	1860.0
872.0	1858.0
871.0	1858.0
871.0	1860.0
871.0	1862.0
872.0	1860.0
871.0	1859.0
872.0	1860.0
871.0	1861.0
872.0	1859.0
874.0	1858.0
872.0	1860.0
873.0	1858.0
873.0	1862.0
871.0	1860.0
872.0	1861.0
872.0	1858.0
871.0	1856.0
875.0	1860.0
872.0	1854.0
874.0	1856.0
871.0	1867.0
872.0	1864.0
871.0	1874.0
872.0	1857.0
872.0	1866.0
872.0	1865.0
871.0	1861.0
872.0	1857.0
872.0	1860.0
872.0	1861.0
871.0	1861.0
872.0	1855.0
871.0	1861.0
871.0	1862.0
871.0	1860.0
873.0	1861.0
873.0	1858.0
871.0	1860.0
873.0	1865.0
872.0	1857.0
872.0	1863.0
871.0	1859.0
871.0	1859.0
872.0	1860.0
873.0	1861.0
872.0	1859.0
871.0	1860.0
871.0	1859.0
872.0	1857.0
874.0	1859.0
871.0	1860.0
872.0	1864.0
871.0	1860.0
872.0	1861.0
872.0	1860.0
872.0	1858.0
871.0	1859.0
872.0	1860.0
871.0	1860.0
873.0	1860.0
863.0	1861.0
871.0	1862.0
880.0	1860.0
874.0	1860.0
873.0	1859.0
874.0	1864.0
872.0	1858.0
871.0	1862.0
873.0	1860.0
872.0	1862.0
873.0	1859.0
871.0	1859.0
871.0	1862.0
872.0	1861.0
873.0	1860.0
871.0	1860.0
870.0	1859.0
871.0	1859.0
871.0	1858.0
873.0	1860.0
873.0	1861.0
872.0	1859.0
872.0	1860.0
872.0	1863.0
873.0	1860.0
872.0	1859.0
872.0	1860.0
873.0	1858.0
871.0	1860.0
872.0	1860.0
870.0	1859.0
872.0	1861.0
874.0	1859.0
871.0	1860.0
872.0	1861.0
870.0	1860.0
871.0	1860.0
871.0	1859.0
873.0	1861.0
872.0	1861.0
871.0	1861.0
873.0	1862.0
872.0	1861.0
871.0	1860.0
870.0	1860.0
871.0	1859.0
872.0	1861.0
871.0	1875.0
871.0	1858.0
872.0	1853.0
871.0	1864.0
872.0	1870.0
872.0	1865.0
871.0	1862.0
874.0	1854.0
871.0	1860.0
871.0	1858.0
871.0	1858.0
871.0	1859.0
872.0	1866.0
872.0	1858.0
871.0	1860.0
872.0	1861.0
872.0	1860.0
872.0	1860.0
871.0	1860.0
872.0	1860.0
872.0	1862.0
872.0	1860.0
871.0	1857.0
872.0	1860.0
869.0	1861.0
870.0	1861.0
878.0	1861.0
873.0	1860.0
874.0	1861.0
869.0	1862.0
871.0	1859.0
872.0	1860.0
873.0	1861.0
872.0	1859.0
871.0	1862.0
872.0	1862.0
874.0	1859.0
872.0	1859.0
871.0	1861.0
873.0	1860.0
874.0	1860.0
871.0	1860.0
872.0	1859.0
873.0	1862.0
871.0	1859.0
874.0	1860.0
874.0	1860.0
871.0	1860.0
872.0	1862.0
872.0	1860.0
873.0	1861.0
872.0	1860.0
872.0	1861.0
872.0	1860.0
872.0	1860.0
872.0	1859.0
872.0	1860.0
871.0	1859.0
872.0	1860.0
870.0	1860.0
870.0	1859.0
870.0	1859.0
873.0	1855.0
871.0	1861.0
870.0	1866.0
873.0	1871.0
871.0	1864.0
872.0	1869.0
872.0	1865.0
874.0	1860.0
874.0	1867.0
871.0	1861.0
872.0	1858.0
872.0	1850.0
872.0	1847.0
872.0	1847.0
872.0	1848.0
871.0	1845.0
871.0	1848.0
872.0	1850.0
873.0	1847.0
872.0	1846.0
871.0	1846.0
871.0	1847.0
870.0	1846.0
879.0	1847.0
873.0	1848.0
873.0	1848.0
874.0	1849.0
872.0	1847.0
872.0	1860.0
872.0	1861.0
873.0	1860.0
871.0	1863.0
871.0	1862.0
872.0	1861.0
872.0	1861.0
872.0	1860.0
871.0	1861.0
871.0	1862.0
872.0	1861.0
872.0	1860.0
872.0	1858.0
873.0	1859.0
871.0	1858.0
870.0	1861.0
872.0	1858.0
872.0	1859.0
871.0	1862.0
871.0	1859.0
873.0	1859.0
872.0	1859.0
871.0	1860.0
872.0	1861.0
872.0	1857.0
871.0	1856.0
874.0	1875.0
872.0	1866.0
872.0	1855.0
874.0	1855.0
872.0	1860.0
871.0	1859.0
871.0	1866.0
871.0	1861.0
873.0	1860.0
872.0	1858.0
872.0	1859.0
868.0	1858.0
871.0	1874.0
870.0	1872.0
871.0	1873.0
870.0	1873.0
870.0	1872.0
872.0	1872.0
872.0	1872.0
875.0	1872.0
872.0	1873.0
875.0	1873.0
873.0	1873.0
871.0	1869.0
873.0	1887.0
872.0	1886.0
871.0	1883.0
872.0	1887.0
872.0	1884.0
871.0	1887.0
872.0	1885.0
870.0	1884.0
871.0	1886.0
871.0	1885.0
871.0	1884.0
871.0	1885.0
871.0	1883.0
873.0	1885.0
872.0	1885.0
873.0	1898.0
871.0	1881.0
871.0	1887.0
870.0	1901.0
873.0	1897.0
872.0	1902.0
872.0	1894.0
872.0	1898.0
873.0	1900.0
873.0	1899.0
871.0	1900.0
870.0	1898.0
870.0	1897.0
871.0	1898.0
872.0	1898.0
876.0	1898.0
873.0	1898.0
871.0	1898.0
872.0	1899.0
871.0	1898.0
873.0	1899.0
870.0	1899.0
871.0	1895.0
873.0	1897.0
872.0	1898.0
863.0	1898.0
871.0	1897.0
871.0	1899.0
872.0	1898.0
874.0	1899.0
871.0	1900.0
873.0	1897.0
871.0	1898.0
871.0	1894.0
871.0	1901.0
872.0	1897.0
872.0	1892.0
872.0	1898.0
872.0	1899.0
872.0	1896.0
871.0	1898.0
872.0	1897.0
871.0	1898.0
873.0	1897.0
872.0	1900.0
880.0	1897.0
873.0	1899.0
872.0	1897.0
870.0	1897.0
872.0	1898.0
872.0	1900.0
871.0	1899.0
873.0	1898.0
871.0	1899.0
871.0	1896.0
872.0	1899.0
873.0	1898.0
872.0	1899.0
872.0	1899.0
872.0	1898.0
872.0	1897.0
871.0	1897.0
871.0	1895.0
872.0	1903.0
872.0	1894.0
873.0	1895.0
870.0	1897.0
871.0	1901.0
871.0	1897.0
869.0	1901.0
873.0	1897.0
873.0	1897.0
870.0	1899.0
871.0	1899.0
871.0	1899.0
872.0	1898.0
874.0	1897.0
872.0	1900.0
871.0	1901.0
871.0	1897.0
872.0	1898.0
871.0	1899.0
871.0	1898.0
871.0	1900.0
871.0	1898.0
871.0	1899.0
873.0	1896.0
873.0	1883.0
872.0	1883.0
854.0	1892.0
871.0	1879.0
872.0	1882.0
872.0	1885.0
872.0	1886.0
872.0	1883.0
871.0	1885.0
874.0	1885.0
871.0	1887.0
872.0	1886.0
880.0	1883.0
876.0	1885.0
871.0	1887.0
871.0	1885.0
871.0	1884.0
873.0	1884.0
871.0	1886.0
871.0	1888.0
873.0	1884.0
872.0	1887.0
871.0	1888.0
871.0	1887.0
872.0	1885.0
873.0	1885.0
872.0	1884.0
872.0	1880.0
872.0	1888.0
873.0	1887.0
871.0	1890.0
872.0	1884.0
871.0	1886.0
871.0	1886.0
870.0	1887.0
873.0	1886.0
874.0	1885.0
874.0	1886.0
872.0	1887.0
869.0	1886.0
871.0	1886.0
873.0	1885.0
871.0	1885.0
871.0	1884.0
872.0	1885.0
873.0	1886.0
871.0	1887.0
865.0	1887.0
871.0	1886.0
871.0	1886.0
873.0	1885.0
863.0	1886.0
871.0	1887.0
874.0	1880.0
872.0	1883.0
873.0	1885.0
872.0	1886.0
871.0	1886.0
871.0	1882.0
871.0	1885.0
866.0	1885.0
873.0	1886.0
873.0	1884.0
873.0	1886.0
871.0	1885.0
870.0	1884.0
872.0	1884.0
871.0	1886.0
873.0	1888.0
873.0	1900.0
871.0	1897.0
872.0	1898.0
873.0	1899.0
872.0	1900.0
872.0	1897.0
882.0	1899.0
871.0	1903.0
872.0	1899.0
872.0	1895.0
873.0	1901.0
870.0	1897.0
871.0	1898.0
873.0	1898.0
871.0	1897.0
871.0	1899.0
871.0	1899.0
870.0	1897.0
872.0	1901.0
872.0	1898.0
872.0	1899.0
872.0	1896.0
872.0	1901.0
873.0	1898.0
872.0	1897.0
873.0	1897.0
871.0	1911.0
871.0	1910.0
870.0	1912.0
872.0	1910.0
871.0	1911.0
871.0	1912.0
871.0	1908.0
872.0	1910.0
871.0	1910.0
873.0	1911.0
871.0	1911.0
876.0	1912.0
876.0	1913.0
873.0	1908.0
872.0	1914.0
872.0	1923.0
871.0	1924.0
871.0	1923.0
872.0	1923.0
871.0	1924.0
871.0	1924.0
871.0	1923.0
873.0	1924.0
871.0	1924.0
870.0	1938.0
874.0	1918.0
873.0	1927.0
871.0	1921.0
873.0	1927.0
871.0	1925.0
870.0	1924.0
871.0	1923.0
880.0	1924.0
869.0	1925.0
872.0	1923.0
871.0	1925.0
871.0	1925.0
872.0	1925.0
874.0	1925.0
872.0	1924.0
872.0	1925.0
873.0	1923.0
871.0	1924.0
871.0	1922.0
873.0	1921.0
872.0	1918.0
872.0	1916.0
872.0	1925.0
871.0	1923.0
871.0	1924.0
872.0	1924.0
872.0	1923.0
873.0	1924.0
876.0	1925.0
872.0	1924.0
869.0	1923.0
873.0	1926.0
872.0	1923.0
871.0	1925.0
871.0	1925.0
873.0	1925.0
872.0	1926.0
860.0	1923.0
873.0	1922.0
871.0	1927.0
871.0	1925.0
872.0	1926.0
870.0	1921.0
871.0	1925.0
872.0	1925.0
872.0	1925.0
869.0	1925.0
872.0	1924.0
872.0	1924.0
872.0	1924.0
872.0	1925.0
871.0	1924.0
873.0	1926.0
871.0	1922.0
871.0	1924.0
870.0	1924.0
872.0	1925.0
871.0	1923.0
872.0	1935.0
873.0	1927.0
871.0	1910.0
871.0	1907.0
872.0	1912.0
873.0	1912.0
869.0	1912.0
870.0	1909.0
874.0	1911.0
871.0	1910.0
871.0	1911.0
870.0	1911.0
872.0	1910.0
872.0	1911.0
870.0	1912.0
872.0	1910.0
872.0	1912.0
871.0	1908.0
871.0	1917.0
872.0	1912.0
872.0	1909.0
871.0	1908.0
870.0	1910.0
871.0	1910.0
871.0	1912.0
875.0	1911.0
873.0	1911.0
873.0	1924.0
871.0	1925.0
872.0	1924.0
872.0	1925.0
871.0	1926.0
871.0	1925.0
871.0	1926.0
871.0	1923.0
871.0	1922.0
871.0	1925.0
871.0	1928.0
872.0	1927.0
873.0	1924.0
872.0	1925.0
872.0	1923.0
876.0	1923.0
875.0	1925.0
870.0	1925.0
873.0	1923.0
869.0	1924.0
870.0	1927.0
871.0	1926.0
872.0	1923.0
871.0	1926.0
871.0	1924.0
870.0	1925.0
872.0	1938.0
871.0	1917.0
871.0	1922.0
872.0	1922.0
871.0	1924.0
870.0	1926.0
871.0	1925.0
872.0	1926.0
872.0	1925.0
872.0	1924.0
872.0	1924.0
872.0	1923.0
872.0	1924.0
874.0	1925.0
871.0	1926.0
874.0	1924.0
872.0	1925.0
872.0	1924.0
872.0	1931.0
871.0	1925.0
872.0	1921.0
873.0	1921.0
871.0	1924.0
871.0	1924.0
870.0	1927.0
874.0	1923.0
872.0	1926.0
871.0	1925.0
872.0	1925.0
871.0	1923.0
872.0	1926.0
873.0	1923.0
871.0	1925.0
870.0	1924.0
873.0	1919.0
872.0	1923.0
871.0	1924.0
871.0	1923.0
871.0	1925.0
871.0	1923.0
867.0	1926.0
877.0	1927.0
872.0	1925.0
872.0	1924.0
873.0	1924.0
873.0	1925.0
871.0	1925.0
873.0	1926.0
871.0	1923.0
872.0	1921.0
872.0	1929.0
871.0	1923.0
872.0	1921.0
871.0	1924.0
870.0	1926.0
874.0	1926.0
870.0	1924.0
872.0	1926.0
872.0	1925.0
873.0	1924.0
873.0	1925.0
872.0	1924.0
871.0	1926.0
872.0	1924.0
873.0	1920.0
873.0	1925.0
871.0	1925.0
871.0	1926.0
872.0	1925.0
871.0	1925.0
876.0	1926.0
873.0	1924.0
871.0	1924.0
872.0	1924.0
872.0	1924.0
871.0	1924.0
872.0	1925.0
874.0	1924.0
872.0	1931.0
873.0	1925.0
871.0	1929.0
872.0	1923.0
871.0	1927.0
867.0	1925.0
870.0	1919.0
873.0	1924.0
871.0	1926.0
873.0	1924.0
872.0	1925.0
871.0	1927.0
871.0	1923.0
872.0	1923.0
871.0	1920.0
872.0	1928.0
872.0	1923.0
871.0	1923.0
870.0	1925.0
873.0	1925.0
872.0	1923.0
872.0	1923.0
872.0	1924.0
872.0	1924.0
871.0	1925.0
871.0	1936.0
871.0	1936.0
871.0	1934.0
871.0	1942.0
872.0	1939.0
872.0	1937.0
872.0	1935.0
869.0	1937.0
867.0	1938.0
889.0	1939.0
872.0	1939.0
873.0	1937.0
871.0	1936.0
873.0	1939.0
871.0	1940.0
870.0	1937.0
872.0	1935.0
872.0	1946.0
873.0	1936.0
872.0	1933.0
872.0	1939.0
873.0	1937.0
874.0	1936.0
871.0	1937.0
873.0	1936.0
872.0	1938.0
872.0	1939.0
871.0	1937.0
872.0	1939.0
872.0	1936.0
872.0	1938.0
870.0	1939.0
873.0	1936.0
871.0	1936.0
871.0	1937.0
872.0	1939.0
873.0	1937.0
873.0	1939.0
870.0	1937.0
872.0	1936.0
871.0	1938.0
872.0	1939.0
874.0	1937.0
872.0	1948.0
872.0	1945.0
871.0	1948.0
872.0	1952.0
871.0	1950.0
871.0	1951.0
872.0	1950.0
872.0	1951.0
871.0	1949.0
871.0	1952.0
871.0	1950.0
873.0	1950.0
872.0	1950.0
872.0	1948.0
871.0	1956.0
872.0	1950.0
871.0	1950.0
870.0	1950.0
871.0	1950.0
871.0	1952.0
872.0	1948.0
871.0	1949.0
871.0	1950.0
872.0	1951.0
865.0	1950.0
872.0	1950.0
871.0	1949.0
872.0	1956.0
871.0	1950.0
874.0	1964.0
871.0	1963.0
870.0	1956.0
877.0	1963.0
873.0	1963.0
871.0	1962.0
872.0	1963.0
872.0	1964.0
873.0	1964.0
871.0	1963.0
872.0	1962.0
872.0	1961.0
871.0	1957.0
872.0	1966.0
872.0	1963.0
872.0	1963.0
871.0	1962.0
875.0	1963.0
872.0	1964.0
872.0	1964.0
871.0	1963.0
872.0	1962.0
871.0	1961.0
874.0	1963.0
871.0	1964.0
873.0	1961.0
877.0	1962.0
871.0	1961.0
871.0	1966.0
871.0	1977.0
872.0	1964.0
870.0	1961.0
871.0	1963.0
872.0	1963.0
872.0	1964.0
872.0	1958.0
872.0	1959.0
873.0	1962.0
871.0	1963.0
873.0	1963.0
871.0	1963.0
872.0	1964.0
871.0	1961.0
871.0	1966.0
873.0	1966.0
871.0	1962.0
871.0	1964.0
872.0	1963.0
872.0	1962.0
870.0	1963.0
871.0	1962.0
874.0	1967.0
872.0	1963.0
872.0	1963.0
873.0	1962.0
871.0	1963.0
874.0	1962.0
878.0	1964.0
871.0	1963.0
873.0	1962.0
874.0	1955.0
872.0	1962.0
872.0	1962.0
872.0	1964.0
872.0	1965.0
873.0	1963.0
872.0	1961.0
871.0	1978.0
872.0	1971.0
872.0	1975.0
872.0	1976.0
871.0	1977.0
871.0	1974.0
870.0	1977.0
872.0	1976.0
874.0	1975.0
873.0	1973.0
871.0	1976.0
874.0	1975.0
873.0	1974.0
874.0	1975.0
870.0	1975.0
871.0	1979.0
872.0	1974.0
871.0	1978.0
871.0	1975.0
871.0	1975.0
872.0	1976.0
871.0	1976.0
872.0	1975.0
871.0	1971.0
874.0	1975.0
871.0	1977.0
868.0	1977.0
870.0	1976.0
872.0	1974.0
872.0	1975.0
871.0	1977.0
872.0	1970.0
872.0	1975.0
873.0	1975.0
871.0	1975.0
872.0	1974.0
870.0	1975.0
872.0	1975.0
871.0	1977.0
872.0	1975.0
872.0	1973.0
871.0	1977.0
872.0	1975.0
875.0	1975.0
872.0	1976.0
872.0	1981.0
871.0	1982.0
871.0	1975.0
871.0	1973.0
874.0	1974.0
872.0	1975.0
874.0	1975.0
872.0	1976.0
871.0	1976.0
872.0	1969.0
872.0	1975.0
871.0	1978.0
873.0	1976.0
871.0	1976.0
870.0	1975.0
872.0	1976.0
871.0	1972.0
871.0	1975.0
872.0	1975.0
872.0	1975.0
872.0	1975.0
870.0	1975.0
871.0	1975.0
871.0	1979.0
870.0	1974.0
871.0	1977.0
870.0	1974.0
871.0	1974.0
874.0	1974.0
873.0	1976.0
873.0	1972.0
872.0	1979.0
871.0	1976.0
871.0	1975.0
872.0	1975.0
874.0	1975.0
873.0	1978.0
871.0	1976.0
871.0	1977.0
872.0	1991.0
873.0	1976.0
871.0	1976.0
872.0	1976.0
873.0	1975.0
867.0	1975.0
871.0	1975.0
871.0	1971.0
872.0	1978.0
872.0	1975.0
872.0	1975.0
871.0	1975.0
872.0	1975.0
869.0	1976.0
871.0	1971.0
871.0	1981.0
871.0	1973.0
871.0	1974.0
871.0	1974.0
873.0	1976.0
871.0	1977.0
874.0	1977.0
871.0	1975.0
872.0	1976.0
871.0	1975.0
871.0	1978.0
873.0	1974.0
871.0	1975.0
871.0	1977.0
872.0	1976.0
871.0	1976.0
870.0	1969.0
871.0	1974.0
869.0	1975.0
871.0	1975.0
872.0	1975.0
873.0	1975.0
872.0	1976.0
871.0	1973.0
872.0	1972.0
871.0	1982.0
873.0	1975.0
872.0	1977.0
872.0	1977.0
872.0	1976.0
872.0	1975.0
872.0	1973.0
872.0	1967.0
873.0	1975.0
871.0	1975.0
871.0	1976.0
873.0	1975.0
874.0	1977.0
870.0	1977.0
872.0	1977.0
871.0	1976.0
870.0	1978.0
873.0	1974.0
871.0	1977.0
873.0	1975.0
872.0	1975.0
873.0	1975.0
871.0	1975.0
873.0	1976.0
871.0	1991.0
870.0	1974.0
871.0	1974.0
872.0	1975.0
871.0	1977.0
875.0	1977.0
871.0	1977.0
872.0	1976.0
871.0	1976.0
873.0	1974.0
871.0	1975.0
872.0	1977.0
871.0	1976.0
872.0	1978.0
871.0	1976.0
871.0	1988.0
871.0	1988.0
870.0	1993.0
871.0	2002.0
871.0	1988.0
871.0	1989.0
872.0	1988.0
873.0	1976.0
873.0	1976.0
871.0	1972.0
871.0	1979.0
872.0	1974.0
871.0	1975.0
871.0	1975.0
872.0	1976.0
873.0	1975.0
870.0	1977.0
871.0	1975.0
872.0	1978.0
872.0	1983.0
872.0	1978.0
873.0	1973.0
871.0	1975.0
872.0	1975.0
873.0	1975.0
870.0	1974.0
872.0	1973.0
871.0	1974.0
873.0	1973.0
872.0	1976.0
872.0	1975.0
873.0	1974.0
872.0	1976.0
874.0	1973.0
871.0	1976.0
887.0	1977.0
872.0	1971.0
871.0	1975.0
871.0	1976.0
873.0	1977.0
871.0	1975.0
872.0	1976.0
873.0	1974.0
872.0	1976.0
872.0	1976.0
871.0	1969.0
872.0	1975.0
873.0	1976.0
872.0	1976.0
871.0	1976.0
872.0	1976.0
876.0	1975.0
872.0	1974.0
872.0	1975.0
871.0	1988.0
887.0	2013.0
886.0	2016.0
938.0	2028.0
939.0	2027.0
948.0	2027.0
940.0	2030.0
938.0	2027.0
952.0	2027.0
962.0	2038.0
961.0	2027.0
947.0	2026.0
947.0	2028.0
909.0	2005.0
872.0	1989.0
871.0	1977.0
869.0	1975.0
870.0	1975.0
871.0	1977.0
870.0	1986.0
887.0	2004.0
931.0	2019.0
931.0	2018.0
968.0	2044.0
985.0	2039.0
993.0	2041.0
1000.0	2041.0
1017.0	2039.0
1017.0	2040.0
1002.0	2027.0
993.0	2029.0
1000.0	2042.0
1000.0	2039.0
1025.0	2043.0
1050.0	2054.0
1065.0	2053.0
1074.0	2053.0
1081.0	2052.0
1086.0	2053.0
1092.0	2053.0
1090.0	2054.0
1090.0	2054.0
1095.0	2053.0
1089.0	2053.0
1088.0	2054.0
1088.0	2055.0
1091.0	2052.0
1089.0	2053.0
1090.0	2054.0
1089.0	2054.0
1089.0	2054.0
1088.0	2053.0
1088.0	2053.0
1089.0	2053.0
1081.0	2055.0
1089.0	2053.0
1091.0	2064.0
1099.0	2079.0
1105.0	2081.0
1113.0	2094.0
1113.0	2093.0
1113.0	2093.0
1107.0	2092.0
1114.0	2089.0
1123.0	2092.0
1115.0	2094.0
1122.0	2091.0
1122.0	2093.0
1124.0	2093.0
1114.0	2092.0
1106.0	2092.0
1106.0	2094.0
1080.0	2084.0
1041.0	2066.0
994.0	2070.0
954.0	2069.0
931.0	2064.0
924.0	2040.0
923.0	2039.0
932.0	2053.0
924.0	2079.0
924.0	2081.0
916.0	2092.0
909.0	2106.0
907.0	2104.0
914.0	2130.0
915.0	2117.0
901.0	2095.0
872.0	2031.0
872.0	2030.0
872.0	1987.0
872.0	1989.0
871.0	1977.0
872.0	1974.0
874.0	1975.0
878.0	1975.0
870.0	1976.0
874.0	1975.0
872.0	1979.0
872.0	1979.0
871.0	1975.0
873.0	1975.0
871.0	1977.0
872.0	1974.0
874.0	1973.0
872.0	1975.0
874.0	1975.0
873.0	1975.0
872.0	1974.0
872.0	1978.0
872.0	1974.0
872.0	1975.0
871.0	1977.0
872.0	1976.0
872.0	1975.0
873.0	1976.0
873.0	1976.0
872.0	1975.0
871.0	1974.0
871.0	1972.0
873.0	1987.0
870.0	1979.0
871.0	1975.0
872.0	1975.0
872.0	1974.0
873.0	1976.0
871.0	1976.0
869.0	1975.0
871.0	1977.0
871.0	1978.0
871.0	1976.0
872.0	1984.0
872.0	1974.0
871.0	1975.0
872.0	1977.0
874.0	1976.0
870.0	1976.0
873.0	1977.0
872.0	1976.0
873.0	1975.0
872.0	1975.0
871.0	1982.0
871.0	1974.0
872.0	1974.0
871.0	1975.0
873.0	1974.0
873.0	1976.0
873.0	1976.0
873.0	1976.0
872.0	1974.0
871.0	1974.0
871.0	1974.0
871.0	1976.0
872.0	1976.0
871.0	1976.0
871.0	1950.0
871.0	1974.0
872.0	1973.0
878.0	1976.0
872.0	1974.0
873.0	1979.0
869.0	1978.0
871.0	1977.0
873.0	1973.0
873.0	1974.0
873.0	1975.0
871.0	1975.0
871.0	1974.0
870.0	1975.0
873.0	1976.0
871.0	1974.0
872.0	1977.0
872.0	1975.0
870.0	1976.0
871.0	1980.0
871.0	1974.0
873.0	1973.0
871.0	1975.0
873.0	1976.0
871.0	1974.0
872.0	1975.0
873.0	1976.0
871.0	1974.0
871.0	1976.0
871.0	1976.0
872.0	1980.0
870.0	1976.0
871.0	1975.0
872.0	1975.0
872.0	1974.0
871.0	1978.0
870.0	1976.0
876.0	1974.0
871.0	1974.0
871.0	1976.0
872.0	1979.0
871.0	1969.0
873.0	1970.0
872.0	1974.0
872.0	1975.0
871.0	1975.0
872.0	1975.0
871.0	1976.0
873.0	1976.0
872.0	1976.0
871.0	1976.0
872.0	1976.0
873.0	1977.0
871.0	1976.0
871.0	1973.0
872.0	1976.0
871.0	1977.0
871.0	1971.0
872.0	1974.0
872.0	1975.0
874.0	1976.0
872.0	1975.0
872.0	1975.0
872.0	1974.0
877.0	1975.0
872.0	1976.0
870.0	1976.0
874.0	1973.0
871.0	1968.0
871.0	1974.0
874.0	1975.0
871.0	1974.0
871.0	1974.0
872.0	1978.0
871.0	1974.0
873.0	1975.0
870.0	1976.0
871.0	1975.0
872.0	1977.0
871.0	1978.0
872.0	1982.0
872.0	1974.0
871.0	1973.0
870.0	1975.0
873.0	1974.0
871.0	1973.0
870.0	1997.0
872.0	1978.0
876.0	1976.0
871.0	1975.0
871.0	1975.0
871.0	1973.0
871.0	1975.0
871.0	1972.0
871.0	1976.0
873.0	1973.0
870.0	1977.0
870.0	1976.0
873.0	1975.0
873.0	1975.0
872.0	1976.0
872.0	1974.0
874.0	1976.0
872.0	1977.0
873.0	1974.0
870.0	1977.0
873.0	1975.0
872.0	1978.0
871.0	1980.0
871.0	1980.0
872.0	1975.0
871.0	1973.0
871.0	1975.0
872.0	1977.0
871.0	1975.0
874.0	1974.0
872.0	1975.0
871.0	1975.0
871.0	1975.0
873.0	1976.0
871.0	1976.0
871.0	1980.0
873.0	1976.0
872.0	1974.0
871.0	1977.0
872.0	1975.0
871.0	1976.0
871.0	1975.0
872.0	1975.0
871.0	1974.0
871.0	1975.0
871.0	1975.0
871.0	1977.0
872.0	1978.0
871.0	1974.0
871.0	1974.0
872.0	1975.0
872.0	1976.0
873.0	1975.0
872.0	1976.0
871.0	1976.0
878.0	1977.0
870.0	1974.0
873.0	1975.0
873.0	1976.0
871.0	1978.0
873.0	1980.0
871.0	1975.0
872.0	1973.0
873.0	1976.0
871.0	1976.0
871.0	1976.0
872.0	1975.0
871.0	1974.0
871.0	1975.0
870.0	1979.0
870.0	1976.0
872.0	1978.0
871.0	1980.0
872.0	1976.0
871.0	1978.0
872.0	1975.0
871.0	1978.0
872.0	1976.0
872.0	1975.0
872.0	1977.0
871.0	1976.0
873.0	1975.0
873.0	1975.0
871.0	1975.0
872.0	1973.0
871.0	1976.0
872.0	1983.0
871.0	1980.0
873.0	1974.0
871.0	1974.0
871.0	1976.0
871.0	1976.0
872.0	1976.0
872.0	1973.0
872.0	1978.0
872.0	1977.0
872.0	1976.0
873.0	1976.0
870.0	1974.0
874.0	1972.0
871.0	1980.0
871.0	1978.0
870.0	1973.0
872.0	1976.0
870.0	1976.0
871.0	1976.0
871.0	1975.0
871.0	1975.0
873.0	1976.0
875.0	1976.0
874.0	1977.0
873.0	1976.0
872.0	1977.0
871.0	1979.0
872.0	1975.0
873.0	1980.0
873.0	1974.0
871.0	1974.0
872.0	1972.0
872.0	1973.0
871.0	1976.0
871.0	1974.0
871.0	1978.0
870.0	1977.0
871.0	1976.0
869.0	1974.0
872.0	1975.0
872.0	1977.0
870.0	1974.0
871.0	1976.0
871.0	1980.0
872.0	1975.0
874.0	1975.0
871.0	1975.0
872.0	1975.0
871.0	1976.0
872.0	1976.0
871.0	1975.0
872.0	1976.0
872.0	1975.0
872.0	1975.0
871.0	1976.0
871.0	1978.0
873.0	1972.0
871.0	1974.0
872.0	1977.0
871.0	1967.0
871.0	1977.0
873.0	1975.0
870.0	1975.0
871.0	1973.0
871.0	1976.0
872.0	1975.0
874.0	1975.0
872.0	1974.0
872.0	1976.0
872.0	1977.0
871.0	1977.0
872.0	1977.0
871.0	1975.0
870.0	1975.0
871.0	1987.0
871.0	1974.0
872.0	1977.0
872.0	1977.0
873.0	1976.0
872.0	1975.0
871.0	1974.0
872.0	1976.0
872.0	1975.0
872.0	1977.0
876.0	1976.0
867.0	1976.0
872.0	1977.0
872.0	1978.0
871.0	1973.0
872.0	1973.0
871.0	1983.0
871.0	1971.0
872.0	1974.0
872.0	1977.0
871.0	1976.0
872.0	1976.0
872.0	1975.0
872.0	1974.0
872.0	1975.0
872.0	1976.0
871.0	1974.0
872.0	1976.0
870.0	1976.0
871.0	1975.0
873.0	1973.0
873.0	1979.0
873.0	1978.0
871.0	1978.0
869.0	1973.0
872.0	1976.0
872.0	1976.0
873.0	1976.0
871.0	1976.0
872.0	1977.0
871.0	1964.0
872.0	1963.0
871.0	1963.0
868.0	1962.0
869.0	1963.0
870.0	1966.0
867.0	1964.0
873.0	1963.0
872.0	1967.0
871.0	1963.0
872.0	1966.0
872.0	1960.0
872.0	1963.0
872.0	1963.0
894.0	1964.0
871.0	1964.0
874.0	1961.0
871.0	1965.0
874.0	1963.0
871.0	1964.0
872.0	1965.0
874.0	1963.0
869.0	1965.0
873.0	1962.0
871.0	1965.0
873.0	1963.0
872.0	1963.0
870.0	1962.0
872.0	1958.0
871.0	1958.0
873.0	1962.0
872.0	1962.0
871.0	1964.0
870.0	1965.0
871.0	1961.0
872.0	1963.0
873.0	1963.0
871.0	1963.0
872.0	1963.0
875.0	1963.0
869.0	1962.0
871.0	1964.0
871.0	1963.0
873.0	1961.0
871.0	1962.0
870.0	1964.0
872.0	1968.0
871.0	1968.0
872.0	1961.0
873.0	1964.0
872.0	1964.0
873.0	1963.0
871.0	1963.0
871.0	1963.0
871.0	1962.0
872.0	1962.0
872.0	1964.0
871.0	1963.0
874.0	1963.0
870.0	1961.0
871.0	1963.0
870.0	1963.0
871.0	1965.0
872.0	1961.0
872.0	1966.0
871.0	1964.0
871.0	1973.0
872.0	1962.0
871.0	1962.0
872.0	1963.0
871.0	1962.0
871.0	1962.0
872.0	1965.0
870.0	1961.0
871.0	1961.0
871.0	1963.0
872.0	1965.0
872.0	1963.0
874.0	1963.0
867.0	1965.0
871.0	1963.0
872.0	1963.0
871.0	1963.0
871.0	1959.0
871.0	1963.0
873.0	1962.0
873.0	1967.0
863.0	1977.0
872.0	1966.0
883.0	1963.0
872.0	1961.0
871.0	1965.0
872.0	1961.0
871.0	1965.0
871.0	1964.0
872.0	1962.0
871.0	1962.0
873.0	1964.0
872.0	1962.0
874.0	1962.0
871.0	1962.0
869.0	1965.0
871.0	1963.0
872.0	1962.0
871.0	1963.0
874.0	1961.0
869.0	1968.0
871.0	1963.0
871.0	1960.0
872.0	1956.0
871.0	1958.0
870.0	1962.0
871.0	1962.0
872.0	1963.0
870.0	1962.0
871.0	1965.0
872.0	1963.0
870.0	1964.0
873.0	1962.0
871.0	1961.0
871.0	1961.0
872.0	1962.0
872.0	1976.0
874.0	1975.0
871.0	1975.0
870.0	1975.0
871.0	1978.0
871.0	1974.0
871.0	1975.0
871.0	1972.0
870.0	1974.0
872.0	1978.0
871.0	1981.0
870.0	1976.0
874.0	1974.0
872.0	1977.0
871.0	1974.0
871.0	1974.0
872.0	1975.0
871.0	1979.0
871.0	1976.0
872.0	1974.0
871.0	1976.0
871.0	1977.0
871.0	1974.0
872.0	1974.0
873.0	1974.0
875.0	1976.0
878.0	1973.0
871.0	1976.0
871.0	1975.0
873.0	1976.0
871.0	1973.0
871.0	1977.0
873.0	1978.0
871.0	1979.0
871.0	1977.0
873.0	1981.0
873.0	1985.0
871.0	1974.0
871.0	1975.0
871.0	1975.0
871.0	1977.0
872.0	1977.0
872.0	1976.0
871.0	1977.0
872.0	1977.0
872.0	1977.0
872.0	1976.0
871.0	1976.0
871.0	1975.0
870.0	1978.0
871.0	1974.0
873.0	1975.0
874.0	1975.0
867.0	1977.0
872.0	1974.0
871.0	1975.0
870.0	1975.0
871.0	1977.0
873.0	1973.0
874.0	1975.0
871.0	1978.0
871.0	1974.0
872.0	1977.0
871.0	1970.0
871.0	1976.0
864.0	1975.0
873.0	1976.0
872.0	1975.0
871.0	1976.0
871.0	1976.0
872.0	1973.0
872.0	1975.0
871.0	1975.0
872.0	1978.0
872.0	1976.0
873.0	1975.0
872.0	1974.0
870.0	1975.0
875.0	1977.0
870.0	1974.0
870.0	1975.0
870.0	1975.0
871.0	1975.0
870.0	1977.0
873.0	1976.0
871.0	1972.0
872.0	1978.0
874.0	1976.0
872.0	1977.0
872.0	1980.0
909.0	2017.0
911.0	2007.0
1056.0	2034.0
1327.0	2119.0
1327.0	2119.0
1299.0	2119.0
1399.0	2093.0
1300.0	2067.0
1148.0	2015.0
977.0	1987.0
897.0	1975.0
895.0	1975.0
870.0	1976.0
871.0	1974.0
870.0	1963.0
872.0	1962.0
870.0	1963.0
872.0	1964.0
870.0	1963.0
871.0	1962.0
872.0	1961.0
871.0	1963.0
871.0	1962.0
871.0	1962.0
873.0	1964.0
874.0	1962.0
866.0	1974.0
870.0	1975.0
871.0	1974.0
872.0	1977.0
871.0	1983.0
871.0	1973.0
871.0	1977.0
871.0	1974.0
871.0	1978.0
871.0	1973.0
873.0	1974.0
871.0	1971.0
870.0	1979.0
871.0	1979.0
871.0	1991.0
873.0	1973.0
871.0	1975.0
872.0	1973.0
873.0	1974.0
872.0	1977.0
875.0	1976.0
871.0	1974.0
873.0	1977.0
871.0	1976.0
871.0	1974.0
872.0	1976.0
871.0	1974.0
871.0	1973.0
871.0	1975.0
871.0	1978.0
871.0	1974.0
871.0	1975.0
872.0	1975.0
871.0	1975.0
874.0	1975.0
871.0	1977.0
871.0	1977.0
871.0	1974.0
873.0	1976.0
879.0	1976.0
869.0	1976.0
871.0	1975.0
872.0	1975.0
872.0	1975.0
871.0	1973.0
874.0	1975.0
871.0	1975.0
870.0	1977.0
872.0	1980.0
872.0	1975.0
875.0	1978.0
873.0	1978.0
873.0	1968.0
872.0	1978.0
873.0	1979.0
872.0	1970.0
872.0	1972.0
871.0	1973.0
871.0	1979.0
871.0	1975.0
872.0	1976.0
872.0	1974.0
873.0	1973.0
875.0	1977.0
870.0	1975.0
871.0	1977.0
871.0	1975.0
870.0	1974.0
872.0	1976.0
871.0	1977.0
871.0	1976.0
871.0	1977.0
872.0	1975.0
871.0	1976.0
870.0	1976.0
873.0	1975.0
872.0	1975.0
872.0	1976.0
873.0	1977.0
872.0	1974.0
872.0	1974.0
872.0	1978.0
871.0	1974.0
871.0	1974.0
871.0	1974.0
872.0	1977.0
872.0	1974.0
877.0	1976.0
871.0	1977.0
875.0	1977.0
876.0	1977.0
870.0	1979.0
870.0	1973.0
871.0	1975.0
871.0	1975.0
871.0	1975.0
871.0	1975.0
871.0	1975.0
872.0	1976.0
871.0	1976.0
871.0	1976.0
872.0	1974.0
870.0	1974.0
871.0	1972.0
873.0	1979.0
872.0	1974.0
872.0	1976.0
871.0	1980.0
872.0	1976.0
872.0	1978.0
871.0	1977.0
872.0	1978.0
873.0	1976.0
870.0	1981.0
871.0	1981.0
873.0	1981.0
872.0	1972.0
873.0	1973.0
872.0	1962.0
871.0	1974.0
871.0	1986.0
872.0	1975.0
873.0	1974.0
873.0	1976.0
871.0	1977.0
872.0	1974.0
873.0	1976.0
871.0	1975.0
871.0	1975.0
872.0	1974.0
871.0	1976.0
870.0	1975.0
871.0	1976.0
871.0	1976.0
872.0	1975.0
873.0	1974.0
871.0	1974.0
871.0	1975.0
871.0	1976.0
894.0	1975.0
871.0	1976.0
871.0	1974.0
871.0	1977.0
873.0	1975.0
872.0	1977.0
871.0	1976.0
871.0	1974.0
871.0	1974.0
871.0	1974.0
870.0	1975.0
871.0	1974.0
871.0	1978.0
871.0	1974.0
873.0	1977.0
872.0	1974.0
871.0	1973.0
870.0	1975.0
871.0	1974.0
871.0	1976.0
873.0	1976.0
871.0	1974.0
872.0	1976.0
871.0	1978.0
871.0	1975.0
871.0	1976.0
873.0	1975.0
871.0	1974.0
871.0	1977.0
873.0	1976.0
871.0	1976.0
871.0	1977.0
871.0	1975.0
871.0	1976.0
872.0	1976.0
870.0	1974.0
871.0	1976.0
873.0	1975.0
871.0	1974.0
873.0	1975.0
871.0	1975.0
871.0	1975.0
873.0	1975.0
871.0	1974.0
872.0	1977.0
872.0	1975.0
873.0	1974.0
873.0	1976.0
872.0	1975.0
871.0	1976.0
873.0	1976.0
871.0	1975.0
872.0	1976.0
872.0	1974.0
872.0	1977.0
873.0	1976.0
871.0	1976.0
872.0	1976.0
873.0	1975.0
871.0	1975.0
872.0	1977.0
871.0	1974.0
873.0	1975.0
871.0	1976.0
872.0	1976.0
873.0	1975.0
871.0	1974.0
873.0	1976.0
872.0	1975.0
871.0	1975.0
872.0	1977.0
872.0	1975.0
872.0	1976.0
871.0	1973.0
873.0	1974.0
871.0	1976.0
872.0	1977.0
871.0	1974.0
872.0	1975.0
871.0	1976.0
872.0	1976.0
871.0	1974.0
872.0	1976.0
872.0	1975.0
872.0	1974.0
872.0	1973.0
871.0	1973.0
871.0	1974.0
871.0	1976.0
871.0	1975.0
872.0	1973.0
872.0	1969.0
871.0	1976.0
873.0	1992.0
872.0	1982.0
871.0	1975.0
873.0	1981.0
872.0	1974.0
872.0	1975.0
871.0	1978.0
872.0	1982.0
871.0	1975.0
873.0	1975.0
871.0	1975.0
871.0	1980.0
874.0	1974.0
872.0	1975.0
871.0	1980.0
871.0	1979.0
871.0	1974.0
872.0	1978.0
871.0	1971.0
871.0	1976.0
870.0	1976.0
872.0	1974.0
872.0	1978.0
871.0	1976.0
872.0	1977.0
872.0	1978.0
872.0	1974.0
871.0	1976.0
872.0	1976.0
872.0	1976.0
870.0	1975.0
870.0	1974.0
878.0	1976.0
872.0	1975.0
876.0	1976.0
874.0	1976.0
873.0	1977.0
872.0	1977.0
872.0	1975.0
874.0	1975.0
871.0	1975.0
872.0	1975.0
872.0	1975.0
871.0	1974.0
871.0	1975.0
872.0	1973.0
871.0	1975.0
873.0	1975.0
871.0	1977.0
871.0	1976.0
870.0	1973.0
871.0	1974.0
871.0	1975.0
873.0	1977.0
872.0	1977.0
871.0	1975.0
872.0	1976.0
871.0	1975.0
870.0	1973.0
872.0	1976.0
873.0	1975.0
871.0	1977.0
871.0	1976.0
871.0	1974.0
873.0	1974.0
871.0	1975.0
871.0	1975.0
871.0	1973.0
873.0	1973.0
873.0	1992.0
871.0	1980.0
871.0	1973.0
871.0	1972.0
871.0	1977.0
872.0	1978.0
873.0	1974.0
871.0	1978.0
871.0	1974.0
874.0	1972.0
871.0	1976.0
871.0	1973.0
872.0	1977.0
871.0	1975.0
872.0	1975.0
870.0	1975.0
870.0	1976.0
871.0	1976.0
880.0	1976.0
874.0	1975.0
874.0	1973.0
872.0	1976.0
871.0	1977.0
872.0	1977.0
872.0	1976.0
872.0	1976.0
873.0	1976.0
872.0	1977.0
872.0	1977.0
872.0	1976.0
872.0	1976.0
870.0	1977.0
871.0	1975.0
872.0	1976.0
872.0	1978.0
871.0	1975.0
871.0	1974.0
871.0	1975.0
871.0	1975.0
871.0	1975.0
872.0	1976.0
871.0	1975.0
872.0	1974.0
873.0	1975.0
872.0	1975.0
871.0	1968.0
871.0	1980.0
871.0	1969.0
873.0	1969.0
873.0	1974.0
871.0	1973.0
872.0	1982.0
872.0	1975.0
871.0	1976.0
871.0	1977.0
873.0	1976.0
873.0	1977.0
871.0	1974.0
871.0	1975.0
870.0	1976.0
870.0	1975.0
879.0	1974.0
876.0	1974.0
873.0	1976.0
872.0	1975.0
872.0	1975.0
872.0	1977.0
872.0	1976.0
872.0	1976.0
872.0	1977.0
872.0	1975.0
860.0	1975.0
872.0	1975.0
872.0	1974.0
871.0	1976.0
872.0	1979.0
872.0	1977.0
871.0	1971.0
870.0	1974.0
871.0	1975.0
872.0	1976.0
873.0	1974.0
871.0	1968.0
872.0	1982.0
872.0	1973.0
871.0	1971.0
871.0	1977.0
871.0	1973.0
872.0	1977.0
871.0	1976.0
870.0	1975.0
871.0	1975.0
871.0	1976.0
872.0	1975.0
869.0	1975.0
870.0	1975.0
877.0	1974.0
876.0	1977.0
874.0	1975.0
873.0	1978.0
872.0	1976.0
872.0	1977.0
871.0	1976.0
872.0	1976.0
872.0	1977.0
872.0	1977.0
871.0	1977.0
872.0	1978.0
872.0	1976.0
871.0	1976.0
874.0	1976.0
871.0	1975.0
871.0	1973.0
871.0	1976.0
870.0	1982.0
872.0	1978.0
872.0	1974.0
871.0	1975.0
873.0	1976.0
872.0	1977.0
872.0	1973.0
871.0	1974.0
872.0	1974.0
871.0	1973.0
872.0	1976.0
875.0	1978.0
872.0	1977.0
870.0	1977.0
872.0	1975.0
874.0	1976.0
871.0	1975.0
871.0	1978.0
873.0	1975.0
871.0	1976.0
874.0	1976.0
872.0	1974.0
873.0	1975.0
871.0	1975.0
872.0	1975.0
873.0	1974.0
871.0	1971.0
871.0	1981.0
873.0	1976.0
872.0	1982.0
871.0	1987.0
871.0	1990.0
869.0	1987.0
872.0	1990.0
872.0	1988.0
870.0	1990.0
870.0	1989.0
874.0	1987.0
872.0	1988.0
873.0	1988.0
873.0	1989.0
872.0	1986.0
872.0	1990.0
871.0	1989.0
871.0	1987.0
871.0	1986.0
871.0	1988.0
873.0	1987.0
873.0	1987.0
871.0	1987.0
871.0	1987.0
871.0	1987.0
871.0	1991.0
870.0	1989.0
