2017.0	2066.0
2018.0	2067.0
2017.0	2066.0
2019.0	2067.0
2020.0	2069.0
2017.0	2069.0
2018.0	2065.0
2019.0	2066.0
2016.0	2065.0
2017.0	2072.0
2016.0	2066.0
2018.0	2067.0
2019.0	2067.0
2017.0	2064.0
2018.0	2068.0
2016.0	2067.0
2017.0	2069.0
2018.0	2067.0
2026.0	2067.0
2016.0	2069.0
2017.0	2071.0
2020.0	2066.0
2016.0	2067.0
2013.0	2065.0
2017.0	2064.0
2023.0	2066.0
2020.0	2066.0
2018.0	2065.0
2017.0	2065.0
2016.0	2069.0
2018.0	2068.0
2017.0	2069.0
2022.0	2067.0
2016.0	2065.0
2017.0	2074.0
2017.0	2068.0
2015.0	2068.0
2017.0	2064.0
2017.0	2067.0
2018.0	2068.0
2018.0	2069.0
2020.0	2063.0
2018.0	2066.0
2017.0	2067.0
2018.0	2067.0
2017.0	2067.0
2013.0	2069.0
2016.0	2068.0
2017.0	2070.0
2019.0	2066.0
2016.0	2067.0
2018.0	2068.0
2016.0	2063.0
2018.0	2068.0
2017.0	2068.0
2020.0	2068.0
2018.0	2067.0
2017.0	2067.0
2019.0	2067.0
2017.0	2067.0
2015.0	2067.0
2017.0	2068.0
2017.0	2065.0
2016.0	2068.0
2018.0	2067.0
2018.0	2069.0
2016.0	2067.0
2018.0	2068.0
2018.0	2066.0
2016.0	2070.0
2017.0	2065.0
2018.0	2067.0
2017.0	2071.0
2016.0	2067.0
2023.0	2066.0
2017.0	2068.0
2017.0	2069.0
2019.0	2065.0
2017.0	2068.0
2016.0	2067.0
2017.0	2068.0
2018.0	2069.0
2018.0	2067.0
2016.0	2070.0
2018.0	2065.0
2018.0	2070.0
2016.0	2068.0
2017.0	2071.0
2016.0	2069.0
2017.0	2068.0
2018.0	2069.0
2017.0	2067.0
2016.0	2069.0
2019.0	2067.0
2017.0	2068.0
2017.0	2066.0
2017.0	2070.0
2017.0	2069.0
2020.0	2066.0
2014.0	2069.0
2017.0	2066.0
2014.0	2064.0
2017.0	2068.0
2016.0	2068.0
2016.0	2067.0
2016.0	2068.0
2012.0	2069.0
2017.0	2068.0
2017.0	2062.0
2019.0	2067.0
2019.0	2065.0
2017.0	2069.0
2018.0	2062.0
2017.0	2067.0
2018.0	2068.0
2019.0	2067.0
2016.0	2069.0
2019.0	2065.0
2018.0	2067.0
2017.0	2067.0
2024.0	2066.0
2018.0	2069.0
2017.0	2061.0
2021.0	2066.0
2019.0	2065.0
2016.0	2072.0
2018.0	2068.0
2016.0	2068.0
2017.0	2068.0
2018.0	2065.0
2017.0	2067.0
2017.0	2067.0
2018.0	2064.0
2017.0	2069.0
2012.0	2069.0
2017.0	2067.0
2017.0	2065.0
2018.0	2066.0
2018.0	2067.0
2018.0	2068.0
2019.0	2067.0
2015.0	2068.0
2017.0	2067.0
2017.0	2067.0
2016.0	2069.0
2017.0	2070.0
2017.0	2069.0
2017.0	2069.0
2016.0	2069.0
2020.0	2067.0
2019.0	2065.0
2019.0	2068.0
2018.0	2067.0
2020.0	2066.0
2020.0	2068.0
2016.0	2066.0
2017.0	2069.0
2019.0	2065.0
2014.0	2069.0
2017.0	2067.0
2017.0	2064.0
2018.0	2070.0
2016.0	2065.0
2016.0	2070.0
2017.0	2067.0
2019.0	2067.0
2017.0	2069.0
2016.0	2068.0
2019.0	2066.0
2021.0	2065.0
2021.0	2067.0
2016.0	2070.0
2025.0	2065.0
2016.0	2067.0
2018.0	2072.0
2016.0	2066.0
2019.0	2067.0
2016.0	2067.0
2016.0	2068.0
2021.0	2066.0
2018.0	2067.0
2018.0	2065.0
2017.0	2068.0
2015.0	2068.0
2017.0	2068.0
2019.0	2067.0
2021.0	2065.0
2018.0	2068.0
2016.0	2072.0
2017.0	2068.0
2015.0	2069.0
2017.0	2069.0
2018.0	2066.0
2031.0	2065.0
2017.0	2068.0
2017.0	2082.0
2016.0	2067.0
2017.0	2068.0
2018.0	2069.0
2017.0	2068.0
2017.0	2067.0
2018.0	2069.0
2019.0	2064.0
2015.0	2069.0
2016.0	2069.0
2017.0	2068.0
2017.0	2069.0
2013.0	2067.0
2017.0	2071.0
2020.0	2060.0
2019.0	2066.0
2018.0	2069.0
2016.0	2069.0
2018.0	2068.0
2017.0	2067.0
2017.0	2069.0
2017.0	2065.0
2017.0	2067.0
2018.0	2067.0
2017.0	2067.0
2019.0	2066.0
2025.0	2068.0
2017.0	2067.0
2017.0	2065.0
2018.0	2065.0
2018.0	2066.0
2018.0	2069.0
2018.0	2066.0
2017.0	2068.0
2018.0	2068.0
2017.0	2071.0
2019.0	2067.0
2017.0	2067.0
2018.0	2065.0
2019.0	2066.0
2013.0	2067.0
2017.0	2066.0
2017.0	2065.0
2018.0	2068.0
2018.0	2068.0
2016.0	2068.0
2019.0	2068.0
2016.0	2068.0
2017.0	2067.0
2020.0	2070.0
2019.0	2067.0
2017.0	2068.0
2017.0	2073.0
2017.0	2069.0
2015.0	2068.0
2019.0	2066.0
2018.0	2065.0
2015.0	2067.0
2017.0	2069.0
2017.0	2068.0
2017.0	2066.0
2014.0	2067.0
2018.0	2067.0
2017.0	2064.0
2017.0	2070.0
2016.0	2069.0
2019.0	2064.0
2017.0	2068.0
2016.0	2069.0
2018.0	2069.0
2017.0	2069.0
2017.0	2068.0
2017.0	2068.0
2017.0	2070.0
2017.0	2070.0
2016.0	2068.0
2017.0	2067.0
2016.0	2073.0
2020.0	2068.0
2018.0	2066.0
2017.0	2065.0
2017.0	2066.0
2016.0	2068.0
2017.0	2066.0
2016.0	2066.0
2018.0	2067.0
2017.0	2066.0
2016.0	2070.0
2019.0	2066.0
2016.0	2069.0
2018.0	2067.0
2017.0	2071.0
2018.0	2067.0
2017.0	2069.0
2017.0	2065.0
2016.0	2068.0
2017.0	2068.0
2018.0	2067.0
2019.0	2067.0
2019.0	2066.0
2020.0	2066.0
2018.0	2067.0
2020.0	2066.0
2017.0	2068.0
2016.0	2066.0
2017.0	2064.0
2020.0	2068.0
2016.0	2068.0
2019.0	2070.0
2018.0	2066.0
2015.0	2067.0
2018.0	2066.0
2018.0	2068.0
2031.0	2066.0
2016.0	2069.0
2017.0	2067.0
2018.0	2066.0
2017.0	2070.0
2017.0	2067.0
2017.0	2068.0
2016.0	2069.0
2017.0	2068.0
2018.0	2066.0
2019.0	2068.0
2017.0	2068.0
2015.0	2068.0
2018.0	2067.0
2017.0	2068.0
2017.0	2065.0
2017.0	2067.0
2019.0	2067.0
2017.0	2067.0
2017.0	2062.0
2777.0	1991.0
2777.0	1989.0
2777.0	1982.0
2778.0	1990.0
2778.0	1991.0
2778.0	1989.0
2777.0	1990.0
2776.0	1987.0
2778.0	2001.0
2777.0	2003.0
2776.0	2005.0
2776.0	2005.0
2776.0	2003.0
2777.0	2004.0
2764.0	2002.0
2768.0	2002.0
2767.0	2001.0
2762.0	2001.0
2758.0	2002.0
2759.0	2001.0
2749.0	2003.0
2738.0	2003.0
2729.0	2003.0
2725.0	2004.0
2718.0	2002.0
2708.0	2002.0
2707.0	2005.0
2708.0	2002.0
2690.0	2013.0
2688.0	2014.0
2690.0	2015.0
2681.0	2014.0
2667.0	2017.0
2660.0	2014.0
2651.0	2027.0
2648.0	2027.0
2619.0	2029.0
2620.0	2032.0
2612.0	2039.0
2602.0	2042.0
2582.0	2046.0
2571.0	2054.0
2561.0	2053.0
2552.0	2054.0
2541.0	2068.0
2521.0	2067.0
2524.0	2067.0
2515.0	2066.0
2508.0	2066.0
2494.0	2078.0
2484.0	2073.0
2475.0	2079.0
2453.0	2092.0
2446.0	2095.0
2435.0	2092.0
2424.0	2105.0
2416.0	2104.0
2415.0	2104.0
2421.0	2105.0
2396.0	2105.0
2387.0	2112.0
2375.0	2117.0
2367.0	2120.0
2356.0	2136.0
2359.0	2130.0
2358.0	2130.0
2337.0	2130.0
2337.0	2131.0
2343.0	2144.0
2329.0	2144.0
2327.0	2156.0
2318.0	2160.0
2318.0	2157.0
2319.0	2171.0
2308.0	2172.0
2312.0	2169.0
2309.0	2171.0
2308.0	2170.0
2310.0	2184.0
2308.0	2183.0
2311.0	2179.0
2307.0	2197.0
2307.0	2196.0
2308.0	2196.0
2311.0	2195.0
2309.0	2195.0
2309.0	2210.0
2308.0	2204.0
2319.0	2208.0
2316.0	2212.0
2317.0	2217.0
2328.0	2223.0
2331.0	2223.0
2337.0	2223.0
2337.0	2240.0
2337.0	2235.0
2349.0	2235.0
2348.0	2234.0
2356.0	2235.0
2365.0	2236.0
2375.0	2249.0
2387.0	2248.0
2398.0	2249.0
2398.0	2249.0
2416.0	2245.0
2416.0	2249.0
2417.0	2248.0
2428.0	2263.0
2433.0	2262.0
2443.0	2263.0
2454.0	2263.0
2464.0	2263.0
2473.0	2261.0
2474.0	2265.0
2485.0	2280.0
2495.0	2274.0
2502.0	2274.0
2514.0	2267.0
2522.0	2274.0
2534.0	2273.0
2543.0	2276.0
2553.0	2275.0
2559.0	2286.0
2562.0	2291.0
2573.0	2286.0
2594.0	2288.0
2592.0	2288.0
2609.0	2290.0
2619.0	2288.0
2631.0	2286.0
2630.0	2287.0
2664.0	2287.0
2678.0	2287.0
2681.0	2286.0
2688.0	2287.0
2708.0	2286.0
2727.0	2286.0
2744.0	2285.0
2757.0	2287.0
2779.0	2286.0
2785.0	2273.0
2786.0	2275.0
2805.0	2275.0
2806.0	2275.0
2806.0	2277.0
2810.0	2276.0
2826.0	2274.0
2827.0	2276.0
2829.0	2273.0
2834.0	2261.0
2855.0	2260.0
2855.0	2260.0
2853.0	2260.0
2864.0	2262.0
2874.0	2260.0
2873.0	2263.0
2887.0	2247.0
2884.0	2248.0
2885.0	2246.0
2895.0	2248.0
2894.0	2246.0
2895.0	2248.0
2892.0	2247.0
2905.0	2247.0
2905.0	2237.0
2905.0	2235.0
2904.0	2233.0
2902.0	2234.0
2904.0	2237.0
2904.0	2237.0
2904.0	2220.0
2904.0	2224.0
2904.0	2225.0
2907.0	2221.0
2904.0	2223.0
2905.0	2209.0
2903.0	2210.0
2906.0	2208.0
2894.0	2210.0
2893.0	2209.0
2893.0	2208.0
2894.0	2210.0
2894.0	2194.0
2885.0	2196.0
2884.0	2196.0
2886.0	2197.0
2879.0	2198.0
2875.0	2181.0
2876.0	2183.0
2874.0	2183.0
2865.0	2187.0
2855.0	2185.0
2854.0	2185.0
2844.0	2184.0
2838.0	2183.0
2835.0	2171.0
2836.0	2178.0
2827.0	2170.0
2826.0	2171.0
2827.0	2167.0
2824.0	2171.0
2815.0	2171.0
2807.0	2170.0
2805.0	2170.0
2798.0	2158.0
2786.0	2158.0
2768.0	2157.0
2750.0	2160.0
2728.0	2148.0
2727.0	2159.0
2721.0	2151.0
2708.0	2158.0
2708.0	2160.0
2700.0	2159.0
2689.0	2144.0
2688.0	2145.0
2679.0	2145.0
2678.0	2143.0
2668.0	2145.0
2669.0	2151.0
2660.0	2144.0
2643.0	2144.0
2640.0	2146.0
2639.0	2144.0
2629.0	2145.0
2620.0	2150.0
2611.0	2143.0
2612.0	2144.0
2611.0	2149.0
2601.0	2143.0
2601.0	2129.0
2591.0	2133.0
2592.0	2130.0
2580.0	2132.0
2583.0	2129.0
2573.0	2132.0
2572.0	2131.0
2573.0	2130.0
2563.0	2130.0
2566.0	2129.0
2552.0	2131.0
2552.0	2128.0
2553.0	2131.0
2541.0	2131.0
2544.0	2126.0
2533.0	2130.0
2531.0	2131.0
2532.0	2134.0
2535.0	2130.0
2534.0	2132.0
2522.0	2133.0
2522.0	2132.0
2522.0	2133.0
2522.0	2136.0
2523.0	2133.0
2523.0	2134.0
2513.0	2130.0
2512.0	2132.0
2518.0	2131.0
2513.0	2132.0
2503.0	2129.0
2505.0	2131.0
2504.0	2132.0
2503.0	2130.0
2506.0	2130.0
2503.0	2130.0
2501.0	2124.0
2503.0	2131.0
2493.0	2142.0
2495.0	2134.0
2496.0	2143.0
2496.0	2144.0
2494.0	2144.0
2491.0	2145.0
2493.0	2144.0
2495.0	2145.0
2494.0	2145.0
2504.0	2144.0
2495.0	2145.0
2497.0	2144.0
2494.0	2145.0
2493.0	2147.0
2493.0	2161.0
2493.0	2146.0
2494.0	2144.0
2495.0	2159.0
2498.0	2146.0
2493.0	2147.0
2504.0	2146.0
2493.0	2147.0
2494.0	2144.0
2484.0	2147.0
2485.0	2142.0
2484.0	2147.0
2483.0	2148.0
2483.0	2144.0
2482.0	2130.0
2484.0	2132.0
2485.0	2132.0
2481.0	2131.0
2483.0	2130.0
2483.0	2129.0
2488.0	2132.0
2487.0	2130.0
2483.0	2128.0
2485.0	2131.0
2483.0	2130.0
2484.0	2135.0
2474.0	2130.0
2474.0	2132.0
2474.0	2126.0
2475.0	2117.0
2474.0	2118.0
2474.0	2120.0
2474.0	2120.0
2474.0	2117.0
2475.0	2117.0
2474.0	2120.0
2469.0	2119.0
2474.0	2121.0
2466.0	2117.0
2466.0	2107.0
2463.0	2107.0
2464.0	2121.0
2465.0	2104.0
2464.0	2107.0
2455.0	2113.0
2456.0	2105.0
2455.0	2106.0
2454.0	2105.0
2456.0	2105.0
2454.0	2107.0
2445.0	2093.0
2446.0	2094.0
2446.0	2092.0
2446.0	2090.0
2437.0	2093.0
2433.0	2093.0
2438.0	2093.0
2434.0	2079.0
2441.0	2079.0
2435.0	2079.0
2424.0	2080.0
2428.0	2078.0
2425.0	2081.0
2417.0	2087.0
2411.0	2080.0
2416.0	2081.0
2407.0	2069.0
2406.0	2068.0
2405.0	2068.0
2404.0	2065.0
2405.0	2067.0
2395.0	2065.0
2394.0	2066.0
2386.0	2064.0
2382.0	2067.0
2376.0	2068.0
2379.0	2050.0
2375.0	2052.0
2369.0	2054.0
2366.0	2047.0
2357.0	2054.0
2358.0	2055.0
2357.0	2048.0
2346.0	2052.0
2347.0	2053.0
2350.0	2053.0
2340.0	2040.0
2338.0	2037.0
2338.0	2038.0
2337.0	2039.0
2326.0	2043.0
2328.0	2042.0
2327.0	2039.0
2320.0	2042.0
2318.0	2039.0
2317.0	2037.0
2309.0	2041.0
2311.0	2039.0
2308.0	2046.0
2310.0	2039.0
2297.0	2051.0
2298.0	2046.0
2298.0	2039.0
2286.0	2043.0
2291.0	2041.0
2289.0	2027.0
2283.0	2029.0
2290.0	2028.0
2280.0	2026.0
2279.0	2040.0
2280.0	2042.0
2269.0	2044.0
2271.0	2025.0
2270.0	2029.0
2268.0	2025.0
2258.0	2014.0
2261.0	2028.0
2259.0	2029.0
2249.0	2028.0
2254.0	2029.0
2249.0	2024.0
2242.0	2026.0
2237.0	2026.0
2240.0	2027.0
2240.0	2028.0
2232.0	2013.0
2229.0	2015.0
2230.0	2008.0
2233.0	2016.0
2231.0	2013.0
2221.0	2023.0
2223.0	2029.0
2221.0	2028.0
2221.0	2031.0
2208.0	2027.0
2210.0	2027.0
2209.0	2038.0
2209.0	2041.0
2202.0	2040.0
2202.0	2042.0
2202.0	2039.0
2200.0	2041.0
2204.0	2041.0
2191.0	2038.0
2203.0	2040.0
2191.0	2042.0
2191.0	2039.0
2194.0	2042.0
2191.0	2041.0
2181.0	2036.0
2182.0	2042.0
2182.0	2042.0
2184.0	2039.0
2171.0	2041.0
2173.0	2040.0
2173.0	2042.0
2172.0	2053.0
2173.0	2052.0
2171.0	2052.0
2162.0	2054.0
2162.0	2052.0
2162.0	2055.0
2160.0	2050.0
2166.0	2052.0
2151.0	2052.0
2153.0	2050.0
2154.0	2053.0
2153.0	2051.0
2153.0	2057.0
2153.0	2052.0
2145.0	2054.0
2146.0	2051.0
2146.0	2053.0
2143.0	2053.0
2133.0	2051.0
2133.0	2053.0
2149.0	2053.0
2133.0	2054.0
2133.0	2055.0
2132.0	2054.0
2131.0	2053.0
2123.0	2067.0
2131.0	2064.0
2124.0	2068.0
2124.0	2066.0
2124.0	2068.0
2124.0	2066.0
2113.0	2062.0
2111.0	2067.0
2116.0	2068.0
2112.0	2070.0
2114.0	2067.0
2113.0	2052.0
2114.0	2053.0
2114.0	2052.0
2115.0	2055.0
2115.0	2055.0
2115.0	2054.0
2115.0	2053.0
2104.0	2051.0
2104.0	2054.0
2103.0	2052.0
2106.0	2054.0
2105.0	2054.0
2103.0	2053.0
2104.0	2055.0
2107.0	2052.0
2111.0	2040.0
2104.0	2040.0
2104.0	2039.0
2102.0	2041.0
2105.0	2040.0
2105.0	2047.0
2105.0	2040.0
2104.0	2043.0
2104.0	2047.0
2096.0	2043.0
2094.0	2027.0
2094.0	2028.0
2093.0	2013.0
2095.0	2016.0
2095.0	2013.0
2096.0	2013.0
2093.0	2016.0
2093.0	2015.0
2097.0	2012.0
2093.0	2013.0
2094.0	2014.0
2087.0	2000.0
2086.0	2003.0
2087.0	1999.0
2084.0	2003.0
2084.0	2002.0
2085.0	2003.0
2085.0	2002.0
2083.0	2002.0
2084.0	2002.0
2087.0	2001.0
2086.0	2002.0
2085.0	2003.0
2085.0	2002.0
2085.0	2001.0
2074.0	2004.0
2075.0	2013.0
2078.0	2003.0
2075.0	2003.0
2076.0	2001.0
2078.0	2000.0
2073.0	2003.0
2074.0	1999.0
2077.0	1989.0
2075.0	1988.0
2075.0	1989.0
2077.0	1989.0
2074.0	1988.0
2076.0	1994.0
2078.0	1989.0
2077.0	1989.0
2068.0	1987.0
2068.0	1988.0
2064.0	1988.0
2065.0	1990.0
2066.0	1988.0
2066.0	1988.0
2065.0	1989.0
2066.0	1990.0
2065.0	1986.0
2067.0	1990.0
2065.0	1987.0
2066.0	1989.0
2068.0	1988.0
2066.0	1990.0
2066.0	1987.0
2066.0	1990.0
2064.0	1987.0
2056.0	1989.0
2057.0	1990.0
2056.0	2004.0
2056.0	2005.0
2056.0	2007.0
2055.0	2002.0
2057.0	2002.0
2056.0	2000.0
2055.0	2002.0
2057.0	2001.0
2055.0	2002.0
2058.0	2003.0
2055.0	2002.0
2055.0	2003.0
2057.0	2003.0
2055.0	2001.0
2057.0	2014.0
2059.0	2012.0
2055.0	2015.0
2057.0	2016.0
2057.0	2013.0
2055.0	2016.0
2055.0	2010.0
2056.0	2027.0
2054.0	2027.0
2059.0	2030.0
2049.0	2040.0
2046.0	2040.0
2046.0	2039.0
2046.0	2040.0
2042.0	2041.0
2046.0	2039.0
2046.0	2040.0
2049.0	2042.0
2046.0	2040.0
2045.0	2041.0
2048.0	2041.0
2044.0	2052.0
2047.0	2051.0
2047.0	2052.0
2044.0	2051.0
2046.0	2052.0
2045.0	2052.0
2046.0	2052.0
2036.0	2053.0
2039.0	2052.0
2037.0	2053.0
2038.0	2051.0
2040.0	2054.0
2036.0	2056.0
2037.0	2052.0
2041.0	2053.0
2036.0	2052.0
2038.0	2053.0
2040.0	2053.0
2036.0	2053.0
2037.0	2048.0
2042.0	2052.0
2037.0	2053.0
2035.0	2054.0
2039.0	2053.0
2037.0	2055.0
2036.0	2059.0
2032.0	2054.0
2035.0	2053.0
2035.0	2058.0
2038.0	2051.0
2037.0	2052.0
2036.0	2059.0
2033.0	2053.0
2037.0	2052.0
2035.0	2063.0
2032.0	2051.0
2039.0	2053.0
2036.0	2062.0
2039.0	2052.0
2036.0	2052.0
2039.0	2060.0
2036.0	2054.0
2037.0	2051.0
2036.0	2063.0
2034.0	2053.0
2039.0	2052.0
2036.0	2061.0
2034.0	2052.0
2039.0	2053.0
2037.0	2048.0
2042.0	2052.0
2036.0	2053.0
2037.0	2050.0
2044.0	2055.0
2036.0	2053.0
2027.0	2053.0
2030.0	2054.0
2028.0	2053.0
2028.0	2053.0
2028.0	2042.0
2026.0	2041.0
2029.0	2041.0
2026.0	2042.0
2026.0	2039.0
2026.0	2042.0
2025.0	2041.0
2028.0	2041.0
2027.0	2041.0
2025.0	2042.0
2026.0	2041.0
2026.0	2043.0
2025.0	2039.0
2026.0	2040.0
2020.0	2039.0
2017.0	2041.0
2019.0	2029.0
2016.0	2029.0
2018.0	2028.0
2016.0	2028.0
2017.0	2015.0
2016.0	2015.0
2016.0	2016.0
2019.0	2013.0
2016.0	2014.0
2016.0	2017.0
2016.0	2013.0
2017.0	2017.0
2013.0	2018.0
2016.0	2016.0
2016.0	2015.0
2018.0	2014.0
2017.0	2014.0
2008.0	2015.0
2008.0	2013.0
2008.0	2014.0
2006.0	2013.0
2007.0	2021.0
2007.0	2015.0
2007.0	2016.0
2007.0	2019.0
2006.0	2014.0
2007.0	2016.0
2008.0	2014.0
2006.0	2016.0
2007.0	2016.0
2007.0	2017.0
2006.0	2016.0
2011.0	2014.0
2007.0	2017.0
2008.0	2016.0
2008.0	2015.0
2008.0	2015.0
2009.0	2013.0
2007.0	2017.0
2007.0	2010.0
2008.0	2015.0
2007.0	2015.0
2009.0	2017.0
2008.0	2017.0
2008.0	2014.0
2009.0	2025.0
2008.0	2016.0
2006.0	2016.0
2006.0	2011.0
2010.0	2016.0
2008.0	2015.0
2008.0	2012.0
2018.0	2015.0
2006.0	2017.0
2006.0	2015.0
2010.0	2016.0
2007.0	2017.0
2007.0	2014.0
2005.0	2015.0
2007.0	2014.0
2008.0	2013.0
2007.0	2015.0
2006.0	2018.0
2007.0	2015.0
2007.0	2017.0
2008.0	2015.0
2008.0	2014.0
2009.0	2016.0
2006.0	2016.0
2009.0	2014.0
2008.0	2016.0
2007.0	2015.0
2006.0	2014.0
2007.0	2017.0
2007.0	2014.0
2010.0	2014.0
2008.0	2016.0
2008.0	2010.0
2007.0	2015.0
2008.0	2015.0
2007.0	2021.0
2008.0	2014.0
2007.0	2017.0
2007.0	2022.0
2011.0	2015.0
2005.0	2015.0
2007.0	2015.0
2007.0	2016.0
2009.0	2017.0
2008.0	2012.0
2003.0	2014.0
2009.0	2002.0
2006.0	2000.0
2007.0	2002.0
2008.0	2003.0
2017.0	2001.0
2017.0	2000.0
2017.0	2004.0
2018.0	2000.0
2017.0	2002.0
2018.0	2002.0
2016.0	2001.0
2017.0	2003.0
2017.0	1996.0
2017.0	2003.0
2017.0	2004.0
2019.0	2005.0
2018.0	2002.0
2017.0	2002.0
2020.0	2000.0
2021.0	2001.0
2017.0	2000.0
2019.0	1999.0
2032.0	2002.0
2016.0	2002.0
2017.0	2003.0
2014.0	2001.0
2017.0	2004.0
2017.0	2003.0
2017.0	2004.0
2017.0	2004.0
2018.0	2001.0
2018.0	2002.0
2013.0	2007.0
2017.0	2003.0
2019.0	2001.0
2017.0	1995.0
2020.0	1999.0
2017.0	2002.0
2007.0	1999.0
2007.0	2002.0
2007.0	2001.0
2006.0	1999.0
2010.0	2003.0
2007.0	2003.0
2007.0	2002.0
2010.0	2003.0
2008.0	2001.0
2007.0	2003.0
2005.0	2002.0
2007.0	2002.0
2007.0	2002.0
2005.0	2005.0
2008.0	2001.0
2006.0	2003.0
2006.0	2003.0
2009.0	2001.0
2007.0	2003.0
2007.0	2004.0
2008.0	2001.0
2006.0	2004.0
2008.0	2002.0
2007.0	2018.0
2008.0	2004.0
2006.0	2002.0
2007.0	2017.0
2018.0	2001.0
2007.0	2000.0
2009.0	2000.0
2005.0	2005.0
2007.0	2002.0
2008.0	2002.0
2009.0	2003.0
1997.0	2002.0
2001.0	2002.0
1998.0	2001.0
1997.0	2009.0
1999.0	2002.0
2000.0	2000.0
1999.0	2008.0
1999.0	2003.0
1999.0	2002.0
2002.0	2002.0
2000.0	2005.0
1999.0	2002.0
1999.0	2001.0
2000.0	2003.0
1999.0	2004.0
2000.0	1998.0
2000.0	2003.0
1997.0	2002.0
2000.0	2004.0
1999.0	2003.0
2000.0	2004.0
1999.0	2001.0
1998.0	2002.0
2000.0	1999.0
2000.0	2004.0
1968.0	2002.0
1997.0	1999.0
1997.0	2001.0
1998.0	2002.0
1998.0	2003.0
1997.0	2003.0
1998.0	2001.0
1998.0	2001.0
1999.0	2002.0
1999.0	2006.0
1997.0	2003.0
1999.0	2002.0
2007.0	1995.0
2010.0	2001.0
2007.0	2000.0
2007.0	2009.0
2014.0	2002.0
2006.0	2001.0
2007.0	1997.0
2006.0	2004.0
2005.0	2003.0
2006.0	2001.0
2007.0	2001.0
2009.0	2001.0
2008.0	2001.0
2007.0	2002.0
2007.0	2006.0
2008.0	2002.0
2006.0	2002.0
2008.0	1998.0
2008.0	2001.0
2007.0	2001.0
2006.0	2001.0
2005.0	2004.0
2009.0	2002.0
2007.0	2001.0
2009.0	2002.0
2010.0	2000.0
2009.0	2002.0
2007.0	2002.0
2009.0	2006.0
2006.0	2001.0
2007.0	2001.0
2006.0	2003.0
2011.0	2001.0
2008.0	2000.0
2006.0	2003.0
2005.0	2002.0
2008.0	2003.0
2006.0	2003.0
2008.0	2000.0
2007.0	2001.0
2008.0	2004.0
2007.0	2001.0
2006.0	2000.0
2007.0	2002.0
2007.0	2003.0
2007.0	2001.0
2014.0	2003.0
2009.0	2000.0
2008.0	2000.0
2008.0	2002.0
2009.0	2003.0
2007.0	2004.0
2006.0	2005.0
2008.0	2008.0
2003.0	2002.0
2006.0	2004.0
2007.0	2000.0
2007.0	2003.0
2009.0	2002.0
2008.0	2001.0
2008.0	2003.0
2007.0	2001.0
2008.0	2000.0
2006.0	2002.0
2007.0	2013.0
2008.0	2003.0
2007.0	2003.0
2008.0	2002.0
2008.0	2002.0
2007.0	2005.0
2007.0	2003.0
2007.0	2002.0
2007.0	2000.0
2008.0	2001.0
2007.0	2005.0
2008.0	2006.0
2012.0	2003.0
2007.0	2002.0
2006.0	2000.0
2008.0	2003.0
2007.0	2003.0
2009.0	2002.0
2008.0	2003.0
2007.0	2003.0
2008.0	2002.0
2006.0	2001.0
2006.0	2013.0
2019.0	2000.0
2000.0	2001.0
2007.0	2002.0
2007.0	2002.0
2007.0	2000.0
2010.0	2001.0
2007.0	2004.0
2007.0	2007.0
2014.0	2002.0
2007.0	2003.0
2007.0	1999.0
2006.0	2004.0
2007.0	2000.0
2006.0	2001.0
2008.0	2001.0
2009.0	2002.0
2010.0	2001.0
2007.0	2001.0
2007.0	2001.0
2001.0	2001.0
2007.0	2004.0
2007.0	1997.0
2006.0	2003.0
2008.0	2000.0
2008.0	2000.0
2007.0	2000.0
2006.0	2000.0
2014.0	2002.0
2010.0	2000.0
2009.0	2002.0
2006.0	2002.0
2007.0	2001.0
2008.0	2003.0
2006.0	2001.0
2006.0	1999.0
2007.0	2003.0
2007.0	2004.0
2008.0	1997.0
2006.0	2001.0
2006.0	1999.0
2006.0	2002.0
2007.0	2002.0
2017.0	2007.0
2014.0	2001.0
2018.0	2002.0
2019.0	2000.0
2015.0	2001.0
2018.0	2001.0
2017.0	2005.0
2020.0	2000.0
2018.0	1997.0
2016.0	2001.0
2007.0	2003.0
2017.0	2002.0
2023.0	2002.0
2017.0	2005.0
2017.0	2004.0
2017.0	2002.0
2017.0	1997.0
2018.0	2001.0
2017.0	2001.0
2019.0	2008.0
2021.0	2002.0
2018.0	2003.0
2019.0	2002.0
2016.0	2004.0
2019.0	2001.0
2017.0	2002.0
2018.0	2003.0
2019.0	2000.0
2018.0	2002.0
2018.0	2003.0
2017.0	2001.0
2017.0	2005.0
2018.0	2000.0
2017.0	2001.0
2017.0	2000.0
2017.0	1997.0
2020.0	2003.0
2017.0	2002.0
2019.0	1999.0
2016.0	2004.0
2017.0	1996.0
2016.0	2000.0
2019.0	2000.0
2017.0	2001.0
2020.0	2002.0
2020.0	2001.0
2015.0	2000.0
2017.0	2002.0
2017.0	2000.0
2020.0	2001.0
2016.0	2004.0
2017.0	1993.0
2023.0	2002.0
2019.0	2004.0
2017.0	2002.0
2017.0	2002.0
2016.0	2001.0
2016.0	2004.0
2020.0	2001.0
2017.0	1997.0
2019.0	2002.0
2018.0	2001.0
2019.0	2002.0
2018.0	2003.0
2020.0	2005.0
2021.0	2003.0
2017.0	2003.0
2018.0	2000.0
2017.0	2002.0
2016.0	2003.0
2019.0	2003.0
2016.0	2001.0
2016.0	2003.0
2015.0	2003.0
2017.0	2003.0
2016.0	2003.0
2015.0	2003.0
2017.0	2006.0
2017.0	2003.0
2024.0	2002.0
2018.0	2006.0
2013.0	2001.0
2017.0	2001.0
2017.0	2004.0
2016.0	2000.0
2016.0	2001.0
2016.0	2003.0
2017.0	2005.0
2019.0	2016.0
2014.0	2001.0
2016.0	2002.0
2019.0	2002.0
2017.0	2004.0
2018.0	2020.0
2009.0	2015.0
2006.0	2015.0
2007.0	2020.0
2009.0	2028.0
1999.0	2028.0
1997.0	2041.0
1987.0	2040.0
1987.0	2056.0
1981.0	2066.0
1967.0	2069.0
1960.0	2078.0
1954.0	2079.0
1960.0	2080.0
1950.0	2093.0
1940.0	2094.0
1931.0	2103.0
1929.0	2105.0
1921.0	2118.0
1910.0	2117.0
1910.0	2119.0
1891.0	2126.0
1893.0	2131.0
1885.0	2147.0
1874.0	2153.0
1877.0	2158.0
1861.0	2169.0
1856.0	2171.0
1845.0	2182.0
1843.0	2177.0
1847.0	2180.0
1835.0	2196.0
1838.0	2194.0
1823.0	2195.0
1827.0	2211.0
1816.0	2210.0
1816.0	2207.0
1806.0	2224.0
1807.0	2221.0
1797.0	2222.0
1796.0	2222.0
1796.0	2236.0
1789.0	2240.0
1788.0	2235.0
1785.0	2235.0
1779.0	2248.0
1776.0	2249.0
1778.0	2250.0
1780.0	2249.0
1770.0	2249.0
1768.0	2245.0
1767.0	2248.0
1767.0	2252.0
1758.0	2251.0
1759.0	2249.0
1758.0	2251.0
1761.0	2248.0
1759.0	2254.0
1757.0	2249.0
1757.0	2248.0
1760.0	2247.0
1763.0	2247.0
1750.0	2246.0
1750.0	2248.0
1750.0	2248.0
1748.0	2245.0
1757.0	2247.0
1748.0	2249.0
1749.0	2249.0
1750.0	2254.0
1749.0	2246.0
1752.0	2238.0
1749.0	2237.0
1750.0	2233.0
1749.0	2236.0
1750.0	2241.0
1750.0	2223.0
1759.0	2223.0
1761.0	2221.0
1758.0	2221.0
1759.0	2211.0
1760.0	2209.0
1759.0	2208.0
1758.0	2209.0
1760.0	2197.0
1769.0	2195.0
1769.0	2196.0
1770.0	2182.0
1768.0	2183.0
1767.0	2184.0
1768.0	2183.0
1778.0	2170.0
1778.0	2170.0
1777.0	2171.0
1778.0	2157.0
1782.0	2152.0
1780.0	2156.0
1787.0	2142.0
1786.0	2144.0
1787.0	2143.0
1786.0	2129.0
1797.0	2130.0
1796.0	2130.0
1797.0	2118.0
1791.0	2118.0
1796.0	2105.0
1798.0	2104.0
1805.0	2104.0
1804.0	2109.0
1806.0	2094.0
1807.0	2089.0
1816.0	2092.0
1815.0	2080.0
1816.0	2079.0
1809.0	2082.0
1817.0	2068.0
1816.0	2068.0
1823.0	2068.0
1827.0	2066.0
1826.0	2051.0
1825.0	2055.0
1824.0	2053.0
1824.0	2056.0
1834.0	2046.0
1848.0	2038.0
1836.0	2040.0
1836.0	2040.0
1835.0	2029.0
1835.0	2014.0
1838.0	2014.0
1835.0	2014.0
1844.0	2002.0
1845.0	2003.0
1843.0	1996.0
1853.0	2002.0
1845.0	2000.0
1845.0	2002.0
1844.0	1990.0
1843.0	1990.0
1844.0	1989.0
1844.0	1988.0
1854.0	1988.0
1857.0	1986.0
1855.0	2000.0
1852.0	1987.0
1853.0	1976.0
1854.0	1976.0
1854.0	1974.0
1854.0	1974.0
1862.0	1974.0
1862.0	1978.0
1862.0	1975.0
1864.0	1975.0
1863.0	1975.0
1863.0	1975.0
1862.0	1972.0
1863.0	1975.0
1864.0	1974.0
1863.0	1977.0
1861.0	1976.0
1865.0	1977.0
1861.0	1976.0
1862.0	1975.0
1862.0	1973.0
1865.0	1976.0
1863.0	1976.0
1864.0	1975.0
1872.0	1975.0
1873.0	1976.0
1873.0	1975.0
1872.0	1977.0
1873.0	1978.0
1874.0	1977.0
1873.0	1976.0
1874.0	1976.0
1875.0	1993.0
1879.0	1989.0
1874.0	1984.0
1873.0	1989.0
1873.0	1992.0
1875.0	1986.0
1877.0	1989.0
1874.0	1992.0
1873.0	1990.0
1874.0	1986.0
1872.0	1987.0
1871.0	1988.0
1872.0	2001.0
1872.0	2002.0
1872.0	1999.0
1873.0	2003.0
1872.0	2004.0
1874.0	1978.0
1870.0	2001.0
1872.0	2002.0
1874.0	2001.0
1872.0	2001.0
1873.0	2018.0
1872.0	2003.0
1874.0	2000.0
1873.0	2003.0
1874.0	2014.0
1873.0	2014.0
1886.0	2014.0
1884.0	2015.0
1883.0	2015.0
1884.0	2016.0
1884.0	2017.0
1882.0	2016.0
1882.0	2010.0
1885.0	2017.0
1882.0	2017.0
1883.0	2014.0
1883.0	2015.0
1884.0	2026.0
1888.0	2016.0
1884.0	2016.0
1882.0	2015.0
1883.0	2011.0
1883.0	2014.0
1885.0	2015.0
1885.0	2017.0
1882.0	2015.0
1882.0	2015.0
1886.0	2013.0
1882.0	2013.0
1883.0	2006.0
1886.0	2013.0
1883.0	2015.0
1883.0	2013.0
1882.0	2015.0
1885.0	2026.0
1885.0	2015.0
1882.0	2017.0
1886.0	2013.0
1882.0	2015.0
1883.0	2015.0
1883.0	2014.0
1884.0	2014.0
1885.0	2013.0
1882.0	2015.0
1882.0	2016.0
1882.0	2014.0
1882.0	2018.0
1884.0	2014.0
1884.0	2015.0
1884.0	2012.0
1883.0	2013.0
1883.0	2012.0
1878.0	2005.0
1882.0	2003.0
1884.0	2001.0
1882.0	2003.0
1886.0	2000.0
1882.0	2002.0
1882.0	2003.0
1884.0	2002.0
1884.0	2002.0
1883.0	2002.0
1890.0	2001.0
1892.0	1999.0
1894.0	2001.0
1894.0	1992.0
1893.0	1986.0
1891.0	1990.0
1893.0	1990.0
1891.0	1990.0
1894.0	1979.0
1896.0	1990.0
1903.0	1987.0
1900.0	1988.0
1910.0	1988.0
1914.0	1984.0
1912.0	1988.0
1922.0	1988.0
1921.0	1988.0
1922.0	1989.0
1921.0	1988.0
1920.0	1987.0
1921.0	1988.0
1922.0	1987.0
1920.0	1988.0
1930.0	1989.0
1929.0	1989.0
1930.0	1986.0
1933.0	1991.0
1929.0	1992.0
1944.0	1987.0
1940.0	1988.0
1941.0	1987.0
1941.0	1989.0
1940.0	1991.0
1942.0	1988.0
1942.0	1989.0
1949.0	1989.0
1950.0	1990.0
1948.0	1988.0
1944.0	1987.0
1943.0	1985.0
1949.0	1987.0
1950.0	1989.0
1963.0	1990.0
1958.0	1990.0
1959.0	1989.0
1963.0	1988.0
1961.0	1989.0
1961.0	1987.0
1960.0	1989.0
1960.0	1987.0
1969.0	1988.0
1970.0	1987.0
1971.0	1990.0
1969.0	1990.0
1968.0	1989.0
1969.0	1987.0
1969.0	1996.0
1971.0	1988.0
1980.0	1989.0
1979.0	1990.0
1978.0	1989.0
1978.0	1987.0
1977.0	1988.0
1979.0	1992.0
1977.0	1988.0
1978.0	1987.0
1981.0	1987.0
1982.0	1988.0
1989.0	1987.0
1985.0	1989.0
1988.0	1994.0
1987.0	1989.0
1986.0	1989.0
1990.0	1987.0
1988.0	1987.0
1986.0	1990.0
2000.0	1988.0
1988.0	1991.0
1997.0	1987.0
1996.0	1987.0
1998.0	1986.0
1997.0	1988.0
1999.0	1990.0
2006.0	1988.0
2007.0	1990.0
2007.0	1987.0
2008.0	1989.0
2007.0	1985.0
2006.0	1988.0
2007.0	1992.0
2007.0	1989.0
2007.0	1989.0
2007.0	1987.0
2008.0	1988.0
2008.0	1993.0
2008.0	1989.0
2007.0	1987.0
2009.0	1990.0
2017.0	1987.0
2017.0	1987.0
2016.0	1988.0
2018.0	1994.0
2017.0	1989.0
2019.0	1989.0
2017.0	1988.0
2018.0	1988.0
2019.0	1988.0
2018.0	1987.0
2017.0	1992.0
2029.0	1987.0
2026.0	1989.0
2027.0	1988.0
2027.0	1987.0
2026.0	1988.0
2025.0	1990.0
2026.0	1992.0
2028.0	1988.0
2027.0	1988.0
2028.0	2001.0
2026.0	2002.0
2026.0	1999.0
2022.0	2000.0
2027.0	2003.0
2027.0	2002.0
2028.0	2004.0
2028.0	2002.0
2026.0	2001.0
2027.0	2005.0
2025.0	2000.0
2027.0	1999.0
2026.0	2002.0
2026.0	2003.0
2034.0	2000.0
2036.0	2003.0
2036.0	2015.0
2037.0	2017.0
2036.0	2012.0
2035.0	2015.0
2037.0	2016.0
2034.0	2012.0
2038.0	2015.0
2036.0	2013.0
2039.0	2014.0
2038.0	2014.0
2037.0	2014.0
2036.0	2013.0
2040.0	2018.0
2038.0	2014.0
2035.0	2017.0
2036.0	2015.0
2036.0	2015.0
2037.0	2014.0
2036.0	2013.0
2036.0	2021.0
2034.0	2017.0
2039.0	2013.0
2037.0	2014.0
2037.0	2015.0
2038.0	2015.0
2036.0	2014.0
2036.0	2019.0
2036.0	2014.0
2036.0	2020.0
2046.0	2016.0
2044.0	2015.0
2047.0	2013.0
2045.0	2013.0
2045.0	2019.0
2044.0	2014.0
2045.0	2014.0
2048.0	2013.0
2046.0	2013.0
2045.0	2014.0
2045.0	2014.0
2045.0	2017.0
2044.0	2014.0
2046.0	2016.0
2046.0	2013.0
2045.0	2014.0
2047.0	2013.0
2045.0	2014.0
2046.0	2018.0
2045.0	2013.0
2045.0	2013.0
2047.0	2015.0
2047.0	2015.0
2045.0	2013.0
2045.0	2016.0
2046.0	2013.0
2044.0	2013.0
2057.0	2014.0
2060.0	2015.0
2055.0	2014.0
2055.0	2015.0
2057.0	2014.0
2056.0	2012.0
2056.0	2014.0
2055.0	2020.0
2059.0	2013.0
2056.0	2014.0
2064.0	2015.0
2067.0	2016.0
2066.0	2003.0
2065.0	2003.0
2067.0	2010.0
2080.0	2001.0
2067.0	2002.0
2065.0	2003.0
2066.0	2002.0
2065.0	2004.0
2077.0	1999.0
2076.0	2018.0
2072.0	1999.0
2074.0	2000.0
2077.0	2003.0
2076.0	2002.0
2074.0	1999.0
2075.0	2003.0
2084.0	2002.0
2086.0	2004.0
2084.0	2000.0
2083.0	1999.0
2093.0	2000.0
2096.0	2002.0
2105.0	2003.0
2105.0	2001.0
2105.0	2001.0
2104.0	2003.0
2113.0	2003.0
2114.0	1995.0
2134.0	2001.0
2132.0	2002.0
2145.0	2004.0
2152.0	2002.0
2153.0	2003.0
2162.0	2014.0
2172.0	2013.0
2170.0	2014.0
2185.0	2018.0
2178.0	2014.0
2191.0	2019.0
2202.0	2014.0
2200.0	2015.0
2210.0	2014.0
2210.0	2027.0
2223.0	2025.0
2229.0	2040.0
2230.0	2042.0
2229.0	2040.0
2240.0	2041.0
2240.0	2041.0
2249.0	2040.0
2258.0	2039.0
2259.0	2042.0
2269.0	2054.0
2282.0	2039.0
2278.0	2038.0
2279.0	2039.0
2289.0	2041.0
2288.0	2039.0
2298.0	2039.0
2309.0	2040.0
2307.0	2040.0
2317.0	2039.0
2333.0	2040.0
2329.0	2041.0
2338.0	2040.0
2336.0	2038.0
2337.0	2041.0
2347.0	2040.0
2359.0	2039.0
2358.0	2038.0
2365.0	2041.0
2377.0	2039.0
2386.0	2036.0
2388.0	2041.0
2395.0	2040.0
2394.0	2042.0
2395.0	2041.0
2407.0	2038.0
2405.0	2031.0
2418.0	2045.0
2420.0	2041.0
2426.0	2039.0
2427.0	2039.0
2425.0	2041.0
2427.0	2040.0
2434.0	2040.0
2434.0	2039.0
2435.0	2039.0
2445.0	2052.0
2444.0	2042.0
2445.0	2044.0
2457.0	2039.0
2454.0	2041.0
2456.0	2041.0
2457.0	2039.0
2454.0	2040.0
2463.0	2041.0
2464.0	2040.0
2464.0	2040.0
2463.0	2039.0
2465.0	2040.0
2464.0	2037.0
2462.0	2039.0
2466.0	2039.0
2467.0	2039.0
2473.0	2042.0
2473.0	2041.0
2475.0	2040.0
2476.0	2041.0
2475.0	2039.0
2475.0	2039.0
2474.0	2040.0
2477.0	2039.0
2475.0	2038.0
2475.0	2040.0
2471.0	2041.0
2474.0	2039.0
2470.0	2040.0
2475.0	2044.0
2477.0	2039.0
2475.0	2039.0
2476.0	2040.0
2475.0	2039.0
2474.0	2042.0
2473.0	2040.0
2445.0	2040.0
2474.0	2040.0
2473.0	2038.0
2473.0	2041.0
2476.0	2038.0
2480.0	2040.0
2474.0	2041.0
2478.0	2039.0
2474.0	2043.0
2465.0	2038.0
2465.0	2039.0
2464.0	2039.0
2463.0	2042.0
2466.0	2038.0
2463.0	2041.0
2455.0	2031.0
2453.0	2040.0
2456.0	2046.0
2443.0	2042.0
2445.0	2043.0
2434.0	2042.0
2436.0	2042.0
2437.0	2041.0
2426.0	2028.0
2427.0	2028.0
2417.0	2026.0
2414.0	2029.0
2416.0	2015.0
2406.0	2020.0
2407.0	2017.0
2413.0	2010.0
2382.0	2014.0
2377.0	2006.0
2382.0	2001.0
2375.0	1998.0
2366.0	2001.0
2356.0	2002.0
2348.0	2001.0
2347.0	2002.0
2339.0	1999.0
2329.0	1989.0
2328.0	1990.0
2317.0	1987.0
2308.0	1995.0
2310.0	1987.0
2299.0	1989.0
2297.0	1986.0
2291.0	1987.0
2278.0	1978.0
2280.0	1979.0
2269.0	1976.0
2261.0	1975.0
2259.0	1970.0
2241.0	1975.0
2239.0	1979.0
2239.0	1963.0
2230.0	1963.0
2224.0	1961.0
2210.0	1964.0
2210.0	1964.0
2202.0	1967.0
2191.0	1962.0
2192.0	1964.0
2185.0	1950.0
2181.0	1950.0
2173.0	1948.0
2162.0	1951.0
2152.0	1964.0
2140.0	1949.0
2133.0	1952.0
2131.0	1949.0
2126.0	1954.0
2124.0	1950.0
2112.0	1950.0
2104.0	1949.0
2105.0	1940.0
2095.0	1936.0
2085.0	1938.0
2075.0	1935.0
2074.0	1937.0
2065.0	1942.0
2059.0	1939.0
2055.0	1938.0
2056.0	1938.0
2046.0	1938.0
2048.0	1936.0
2036.0	1939.0
2026.0	1937.0
2029.0	1936.0
2017.0	1937.0
2016.0	1936.0
2007.0	1942.0
2006.0	1937.0
2009.0	1941.0
1995.0	1935.0
1998.0	1938.0
1986.0	1936.0
1989.0	1938.0
1987.0	1937.0
1978.0	1939.0
1976.0	1938.0
1970.0	1936.0
1968.0	1937.0
1970.0	1938.0
1969.0	1937.0
1959.0	1938.0
1961.0	1937.0
1959.0	1949.0
1959.0	1949.0
1943.0	1949.0
1948.0	1951.0
1947.0	1949.0
1950.0	1950.0
1948.0	1950.0
1949.0	1947.0
1941.0	1950.0
1940.0	1951.0
1942.0	1950.0
1939.0	1952.0
1942.0	1950.0
1942.0	1950.0
1942.0	1949.0
1940.0	1950.0
1931.0	1959.0
1929.0	1963.0
1930.0	1968.0
1934.0	1964.0
1930.0	1963.0
1932.0	1961.0
1932.0	1960.0
1931.0	1964.0
1930.0	1964.0
1931.0	1963.0
1931.0	1962.0
1931.0	1961.0
1930.0	1963.0
1928.0	1975.0
1930.0	1975.0
1931.0	1974.0
1929.0	1977.0
1932.0	1980.0
1929.0	1974.0
1931.0	1975.0
1933.0	1975.0
1931.0	1974.0
1930.0	1974.0
1930.0	1976.0
1930.0	1988.0
1931.0	1990.0
1930.0	1988.0
1930.0	1990.0
1931.0	1989.0
1929.0	1989.0
1930.0	1989.0
1928.0	1988.0
1930.0	1986.0
1930.0	1989.0
1929.0	1993.0
1929.0	1988.0
1930.0	1993.0
1934.0	1987.0
1929.0	1989.0
1931.0	1987.0
1931.0	1991.0
1930.0	1987.0
1931.0	1990.0
1929.0	1990.0
1931.0	1987.0
1929.0	1988.0
1929.0	1990.0
1932.0	2002.0
1930.0	2001.0
1931.0	2001.0
1929.0	2004.0
1932.0	2000.0
1930.0	2001.0
1931.0	2015.0
1927.0	2002.0
1931.0	1994.0
1939.0	2001.0
1932.0	2003.0
1931.0	2002.0
1930.0	2002.0
1929.0	2002.0
1931.0	2002.0
1930.0	2001.0
1931.0	2003.0
1931.0	2002.0
1930.0	2002.0
1928.0	2001.0
1930.0	2001.0
1930.0	2003.0
1929.0	2003.0
1931.0	2000.0
1929.0	2002.0
1930.0	2000.0
1931.0	2003.0
1931.0	2002.0
1928.0	1999.0
1930.0	2006.0
1933.0	2002.0
1931.0	2004.0
1927.0	2002.0
1929.0	2002.0
1929.0	2002.0
1931.0	2003.0
1933.0	2002.0
1930.0	2001.0
1922.0	2002.0
1920.0	2002.0
1921.0	2003.0
1922.0	2003.0
1921.0	2001.0
1920.0	2000.0
1920.0	2003.0
1921.0	2004.0
1923.0	2003.0
1922.0	2002.0
1920.0	2000.0
1920.0	2001.0
1920.0	1998.0
1921.0	2005.0
1921.0	2003.0
1919.0	2003.0
1922.0	2005.0
1918.0	2002.0
1923.0	1999.0
1920.0	2004.0
1920.0	1993.0
1923.0	2002.0
1922.0	2001.0
1920.0	2002.0
1921.0	2017.0
1921.0	2015.0
1922.0	2014.0
1921.0	2013.0
1921.0	2015.0
1921.0	2015.0
1923.0	2015.0
1922.0	2014.0
1922.0	2016.0
1920.0	2014.0
1920.0	2013.0
1921.0	2018.0
1920.0	2014.0
1922.0	2028.0
1917.0	2014.0
1921.0	2015.0
1924.0	2015.0
1921.0	2017.0
1923.0	2015.0
1921.0	2015.0
1921.0	2016.0
1920.0	2012.0
1923.0	2014.0
1922.0	2017.0
1922.0	2015.0
1920.0	2029.0
1921.0	2026.0
1923.0	2040.0
1921.0	2040.0
1920.0	2042.0
1921.0	2042.0
1922.0	2040.0
1920.0	2042.0
1922.0	2039.0
1923.0	2041.0
1921.0	2042.0
1920.0	2036.0
1922.0	2041.0
1922.0	2038.0
1920.0	2040.0
1922.0	2052.0
1918.0	2040.0
1919.0	2047.0
1924.0	2054.0
1924.0	2053.0
1929.0	2055.0
1921.0	2059.0
1925.0	2052.0
1930.0	2039.0
1931.0	2040.0
1930.0	2038.0
1939.0	2039.0
1951.0	2040.0
1969.0	2039.0
1977.0	2041.0
1997.0	2056.0
2007.0	2052.0
2026.0	2054.0
2026.0	2055.0
2066.0	2054.0
2067.0	2055.0
2086.0	2066.0
2105.0	2067.0
2125.0	2067.0
2144.0	2066.0
2162.0	2079.0
2183.0	2079.0
2201.0	2079.0
2200.0	2078.0
2220.0	2077.0
2242.0	2094.0
2260.0	2104.0
2278.0	2095.0
2288.0	2099.0
2309.0	2094.0
2330.0	2100.0
2345.0	2104.0
2359.0	2104.0
2355.0	2103.0
2385.0	2107.0
2392.0	2106.0
2416.0	2105.0
2423.0	2116.0
2435.0	2119.0
2454.0	2118.0
2465.0	2116.0
2476.0	2119.0
2485.0	2118.0
2483.0	2121.0
2483.0	2120.0
2494.0	2105.0
2496.0	2102.0
2496.0	2105.0
2494.0	2093.0
2483.0	2092.0
2483.0	2092.0
2483.0	2089.0
2483.0	2079.0
2483.0	2080.0
2475.0	2079.0
2473.0	2079.0
2475.0	2066.0
2464.0	2066.0
2464.0	2066.0
2455.0	2066.0
2445.0	2066.0
2445.0	2067.0
2435.0	2054.0
2434.0	2052.0
2425.0	2051.0
2416.0	2039.0
2404.0	2041.0
2394.0	2040.0
2388.0	2038.0
2374.0	2027.0
2356.0	2027.0
2355.0	2027.0
2346.0	2013.0
2337.0	2015.0
2329.0	2009.0
2318.0	2003.0
2309.0	2003.0
2288.0	2002.0
2279.0	2001.0
2269.0	2000.0
2258.0	1994.0
2260.0	1991.0
2239.0	1989.0
2230.0	1988.0
2221.0	1985.0
2211.0	1988.0
2203.0	1990.0
2180.0	1975.0
2171.0	1983.0
2170.0	1972.0
2142.0	1970.0
2140.0	1961.0
2123.0	1965.0
2116.0	1965.0
2104.0	1964.0
2092.0	1963.0
2077.0	1956.0
2070.0	1963.0
2056.0	1965.0
2059.0	1964.0
2026.0	1953.0
2029.0	1951.0
2017.0	1945.0
2012.0	1950.0
1998.0	1947.0
1990.0	1949.0
1978.0	1953.0
1979.0	1950.0
1957.0	1955.0
1961.0	1948.0
1950.0	1964.0
1953.0	1938.0
1933.0	1944.0
1921.0	1937.0
1903.0	1933.0
1889.0	1939.0
1885.0	1936.0
1871.0	1936.0
1874.0	1932.0
1867.0	1937.0
1863.0	1934.0
1854.0	1938.0
1846.0	1936.0
1843.0	1936.0
1833.0	1936.0
1828.0	1940.0
1827.0	1949.0
1824.0	1951.0
1816.0	1950.0
1816.0	1952.0
1815.0	1950.0
1805.0	1949.0
1807.0	1950.0
1796.0	1950.0
1798.0	1950.0
1795.0	1951.0
1788.0	1949.0
1787.0	1951.0
1786.0	1962.0
1789.0	1962.0
1785.0	1963.0
1787.0	1963.0
1789.0	1962.0
1786.0	1962.0
1787.0	1964.0
1787.0	1962.0
1787.0	1961.0
1787.0	1963.0
1788.0	1974.0
1786.0	1976.0
1787.0	1976.0
1786.0	1978.0
1785.0	1975.0
1787.0	1987.0
1788.0	1989.0
1786.0	1988.0
1797.0	1987.0
1797.0	1986.0
1797.0	1985.0
1797.0	1991.0
1806.0	2003.0
1807.0	1997.0
1808.0	2003.0
1805.0	2004.0
1810.0	2002.0
1818.0	2007.0
1813.0	2014.0
1815.0	2016.0
1825.0	2014.0
1824.0	2021.0
1824.0	2017.0
1836.0	2028.0
1834.0	2029.0
1835.0	2038.0
1842.0	2043.0
1843.0	2041.0
1854.0	2041.0
1852.0	2040.0
1853.0	2040.0
1862.0	2040.0
1862.0	2040.0
1864.0	2040.0
1873.0	2039.0
1872.0	2041.0
1874.0	2056.0
1873.0	2052.0
1884.0	2054.0
1885.0	2053.0
1892.0	2055.0
1902.0	2052.0
1912.0	2052.0
1914.0	2055.0
1922.0	2053.0
1922.0	2055.0
1920.0	2052.0
1921.0	2051.0
1930.0	2054.0
1930.0	2055.0
1930.0	2055.0
1941.0	2053.0
1943.0	2050.0
1949.0	2052.0
1949.0	2042.0
1952.0	2041.0
1949.0	2047.0
1949.0	2042.0
1961.0	2046.0
1967.0	2042.0
1960.0	2042.0
1968.0	2040.0
1968.0	2038.0
1966.0	2029.0
1970.0	2031.0
1967.0	2027.0
1979.0	2013.0
1977.0	2012.0
1979.0	2014.0
1979.0	2017.0
1978.0	2015.0
1978.0	2016.0
1978.0	2013.0
1981.0	2013.0
1979.0	2014.0
1979.0	2016.0
1979.0	2011.0
1978.0	2016.0
1978.0	2016.0
1978.0	2014.0
1978.0	2003.0
1979.0	2004.0
1978.0	2001.0
1981.0	2003.0
1977.0	2001.0
1980.0	2002.0
1978.0	2002.0
1979.0	2002.0
1979.0	2002.0
1979.0	2002.0
1980.0	2003.0
1980.0	1997.0
1982.0	2003.0
1979.0	2005.0
1980.0	2002.0
1979.0	2005.0
1986.0	2005.0
1980.0	2003.0
1982.0	2015.0
1979.0	2012.0
1977.0	2016.0
1980.0	2011.0
1977.0	2014.0
1978.0	2018.0
1977.0	2014.0
1978.0	2011.0
1987.0	2016.0
1987.0	2027.0
1987.0	2027.0
1989.0	2037.0
1986.0	2042.0
1990.0	2040.0
1988.0	2040.0
1987.0	2041.0
1988.0	2041.0
1989.0	2040.0
1984.0	2038.0
1987.0	2054.0
1990.0	2054.0
1989.0	2052.0
1988.0	2052.0
1987.0	2053.0
1987.0	2053.0
1991.0	2051.0
1987.0	2052.0
1987.0	2052.0
1988.0	2064.0
1987.0	2066.0
1990.0	2064.0
1992.0	2064.0
1987.0	2069.0
1988.0	2068.0
1988.0	2058.0
1987.0	2066.0
1990.0	2061.0
1986.0	2067.0
1986.0	2070.0
1988.0	2066.0
1989.0	2064.0
1988.0	2065.0
1987.0	2065.0
1987.0	2066.0
1987.0	2066.0
1990.0	2066.0
1988.0	2067.0
1987.0	2080.0
1988.0	2079.0
1988.0	2078.0
1988.0	2078.0
1998.0	2078.0
2001.0	2078.0
1995.0	2079.0
2006.0	2081.0
2007.0	2082.0
2019.0	2080.0
2019.0	2077.0
2029.0	2094.0
2036.0	2087.0
2038.0	2092.0
2047.0	2088.0
2054.0	2092.0
2057.0	2099.0
2056.0	2091.0
2064.0	2106.0
2073.0	2093.0
2075.0	2092.0
2086.0	2103.0
2094.0	2104.0
2094.0	2105.0
2104.0	2103.0
2105.0	2106.0
2103.0	2105.0
2115.0	2105.0
2125.0	2109.0
2125.0	2103.0
2131.0	2105.0
2145.0	2104.0
2143.0	2104.0
2152.0	2100.0
2159.0	2106.0
2164.0	2115.0
2156.0	2105.0
2163.0	2103.0
2171.0	2106.0
2182.0	2105.0
2182.0	2106.0
2188.0	2105.0
2201.0	2103.0
2210.0	2107.0
2213.0	2107.0
2229.0	2104.0
2240.0	2103.0
2259.0	2105.0
2269.0	2107.0
2289.0	2106.0
2300.0	2105.0
2306.0	2106.0
2327.0	2106.0
2343.0	2106.0
2338.0	2111.0
2356.0	2105.0
2367.0	2120.0
2386.0	2104.0
2407.0	2104.0
2416.0	2102.0
2434.0	2104.0
2447.0	2106.0
2454.0	2104.0
2464.0	2105.0
2460.0	2104.0
2476.0	2106.0
2482.0	2107.0
2503.0	2104.0
2513.0	2104.0
2521.0	2101.0
2535.0	2104.0
2532.0	2104.0
2535.0	2101.0
2550.0	2103.0
2555.0	2104.0
2564.0	2105.0
2553.0	2098.0
2552.0	2093.0
2551.0	2091.0
2552.0	2093.0
2552.0	2093.0
2553.0	2095.0
2553.0	2092.0
2551.0	2090.0
2546.0	2093.0
2541.0	2093.0
2541.0	2092.0
2533.0	2092.0
2522.0	2093.0
2522.0	2092.0
2514.0	2091.0
2503.0	2092.0
2505.0	2092.0
2504.0	2093.0
2495.0	2095.0
2488.0	2093.0
2476.0	2094.0
2463.0	2093.0
2454.0	2097.0
2442.0	2093.0
2435.0	2078.0
2425.0	2082.0
2426.0	2080.0
2416.0	2078.0
2406.0	2081.0
2386.0	2081.0
2377.0	2079.0
2368.0	2080.0
2346.0	2080.0
2337.0	2079.0
2343.0	2079.0
2308.0	2073.0
2311.0	2068.0
2299.0	2065.0
2290.0	2067.0
2279.0	2066.0
2260.0	2068.0
2251.0	2066.0
2239.0	2066.0
2219.0	2052.0
2221.0	2051.0
2210.0	2053.0
2201.0	2055.0
2183.0	2055.0
2173.0	2048.0
2165.0	2052.0
2148.0	2040.0
2130.0	2039.0
2112.0	2040.0
2105.0	2040.0
2106.0	2041.0
2094.0	2040.0
2086.0	2040.0
2067.0	2027.0
2054.0	2027.0
2045.0	2016.0
2040.0	2014.0
2026.0	2019.0
2022.0	2014.0
2006.0	2001.0
2010.0	2002.0
1989.0	2007.0
1978.0	2001.0
1970.0	2007.0
1969.0	2002.0
1959.0	1989.0
1949.0	1990.0
1940.0	1987.0
1941.0	1990.0
1924.0	1989.0
1921.0	1994.0
1912.0	1985.0
1901.0	1977.0
1896.0	1975.0
1882.0	1982.0
1873.0	1976.0
1874.0	1959.0
1862.0	1962.0
1862.0	1961.0
1853.0	1961.0
1856.0	1964.0
1844.0	1963.0
1844.0	1964.0
1834.0	1961.0
1836.0	1962.0
1823.0	1960.0
1838.0	1962.0
1825.0	1966.0
1825.0	1963.0
1825.0	1949.0
1818.0	1950.0
1815.0	1951.0
1817.0	1948.0
1815.0	1951.0
1806.0	1946.0
1805.0	1950.0
1806.0	1949.0
1804.0	1953.0
1806.0	1949.0
1805.0	1948.0
1805.0	1951.0
1806.0	1949.0
1806.0	1950.0
1804.0	1949.0
1817.0	1951.0
1817.0	1952.0
1818.0	1951.0
1815.0	1944.0
1816.0	1949.0
1815.0	1949.0
1816.0	1965.0
1825.0	1962.0
1823.0	1964.0
1825.0	1962.0
1826.0	1962.0
1833.0	1965.0
1835.0	1960.0
1848.0	1962.0
1835.0	1971.0
1837.0	1962.0
1843.0	1963.0
1845.0	1961.0
1856.0	1962.0
1855.0	1963.0
1855.0	1975.0
1862.0	1974.0
1864.0	1976.0
1862.0	1977.0
1859.0	1977.0
1873.0	1971.0
1872.0	1976.0
1873.0	1973.0
1883.0	1990.0
1883.0	1987.0
1892.0	1988.0
1892.0	1987.0
1891.0	1993.0
1910.0	1989.0
1912.0	1988.0
1910.0	1987.0
1921.0	1986.0
1920.0	1987.0
1921.0	2001.0
1929.0	2002.0
1931.0	2002.0
1940.0	2003.0
1941.0	2002.0
1940.0	2003.0
1938.0	2003.0
1949.0	2007.0
1949.0	2002.0
1950.0	1999.0
1949.0	2015.0
1959.0	2015.0
1958.0	2014.0
1959.0	2014.0
1960.0	2016.0
1974.0	2015.0
1969.0	2014.0
1967.0	2015.0
1968.0	2016.0
1965.0	2014.0
1969.0	2021.0
1969.0	2028.0
1969.0	2028.0
1969.0	2027.0
1978.0	2040.0
1980.0	2041.0
1978.0	2041.0
1979.0	2040.0
1979.0	2039.0
1980.0	2046.0
1977.0	2041.0
1970.0	2055.0
1968.0	2040.0
1969.0	2039.0
1968.0	2054.0
1969.0	2056.0
1972.0	2052.0
1968.0	2054.0
1970.0	2051.0
1970.0	2052.0
1969.0	2054.0
1966.0	2051.0
1959.0	2054.0
1960.0	2053.0
1962.0	2052.0
1959.0	2052.0
1950.0	2052.0
1953.0	2052.0
1950.0	2052.0
1950.0	2056.0
1953.0	2053.0
1952.0	2052.0
1939.0	2053.0
1941.0	2060.0
1939.0	2052.0
1929.0	2053.0
1930.0	2054.0
1929.0	2053.0
1930.0	2055.0
1942.0	2051.0
1940.0	2057.0
1938.0	2041.0
1948.0	2036.0
1959.0	2040.0
1969.0	2040.0
1979.0	2039.0
1998.0	2038.0
2008.0	2042.0
2018.0	2038.0
2037.0	2038.0
2038.0	2039.0
2047.0	2052.0
2066.0	2041.0
2076.0	2039.0
2093.0	2043.0
2113.0	2040.0
2133.0	2042.0
2155.0	2039.0
2152.0	2043.0
2198.0	2053.0
2193.0	2046.0
2201.0	2052.0
2222.0	2053.0
2239.0	2053.0
2262.0	2053.0
2270.0	2053.0
2292.0	2055.0
2299.0	2057.0
2303.0	2053.0
2335.0	2069.0
2336.0	2066.0
2347.0	2069.0
2363.0	2065.0
2387.0	2068.0
2396.0	2066.0
2414.0	2066.0
2425.0	2064.0
2435.0	2066.0
2433.0	2064.0
2444.0	2067.0
2463.0	2069.0
2475.0	2072.0
2489.0	2067.0
2493.0	2060.0
2503.0	2068.0
2513.0	2066.0
2513.0	2066.0
2522.0	2065.0
2522.0	2066.0
2532.0	2065.0
2535.0	2063.0
2541.0	2066.0
2552.0	2068.0
2552.0	2066.0
2555.0	2067.0
2561.0	2067.0
2561.0	2067.0
2561.0	2067.0
2562.0	2066.0
2572.0	2067.0
2574.0	2059.0
2574.0	2065.0
2571.0	2065.0
2572.0	2066.0
2571.0	2067.0
2562.0	2066.0
2566.0	2064.0
2561.0	2050.0
2562.0	2055.0
2561.0	2053.0
2555.0	2051.0
2555.0	2053.0
2553.0	2054.0
2541.0	2053.0
2532.0	2039.0
2533.0	2040.0
2534.0	2039.0
2524.0	2038.0
2527.0	2038.0
2513.0	2044.0
2503.0	2028.0
2493.0	2027.0
2484.0	2015.0
2483.0	2016.0
2474.0	2013.0
2467.0	2014.0
2464.0	2027.0
2454.0	2002.0
2444.0	2001.0
2434.0	2001.0
2426.0	2000.0
2415.0	1984.0
2408.0	1987.0
2386.0	1994.0
2386.0	1988.0
2367.0	1987.0
2368.0	1989.0
