2205.0	1519.0	2180.38818359375
2191.0	1531.0	2194.91552734375
2171.0	1559.0	2219.777587890625
2173.0	1559.0	2205.962890625
2152.0	1568.0	2232.211181640625
2124.0	1607.0	2270.8720703125
2123.0	1608.0	2261.825927734375
2111.0	1619.0	2272.023681640625
2096.0	1645.0	2287.526611328125
2074.0	1654.0	2315.4140625
2065.0	1681.0	2320.273681640625
2047.0	1696.0	2341.0625
2035.0	1721.0	2351.21875
2035.0	1718.0	2340.57177734375
2017.0	1734.0	2361.1650390625
2008.0	1757.0	2366.231201171875
1999.0	1786.0	2371.4228515625
1978.0	1795.0	2397.558349609375
1969.0	1818.0	2402.708251953125
1959.0	1846.0	2409.859619140625
1940.0	1875.0	2432.895263671875
1930.0	1887.0	2439.901123046875
1912.0	1910.0	2460.97314453125
1901.0	1936.0	2469.675048828125
1902.0	1938.0	2457.521240234375
1882.0	1963.0	2482.092529296875
1873.0	1989.0	2487.455322265625
1862.0	2006.0	2496.38037109375
1854.0	2028.0	2500.2265625
1845.0	2065.0	2506.045654296875
1835.0	2077.0	2513.802734375
1836.0	2081.0	2502.46826171875
1825.0	2133.0	2512.243896484375
1815.0	2146.0	2520.751220703125
1818.0	2145.0	2506.586669921875
1807.0	2169.0	2517.095703125
1820.0	2196.0	2485.85009765625
1798.0	2223.0	2516.3056640625
1787.0	2254.0	2527.375732421875
1787.0	2263.0	2519.403076171875
1778.0	2282.0	2527.545166015625
1779.0	2287.0	2518.22314453125
1779.0	2313.0	2511.086181640625
1778.0	2340.0	2506.083251953125
1768.0	2366.0	2516.803466796875
1775.0	2380.0	2498.077880859375
1770.0	2405.0	2500.7080078125
1760.0	2418.0	2512.29541015625
1759.0	2444.0	2508.12646484375
1760.0	2475.0	2500.76611328125
1759.0	2483.0	2497.2236328125
1759.0	2483.0	2492.218505859375
1759.0	2508.0	2487.46142578125
1767.0	2546.0	2468.99462890625
1764.0	2548.0	2470.4111328125
1769.0	2573.0	2457.9794921875
1768.0	2591.0	2456.291259765625
1767.0	2598.0	2454.7939453125
1778.0	2613.0	2432.48681640625
1779.0	2629.0	2428.23974609375
1778.0	2652.0	2427.6455078125
1776.0	2657.0	2428.908447265625
1787.0	2667.0	2407.919677734375
1787.0	2675.0	2406.30224609375
1797.0	2695.0	2387.493896484375
1806.0	2704.0	2370.95947265625
1807.0	2718.0	2368.63671875
1815.0	2731.0	2354.20849609375
1826.0	2731.0	2334.892578125
1825.0	2731.0	2336.9580078125
1835.0	2757.0	2319.8271484375
1836.0	2759.0	2318.751220703125
1845.0	2759.0	2304.005615234375
1855.0	2764.0	2287.8642578125
1864.0	2784.0	2273.718505859375
1873.0	2783.0	2259.81640625
1898.0	2800.0	2218.55224609375
1901.0	2797.0	2216.213134765625
1921.0	2810.0	2184.385986328125
1931.0	2812.0	2170.5576171875
1931.0	2812.0	2174.478271484375
1944.0	2812.0	2155.70947265625
1951.0	2823.0	2147.763427734375
1968.0	2820.0	2122.7626953125
1978.0	2820.0	2110.205078125
1987.0	2822.0	2099.479248046875
2007.0	2823.0	2069.879638671875
2018.0	2823.0	2056.35791015625
2036.0	2806.0	2030.71337890625
2044.0	2808.0	2022.968505859375
2044.0	2809.0	2029.323486328125
2077.0	2797.0	1977.846435546875
2073.0	2795.0	1991.8427734375
2087.0	2804.0	1974.2509765625
2104.0	2785.0	1951.6837158203125
2114.0	2784.0	1941.4669189453125
2133.0	2772.0	1915.5245361328125
2152.0	2757.0	1890.0880126953125
2167.0	2757.0	1871.9298095703125
2181.0	2744.0	1855.544677734375
2181.0	2750.0	1864.0556640625
2203.0	2730.0	1834.1551513671875
2209.0	2721.0	1832.336669921875
2231.0	2706.0	1802.8212890625
2240.0	2693.0	1796.10693359375
2259.0	2689.0	1771.8900146484375
2269.0	2679.0	1763.5968017578125
2290.0	2649.0	1735.895751953125
2299.0	2641.0	1729.6834716796875
2317.0	2628.0	1707.4879150390625
2320.0	2627.0	1711.971923828125
2330.0	2614.0	1704.052734375
2331.0	2588.0	1711.6876220703125
2356.0	2575.0	1677.2076416015625
2365.0	2563.0	1671.116455078125
2386.0	2536.0	1643.9775390625
2406.0	2509.0	1618.820068359375
2405.0	2510.0	1630.637939453125
2414.0	2495.0	1624.7977294921875
2437.0	2470.0	1594.572998046875
2444.0	2458.0	1592.445068359375
2453.0	2433.0	1586.66845703125
2473.0	2404.0	1561.6868896484375
2483.0	2394.0	1554.254150390625
2493.0	2365.0	1546.7021484375
2515.0	2338.0	1518.2037353515625
2523.0	2313.0	1514.2987060546875
2523.0	2313.0	1524.1788330078125
2542.0	2301.0	1501.0479736328125
2572.0	2248.0	1458.5462646484375
2568.0	2249.0	1476.01123046875
2581.0	2224.0	1463.446533203125
2601.0	2200.0	1438.633056640625
2607.0	2171.0	1438.40380859375
2631.0	2144.0	1406.4715576171875
2640.0	2119.0	1401.1671142578125
2662.0	2105.0	1373.006103515625
2668.0	2069.0	1373.031494140625
2669.0	2065.0	1381.646240234375
2681.0	2039.0	1370.7645263671875
2688.0	2015.0	1368.5279541015625
2698.0	1991.0	1360.9910888671875
2713.0	1964.0	1344.48583984375
2719.0	1938.0	1343.6123046875
2726.0	1911.0	1340.79345703125
2725.0	1898.0	1351.8463134765625
2748.0	1874.0	1320.8626708984375
2748.0	1872.0	1330.0390625
2745.0	1847.0	1343.9718017578125
2758.0	1822.0	1329.749267578125
2757.0	1796.0	1339.72216796875
2767.0	1769.0	1330.0687255859375
2767.0	1745.0	1337.8818359375
2776.0	1731.0	1329.61865234375
2773.0	1704.0	1342.3050537109375
2787.0	1682.0	1324.8170166015625
2789.0	1682.0	1328.376708984375
2788.0	1643.0	1336.8221435546875
2786.0	1645.0	1346.69287109375
2784.0	1625.0	1356.251953125
2785.0	1606.0	1360.15185546875
2785.0	1581.0	1365.5205078125
2792.0	1570.0	1358.322998046875
2789.0	1544.0	1368.4310302734375
2784.0	1539.0	1381.7469482421875
2785.0	1506.0	1384.3184814453125
2788.0	1506.0	1383.1629638671875
2781.0	1470.0	1399.317626953125
2779.0	1473.0	1406.0667724609375
2777.0	1458.0	1412.67919921875
2774.0	1447.0	1420.8585205078125
2766.0	1431.0	1437.4715576171875
2766.0	1423.0	1439.6676025390625
2771.0	1410.0	1432.9578857421875
2757.0	1397.0	1459.3883056640625
2756.0	1388.0	1462.582763671875
2757.0	1384.0	1462.20068359375
2746.0	1375.0	1482.472900390625
2735.0	1379.0	1502.1890869140625
2741.0	1361.0	1492.0614013671875
2729.0	1351.0	1513.15283203125
2717.0	1355.0	1533.9317626953125
2709.0	1337.0	1547.3226318359375
2701.0	1337.0	1560.3941650390625
2696.0	1330.0	1567.8594970703125
2699.0	1325.0	1561.36669921875
2689.0	1326.0	1577.2779541015625
2676.0	1326.0	1598.2061767578125
2671.0	1326.0	1604.86572265625
2660.0	1312.0	1621.82763671875
2656.0	1313.0	1626.1060791015625
2630.0	1313.0	1668.547607421875
2619.0	1312.0	1684.2501220703125
2619.0	1313.0	1680.5032958984375
2611.0	1312.0	1690.5894775390625
2580.0	1325.0	1740.46484375
2581.0	1326.0	1733.9034423828125
2568.0	1327.0	1751.728515625
2551.0	1328.0	1776.2679443359375
2541.0	1325.0	1788.31494140625
2522.0	1338.0	1815.64453125
2513.0	1339.0	1825.242431640625
2502.0	1347.0	1838.34619140625
2482.0	1355.0	1867.162353515625
2483.0	1350.0	1858.6317138671875
2474.0	1363.0	1867.718994140625
2458.0	1377.0	1888.513427734375
2445.0	1375.0	1904.045166015625
2428.0	1382.0	1926.3856201171875
2415.0	1398.0	1941.5457763671875
2398.0	1411.0	1963.6578369140625
2384.0	1419.0	1979.9102783203125
2357.0	1436.0	2018.6878662109375
2336.0	1450.0	2046.7027587890625
2336.0	1448.0	2037.5230712890625
2328.0	1458.0	2042.5703125
2305.0	1468.0	2073.74560546875
2289.0	1497.0	2092.19677734375
2279.0	1503.0	2100.125244140625
2257.0	1535.0	2129.131591796875
2248.0	1545.0	2135.15087890625
2250.0	1546.0	2122.0673828125
2209.0	1581.0	2183.80810546875
2211.0	1582.0	2170.0712890625
2204.0	1606.0	2172.255126953125
2179.0	1629.0	2205.81591796875
2163.0	1643.0	2223.4619140625
2151.0	1673.0	2234.1796875
2134.0	1683.0	2253.3974609375
2116.0	1709.0	2274.2119140625
2105.0	1733.0	2282.756591796875
2084.0	1758.0	2309.066162109375
2086.0	1760.0	2294.7783203125
2052.0	1797.0	2343.435302734375
2055.0	1797.0	2327.268310546875
2035.0	1819.0	2351.240478515625
2026.0	1849.0	2356.178466796875
2007.0	1867.0	2378.62646484375
1997.0	1893.0	2385.142822265625
1988.0	1923.0	2390.09130859375
1968.0	1938.0	2414.540771484375
1960.0	1964.0	2417.766845703125
1959.0	1962.0	2408.902099609375
1932.0	2027.0	2445.846435546875
1930.0	2028.0	2438.600341796875
1927.0	2057.0	2433.349365234375
1901.0	2080.0	2468.33447265625
1891.0	2105.0	2475.33837890625
1882.0	2132.0	2480.800048828125
1872.0	2150.0	2488.0517578125
1862.0	2170.0	2495.546142578125
1844.0	2194.0	2517.192626953125
1845.0	2195.0	2505.236083984375
1835.0	2221.0	2512.80810546875
1825.0	2236.0	2520.523193359375
1823.0	2247.0	2514.573974609375
1820.0	2249.0	2510.6201171875
1805.0	2263.0	2527.89013671875
1797.0	2261.0	2533.010986328125
1787.0	2262.0	2541.77294921875
1780.0	2282.0	2545.20849609375
1776.0	2275.0	2543.54443359375
1778.0	2274.0	2531.83544921875
1768.0	2274.0	2541.27978515625
1766.0	2275.0	2537.021728515625
1760.0	2276.0	2539.996826171875
1760.0	2274.0	2532.633544921875
1757.0	2279.0	2530.91748046875
1750.0	2274.0	2536.482177734375
1752.0	2269.0	2526.301025390625
1749.0	2274.0	2525.216552734375
1748.0	2274.0	2520.97021484375
1749.0	2275.0	2513.565673828125
1738.0	2261.0	2527.115966796875
1744.0	2262.0	2511.17529296875
1740.0	2260.0	2513.004150390625
1739.0	2246.0	2509.86865234375
1747.0	2248.0	2491.33447265625
1749.0	2244.0	2483.775634765625
1750.0	2248.0	2478.24560546875
1749.0	2246.0	2476.39697265625
1748.0	2235.0	2474.730224609375
1749.0	2234.0	2469.697998046875
1725.0	2221.0	2509.001220703125
1761.0	2223.0	2443.40283203125
1759.0	2206.0	2444.544189453125
1768.0	2207.0	2426.674072265625
1766.0	2208.0	2428.476806640625
1780.0	2195.0	2402.427001953125
1780.0	2194.0	2401.322021484375
1778.0	2195.0	2403.8056640625
1787.0	2183.0	2387.37890625
1798.0	2183.0	2367.83154296875
1798.0	2169.0	2367.76318359375
1816.0	2159.0	2336.3505859375
1818.0	2159.0	2333.317138671875
1823.0	2148.0	2325.380615234375
1837.0	2146.0	2301.946044921875
1843.0	2126.0	2292.94970703125
1853.0	2118.0	2277.193603515625
1854.0	2117.0	2277.54541015625
1862.0	2120.0	2265.8330078125
1872.0	2106.0	2250.848388671875
1893.0	2105.0	2216.989990234375
1904.0	2092.0	2201.30810546875
1916.0	2094.0	2184.146728515625
1932.0	2078.0	2160.38916015625
1941.0	2066.0	2148.9873046875
1961.0	2068.0	2118.67822265625
1961.0	2076.0	2123.8466796875
1970.0	2053.0	2113.37646484375
1979.0	2039.0	2102.95947265625
1963.0	2041.0	2136.683837890625
2006.0	2026.0	2067.1708984375
2027.0	2016.0	2036.715576171875
2035.0	2001.0	2029.1788330078125
2060.0	1983.0	1992.000732421875
2056.0	1988.0	2005.9486083984375
2075.0	1991.0	1980.0128173828125
2085.0	1975.0	1969.87646484375
2105.0	1973.0	1942.631103515625
2114.0	1964.0	1934.6873779296875
2132.0	1946.0	1911.128662109375
2152.0	1949.0	1884.428955078125
2172.0	1937.0	1857.910888671875
2183.0	1937.0	1847.546875
2203.0	1924.0	1821.4100341796875
2221.0	1925.0	1799.02197265625
2221.0	1925.0	1808.544677734375
2229.0	1907.0	1803.8514404296875
2248.0	1911.0	1779.985595703125
2270.0	1899.0	1751.437744140625
2289.0	1898.0	1728.288818359375
2298.0	1885.0	1722.6192626953125
2318.0	1886.0	1697.5897216796875
2319.0	1885.0	1705.9970703125
2346.0	1874.0	1669.1829833984375
2347.0	1873.0	1677.8387451171875
2365.0	1875.0	1656.8839111328125
2386.0	1859.0	1630.8973388671875
2407.0	1857.0	1605.017822265625
2424.0	1860.0	1586.284912109375
2428.0	1845.0	1590.455078125
2453.0	1845.0	1557.753662109375
2464.0	1846.0	1549.6802978515625
2464.0	1848.0	1560.591796875
2504.0	1834.0	1501.7430419921875
2512.0	1834.0	1499.2225341796875
2514.0	1834.0	1507.0037841796875
2536.0	1831.0	1479.847412109375
2542.0	1820.0	1480.521240234375
2561.0	1822.0	1458.3441162109375
2572.0	1822.0	1450.3885498046875
2581.0	1820.0	1445.7032470703125
2598.0	1823.0	1426.7220458984375
2611.0	1821.0	1414.9666748046875
2610.0	1815.0	1427.59130859375
2641.0	1822.0	1384.223876953125
2640.0	1819.0	1397.003662109375
2652.0	1823.0	1386.7198486328125
2670.0	1823.0	1366.0103759765625
2680.0	1824.0	1359.270751953125
2687.0	1821.0	1357.50390625
2700.0	1821.0	1345.220947265625
2710.0	1811.0	1337.97607421875
2718.0	1824.0	1334.01220703125
2717.0	1825.0	1345.756103515625
2728.0	1819.0	1336.243896484375
2727.0	1820.0	1347.3822021484375
2735.0	1821.0	1342.572509765625
2748.0	1821.0	1328.8472900390625
2756.0	1825.0	1323.827392578125
2767.0	1823.0	1313.3648681640625
2765.0	1820.0	1325.5343017578125
2779.0	1837.0	1309.2259521484375
2786.0	1834.0	1305.1761474609375
2786.0	1835.0	1313.378662109375
2787.0	1833.0	1319.37646484375
2797.0	1834.0	1309.478515625
2797.0	1833.0	1316.879638671875
2796.0	1847.0	1325.6578369140625
2805.0	1850.0	1316.6881103515625
2804.0	1847.0	1325.138916015625
2807.0	1859.0	1326.174072265625
2815.0	1861.0	1318.151123046875
2816.0	1873.0	1322.0751953125
2815.0	1890.0	1329.6611328125
2815.0	1872.0	1335.162841796875
2816.0	1874.0	1338.64404296875
2825.0	1886.0	1327.800537109375
2816.0	1884.0	1348.293212890625
2807.0	1891.0	1368.343994140625
2807.0	1893.0	1372.0897216796875
2807.0	1898.0	1375.638671875
2802.0	1899.0	1387.7564697265625
2799.0	1911.0	1396.200927734375
2797.0	1910.0	1402.3455810546875
2796.0	1925.0	1406.5538330078125
2796.0	1925.0	1408.892333984375
2781.0	1938.0	1437.2677001953125
2786.0	1939.0	1430.1600341796875
2777.0	1955.0	1447.3218994140625
2765.0	1950.0	1469.333740234375
2768.0	1949.0	1464.6385498046875
2767.0	1962.0	1466.9407958984375
2759.0	1961.0	1481.1405029296875
2747.0	1974.0	1502.0028076171875
2738.0	1988.0	1517.1239013671875
2728.0	1988.0	1533.635986328125
2725.0	2002.0	1537.6163330078125
2708.0	2002.0	1565.8731689453125
2698.0	2018.0	1581.552001953125
2688.0	2028.0	1596.8277587890625
2680.0	2040.0	1608.3460693359375
2677.0	2039.0	1610.857177734375
2667.0	2052.0	1625.40380859375
2660.0	2054.0	1634.511474609375
2640.0	2065.0	1665.7216796875
2631.0	2082.0	1677.3887939453125
2609.0	2080.0	1711.514892578125
2603.0	2093.0	1717.2615966796875
2580.0	2106.0	1752.710693359375
2572.0	2103.0	1761.185546875
2558.0	2116.0	1780.1192626953125
2553.0	2118.0	1782.7386474609375
2542.0	2125.0	1795.84912109375
2523.0	2131.0	1822.713134765625
2515.0	2144.0	1830.1258544921875
2493.0	2143.0	1861.6171875
2473.0	2158.0	1889.340576171875
2466.0	2157.0	1894.0435791015625
2444.0	2171.0	1925.0352783203125
2446.0	2167.0	1913.533935546875
2415.0	2183.0	1959.956298828125
2416.0	2182.0	1949.7730712890625
2397.0	2195.0	1974.361083984375
2380.0	2195.0	1995.2103271484375
2357.0	2209.0	2026.42333984375
2347.0	2208.0	2034.6842041015625
2327.0	2211.0	2060.260986328125
2309.0	2222.0	2082.13720703125
2300.0	2224.0	2088.068603515625
2299.0	2223.0	2080.082763671875
2281.0	2239.0	2101.736083984375
2273.0	2236.0	2105.94580078125
2247.0	2236.0	2141.381591796875
2229.0	2249.0	2162.591552734375
2221.0	2255.0	2166.325439453125
2200.0	2261.0	2193.00634765625
2190.0	2260.0	2200.2333984375
2172.0	2275.0	2221.40673828125
2162.0	2274.0	2228.4189453125
2160.0	2275.0	2221.54931640625
2145.0	2288.0	2237.410400390625
2138.0	2288.0	2239.2314453125
2114.0	2303.0	2270.658447265625
2104.0	2302.0	2277.652587890625
2094.0	2303.0	2284.89013671875
2074.0	2304.0	2309.734130859375
2066.0	2316.0	2313.419921875
2055.0	2313.0	2322.382080078125
2045.0	2312.0	2329.7880859375
2045.0	2312.0	2319.73388671875
2028.0	2311.0	2339.339599609375
2017.0	2311.0	2348.5625
2011.0	2330.0	2349.213623046875
1998.0	2327.0	2362.136474609375
1989.0	2325.0	2368.304931640625
1978.0	2324.0	2378.105712890625
1967.0	2330.0	2388.06201171875
1970.0	2326.0	2373.522216796875
1963.0	2326.0	2376.719482421875
1949.0	2326.0	2392.146728515625
1939.0	2324.0	2400.6865234375
1930.0	2325.0	2407.60595703125
1923.0	2328.0	2411.11767578125
1923.0	2328.0	2402.61181640625
1904.0	2329.0	2427.538818359375
1891.0	2327.0	2441.75390625
1882.0	2328.0	2449.0908203125
1882.0	2324.0	2440.693603515625
1883.0	2328.0	2430.976806640625
1872.0	2327.0	2442.45751953125
1874.0	2328.0	2431.392822265625
1862.0	2327.0	2444.958984375
1866.0	2328.0	2430.751953125
1853.0	2313.0	2446.611083984375
1853.0	2319.0	2439.7392578125
1845.0	2314.0	2447.177001953125
1843.0	2315.0	2444.110107421875
1845.0	2311.0	2434.3759765625
1845.0	2300.0	2428.444580078125
1845.0	2299.0	2422.83544921875
1842.0	2301.0	2422.789794921875
1838.0	2302.0	2424.5322265625
1834.0	2286.0	2426.400390625
1833.0	2277.0	2423.3251953125
1837.0	2276.0	2411.67626953125
1834.0	2263.0	2412.588134765625
1836.0	2260.0	2404.979736328125
1835.0	2262.0	2402.800537109375
1845.0	2246.0	2381.873046875
1844.0	2248.0	2380.507568359375
1850.0	2247.0	2367.002685546875
1843.0	2235.0	2376.48046875
1854.0	2236.0	2354.7392578125
1855.0	2222.0	2350.936767578125
1854.0	2222.0	2350.72705078125
1854.0	2222.0	2348.866943359375
1863.0	2209.0	2331.570068359375
1863.0	2209.0	2330.248779296875
1873.0	2195.0	2311.83447265625
1870.0	2183.0	2316.333984375
1884.0	2184.0	2291.169189453125
1891.0	2173.0	2278.77880859375
1902.0	2170.0	2259.84765625
1912.0	2160.0	2242.98583984375
1921.0	2144.0	2228.197998046875
1922.0	2144.0	2227.80810546875
1932.0	2145.0	2211.919921875
1941.0	2129.0	2198.053466796875
1949.0	2131.0	2186.32177734375
1961.0	2119.0	2167.80810546875
1974.0	2117.0	2147.748291015625
1978.0	2104.0	2143.661376953125
1988.0	2095.0	2129.30126953125
1997.0	2091.0	2116.97265625
2006.0	2075.0	2104.793701171875
2009.0	2080.0	2103.378662109375
2017.0	2076.0	2093.337158203125
2025.0	2065.0	2083.372802734375
2038.0	2054.0	2065.02294921875
2053.0	2052.0	2043.2440185546875
2066.0	2040.0	2025.244140625
2075.0	2027.0	2014.6336669921875
2075.0	2026.0	2019.8690185546875
2087.0	2011.0	2004.273681640625
2112.0	2002.0	1965.9478759765625
2112.0	2000.0	1972.005859375
2123.0	1987.0	1958.8050537109375
2135.0	1990.0	1943.87646484375
2152.0	1976.0	1920.3692626953125
2163.0	1975.0	1907.81787109375
2181.0	1965.0	1883.1580810546875
2191.0	1962.0	1872.810302734375
2202.0	1951.0	1860.589111328125
2200.0	1951.0	1871.255615234375
2239.0	1929.0	1810.247802734375
2233.0	1939.0	1828.4058837890625
2248.0	1942.0	1810.0250244140625
2258.0	1923.0	1800.466064453125
2270.0	1924.0	1787.3438720703125
2289.0	1911.0	1761.9813232421875
2299.0	1910.0	1752.789794921875
2307.0	1909.0	1747.02294921875
2330.0	1899.0	1714.90966796875
2324.0	1901.0	1734.0262451171875
2338.0	1897.0	1717.939208984375
2356.0	1875.0	1695.011962890625
2366.0	1885.0	1686.2899169921875
2386.0	1892.0	1660.22802734375
2408.0	1874.0	1630.8487548828125
2415.0	1872.0	1627.890869140625
2423.0	1875.0	1623.025146484375
2445.0	1860.0	1593.75244140625
2457.0	1859.0	1582.199462890625
2454.0	1858.0	1596.8792724609375
2466.0	1859.0	1585.05419921875
2474.0	1859.0	1580.1494140625
2493.0	1854.0	1556.35107421875
2504.0	1847.0	1546.4786376953125
2513.0	1847.0	1539.992919921875
2522.0	1849.0	1533.3636474609375
2543.0	1853.0	1505.5311279296875
2552.0	1836.0	1499.221435546875
2563.0	1833.0	1489.2781982421875
2561.0	1829.0	1501.997802734375
2571.0	1835.0	1493.5333251953125
2581.0	1834.0	1484.9483642578125
2592.0	1833.0	1474.4874267578125
2600.0	1834.0	1469.3214111328125
2610.0	1833.0	1460.5965576171875
2620.0	1834.0	1451.6917724609375
2631.0	1832.0	1440.892822265625
2629.0	1833.0	1452.8961181640625
2640.0	1834.0	1442.069580078125
2651.0	1831.0	1431.260498046875
2658.0	1833.0	1427.3865966796875
2673.0	1829.0	1409.348876953125
2670.0	1834.0	1422.5880126953125
2678.0	1833.0	1416.1949462890625
2687.0	1846.0	1408.1968994140625
2688.0	1846.0	1414.0531005859375
2700.0	1850.0	1400.25634765625
2702.0	1846.0	1404.0604248046875
2699.0	1846.0	1416.2196044921875
2707.0	1849.0	1408.9898681640625
2708.0	1846.0	1413.810302734375
2707.0	1860.0	1421.81640625
2718.0	1859.0	1408.6138916015625
2718.0	1857.0	1414.6302490234375
2718.0	1861.0	1420.3477783203125
2720.0	1874.0	1422.22509765625
2724.0	1877.0	1420.3804931640625
2729.0	1872.0	1416.869873046875
2726.0	1878.0	1427.0947265625
2726.0	1886.0	1431.8585205078125
2727.0	1886.0	1434.552001953125
2724.0	1885.0	1444.0523681640625
2727.0	1885.0	1442.8177490234375
2729.0	1897.0	1443.133544921875
2728.0	1899.0	1448.4473876953125
2717.0	1912.0	1471.021484375
2721.0	1912.0	1466.8072509765625
2718.0	1911.0	1474.73828125
2718.0	1919.0	1477.2698974609375
2719.0	1923.0	1477.884521484375
2709.0	1925.0	1497.4859619140625
2705.0	1939.0	1506.19091796875
2696.0	1938.0	1523.4302978515625
2699.0	1950.0	1519.2899169921875
2689.0	1950.0	1537.877685546875
2689.0	1947.0	1538.4210205078125
2688.0	1965.0	1540.6871337890625
2679.0	1962.0	1556.562744140625
2667.0	1972.0	1577.2786865234375
2668.0	1976.0	1575.1595458984375
2662.0	1988.0	1585.19091796875
2650.0	1990.0	1605.427490234375
2641.0	2002.0	1619.9049072265625
2630.0	2001.0	1637.603515625
2628.0	2003.0	1639.267578125
2621.0	2019.0	1649.3863525390625
2613.0	2013.0	1660.9913330078125
2600.0	2022.0	1681.1162109375
2582.0	2039.0	1709.2867431640625
2570.0	2053.0	1726.75244140625
2564.0	2054.0	1733.5184326171875
2552.0	2067.0	1750.6678466796875
2540.0	2065.0	1767.6982421875
2531.0	2081.0	1779.1304931640625
2522.0	2078.0	1790.4610595703125
2523.0	2079.0	1784.05615234375
2503.0	2092.0	1813.9979248046875
2487.0	2091.0	1836.7745361328125
2494.0	2105.0	1819.3648681640625
2487.0	2105.0	1826.48095703125
2474.0	2108.0	1844.02880859375
2473.0	2104.0	1840.5986328125
2473.0	2105.0	1835.70751953125
2473.0	2101.0	1831.05859375
2466.0	2106.0	1838.9327392578125
2464.0	2105.0	1837.8214111328125
2464.0	2104.0	1833.463134765625
2465.0	2105.0	1827.6151123046875
2466.0	2124.0	1821.92724609375
2455.0	2105.0	1837.2613525390625
2453.0	2105.0	1836.876220703125
2448.0	2105.0	1841.836181640625
2447.0	2101.0	1839.59765625
2445.0	2104.0	1839.3348388671875
2443.0	2107.0	1839.2794189453125
2445.0	2105.0	1832.428955078125
2443.0	2105.0	1832.7318115234375
2447.0	2105.0	1822.6868896484375
2435.0	2105.0	1840.712890625
2440.0	2104.0	1828.7950439453125
2434.0	2106.0	1836.3218994140625
2433.0	2105.0	1835.2503662109375
2436.0	2104.0	1827.3258056640625
2437.0	2098.0	1823.046875
2425.0	2104.0	1841.34423828125
2425.0	2105.0	1838.7037353515625
2423.0	2105.0	1839.676025390625
2413.0	2104.0	1854.526123046875
2411.0	2094.0	1855.3209228515625
2415.0	2092.0	1845.8046875
2403.0	2094.0	1864.433349609375
2407.0	2093.0	1854.739013671875
2406.0	2098.0	1853.9259033203125
2407.0	2090.0	1849.7666015625
2397.0	2086.0	1864.6234130859375
2394.0	2093.0	1867.2838134765625
2395.0	2092.0	1863.093017578125
2386.0	2093.0	1876.2476806640625
2386.0	2081.0	1873.6629638671875
2379.0	2079.0	1883.368408203125
2377.0	2080.0	1884.0753173828125
2365.0	2080.0	1902.0677490234375
2365.0	2080.0	1899.1790771484375
2355.0	2075.0	1913.543212890625
2355.0	2080.0	1910.53125
2358.0	2078.0	1902.404541015625
2346.0	2066.0	1920.5679931640625
2348.0	2068.0	1914.086181640625
2337.0	2067.0	1930.3876953125
2336.0	2069.0	1929.0340576171875
2335.0	2065.0	1927.83056640625
2338.0	2069.0	1919.8233642578125
2328.0	2057.0	1934.284912109375
2327.0	2054.0	1933.155029296875
2319.0	2054.0	1944.121337890625
2316.0	2054.0	1946.3626708984375
2308.0	2054.0	1957.358154296875
2308.0	2053.0	1954.225830078125
2302.0	2053.0	1961.6063232421875
2301.0	2041.0	1960.1602783203125
2297.0	2041.0	1964.129150390625
2289.0	2032.0	1974.86767578125
2289.0	2042.0	1971.745849609375
2288.0	2041.0	1970.5194091796875
2282.0	2042.0	1977.8817138671875
2278.0	2026.0	1981.819091796875
2270.0	2028.0	1992.7467041015625
2269.0	2014.0	1991.3597412109375
2261.0	2014.0	2002.40380859375
2260.0	2014.0	2000.8751220703125
2265.0	2012.0	1988.9769287109375
2249.0	2014.0	2013.6392822265625
2246.0	2019.0	2015.7086181640625
2241.0	2002.0	2021.241943359375
2240.0	1998.0	2019.7222900390625
2242.0	2000.0	2013.1123046875
2228.0	2002.0	2034.5677490234375
2229.0	2005.0	2029.57421875
2222.0	1999.0	2038.7760009765625
2219.0	2003.0	2040.720458984375
2210.0	2003.0	2053.34765625
2219.0	1998.0	2034.1607666015625
2212.0	2001.0	2043.17236328125
2210.0	2001.0	2043.654052734375
2202.0	1989.0	2054.616943359375
2200.0	1984.0	2055.00927734375
2202.0	1989.0	2048.50927734375
2191.0	1988.0	2064.87646484375
2191.0	1985.0	2061.7685546875
2190.0	1987.0	2060.544677734375
2179.0	1989.0	2076.69287109375
2182.0	1988.0	2068.390869140625
2180.0	1987.0	2069.017333984375
2172.0	1988.0	2079.95947265625
2170.0	1988.0	2080.461181640625
2172.0	1991.0	2074.085693359375
2161.0	1986.0	2090.48583984375
2163.0	1989.0	2084.017333984375
2163.0	1987.0	2081.23291015625
2162.0	1987.0	2080.316650390625
2162.0	1988.0	2077.843017578125
2167.0	1988.0	2066.70751953125
2152.0	1989.0	2090.432861328125
2153.0	2003.0	2086.061767578125
2153.0	2001.0	2083.633056640625
2143.0	2009.0	2098.7802734375
2143.0	2003.0	2096.235595703125
2142.0	2001.0	2095.560791015625
2143.0	2003.0	2091.515869140625
2142.0	2004.0	2091.10400390625
2142.0	2003.0	2089.027099609375
2145.0	2003.0	2081.828125
2146.0	2001.0	2078.23193359375
2131.0	2003.0	2102.47509765625
2133.0	1999.0	2096.8701171875
2132.0	2015.0	2096.6123046875
2134.0	2021.0	2091.213623046875
2133.0	2013.0	2091.201416015625
2133.0	2014.0	2089.50830078125
2134.0	2013.0	2086.15185546875
2131.0	2026.0	2089.8779296875
2133.0	2027.0	2084.940673828125
2134.0	2040.0	2081.8193359375
2139.0	2037.0	2072.060302734375
2143.0	2040.0	2064.2294921875
2142.0	2039.0	2065.196044921875
2152.0	2056.0	2046.969970703125
2154.0	2051.0	2043.2056884765625
2126.0	2053.0	2092.052490234375
2151.0	2052.0	2047.968994140625
2152.0	2054.0	2045.9931640625
2163.0	2065.0	2026.79638671875
2164.0	2068.0	2025.264404296875
2161.0	2068.0	2030.76318359375
2161.0	2066.0	2030.9639892578125
2176.0	2081.0	2005.02099609375
2171.0	2084.0	2014.3885498046875
2171.0	2077.0	2014.9361572265625
2172.0	2080.0	2013.708251953125
2181.0	2084.0	1998.7215576171875
2183.0	2092.0	1996.1884765625
2182.0	2092.0	1998.81591796875
2191.0	2090.0	1984.0306396484375
2188.0	2093.0	1990.4425048828125
2191.0	2104.0	1986.260009765625
2203.0	2106.0	1966.4256591796875
2201.0	2105.0	1971.3544921875
2201.0	2103.0	1972.7069091796875
2202.0	2105.0	1972.2568359375
2211.0	2105.0	1957.9537353515625
2210.0	2118.0	1961.2545166015625
2220.0	2118.0	1945.451904296875
2222.0	2117.0	1943.792236328125
2231.0	2118.0	1929.876953125
2229.0	2119.0	1935.4266357421875
2241.0	2131.0	1916.4090576171875
2240.0	2140.0	1920.4351806640625
2239.0	2130.0	1924.33984375
2238.0	2130.0	1928.153076171875
2252.0	2131.0	1905.7891845703125
2251.0	2131.0	1909.829345703125
2260.0	2129.0	1896.44873046875
2262.0	2143.0	1895.376953125
2269.0	2147.0	1885.4609375
2269.0	2144.0	1888.0718994140625
2270.0	2150.0	1888.822509765625
2280.0	2145.0	1873.994873046875
2279.0	2142.0	1878.3604736328125
2290.0	2147.0	1861.8778076171875
2291.0	2146.0	1862.9063720703125
2298.0	2159.0	1853.4339599609375
2300.0	2153.0	1852.90283203125
2303.0	2155.0	1850.59228515625
2310.0	2158.0	1841.32861328125
2310.0	2162.0	1844.21435546875
2309.0	2155.0	1848.673583984375
2316.0	2157.0	1839.312744140625
2318.0	2158.0	1838.6378173828125
2327.0	2168.0	1825.85107421875
2327.0	2171.0	1828.8358154296875
2336.0	2169.0	1816.033203125
2342.0	2171.0	1808.5849609375
2336.0	2169.0	1821.990234375
2348.0	2169.0	1803.803955078125
2346.0	2171.0	1810.287353515625
2348.0	2174.0	1809.671630859375
2346.0	2169.0	1815.905029296875
2355.0	2169.0	1802.9730224609375
2355.0	2171.0	1805.8155517578125
2366.0	2169.0	1789.5020751953125
2363.0	2170.0	1797.7467041015625
2375.0	2169.0	1779.6337890625
2374.0	2174.0	1784.5130615234375
2386.0	2168.0	1766.4884033203125
2385.0	2166.0	1771.4293212890625
2384.0	2170.0	1776.2547607421875
2396.0	2169.0	1758.406494140625
2398.0	2170.0	1758.0367431640625
2395.0	2169.0	1766.3043212890625
2408.0	2170.0	1746.555908203125
2405.0	2171.0	1754.9173583984375
2407.0	2170.0	1754.3818359375
2417.0	2170.0	1739.657470703125
2415.0	2176.0	1746.192626953125
2415.0	2156.0	1749.07373046875
2417.0	2157.0	1748.3575439453125
2415.0	2156.0	1754.415771484375
2424.0	2158.0	1741.3629150390625
2432.0	2156.0	1730.110595703125
2425.0	2143.0	1744.9820556640625
2425.0	2150.0	1747.4178466796875
2427.0	2145.0	1746.2413330078125
2423.0	2140.0	1755.3624267578125
2425.0	2143.0	1753.900634765625
2426.0	2144.0	1754.1373291015625
2425.0	2144.0	1757.7808837890625
2425.0	2145.0	1759.5546875
2434.0	2145.0	1745.7269287109375
2437.0	2131.0	1742.4608154296875
2433.0	2131.0	1751.3619384765625
2433.0	2131.0	1753.107177734375
2435.0	2131.0	1751.319091796875
2434.0	2116.0	1754.6778564453125
2434.0	2117.0	1756.1859130859375
2442.0	2118.0	1743.5775146484375
2436.0	2118.0	1755.4500732421875
2434.0	2117.0	1760.2489013671875
2437.0	2118.0	1756.2276611328125
2435.0	2111.0	1760.9410400390625
2432.0	2105.0	1767.279296875
2424.0	2106.0	1782.3272705078125
2425.0	2103.0	1781.1064453125
2427.0	2091.0	1778.14794921875
2420.0	2092.0	1790.963134765625
2426.0	2093.0	1780.9390869140625
2427.0	2095.0	1779.61767578125
2425.0	2092.0	1783.5369873046875
2423.0	2076.0	1787.493896484375
2416.0	2079.0	1799.9727783203125
2415.0	2080.0	1801.6639404296875
2416.0	2080.0	1799.843017578125
2415.0	2081.0	1801.5147705078125
2406.0	2067.0	1817.2454833984375
2404.0	2066.0	1820.29736328125
2404.0	2068.0	1819.8231201171875
2406.0	2066.0	1815.9140625
2405.0	2050.0	1817.25732421875
2398.0	2052.0	1829.0345458984375
2394.0	2053.0	1835.2724609375
2401.0	2054.0	1822.24365234375
2386.0	2041.0	1847.823974609375
2386.0	2038.0	1846.7266845703125
2388.0	2040.0	1842.18798828125
2376.0	2046.0	1861.94482421875
2376.0	2030.0	1860.575439453125
2367.0	2026.0	1874.806884765625
2366.0	2016.0	1874.9522705078125
2357.0	2014.0	1889.0665283203125
2351.0	2003.0	1897.6942138671875
2350.0	2001.0	1897.57958984375
2347.0	2005.0	1900.7421875
2348.0	2002.0	1896.995361328125
2337.0	1998.0	1914.016357421875
2336.0	2002.0	1913.529296875
2338.0	1988.0	1907.94482421875
2330.0	1989.0	1919.724365234375
2328.0	1990.0	1920.9346923828125
2316.0	1991.0	1939.707275390625
2318.0	1988.0	1933.71533203125
2307.0	1976.0	1950.5711669921875
2308.0	1976.0	1946.1925048828125
2311.0	1974.0	1938.4366455078125
2299.0	1976.0	1956.7552490234375
2297.0	1976.0	1957.616943359375
2292.0	1976.0	1963.6741943359375
2289.0	1963.0	1966.118408203125
2289.0	1960.0	1963.4552001953125
2280.0	1962.0	1976.6300048828125
2272.0	1963.0	1987.794189453125
2270.0	1962.0	1988.2239990234375
2259.0	1962.0	2004.588134765625
2260.0	1962.0	1999.6243896484375
2261.0	1962.0	1994.80908203125
2244.0	1961.0	2021.46923828125
2248.0	1950.0	2011.2906494140625
2239.0	1953.0	2023.95458984375
2241.0	1948.0	2017.2159423828125
2241.0	1949.0	2014.1270751953125
2231.0	1949.0	2028.7642822265625
2231.0	1945.0	2025.5589599609375
2227.0	1948.0	2029.5274658203125
2221.0	1949.0	2036.92333984375
2220.0	1952.0	2035.5198974609375
2211.0	1949.0	2048.05712890625
2212.0	1945.0	2043.1112060546875
2200.0	1946.0	2060.9501953125
2203.0	1951.0	2052.39111328125
2200.0	1949.0	2054.55224609375
2191.0	1951.0	2067.351806640625
2196.0	1947.0	2055.340576171875
2191.0	1950.0	2061.018310546875
2191.0	1951.0	2058.1103515625
2182.0	1950.0	2070.79736328125
2181.0	1959.0	2069.556396484375
2172.0	1963.0	2082.29296875
2172.0	1962.0	2079.18115234375
2174.0	1962.0	2072.714599609375
2163.0	1960.0	2089.1025390625
2163.0	1962.0	2086.07177734375
2163.0	1961.0	2083.1552734375
2165.0	1960.0	2076.908447265625
2162.0	1963.0	2079.554443359375
2152.0	1962.0	2094.414794921875
2153.0	1964.0	2089.9130859375
2152.0	1974.0	2089.025390625
2144.0	1977.0	2100.411865234375
2143.0	1976.0	2099.4462890625
2142.0	1976.0	2098.574462890625
2133.0	1975.0	2111.877685546875
2133.0	1977.0	2109.093017578125
2134.0	1989.0	2104.71630859375
2133.0	1987.0	2104.01220703125
2130.0	1987.0	2106.907470703125
2133.0	1987.0	2099.3857421875
2132.0	1990.0	2099.01123046875
2125.0	2003.0	2109.177490234375
2125.0	2002.0	2106.87451171875
2123.0	2004.0	2108.182373046875
2130.0	2001.0	2093.8525390625
2126.0	2004.0	2098.871826171875
2124.0	2003.0	2100.5634765625
2124.0	2016.0	2098.790283203125
2125.0	2010.0	2095.417236328125
2123.0	2028.0	2097.3525390625
2122.0	2040.0	2097.6376953125
2123.0	2042.0	2094.45458984375
2124.0	2042.0	2091.416259765625
2124.0	2037.0	2090.147705078125
2125.0	2041.0	2087.198974609375
2133.0	2052.0	2072.299560546875
2135.0	2056.0	2068.093994140625
2095.0	2050.0	2137.54443359375
2133.0	2068.0	2070.303955078125
2133.0	2068.0	2069.737060546875
2134.0	2066.0	2067.419189453125
2144.0	2079.0	2049.459228515625
2140.0	2080.0	2056.42919921875
2143.0	2080.0	2051.147705078125
2150.0	2081.0	2039.1494140625
2153.0	2092.0	2034.2547607421875
2153.0	2096.0	2034.6046142578125
2154.0	2093.0	2033.179931640625
2161.0	2090.0	2021.4075927734375
2162.0	2104.0	2020.342529296875
2163.0	2106.0	2019.2880859375
2161.0	2103.0	2023.452880859375
2171.0	2106.0	2006.852783203125
2170.0	2108.0	2009.5726318359375
2181.0	2118.0	1991.5784912109375
2184.0	2113.0	1987.6181640625
2182.0	2117.0	1992.3797607421875
2191.0	2132.0	1977.8145751953125
2191.0	2129.0	1979.3135986328125
2201.0	2131.0	1963.314453125
2205.0	2131.0	1958.0811767578125
2201.0	2131.0	1966.838623046875
2200.0	2146.0	1970.206298828125
2212.0	2145.0	1950.956298828125
2212.0	2144.0	1952.8023681640625
2223.0	2142.0	1935.5452880859375
2220.0	2144.0	1942.8851318359375
2231.0	2145.0	1925.6617431640625
2230.0	2157.0	1929.6708984375
2239.0	2155.0	1916.177490234375
2238.0	2158.0	1920.3896484375
2239.0	2159.0	1920.9853515625
2240.0	2158.0	1921.4781494140625
2251.0	2150.0	1904.5198974609375
2254.0	2171.0	1901.631591796875
2260.0	2171.0	1893.6708984375
2261.0	2169.0	1894.5101318359375
2270.0	2174.0	1881.309814453125
2282.0	2171.0	1863.0340576171875
2280.0	2170.0	1869.5704345703125
2288.0	2166.0	1858.4312744140625
2290.0	2170.0	1858.102783203125
2290.0	2170.0	1861.0616455078125
2302.0	2171.0	1843.127685546875
2298.0	2169.0	1853.225830078125
2309.0	2170.0	1837.177490234375
2308.0	2169.0	1842.0748291015625
2313.0	2173.0	1836.454833984375
2320.0	2170.0	1827.415771484375
2316.0	2163.0	1837.537353515625
2329.0	2169.0	1818.044189453125
2328.0	2168.0	1822.9923095703125
2336.0	2170.0	1812.3360595703125
2342.0	2169.0	1805.0777587890625
2344.0	2166.0	1804.689697265625
2344.0	2170.0	1807.7130126953125
2347.0	2169.0	1805.6646728515625
2357.0	2170.0	1791.2900390625
2356.0	2166.0	1796.279541015625
2356.0	2170.0	1799.398681640625
2366.0	2169.0	1785.2470703125
2367.0	2170.0	1786.7120361328125
2374.0	2171.0	1777.8388671875
2389.0	2167.0	1755.1060791015625
2386.0	2158.0	1763.900390625
2395.0	2159.0	1751.573486328125
2397.0	2159.0	1751.62939453125
2394.0	2156.0	1760.2618408203125
2405.0	2157.0	1744.2164306640625
2406.0	2156.0	1745.9488525390625
2404.0	2144.0	1752.7750244140625
2413.0	2146.0	1740.417724609375
2412.0	2147.0	1745.5404052734375
2415.0	2141.0	1743.4781494140625
2424.0	2149.0	1730.894775390625
2424.0	2145.0	1734.2113037109375
2426.0	2131.0	1733.7603759765625
2426.0	2131.0	1736.716552734375
2434.0	2131.0	1725.5208740234375
2433.0	2130.0	1730.3350830078125
2435.0	2130.0	1729.70849609375
2402.0	2134.0	1790.269775390625
2437.0	2116.0	1731.527587890625
2434.0	2117.0	1739.2589111328125
2447.0	2119.0	1718.9876708984375
2447.0	2106.0	1721.6468505859375
2444.0	2106.0	1729.3963623046875
2445.0	2104.0	1730.0343017578125
2445.0	2105.0	1732.2669677734375
2447.0	2106.0	1730.9085693359375
2444.0	2104.0	1738.1746826171875
2454.0	2090.0	1722.8411865234375
2453.0	2092.0	1726.8397216796875
2447.0	2091.0	1739.4945068359375
2456.0	2082.0	1725.7489013671875
2454.0	2070.0	1731.1624755859375
2454.0	2080.0	1732.987060546875
2456.0	2077.0	1731.181884765625
2456.0	2067.0	1732.84619140625
2456.0	2067.0	1734.3795166015625
2452.0	2066.0	1742.8455810546875
2454.0	2067.0	1740.7283935546875
2446.0	2057.0	1755.8970947265625
2444.0	2054.0	1760.1827392578125
2447.0	2054.0	1755.673095703125
2444.0	2052.0	1761.6339111328125
2442.0	2040.0	1765.820556640625
2441.0	2038.0	1768.194091796875
2447.0	2041.0	1758.26611328125
2434.0	2046.0	1781.3004150390625
2434.0	2025.0	1781.4119873046875
2437.0	2027.0	1776.268798828125
2434.0	2015.0	1781.6246337890625
2434.0	2014.0	1781.71875
2425.0	2015.0	1797.5606689453125
2411.0	2002.0	1821.7664794921875
2425.0	2008.0	1796.917236328125
2424.0	2005.0	1798.3741455078125
2415.0	2000.0	1813.469970703125
2417.0	2003.0	1809.2762451171875
2415.0	1987.0	1812.1561279296875
2404.0	1984.0	1830.5369873046875
2409.0	1986.0	1820.78564453125
2394.0	1985.0	1846.0516357421875
2394.0	1988.0	1844.7120361328125
2396.0	1988.0	1839.9471435546875
2388.0	1974.0	1852.4493408203125
2387.0	1975.0	1852.6900634765625
2373.0	1974.0	1875.4080810546875
2368.0	1970.0	1882.1463623046875
2365.0	1961.0	1885.3311767578125
2358.0	1963.0	1895.4859619140625
2358.0	1964.0	1893.154541015625
2346.0	1965.0	1911.852294921875
2347.0	1963.0	1907.644287109375
2343.0	1963.0	1912.292724609375
2332.0	1963.0	1928.9825439453125
2340.0	1964.0	1912.407958984375
2328.0	1964.0	1930.6597900390625
2325.0	1963.0	1933.245849609375
2316.0	1964.0	1946.321533203125
2310.0	1950.0	1953.9298095703125
2302.0	1952.0	1964.8514404296875
2299.0	1951.0	1967.06689453125
2296.0	1955.0	1969.098388671875
2299.0	1952.0	1960.8394775390625
2255.0	1949.0	2034.7442626953125
2292.0	1951.0	1966.7303466796875
2277.0	1951.0	1989.832763671875
2279.0	1947.0	1982.8724365234375
2269.0	1952.0	1996.9420166015625
2258.0	1955.0	2012.78857421875
2259.0	1948.0	2007.44970703125
2248.0	1949.0	2023.22314453125
2241.0	1950.0	2031.8660888671875
2240.0	1950.0	2029.7923583984375
2241.0	1952.0	2024.369384765625
2229.0	1949.0	2041.656005859375
2229.0	1943.0	2037.957763671875
2220.0	1949.0	2050.0146484375
2220.0	1950.0	2046.2813720703125
2210.0	1950.0	2060.1796875
2209.0	1950.0	2058.177001953125
2211.0	1952.0	2051.106201171875
2200.0	1960.0	2066.637451171875
2204.0	1963.0	2056.0732421875
2191.0	1963.0	2075.10205078125
2192.0	1961.0	2069.64453125
2183.0	1963.0	2081.773681640625
2183.0	1962.0	2078.086181640625
2172.0	1963.0	2093.731201171875
2173.0	1962.0	2088.261474609375
2160.0	1961.0	2107.520263671875
2162.0	1963.0	2100.26513671875
2162.0	1970.0	2096.697265625
2152.0	1974.0	2110.5439453125
2154.0	1976.0	2103.4140625
2155.0	1976.0	2098.23828125
2145.0	1975.0	2112.364501953125
2133.0	1975.0	2129.74462890625
2132.0	1989.0	2127.77685546875
2133.0	1989.0	2122.487548828125
2123.0	1988.0	2136.68798828125
2125.0	1989.0	2129.59423828125
2122.0	1986.0	2131.465087890625
2126.0	1988.0	2121.217529296875
2120.0	1986.0	2128.515380859375
2113.0	2002.0	2137.48388671875
2077.0	1999.0	2197.45458984375
2114.0	2001.0	2129.610595703125
2115.0	2005.0	2125.02734375
2107.0	2001.0	2136.2919921875
2104.0	2013.0	2138.6376953125
2106.0	2014.0	2132.33837890625
2108.0	2014.0	2126.21142578125
2101.0	2030.0	2136.018310546875
2104.0	2027.0	2128.387939453125
2104.0	2045.0	2126.1611328125
2104.0	2040.0	2124.032470703125
2104.0	2040.0	2122.06689453125
2107.0	2053.0	2114.916748046875
2104.0	2055.0	2118.3955078125
2110.0	2053.0	2106.17333984375
2093.0	2052.0	2134.39208984375
2103.0	2054.0	2115.265380859375
2105.0	2068.0	2110.33837890625
2106.0	2066.0	2107.240478515625
2104.0	2068.0	2109.429931640625
2106.0	2068.0	2104.706298828125
2106.0	2078.0	2103.555419921875
2115.0	2080.0	2086.72802734375
2116.0	2079.0	2084.372802734375
2114.0	2080.0	2087.298095703125
2114.0	2100.0	2086.72998046875
2114.0	2092.0	2086.18603515625
2115.0	2091.0	2083.904052734375
2115.0	2106.0	2083.421630859375
2113.0	2106.0	2086.47119140625
2126.0	2104.0	2063.229248046875
2126.0	2104.0	2063.322265625
2125.0	2122.0	2065.09375
2123.0	2117.0	2068.61083984375
2132.0	2112.0	2053.1630859375
2133.0	2121.0	2051.84814453125
2134.0	2130.0	2050.5166015625
2141.0	2132.0	2038.958984375
2144.0	2132.0	2034.4859619140625
2149.0	2131.0	2026.548095703125
2153.0	2146.0	2020.6776123046875
2162.0	2142.0	2006.042236328125
2164.0	2145.0	2003.9637451171875
2163.0	2144.0	2007.09423828125
2172.0	2145.0	1992.97802734375
2169.0	2143.0	1999.835693359375
2184.0	2139.0	1975.095703125
2182.0	2157.0	1980.269287109375
2191.0	2157.0	1966.4471435546875
2191.0	2158.0	1968.5650634765625
2202.0	2169.0	1951.2957763671875
2199.0	2170.0	1958.8895263671875
2202.0	2170.0	1955.8597412109375
2201.0	2171.0	1959.710205078125
2212.0	2170.0	1942.800048828125
2222.0	2166.0	1927.8876953125
2220.0	2170.0	1933.9473876953125
2234.0	2169.0	1911.9945068359375
2231.0	2170.0	1919.9608154296875
2242.0	2182.0	1903.3480224609375
2240.0	2182.0	1909.71630859375
2241.0	2183.0	1910.699951171875
2251.0	2180.0	1896.10302734375
2249.0	2183.0	1902.4822998046875
2259.0	2185.0	1888.0023193359375
2269.0	2183.0	1873.7110595703125
2272.0	2183.0	1871.689208984375
2279.0	2183.0	1862.5972900390625
2289.0	2182.0	1848.3665771484375
2292.0	2183.0	1846.7344970703125
2297.0	2182.0	1841.3580322265625
2298.0	2182.0	1843.2064208984375
2298.0	2183.0	1846.6470947265625
2309.0	2178.0	1830.877197265625
2308.0	2196.0	1836.158203125
2317.0	2194.0	1824.0208740234375
2318.0	2197.0	1825.905029296875
2327.0	2195.0	1813.5889892578125
2344.0	2191.0	1787.392578125
2339.0	2196.0	1800.0052490234375
2348.0	2199.0	1787.9080810546875
2348.0	2195.0	1791.8291015625
2347.0	2183.0	1797.2510986328125
2356.0	2182.0	1785.22900390625
2321.0	2180.0	1850.2784423828125
2367.0	2185.0	1773.450927734375
2375.0	2184.0	1763.3602294921875
2374.0	2186.0	1769.0491943359375
2386.0	2182.0	1751.753662109375
2386.0	2182.0	1755.7021484375
2395.0	2200.0	1744.0570068359375
2394.0	2182.0	1749.798583984375
2413.0	2169.0	1720.6260986328125
2406.0	2168.0	1736.9222412109375
2414.0	2176.0	1726.8599853515625
2416.0	2170.0	1727.3280029296875
2425.0	2168.0	1715.53173828125
2424.0	2170.0	1721.2818603515625
2433.0	2171.0	1709.3282470703125
2446.0	2169.0	1690.5704345703125
2435.0	2158.0	1713.6376953125
2433.0	2151.0	1720.7689208984375
2444.0	2157.0	1705.31494140625
2445.0	2142.0	1707.2059326171875
2445.0	2144.0	1710.6943359375
2457.0	2144.0	1693.0274658203125
2452.0	2143.0	1705.3446044921875
2454.0	2146.0	1705.229248046875
2465.0	2127.0	1689.14453125
2464.0	2132.0	1694.3218994140625
2465.0	2128.0	1695.8023681640625
2466.0	2131.0	1697.103759765625
2464.0	2130.0	1703.4952392578125
2463.0	2117.0	1707.98388671875
2474.0	2116.0	1691.5130615234375
2476.0	2121.0	1690.94775390625
2476.0	2118.0	1693.7197265625
2473.0	2104.0	1701.599853515625
2475.0	2104.0	1700.5301513671875
2474.0	2105.0	1704.644775390625
2476.0	2107.0	1703.360107421875
2475.0	2093.0	1707.2149658203125
2475.0	2092.0	1709.21142578125
2474.0	2093.0	1712.8646240234375
2474.0	2092.0	1714.623291015625
2482.0	2079.0	1702.2806396484375
2475.0	2080.0	1716.1468505859375
2473.0	2082.0	1721.160888671875
2476.0	2065.0	1717.318115234375
2474.0	2065.0	1722.2039794921875
2467.0	2067.0	1735.3917236328125
2467.0	2068.0	1736.18603515625
2461.0	2067.0	1747.4296875
2463.0	2053.0	1744.5848388671875
2464.0	2054.0	1743.501953125
2454.0	2052.0	1761.552978515625
2456.0	2041.0	1758.208740234375
2456.0	2038.0	1758.3958740234375
2456.0	2040.0	1758.60986328125
2445.0	2040.0	1777.744140625
2445.0	2028.0	1777.436767578125
2447.0	2025.0	1773.6983642578125
2435.0	2017.0	1794.306884765625
2436.0	2015.0	1791.8543701171875
2436.0	2014.0	1791.2196044921875
2425.0	2003.0	1809.7674560546875
2427.0	2007.0	1805.29638671875
2425.0	2001.0	1807.8499755859375
2417.0	1999.0	1820.6240234375
2415.0	2003.0	1822.875244140625
2405.0	1985.0	1839.005126953125
2407.0	1988.0	1833.967041015625
2394.0	1988.0	1855.0992431640625
2385.0	1988.0	1868.9720458984375
2377.0	1974.0	1880.8656005859375
2367.0	1986.0	1895.79638671875
2368.0	1977.0	1891.33251953125
2366.0	1976.0	1892.25537109375
2356.0	1975.0	1906.949951171875
2357.0	1976.0	1902.45703125
2346.0	1960.0	1918.9786376953125
2338.0	1963.0	1929.8162841796875
2337.0	1962.0	1928.4449462890625
2329.0	1962.0	1939.380126953125
2317.0	1964.0	1957.1744384765625
2317.0	1955.0	1953.6522216796875
2309.0	1964.0	1964.346435546875
2306.0	1965.0	1966.035400390625
2298.0	1965.0	1976.2811279296875
2289.0	1944.0	1988.2069091796875
2291.0	1951.0	1980.86767578125
2280.0	1950.0	1996.4521484375
2279.0	1951.0	1994.3184814453125
2270.0	1950.0	2006.34814453125
2258.0	1952.0	2023.4964599609375
2262.0	1949.0	2012.3626708984375
2249.0	1960.0	2030.8494873046875
2247.0	1949.0	2030.2481689453125
2241.0	1949.0	2036.463134765625
2244.0	1947.0	2027.1063232421875
2229.0	1950.0	2049.353759765625
2224.0	1947.0	2053.906982421875
2220.0	1950.0	2056.637451171875
2209.0	1946.0	2071.701904296875
2201.0	1948.0	2081.4072265625
2200.0	1949.0	2078.715576171875
2200.0	1948.0	2074.455810546875
2191.0	1949.0	2085.9111328125
2198.0	1948.0	2069.406494140625
2183.0	1949.0	2091.4677734375
2180.0	1951.0	2092.537841796875
2175.0	1946.0	2097.193115234375
2171.0	1950.0	2100.002197265625
2163.0	1951.0	2109.9052734375
2152.0	1951.0	2125.02783203125
2152.0	1950.0	2120.63720703125
2152.0	1950.0	2116.4775390625
2143.0	1953.0	2128.073974609375
2133.0	1965.0	2141.28857421875
2133.0	1960.0	2136.953369140625
2143.0	1963.0	2115.133056640625
2124.0	1965.0	2144.143798828125
2116.0	1962.0	2154.0791015625
2114.0	1963.0	2153.276123046875
2112.0	1962.0	2152.710205078125
2113.0	1962.0	2147.11083984375
2104.0	1980.0	2158.9306640625
2103.0	1980.0	2156.8203125
2104.0	1974.0	2151.432373046875
2106.0	1977.0	2144.4794921875
2094.0	1990.0	2162.100341796875
2095.0	1989.0	2156.8193359375
2096.0	1990.0	2151.702392578125
2093.0	1983.0	2153.78466796875
2085.0	1988.0	2164.50048828125
2083.0	2002.0	2164.79833984375
2086.0	2005.0	2156.4560546875
2085.0	2005.0	2155.314697265625
2080.0	2003.0	2161.14404296875
2074.0	2014.0	2168.65283203125
2076.0	2021.0	2162.221923828125
2076.0	2028.0	2159.5166015625
2074.0	2028.0	2160.455810546875
2076.0	2027.0	2154.4970703125
2073.0	2041.0	2157.441162109375
2075.0	2042.0	2151.70703125
2075.0	2041.0	2149.617919921875
2074.0	2051.0	2149.4169921875
2075.0	2054.0	2145.806640625
2076.0	2054.0	2142.303955078125
2074.0	2068.0	2144.1904296875
2075.0	2067.0	2140.810546875
2074.0	2069.0	2141.071533203125
2077.0	2065.0	2134.394775390625
2078.0	2080.0	2131.28466796875
2073.0	2078.0	2138.753662109375
2076.0	2099.0	2132.287353515625
2074.0	2093.0	2134.659912109375
2076.0	2092.0	2130.076904296875
2085.0	2092.0	2113.37890625
2086.0	2106.0	2111.09521484375
2092.0	2105.0	2100.07861328125
2084.0	2105.0	2113.650146484375
2084.0	2102.0	2113.172607421875
2095.0	2118.0	2093.817138671875
2095.0	2124.0	2093.79833984375
2093.0	2116.0	2097.29833984375
2105.0	2132.0	2076.3466796875
2099.0	2131.0	2087.27392578125
2103.0	2132.0	2080.686767578125
2112.0	2127.0	2065.2900390625
2115.0	2131.0	2060.846923828125
2112.0	2152.0	2066.8525390625
2113.0	2147.0	2065.79296875
2126.0	2144.0	2043.980712890625
2125.0	2157.0	2046.7921142578125
2132.0	2156.0	2035.7119140625
2129.0	2156.0	2042.3131103515625
2143.0	2171.0	2019.0247802734375
2155.0	2170.0	1999.7947998046875
2151.0	2171.0	2008.7757568359375
2154.0	2171.0	2005.4083251953125
2164.0	2170.0	1989.982666015625
2164.0	2184.0	1992.0750732421875
2187.0	2185.0	1953.94482421875
2183.0	2182.0	1963.55810546875
2182.0	2185.0	1967.876708984375
2188.0	2194.0	1959.944091796875
2190.0	2195.0	1959.1668701171875
2200.0	2196.0	1944.359130859375
2200.0	2195.0	1947.2471923828125
2204.0	2217.0	1942.9803466796875
2211.0	2197.0	1933.686279296875
2219.0	2210.0	1922.806884765625
2231.0	2208.0	1905.126708984375
2229.0	2208.0	1911.985595703125
2240.0	2209.0	1896.0927734375
2243.0	2208.0	1894.264404296875
2250.0	2212.0	1885.2767333984375
2250.0	2209.0	1888.7823486328125
2257.0	2208.0	1880.189697265625
2260.0	2208.0	1878.483154296875
2271.0	2222.0	1862.955322265625
2278.0	2224.0	1854.5850830078125
2288.0	2222.0	1841.1123046875
2290.0	2220.0	1841.6568603515625
2298.0	2221.0	1831.6456298828125
2302.0	2223.0	1828.68359375
2308.0	2220.0	1821.99365234375
2308.0	2222.0	1826.0897216796875
2317.0	2221.0	1814.4822998046875
2318.0	2221.0	1816.784423828125
2328.0	2220.0	1803.5120849609375
2338.0	2221.0	1790.295654296875
2340.0	2224.0	1791.0294189453125
2347.0	2221.0	1782.8870849609375
2374.0	2222.0	1739.8243408203125
2358.0	2222.0	1772.04833984375
2366.0	2222.0	1762.276123046875
2366.0	2222.0	1766.739013671875
2376.0	2223.0	1753.75048828125
2393.0	2223.0	1728.6517333984375
2386.0	2225.0	1745.4984130859375
2395.0	2223.0	1734.2633056640625
2406.0	2222.0	1719.65771484375
2407.0	2222.0	1722.5902099609375
2414.0	2207.0	1714.8076171875
2417.0	2209.0	1714.1932373046875
2426.0	2209.0	1702.8524169921875
2425.0	2209.0	1709.1907958984375
2427.0	2211.0	1710.069580078125
2435.0	2208.0	1700.417236328125
2436.0	2206.0	1702.98583984375
2444.0	2208.0	1693.2752685546875
2446.0	2195.0	1694.0533447265625
2457.0	2195.0	1678.93505859375
2456.0	2194.0	1684.9849853515625
2455.0	2196.0	1690.807373046875
2466.0	2199.0	1675.7012939453125
2461.0	2196.0	1688.5447998046875
2462.0	2185.0	1690.5928955078125
2465.0	2184.0	1688.9595947265625
2475.0	2188.0	1675.0772705078125
2476.0	2172.0	1677.0015869140625
2474.0	2168.0	1684.0250244140625
2473.0	2172.0	1689.11474609375
2484.0	2172.0	1672.9605712890625
2484.0	2170.0	1676.3525390625
2482.0	2158.0	1683.0599365234375
2484.0	2161.0	1682.559326171875
2483.0	2144.0	1687.1939697265625
2483.0	2158.0	1689.9158935546875
2482.0	2144.0	1694.252685546875
2485.0	2130.0	1691.4344482421875
2487.0	2131.0	1690.2279052734375
2483.0	2131.0	1699.43798828125
2494.0	2120.0	1682.2459716796875
2492.0	2116.0	1688.1319580078125
2487.0	2110.0	1699.163330078125
2495.0	2117.0	1687.3216552734375
2493.0	2104.0	1692.8773193359375
2496.0	2109.0	1689.5557861328125
2494.0	2090.0	1694.87939453125
2483.0	2096.0	1715.7894287109375
2483.0	2092.0	1716.9959716796875
2483.0	2079.0	1718.1123046875
2486.0	2080.0	1713.92236328125
2483.0	2080.0	1720.188720703125
2491.0	2066.0	1707.1466064453125
2474.0	2066.0	1737.57763671875
2475.0	2060.0	1736.2919921875
2474.0	2052.0	1738.51025390625
2474.0	2053.0	1738.934814453125
2476.0	2042.0	1735.834716796875
2464.0	2039.0	1757.2362060546875
2459.0	2043.0	1765.892578125
2463.0	2015.0	1758.803955078125
2464.0	2016.0	1756.9873046875
2454.0	2017.0	1774.067138671875
2455.0	2001.0	1771.8345947265625
2443.0	2003.0	1792.2076416015625
2445.0	2001.0	1787.8316650390625
2435.0	1993.0	1804.3443603515625
2435.0	1989.0	1803.1341552734375
2425.0	1986.0	1819.5147705078125
2426.0	1988.0	1816.3017578125
2424.0	1974.0	1818.4248046875
2419.0	1977.0	1825.571044921875
2413.0	1965.0	1834.40234375
2406.0	1965.0	1844.8309326171875
2406.0	1962.0	1842.903076171875
2396.0	1959.0	1858.50732421875
2385.0	1949.0	1875.5943603515625
2374.0	1951.0	1892.2874755859375
2369.0	1950.0	1898.2589111328125
2367.0	1951.0	1898.7359619140625
2366.0	1939.0	1897.626220703125
2356.0	1938.0	1912.1375732421875
2348.0	1936.0	1922.908935546875
2349.0	1936.0	1917.894287109375
2337.0	1937.0	1935.587646484375
2331.0	1938.0	1942.627685546875
2327.0	1923.0	1946.0791015625
2317.0	1925.0	1960.111328125
2307.0	1924.0	1973.957763671875
2308.0	1924.0	1968.29931640625
2308.0	1925.0	1964.6346435546875
2297.0	1926.0	1980.0916748046875
2290.0	1922.0	1988.4725341796875
2288.0	1925.0	1988.0181884765625
2280.0	1908.0	1998.130615234375
2270.0	1912.0	2011.5810546875
2260.0	1911.0	2024.957763671875
2259.0	1913.0	2022.3214111328125
2250.0	1912.0	2033.9302978515625
2247.0	1912.0	2034.785400390625
2240.0	1913.0	2042.5843505859375
2241.0	1925.0	2036.5037841796875
2229.0	1914.0	2053.275390625
2221.0	1911.0	2062.8759765625
2219.0	1910.0	2061.86962890625
2210.0	1914.0	2073.254638671875
2200.0	1913.0	2086.32080078125
2202.0	1910.0	2078.152587890625
2201.0	1910.0	2075.473876953125
2192.0	1911.0	2086.792724609375
2191.0	1909.0	2084.16943359375
2185.0	1912.0	2090.3154296875
2172.0	1911.0	2108.56884765625
2171.0	1931.0	2105.80615234375
2162.0	1925.0	2117.26904296875
2152.0	1922.0	2130.254150390625
2153.0	1925.0	2123.842041015625
2152.0	1925.0	2121.238525390625
2144.0	1924.0	2130.733154296875
2133.0	1926.0	2145.3056640625
2135.0	1926.0	2137.2646484375
2122.0	1937.0	2155.503173828125
2126.0	1940.0	2144.01953125
2116.0	1936.0	2157.15771484375
2115.0	1937.0	2154.4580078125
2106.0	1937.0	2165.894775390625
2105.0	1954.0	2163.25
2104.0	1946.0	2160.832763671875
2105.0	1949.0	2155.1201171875
2094.0	1943.0	2170.37158203125
2094.0	1964.0	2166.408935546875
2095.0	1965.0	2160.868408203125
2078.0	1966.0	2186.89453125
2086.0	1963.0	2169.053466796875
2085.0	1970.0	2167.248779296875
2085.0	1962.0	2163.866455078125
2075.0	1976.0	2177.83984375
2080.0	1976.0	2165.614013671875
2075.0	1975.0	2171.112548828125
2065.0	1976.0	2185.288330078125
2066.0	1989.0	2180.218505859375
2065.0	1988.0	2178.839111328125
2065.0	1988.0	2175.85400390625
2055.0	1988.0	2190.413330078125
2055.0	2002.0	2187.310791015625
2056.0	2001.0	2182.6328125
2059.0	2004.0	2174.5478515625
2055.0	2003.0	2178.90869140625
2056.0	2013.0	2174.6474609375
2055.0	2016.0	2174.02734375
2055.0	2027.0	2171.775634765625
2060.0	2027.0	2160.89404296875
2057.0	2041.0	2164.121826171875
2055.0	2042.0	2165.70458984375
2055.0	2054.0	2163.865234375
2058.0	2052.0	2156.919677734375
2056.0	2053.0	2158.7958984375
2056.0	2053.0	2157.285888671875
2069.0	2067.0	2133.30322265625
2067.0	2066.0	2135.866455078125
2065.0	2066.0	2138.496337890625
2068.0	2079.0	2132.380859375
2067.0	2076.0	2133.265625
2074.0	2091.0	2120.344482421875
2076.0	2091.0	2116.55126953125
2076.0	2091.0	2116.251708984375
2074.0	2103.0	2119.463134765625
2086.0	2106.0	2098.526611328125
2085.0	2107.0	2100.45068359375
2085.0	2106.0	2100.625244140625
2094.0	2120.0	2085.163330078125
2094.0	2119.0	2085.728271484375
2103.0	2127.0	2070.489501953125
2105.0	2130.0	2067.912841796875
2106.0	2130.0	2067.072509765625
2106.0	2131.0	2067.898193359375
2113.0	2130.0	2056.72900390625
2113.0	2144.0	2057.873046875
2124.0	2144.0	2039.858642578125
2131.0	2145.0	2029.182373046875
2132.0	2159.0	2029.210205078125
2144.0	2157.0	2010.0157470703125
2154.0	2170.0	1994.5386962890625
2152.0	2172.0	2000.3800048828125
2161.0	2170.0	1987.1802978515625
2162.0	2170.0	1987.9459228515625
2170.0	2173.0	1976.6658935546875
2181.0	2184.0	1960.36376953125
2182.0	2182.0	1961.5517578125
2193.0	2183.0	1945.1826171875
2201.0	2182.0	1934.201171875
2203.0	2197.0	1934.0426025390625
2211.0	2195.0	1923.16162109375
2208.0	2200.0	1931.8214111328125
2220.0	2195.0	1914.3394775390625
2222.0	2195.0	1914.3145751953125
2229.0	2209.0	1905.5272216796875
2241.0	2209.0	1888.3966064453125
2241.0	2209.0	1892.1884765625
2247.0	2208.0	1885.330810546875
2258.0	2211.0	1869.834716796875
2269.0	2209.0	1854.7215576171875
2278.0	2222.0	1843.1689453125
2280.0	2223.0	1844.1097412109375
2280.0	2221.0	1848.3238525390625
2291.0	2223.0	1833.3702392578125
2298.0	2222.0	1825.470703125
2296.0	2223.0	1833.356689453125
2308.0	2223.0	1816.65380859375
2317.0	2228.0	1805.3514404296875
2329.0	2234.0	1788.8673095703125
2328.0	2236.0	1795.3603515625
2338.0	2234.0	1782.6591796875
2337.0	2236.0	1789.074462890625
2346.0	2234.0	1778.08544921875
2356.0	2235.0	1765.4527587890625
2356.0	2232.0	1770.2171630859375
2368.0	2235.0	1753.8529052734375
2375.0	2235.0	1746.4642333984375
2387.0	2234.0	1730.4639892578125
2394.0	2235.0	1723.2413330078125
2395.0	2230.0	1726.661865234375
2404.0	2236.0	1716.185546875
2405.0	2232.0	1719.49951171875
2415.0	2236.0	1707.08837890625
2416.0	2235.0	1710.286376953125
2424.0	2234.0	1701.1365966796875
2433.0	2235.0	1690.3778076171875
2437.0	2237.0	1688.403564453125
2445.0	2236.0	1679.2474365234375
2445.0	2223.0	1684.2138671875
2444.0	2223.0	1690.6451416015625
2454.0	2222.0	1677.9029541015625
2455.0	2224.0	1680.79638671875
2466.0	2222.0	1666.060791015625
2463.0	2220.0	1675.8599853515625
2475.0	2222.0	1659.31982421875
2474.0	2208.0	1665.6182861328125
2473.0	2210.0	1671.6483154296875
2482.0	2207.0	1660.032470703125
2485.0	2209.0	1659.011474609375
2482.0	2209.0	1668.280029296875
2484.0	2207.0	1668.5826416015625
2494.0	2197.0	1654.960205078125
2493.0	2194.0	1660.5584716796875
2495.0	2193.0	1660.7052001953125
2496.0	2196.0	1662.384033203125
2502.0	2181.0	1655.2432861328125
2507.0	2184.0	1649.90576171875
2503.0	2183.0	1660.2626953125
2497.0	2170.0	1673.91259765625
2504.0	2170.0	1664.6075439453125
2503.0	2177.0	1669.1826171875
2513.0	2169.0	1654.6434326171875
2512.0	2170.0	1659.331298828125
2513.0	2158.0	1660.395263671875
2514.0	2158.0	1661.2947998046875
2514.0	2145.0	1663.8468017578125
2516.0	2144.0	1662.7186279296875
2512.0	2144.0	1671.9808349609375
2513.0	2142.0	1672.3663330078125
2515.0	2130.0	1670.88232421875
2514.0	2131.0	1674.5433349609375
2514.0	2132.0	1676.35791015625
2512.0	2116.0	1681.5345458984375
2504.0	2121.0	1697.07421875
2503.0	2117.0	1699.933837890625
2516.0	2105.0	1678.201171875
2503.0	2105.0	1701.9947509765625
2502.0	2104.0	1704.6680908203125
2503.0	2091.0	1703.7996826171875
2494.0	2090.0	1720.1673583984375
2495.0	2092.0	1718.806884765625
2494.0	2079.0	1720.953857421875
2481.0	2083.0	1743.9378662109375
2483.0	2066.0	1740.2994384765625
2485.0	2063.0	1736.65673828125
2473.0	2067.0	1757.4677734375
2475.0	2053.0	1753.485595703125
2476.0	2053.0	1751.245361328125
2476.0	2055.0	1750.808349609375
2467.0	2040.0	1765.8966064453125
2464.0	2040.0	1770.3280029296875
2455.0	2028.0	1784.9923095703125
2456.0	2027.0	1782.126220703125
2445.0	2013.0	1800.16552734375
2445.0	2005.0	1798.689697265625
2444.0	2002.0	1799.062744140625
2434.0	1999.0	1814.8616943359375
2434.0	2002.0	1813.208740234375
2426.0	1987.0	1825.3349609375
2417.0	1989.0	1838.8941650390625
2415.0	1989.0	1840.1895751953125
2404.0	1977.0	1857.2928466796875
2405.0	1975.0	1853.127197265625
2397.0	1961.0	1864.7486572265625
2385.0	1963.0	1883.17626953125
2387.0	1963.0	1876.827880859375
2372.0	1963.0	1900.0191650390625
2368.0	1961.0	1903.786376953125
2359.0	1947.0	1915.986328125
2349.0	1951.0	1929.71240234375
2346.0	1949.0	1931.2476806640625
2334.0	1936.0	1948.615966796875
2328.0	1936.0	1955.3240966796875
2329.0	1938.0	1949.5665283203125
2318.0	1935.0	1965.0609130859375
2317.0	1939.0	1962.8060302734375
2308.0	1926.0	1974.4324951171875
2299.0	1924.0	1985.9149169921875
2293.0	1925.0	1992.0804443359375
2289.0	1925.0	1994.7169189453125
2280.0	1935.0	2006.076904296875
2270.0	1911.0	2019.1131591796875
2259.0	1911.0	2033.8275146484375
2250.0	1912.0	2044.6961669921875
2245.0	1911.0	2048.52001953125
2238.0	1911.0	2055.69921875
2242.0	1912.0	2043.853759765625
2230.0	1913.0	2059.9814453125
2220.0	1898.0	2072.6083984375
2213.0	1898.0	2079.64013671875
2211.0	1897.0	2078.07421875
2200.0	1897.0	2092.4130859375
2190.0	1897.0	2104.968017578125
2190.0	1897.0	2099.789794921875
2182.0	1895.0	2108.557861328125
2181.0	1898.0	2105.271240234375
2173.0	1897.0	2114.153076171875
2165.0	1897.0	2123.047119140625
2151.0	1899.0	2142.30517578125
2151.0	1904.0	2137.115478515625
2145.0	1897.0	2142.507080078125
2132.0	1900.0	2160.11572265625
2123.0	1898.0	2170.586181640625
2124.0	1900.0	2163.451171875
2125.0	1896.0	2156.227294921875
2113.0	1899.0	2172.038818359375
2104.0	1905.0	2182.499755859375
2105.0	1899.0	2175.65673828125
2098.0	1912.0	2182.9033203125
2088.0	1911.0	2195.3173828125
2086.0	1912.0	2193.67431640625
2076.0	1909.0	2206.190185546875
2074.0	1910.0	2204.618896484375
2075.0	1909.0	2198.068115234375
2066.0	1925.0	2208.935546875
2066.0	1924.0	2204.256103515625
2067.0	1924.0	2198.089599609375
2056.0	1923.0	2212.861083984375
2058.0	1949.0	2204.9326171875
2060.0	1937.0	2197.288818359375
2046.0	1937.0	2217.877685546875
2048.0	1939.0	2210.19677734375
2047.0	1952.0	2207.998291015625
2047.0	1953.0	2204.244140625
2046.0	1951.0	2202.451171875
2037.0	1951.0	2214.5595703125
2036.0	1965.0	2212.7392578125
2036.0	1963.0	2209.328857421875
2033.0	1963.0	2211.373779296875
2036.0	1976.0	2203.083984375
2036.0	1969.0	2200.2041015625
2037.0	1976.0	2195.74560546875
2036.0	1983.0	2194.91552734375
2038.0	1990.0	2188.9462890625
2037.0	1990.0	2188.382568359375
2038.0	2006.0	2184.427490234375
2037.0	2003.0	2184.132568359375
2036.0	2019.0	2183.926513671875
2037.0	2029.0	2180.326171875
2043.0	2021.0	2168.16748046875
2025.0	2043.0	2198.441162109375
2027.0	2041.0	2192.891845703125
2030.0	2040.0	2185.683349609375
2008.0	2053.0	2221.752197265625
2034.0	2069.0	2174.717041015625
2046.0	2064.0	2152.728271484375
2057.0	2079.0	2132.8994140625
2056.0	2080.0	2134.401123046875
2066.0	2094.0	2116.62548828125
2078.0	2092.0	2095.82568359375
2074.0	2106.0	2103.08349609375
2074.0	2107.0	2103.6708984375
2076.0	2107.0	2100.741455078125
2083.0	2118.0	2089.296142578125
2088.0	2116.0	2081.480712890625
2095.0	2133.0	2070.36962890625
2088.0	2131.0	2083.8857421875
2106.0	2129.0	2053.617431640625
2114.0	2143.0	2041.136474609375
2114.0	2143.0	2043.0311279296875
2124.0	2159.0	2027.28271484375
2123.0	2157.0	2031.1451416015625
2135.0	2171.0	2012.516845703125
2140.0	2168.0	2006.3291015625
2154.0	2171.0	1984.6337890625
2153.0	2188.0	1989.2572021484375
2164.0	2184.0	1972.91552734375
2172.0	2195.0	1961.980224609375
2184.0	2197.0	1944.2769775390625
2185.0	2198.0	1946.094482421875
2190.0	2214.0	1941.0426025390625
2190.0	2208.0	1944.586181640625
2203.0	2208.0	1925.5521240234375
2212.0	2222.0	1913.674072265625
2220.0	2221.0	1903.6595458984375
2228.0	2225.0	1893.8165283203125
2230.0	2236.0	1894.5205078125
2240.0	2237.0	1881.1302490234375
2250.0	2237.0	1867.8636474609375
2249.0	2234.0	1874.06884765625
2282.0	2249.0	1820.8408203125
2259.0	2247.0	1865.566650390625
2273.0	2250.0	1845.589111328125
2280.0	2246.0	1837.96875
2289.0	2262.0	1826.9200439453125
2299.0	2259.0	1814.2381591796875
2298.0	2261.0	1820.8726806640625
2310.0	2259.0	1804.5953369140625
2317.0	2261.0	1797.1343994140625
2321.0	2258.0	1795.1126708984375
2327.0	2275.0	1789.697021484375
2338.0	2289.0	1775.6083984375
2339.0	2273.0	1778.8974609375
2348.0	2275.0	1768.20068359375
2358.0	2262.0	1755.779052734375
2367.0	2273.0	1745.2232666015625
2375.0	2290.0	1736.4609375
2388.0	2286.0	1719.1646728515625
2396.0	2285.0	1710.722412109375
2394.0	2287.0	1719.9132080078125
2406.0	2288.0	1704.5894775390625
2414.0	2287.0	1696.0653076171875
2415.0	2285.0	1699.71630859375
2424.0	2280.0	1689.5765380859375
2424.0	2285.0	1695.0804443359375
2435.0	2286.0	1681.089599609375
2445.0	2286.0	1668.8973388671875
2444.0	2288.0	1676.1441650390625
2454.0	2278.0	1663.8380126953125
2455.0	2275.0	1667.4617919921875
2464.0	2271.0	1657.1614990234375
2467.0	2274.0	1657.1256103515625
2473.0	2272.0	1651.719482421875
2471.0	2274.0	1660.347412109375
2483.0	2275.0	1644.34130859375
2483.0	2261.0	1649.362060546875
2496.0	2261.0	1631.329833984375
2494.0	2262.0	1639.760986328125
2491.0	2262.0	1649.6893310546875
2503.0	2261.0	1633.390625
2503.0	2254.0	1638.038818359375
2513.0	2248.0	1625.1558837890625
2513.0	2248.0	1629.6802978515625
2510.0	2248.0	1639.253173828125
2522.0	2236.0	1622.3096923828125
2524.0	2237.0	1623.0640869140625
2523.0	2237.0	1628.8009033203125
2522.0	2235.0	1634.3714599609375
2525.0	2224.0	1632.732421875
2532.0	2224.0	1624.2012939453125
2533.0	2210.0	1626.1094970703125
2532.0	2209.0	1631.3526611328125
2533.0	2203.0	1632.880859375
2543.0	2196.0	1618.5994873046875
2542.0	2195.0	1623.7115478515625
2542.0	2191.0	1626.9202880859375
2541.0	2185.0	1631.70263671875
2542.0	2186.0	1632.7802734375
2544.0	2183.0	1631.9864501953125
2542.0	2171.0	1638.0460205078125
2542.0	2158.0	1640.436767578125
2544.0	2159.0	1639.23583984375
2541.0	2142.0	1646.6527099609375
2541.0	2146.0	1648.70263671875
2542.0	2130.0	1648.8739013671875
2545.0	2129.0	1645.45654296875
2534.0	2118.0	1666.1578369140625
2532.0	2121.0	1670.9381103515625
2535.0	2116.0	1666.8643798828125
2532.0	2107.0	1673.2752685546875
2531.0	2107.0	1676.126220703125
2521.0	2093.0	1694.535400390625
2522.0	2090.0	1693.302734375
2521.0	2080.0	1695.5281982421875
2521.0	2078.0	1696.007568359375
2521.0	2080.0	1696.4217529296875
2514.0	2066.0	1708.7564697265625
2515.0	2059.0	1707.0028076171875
2504.0	2052.0	1725.9493408203125
2503.0	2039.0	1727.2958984375
2495.0	2027.0	1740.72607421875
2493.0	2016.0	1743.4217529296875
2478.0	2016.0	1768.9459228515625
2483.0	2002.0	1759.044921875
2475.0	2002.0	1771.9752197265625
2473.0	2003.0	1774.0308837890625
2474.0	1987.0	1770.8673095703125
2469.0	1990.0	1778.0107421875
2455.0	1974.0	1800.5264892578125
2454.0	1965.0	1800.3011474609375
2444.0	1966.0	1815.737548828125
2435.0	1950.0	1829.1331787109375
2435.0	1950.0	1826.6240234375
2426.0	1937.0	1839.8778076171875
2414.0	1941.0	1858.25
2414.0	1939.0	1855.2650146484375
2415.0	1925.0	1850.683349609375
2404.0	1923.0	1867.0020751953125
2395.0	1925.0	1879.663330078125
2385.0	1908.0	1893.677001953125
2375.0	1911.0	1907.5953369140625
2364.0	1901.0	1923.04638671875
2356.0	1897.0	1933.146484375
2357.0	1899.0	1927.2398681640625
2339.0	1884.0	1954.466796875
2337.0	1885.0	1953.38525390625
2328.0	1884.0	1964.4903564453125
2316.0	1873.0	1980.7720947265625
2315.0	1873.0	1977.852294921875
2308.0	1872.0	1985.590087890625
2299.0	1861.0	1996.56591796875
2288.0	1867.0	2010.951171875
2278.0	1860.0	2023.552978515625
2280.0	1861.0	2014.9090576171875
2270.0	1860.0	2027.1888427734375
2260.0	1851.0	2039.460693359375
2249.0	1848.0	2053.165771484375
2240.0	1849.0	2063.369140625
2239.0	1847.0	2059.70458984375
2230.0	1834.0	2070.26416015625
2223.0	1835.0	2077.177001953125
2210.0	1831.0	2094.412109375
2201.0	1833.0	2104.523681640625
2201.0	1849.0	2098.840087890625
2193.0	1835.0	2107.091796875
2193.0	1835.0	2101.568603515625
2183.0	1834.0	2113.528076171875
2170.0	1834.0	2130.586669921875
2161.0	1828.0	2140.70458984375
2155.0	1833.0	2145.4794921875
2142.0	1833.0	2162.428955078125
2131.0	1833.0	2175.70263671875
2132.0	1834.0	2167.992919921875
2133.0	1834.0	2160.588134765625
2125.0	1833.0	2168.913818359375
2113.0	1833.0	2184.156005859375
2113.0	1833.0	2178.53955078125
2104.0	1834.0	2188.720947265625
2096.0	1831.0	2197.15966796875
2094.0	1832.0	2195.0537109375
2086.0	1845.0	2203.805419921875
2086.0	1847.0	2198.400390625
2075.0	1846.0	2212.15478515625
2076.0	1846.0	2205.1240234375
2066.0	1846.0	2217.260498046875
2065.0	1864.0	2213.89013671875
2055.0	1860.0	2226.32763671875
2055.0	1858.0	2221.2958984375
2053.0	1859.0	2220.031494140625
2045.0	1873.0	2229.4599609375
2045.0	1873.0	2224.7978515625
2046.0	1876.0	2218.580322265625
2038.0	1871.0	2228.021728515625
2035.0	1885.0	2228.892333984375
2038.0	1886.0	2219.47900390625
2037.0	1895.0	2217.30859375
2024.0	1900.0	2236.152587890625
2025.0	1902.0	2230.44384765625
2026.0	1910.0	2224.927734375
2026.0	1925.0	2221.376708984375
2030.0	1925.0	2211.00048828125
2028.0	1925.0	2211.302978515625
2026.0	1931.0	2211.787353515625
2028.0	1938.0	2205.447998046875
2026.0	1937.0	2206.211181640625
2026.0	1951.0	2203.644775390625
2026.0	1966.0	2201.211181640625
2025.0	1960.0	2200.673583984375
2026.0	1977.0	2196.74853515625
2026.0	1982.0	2194.705322265625
2028.0	1988.0	2189.28173828125
2026.0	1991.0	2190.927490234375
2027.0	1989.0	2187.432373046875
2036.0	2002.0	2170.31103515625
2036.0	2005.0	2169.191162109375
2036.0	2000.0	2168.10888671875
2036.0	1998.0	2167.094482421875
2035.0	2003.0	2167.8720703125
2037.0	2015.0	2163.429443359375
2037.0	2013.0	2162.562744140625
2047.0	2041.0	2144.469970703125
2054.0	2056.0	2131.924560546875
2056.0	2068.0	2128.5185546875
2053.0	2066.0	2133.845458984375
2067.0	2079.0	2109.7529296875
2074.0	2093.0	2098.23828125
2074.0	2102.0	2099.070556640625
2085.0	2107.0	2080.872802734375
2084.0	2125.0	2083.783203125
2096.0	2117.0	2063.9599609375
2106.0	2132.0	2047.96044921875
2107.0	2146.0	2048.07177734375
2114.0	2144.0	2037.5841064453125
2114.0	2141.0	2039.661376953125
2114.0	2160.0	2041.5714111328125
2123.0	2171.0	2027.9615478515625
2131.0	2169.0	2016.4747314453125
2145.0	2182.0	1994.7066650390625
2153.0	2184.0	1983.629638671875
2152.0	2194.0	1988.362548828125
2161.0	2216.0	1975.4888916015625
2171.0	2208.0	1961.1978759765625
2183.0	2223.0	1943.5963134765625
2185.0	2222.0	1943.7164306640625
2191.0	2222.0	1937.0084228515625
2190.0	2239.0	1942.4193115234375
2201.0	2233.0	1926.7965087890625
2210.0	2254.0	1915.044921875
2222.0	2247.0	1898.11962890625
2231.0	2247.0	1886.674072265625
2232.0	2259.0	1889.2520751953125
2229.0	2262.0	1898.626220703125
2249.0	2275.0	1867.8819580078125
2248.0	2273.0	1874.1591796875
2261.0	2285.0	1856.00048828125
2271.0	2287.0	1843.26171875
2279.0	2300.0	1834.0780029296875
2292.0	2300.0	1816.22509765625
2289.0	2302.0	1826.509765625
2299.0	2303.0	1813.884521484375
2310.0	2313.0	1799.5657958984375
2308.0	2313.0	1808.1658935546875
2318.0	2314.0	1795.787353515625
2329.0	2313.0	1781.78955078125
2339.0	2313.0	1769.70263671875
2338.0	2325.0	1776.6942138671875
2347.0	2326.0	1766.0860595703125
2357.0	2324.0	1753.822265625
2367.0	2327.0	1741.5592041015625
2386.0	2323.0	1713.8255615234375
2386.0	2326.0	1719.39208984375
2387.0	2331.0	1723.3553466796875
2394.0	2338.0	1716.8497314453125
2405.0	2339.0	1703.3919677734375
2405.0	2342.0	1709.0677490234375
2417.0	2337.0	1693.656982421875
2427.0	2338.0	1681.8681640625
2434.0	2338.0	1675.3153076171875
2434.0	2323.0	1681.0408935546875
2449.0	2327.0	1660.253662109375
2455.0	2325.0	1655.376708984375
2457.0	2325.0	1657.5977783203125
2454.0	2326.0	1668.283447265625
2464.0	2326.0	1656.14599609375
2463.0	2328.0	1663.1351318359375
2474.0	2328.0	1649.1651611328125
2470.0	2312.0	1661.35888671875
2482.0	2314.0	1645.361328125
2483.0	2316.0	1648.62939453125
2483.0	2314.0	1653.378173828125
2493.0	2301.0	1640.7005615234375
2493.0	2300.0	1645.4130859375
2504.0	2300.0	1630.945556640625
2502.0	2296.0	1639.0543212890625
2515.0	2286.0	1620.80517578125
2513.0	2288.0	1628.891357421875
2525.0	2276.0	1612.3717041015625
2523.0	2277.0	1620.3797607421875
2522.0	2266.0	1626.3780517578125
2524.0	2261.0	1626.899169921875
2522.0	2261.0	1634.226806640625
2542.0	2247.0	1603.091796875
2533.0	2250.0	1622.733642578125
2532.0	2235.0	1628.1395263671875
2543.0	2237.0	1612.534912109375
2544.0	2222.0	1614.451904296875
2546.0	2208.0	1614.431396484375
2542.0	2208.0	1624.77001953125
2543.0	2195.0	1626.1246337890625
2541.0	2197.0	1632.5994873046875
2543.0	2196.0	1631.9033203125
2552.0	2181.0	1619.0457763671875
2551.0	2170.0	1623.7564697265625
2553.0	2164.0	1623.07470703125
2552.0	2156.0	1627.4765625
2553.0	2143.0	1628.2430419921875
2543.0	2145.0	1648.062744140625
2543.0	2130.0	1649.86572265625
2542.0	2123.0	1653.322265625
2541.0	2119.0	1656.7034912109375
2542.0	2118.0	1656.4581298828125
2537.0	2105.0	1666.6766357421875
2532.0	2092.0	1676.6744384765625
2534.0	2081.0	1674.0706787109375
2534.0	2079.0	1674.961181640625
2533.0	2066.0	1677.504150390625
2524.0	2055.0	1694.02392578125
2523.0	2054.0	1696.076416015625
2522.0	2041.0	1698.0511474609375
2523.0	2042.0	1696.6014404296875
2516.0	2025.0	1708.7066650390625
2512.0	2013.0	1715.544677734375
2506.0	2003.0	1725.6837158203125
2504.0	1988.0	1728.5914306640625
2493.0	1989.0	1747.095703125
2495.0	1975.0	1742.6436767578125
2483.0	1961.0	1762.721923828125
2483.0	1963.0	1761.43212890625
2473.0	1966.0	1777.3634033203125
2476.0	1950.0	1770.576171875
2463.0	1936.0	1791.5556640625
2455.0	1937.0	1803.43603515625
2454.0	1924.0	1803.08642578125
2443.0	1910.0	1820.2794189453125
2436.0	1909.0	1830.1402587890625
2435.0	1895.0	1829.2191162109375
2424.0	1898.0	1845.8946533203125
2425.0	1899.0	1841.3323974609375
2412.0	1886.0	1861.0875244140625
2405.0	1884.0	1870.143310546875
2397.0	1867.0	1880.6214599609375
2386.0	1873.0	1896.18359375
2377.0	1858.0	1908.103759765625
2371.0	1860.0	1914.60546875
2356.0	1847.0	1936.741943359375
2346.0	1840.0	1949.783447265625
2337.0	1833.0	1961.0357666015625
2339.0	1832.0	1952.7900390625
2335.0	1835.0	1955.3433837890625
2327.0	1834.0	1964.9075927734375
2317.0	1820.0	1977.819580078125
2307.0	1821.0	1990.4658203125
2298.0	1820.0	2001.3038330078125
2279.0	1810.0	2029.5201416015625
2282.0	1811.0	2019.11376953125
2277.0	1808.0	2022.6187744140625
2261.0	1809.0	2045.295166015625
2260.0	1810.0	2041.4853515625
2248.0	1797.0	2056.904541015625
2239.0	1797.0	2066.979248046875
2244.0	1794.0	2052.685546875
2230.0	1796.0	2071.837158203125
2222.0	1796.0	2080.28857421875
2212.0	1794.0	2092.169189453125
2202.0	1783.0	2104.063720703125
2208.0	1782.0	2087.749267578125
2191.0	1783.0	2111.747314453125
2181.0	1778.0	2123.43115234375
2170.0	1783.0	2136.60693359375
2172.0	1782.0	2127.251953125
2163.0	1782.0	2137.35107421875
2152.0	1782.0	2150.8818359375
2145.0	1788.0	2157.354248046875
2133.0	1796.0	2172.386474609375
2124.0	1796.0	2182.121826171875
2125.0	1797.0	2174.278564453125
2115.0	1796.0	2185.6533203125
2102.0	1799.0	2202.28515625
2105.0	1797.0	2191.078125
2094.0	1796.0	2204.377685546875
2086.0	1808.0	2212.4521484375
2084.0	1805.0	2210.10302734375
2076.0	1805.0	2218.529541015625
2067.0	1811.0	2228.45556640625
2065.0	1816.0	2226.18310546875
2066.0	1821.0	2218.909423828125
2055.0	1821.0	2232.5693359375
2057.0	1822.0	2223.68115234375
2046.0	1834.0	2237.68994140625
2045.0	1841.0	2234.238525390625
2035.0	1819.0	2246.620361328125
2038.0	1848.0	2236.26318359375
2026.0	1847.0	2252.42431640625
2029.0	1849.0	2242.179931640625
2017.0	1862.0	2258.44873046875
2016.0	1863.0	2255.277587890625
2016.0	1871.0	2250.624755859375
2020.0	1875.0	2239.200439453125
2006.0	1886.0	2259.38623046875
2006.0	1887.0	2254.989990234375
2006.0	1897.0	2250.845947265625
2006.0	1895.0	2246.914794921875
2007.0	1912.0	2241.43896484375
2007.0	1913.0	2237.887939453125
2002.0	1923.0	2242.993408203125
2001.0	1925.0	2241.241455078125
1999.0	1933.0	2241.379150390625
1998.0	1938.0	2239.946533203125
1998.0	1950.0	2236.946533203125
2000.0	1960.0	2230.6044921875
2000.0	1963.0	2227.908935546875
1995.0	1980.0	2234.1318359375
1998.0	1988.0	2226.477783203125
1996.0	1984.0	2227.70849609375
1999.0	1988.0	2220.284912109375
1999.0	2001.0	2218.227294921875
2009.0	2012.0	2199.09033203125
2007.0	2028.0	2201.139404296875
2006.0	2037.0	2201.541015625
2008.0	2051.0	2196.73583984375
2019.0	2052.0	2176.244140625
2019.0	2067.0	2175.502685546875
2019.0	2080.0	2174.817626953125
2017.0	2084.0	2177.655517578125
2026.0	2091.0	2161.6240234375
2026.0	2085.0	2161.4404296875
2036.0	2106.0	2143.929931640625
2036.0	2119.0	2144.17333984375
2047.0	2132.0	2125.3095703125
2045.0	2129.0	2129.387939453125
2056.0	2138.0	2110.72119140625
2056.0	2145.0	2111.7314453125
2065.0	2157.0	2096.94775390625
2065.0	2159.0	2098.3125
2067.0	2168.0	2096.0830078125
2072.0	2185.0	2088.835693359375
2086.0	2184.0	2066.014892578125
2094.0	2201.0	2054.0068359375
2095.0	2194.0	2054.424560546875
2104.0	2210.0	2040.869140625
2114.0	2223.0	2025.797607421875
2114.0	2223.0	2028.506103515625
2113.0	2219.0	2032.8416748046875
2123.0	2234.0	2018.0609130859375
2136.0	2249.0	1998.2996826171875
2141.0	2247.0	1992.813232421875
2151.0	2261.0	1978.6990966796875
2169.0	2261.0	1950.717529296875
2171.0	2275.0	1951.1036376953125
2182.0	2289.0	1935.869140625
2190.0	2300.0	1926.020263671875
2190.0	2298.0	1930.39599609375
2203.0	2300.0	1912.0657958984375
2201.0	2301.0	1919.8980712890625
2207.0	2310.0	1913.8594970703125
2222.0	2314.0	1892.14697265625
2229.0	2324.0	1884.5555419921875
2240.0	2327.0	1870.0284423828125
2249.0	2327.0	1859.12939453125
2260.0	2339.0	1844.959228515625
2271.0	2339.0	1830.8431396484375
2268.0	2344.0	1841.4466552734375
2269.0	2346.0	1844.73681640625
2280.0	2352.0	1830.516357421875
2289.0	2349.0	1819.835693359375
2298.0	2352.0	1809.4093017578125
2305.0	2366.0	1802.619384765625
2320.0	2365.0	1781.8824462890625
2328.0	2361.0	1773.4000244140625
2328.0	2364.0	1779.0462646484375
2336.0	2366.0	1770.779296875
2344.0	2365.0	1762.221923828125
2347.0	2365.0	1762.50537109375
2356.0	2361.0	1752.3602294921875
2367.0	2366.0	1738.7342529296875
2377.0	2377.0	1726.9005126953125
2386.0	2378.0	1717.0079345703125
2398.0	2378.0	1701.9417724609375
2403.0	2360.0	1699.1563720703125
2405.0	2365.0	1701.7362060546875
2414.0	2363.0	1692.0697021484375
2415.0	2365.0	1696.1494140625
2426.0	2365.0	1682.753173828125
2434.0	2361.0	1674.7010498046875
2435.0	2366.0	1678.7657470703125
2445.0	2364.0	1666.8031005859375
2456.0	2351.0	1653.133056640625
2455.0	2353.0	1660.6455078125
2464.0	2352.0	1650.339111328125
2465.0	2352.0	1654.1798095703125
2474.0	2334.0	1644.055908203125
2475.0	2339.0	1647.711181640625
2483.0	2338.0	1639.1988525390625
2482.0	2340.0	1646.19677734375
2491.0	2326.0	1635.60888671875
2502.0	2320.0	1621.6231689453125
2504.0	2315.0	1623.420166015625
2509.0	2314.0	1619.8013916015625
2512.0	2298.0	1619.7335205078125
2513.0	2301.0	1622.9171142578125
2523.0	2299.0	1610.3941650390625
2526.0	2289.0	1609.91552734375
2521.0	2288.0	1623.2501220703125
2531.0	2272.0	1610.2884521484375
2533.0	2273.0	1611.319580078125
2541.0	2260.0	1601.6966552734375
2542.0	2262.0	1604.39208984375
2542.0	2261.0	1608.61865234375
2552.0	2251.0	1595.1021728515625
2554.0	2249.0	1595.8262939453125
2553.0	2245.0	1601.5692138671875
2550.0	2248.0	1610.60595703125
2553.0	2235.0	1608.9232177734375
2551.0	2237.0	1615.849609375
2563.0	2225.0	1598.2509765625
2562.0	2220.0	1603.5009765625
2562.0	2220.0	1606.7503662109375
2561.0	2221.0	1611.5928955078125
2561.0	2203.0	1614.4825439453125
2561.0	2208.0	1617.2557373046875
2552.0	2207.0	1635.276123046875
2550.0	2208.0	1640.8814697265625
2554.0	2195.0	1635.8824462890625
2552.0	2195.0	1641.2576904296875
2553.0	2196.0	1641.273681640625
2553.0	2195.0	1642.9075927734375
2543.0	2198.0	1662.0076904296875
2543.0	2195.0	1663.0799560546875
2540.0	2190.0	1669.279541015625
2542.0	2184.0	1666.7313232421875
2534.0	2182.0	1681.3193359375
2534.0	2182.0	1681.789306640625
2532.0	2180.0	1685.7677001953125
2522.0	2182.0	1703.5648193359375
2521.0	2171.0	1705.274658203125
2521.0	2171.0	1705.2283935546875
2519.0	2169.0	1708.6741943359375
2524.0	2168.0	1699.825439453125
2512.0	2171.0	1720.4608154296875
2512.0	2170.0	1720.02587890625
2505.0	2155.0	1731.611083984375
2502.0	2158.0	1736.0159912109375
2504.0	2158.0	1731.7537841796875
2492.0	2156.0	1751.9356689453125
2494.0	2157.0	1747.3419189453125
2496.0	2153.0	1742.799072265625
2493.0	2144.0	1747.097412109375
2493.0	2143.0	1746.1151123046875
2484.0	2141.0	1760.6058349609375
2482.0	2146.0	1762.821533203125
2484.0	2158.0	1758.1090087890625
2483.0	2144.0	1758.718994140625
2476.0	2145.0	1769.7606201171875
2475.0	2132.0	1770.072021484375
2473.0	2132.0	1772.2503662109375
2474.0	2134.0	1769.2017822265625
2475.0	2132.0	1766.2152099609375
2474.0	2130.0	1766.8543701171875
2470.0	2134.0	1772.37646484375
2464.0	2131.0	1781.4486083984375
2464.0	2132.0	1780.0653076171875
2466.0	2131.0	1775.265869140625
2454.0	2130.0	1794.88427734375
2456.0	2133.0	1789.791748046875
2454.0	2133.0	1791.798583984375
2456.0	2135.0	1786.87255859375
2456.0	2132.0	1785.515625
2455.0	2130.0	1785.9957275390625
2446.0	2130.0	1800.1954345703125
2445.0	2130.0	1800.3885498046875
2443.0	2134.0	1802.4266357421875
2443.0	2131.0	1801.01025390625
2444.0	2128.0	1797.93212890625
2434.0	2129.0	1814.0604248046875
2432.0	2131.0	1815.9561767578125
2432.0	2134.0	1814.424560546875
2434.0	2116.0	1809.4468994140625
2433.0	2132.0	1809.80322265625
2424.0	2119.0	1824.103271484375
2428.0	2118.0	1815.4149169921875
2424.0	2118.0	1820.8641357421875
2426.0	2116.0	1815.8887939453125
2417.0	2122.0	1830.1893310546875
2414.0	2119.0	1833.6788330078125
2406.0	2116.0	1845.9976806640625
2403.0	2117.0	1849.31005859375
2405.0	2114.0	1843.903076171875
2404.0	2122.0	1843.856689453125
2395.0	2117.0	1857.693359375
2385.0	2103.0	1873.029296875
2388.0	2106.0	1865.416015625
2376.0	2104.0	1884.07666015625
2363.0	2104.0	1904.2464599609375
2366.0	2105.0	1896.177001953125
2367.0	2109.0	1891.746337890625
2357.0	2105.0	1906.46240234375
2356.0	2090.0	1905.3900146484375
2360.0	2092.0	1895.71533203125
2349.0	2095.0	1912.26416015625
2346.0	2099.0	1914.70263671875
2348.0	2093.0	1908.53759765625
2335.0	2080.0	1928.643310546875
2337.0	2079.0	1922.30859375
2339.0	2080.0	1916.161865234375
2336.0	2078.0	1918.9031982421875
2336.0	2081.0	1916.5107421875
2326.0	2083.0	1931.386962890625
2330.0	2053.0	1921.8494873046875
2327.0	2065.0	1924.6768798828125
2319.0	2066.0	1936.3238525390625
2317.0	2066.0	1937.2158203125
2316.0	2068.0	1936.489013671875
2309.0	2067.0	1946.377197265625
2311.0	2065.0	1940.234375
2307.0	2067.0	1944.7562255859375
2308.0	2066.0	1940.6461181640625
2297.0	2071.0	1957.515625
2297.0	2057.0	1954.979736328125
2289.0	2064.0	1966.4329833984375
2290.0	2068.0	1962.02294921875
2291.0	2068.0	1957.723388671875
2289.0	2068.0	1958.8172607421875
2280.0	2067.0	1971.91162109375
2279.0	2058.0	1971.0736083984375
2281.0	2065.0	1965.1201171875
2269.0	2062.0	1983.550537109375
2269.0	2067.0	1980.9251708984375
2260.0	2065.0	1994.14990234375
2282.0	2067.0	1952.8375244140625
2248.0	2067.0	2009.7032470703125
2247.0	2065.0	2008.5440673828125
2249.0	2067.0	2002.276611328125
2240.0	2066.0	2015.1036376953125
2241.0	2064.0	2010.479248046875
2239.0	2067.0	2011.26806640625
2227.0	2064.0	2029.419921875
2229.0	2067.0	2023.0439453125
2222.0	2057.0	2032.529052734375
2222.0	2053.0	2029.53173828125
2211.0	2054.0	2045.8441162109375
2207.0	2054.0	2049.770263671875
2211.0	2052.0	2039.8116455078125
2203.0	2051.0	2050.6689453125
2201.0	2054.0	2051.158935546875
2201.0	2051.0	2048.331298828125
2201.0	2054.0	2045.609130859375
2192.0	2051.0	2058.58203125
2195.0	2066.0	2050.44189453125
2193.0	2066.0	2051.22607421875
2189.0	2064.0	2055.647216796875
2193.0	2066.0	2046.203857421875
2191.0	2065.0	2047.4085693359375
2192.0	2066.0	2043.4776611328125
2191.0	2066.0	2043.154052734375
2189.0	2047.0	2044.7017822265625
2190.0	2054.0	2041.0963134765625
2191.0	2053.0	2037.5579833984375
2190.0	2052.0	2037.6212158203125
2182.0	2053.0	2050.030517578125
2192.0	2053.0	2030.6209716796875
2183.0	2055.0	2044.5926513671875
2181.0	2058.0	2046.389892578125
2181.0	2050.0	2044.7930908203125
2181.0	2052.0	2043.267822265625
2183.0	2052.0	2038.296142578125
2183.0	2054.0	2036.9287109375
2181.0	2053.0	2039.135986328125
2173.0	2053.0	2051.776123046875
2171.0	2051.0	2053.664306640625
2171.0	2053.0	2052.139892578125
2172.0	2054.0	2048.962646484375
2163.0	2056.0	2063.093994140625
2163.0	2053.0	2061.391357421875
2152.0	2060.0	2078.724365234375
2152.0	2054.0	2076.7421875
2142.0	2054.0	2092.311279296875
2134.0	2053.0	2104.0244140625
2135.0	2054.0	2099.821044921875
2123.0	2057.0	2118.45166015625
2122.0	2052.0	2117.609619140625
2115.0	2052.0	2127.04248046875
2115.0	2054.0	2124.254150390625
2104.0	2052.0	2140.556640625
2119.0	2043.0	2111.397216796875
2106.0	2041.0	2131.4560546875
2095.0	2042.0	2148.02978515625
2084.0	2043.0	2164.39599609375
2086.0	2038.0	2157.74658203125
2072.0	2027.0	2179.27294921875
2074.0	2027.0	2172.49755859375
2075.0	2030.0	2167.674072265625
2069.0	2013.0	2174.9931640625
2065.0	2015.0	2178.82421875
2057.0	2014.0	2189.5390625
2056.0	2014.0	2188.0615234375
2055.0	2015.0	2186.701904296875
2047.0	2002.0	2197.7236328125
2044.0	2001.0	2199.788818359375
2045.0	2003.0	2194.980224609375
2045.0	2002.0	2192.10107421875
2060.0	2006.0	2163.0634765625
2036.0	2004.0	2202.24853515625
2039.0	2002.0	2194.123779296875
2038.0	2003.0	2193.213623046875
2026.0	2000.0	2211.463623046875
2024.0	2005.0	2212.098876953125
2026.0	2005.0	2205.91015625
2025.0	2003.0	2205.129638671875
2027.0	2003.0	2199.2021484375
2026.0	2003.0	2198.653564453125
2025.0	2004.0	2198.246826171875
2027.0	2001.0	2192.71435546875
2024.0	2005.0	2196.01611328125
2030.0	2002.0	2183.655517578125
2026.0	2004.0	2188.938720703125
2022.0	2014.0	2194.310791015625
2027.0	2014.0	2183.935302734375
2035.0	2015.0	2168.468017578125
2026.0	2013.0	2182.885986328125
2026.0	2011.0	2181.591552734375
2025.0	2014.0	2182.087158203125
2026.0	2015.0	2179.13232421875
2026.0	2015.0	2177.955078125
2029.0	2014.0	2171.645263671875
2025.0	2013.0	2177.6533203125
2025.0	2013.0	2176.724609375
2026.0	2015.0	2174.0771484375
2030.0	2014.0	2166.19775390625
2025.0	2015.0	2174.164306640625
2028.0	2019.0	2168.12890625
2025.0	2014.0	2172.647705078125
2027.0	2028.0	2168.43505859375
2028.0	2013.0	2166.01953125
2027.0	2013.0	2167.17041015625
2020.0	2013.0	2178.78076171875
2019.0	2014.0	2179.579345703125
2018.0	2014.0	2180.4384765625
2017.0	2013.0	2181.35400390625
2020.0	2014.0	2175.2841796875
2017.0	2013.0	2179.793701171875
2015.0	2014.0	2182.5791015625
2016.0	2012.0	2180.0859375
2016.0	2014.0	2179.41357421875
2017.0	2014.0	2177.044189453125
2017.0	2013.0	2176.449462890625
2019.0	2016.0	2172.369140625
2019.0	2013.0	2171.847900390625
2018.0	2013.0	2173.143798828125
2026.0	2016.0	2158.98193359375
2026.0	2014.0	2158.918212890625
2026.0	2014.0	2158.88671875
2027.0	2015.0	2157.082275390625
2024.0	2014.0	2162.312255859375
2035.0	2019.0	2143.149169921875
2037.0	2015.0	2140.0087890625
2036.0	2010.0	2142.175537109375
2039.0	2014.0	2137.262939453125
2035.0	2015.0	2144.597412109375
2039.0	2012.0	2138.224853515625
2046.0	2013.0	2126.628662109375
2045.0	2022.0	2129.010986328125
2055.0	2019.0	2112.23388671875
2056.0	2028.0	2111.5224609375
2052.0	2023.0	2119.4951171875
2066.0	2027.0	2095.9072265625
2064.0	2029.0	2100.708984375
2066.0	2040.0	2098.472900390625
2077.0	2036.0	2080.650634765625
2077.0	2039.0	2082.18798828125
2085.0	2041.0	2069.88427734375
2084.0	2044.0	2073.4072265625
2097.0	2039.0	2052.4345703125
2103.0	2033.0	2043.958740234375
2105.0	2042.0	2042.784912109375
2112.0	2053.0	2032.7838134765625
2117.0	2054.0	2026.53955078125
2112.0	2054.0	2037.6805419921875
2124.0	2059.0	2019.2421875
2133.0	2053.0	2006.1993408203125
2143.0	2054.0	1991.665283203125
2153.0	2054.0	1977.39990234375
2152.0	2057.0	1982.4908447265625
2158.0	2065.0	1975.1943359375
2163.0	2068.0	1969.8690185546875
2171.0	2070.0	1959.4765625
2180.0	2068.0	1947.5057373046875
2182.0	2068.0	1947.7369384765625
2193.0	2066.0	1932.2755126953125
2202.0	2067.0	1920.4046630859375
2210.0	2066.0	1910.4990234375
2221.0	2065.0	1895.571044921875
2220.0	2080.0	1901.6995849609375
2229.0	2081.0	1890.1112060546875
2230.0	2080.0	1892.6788330078125
2239.0	2083.0	1881.377197265625
2249.0	2080.0	1868.4791259765625
2260.0	2080.0	1854.055908203125
2261.0	2078.0	1856.9608154296875
2269.0	2081.0	1847.6007080078125
2287.0	2093.0	1820.83203125
2288.0	2091.0	1823.896240234375
2297.0	2095.0	1813.2535400390625
2302.0	2093.0	1809.6162109375
2298.0	2092.0	1821.472900390625
2308.0	2092.0	1808.905517578125
2318.0	2091.0	1796.43701171875
2326.0	2093.0	1787.54541015625
2328.0	2090.0	1789.154541015625
2336.0	2091.0	1780.1749267578125
2339.0	2094.0	1779.8798828125
2349.0	2092.0	1767.10888671875
2348.0	2091.0	1773.81103515625
2348.0	2091.0	1778.4144287109375
2346.0	2087.0	1786.2991943359375
2356.0	2093.0	1773.3231201171875
2355.0	2092.0	1779.37890625
2367.0	2092.0	1762.462890625
2366.0	2092.0	1768.25390625
2367.0	2096.0	1770.63330078125
2365.0	2094.0	1778.0732421875
2366.0	2092.0	1780.0072021484375
2365.0	2091.0	1785.236572265625
2374.0	2091.0	1773.0513916015625
2376.0	2094.0	1773.0755615234375
2386.0	2091.0	1759.27978515625
2386.0	2092.0	1762.8748779296875
2384.0	2092.0	1769.7991943359375
2386.0	2093.0	1769.5087890625
2394.0	2091.0	1758.714111328125
2395.0	2092.0	1760.286376953125
2390.0	2086.0	1772.1641845703125
2396.0	2092.0	1764.59130859375
2394.0	2092.0	1770.8980712890625
2391.0	2091.0	1778.77734375
2394.0	2090.0	1776.00390625
2398.0	2091.0	1771.3681640625
2395.0	2091.0	1778.8623046875
2395.0	2093.0	1781.0364990234375
2400.0	2092.0	1774.2891845703125
2407.0	2104.0	1764.0618896484375
2405.0	2107.0	1769.8236083984375
2406.0	2105.0	1770.227783203125
2405.0	2103.0	1774.008544921875
2408.0	2105.0	1770.661865234375
2404.0	2106.0	1779.4700927734375
2407.0	2102.0	1775.941162109375
2405.0	2106.0	1781.072265625
2408.0	2105.0	1777.364990234375
2398.0	2104.0	1796.2945556640625
2398.0	2107.0	1797.2413330078125
2394.0	2104.0	1805.1566162109375
2396.0	2106.0	1802.496337890625
2395.0	2102.0	1805.0567626953125
2398.0	2105.0	1800.5194091796875
2396.0	2104.0	1804.719482421875
2394.0	2104.0	1808.9034423828125
2395.0	2106.0	1807.7747802734375
2397.0	2100.0	1804.8565673828125
2395.0	2092.0	1808.9478759765625
2396.0	2095.0	1807.7220458984375
2398.0	2093.0	1804.386962890625
2385.0	2091.0	1827.2698974609375
2386.0	2100.0	1825.619140625
2376.0	2091.0	1842.8948974609375
2379.0	2092.0	1837.28857421875
2377.0	2094.0	1840.45556640625
2375.0	2081.0	1843.6605224609375
2365.0	2080.0	1860.7607421875
2366.0	2080.0	1858.3150634765625
2367.0	2081.0	1855.9127197265625
2366.0	2081.0	1857.046142578125
2359.0	2080.0	1868.37939453125
2356.0	2080.0	1872.6864013671875
2356.0	2078.0	1871.7681884765625
2357.0	2066.0	1869.1658935546875
2347.0	2066.0	1885.7142333984375
2345.0	2066.0	1888.0234375
2344.0	2067.0	1888.6353759765625
2338.0	2067.0	1898.0408935546875
2336.0	2066.0	1900.0543212890625
2336.0	2067.0	1898.63330078125
2336.0	2066.0	1897.3275146484375
2338.0	2053.0	1892.5340576171875
2328.0	2052.0	1908.5567626953125
2329.0	2050.0	1905.3094482421875
2327.0	2053.0	1907.3701171875
2318.0	2052.0	1921.75927734375
2317.0	2052.0	1921.7213134765625
2317.0	2039.0	1920.0596923828125
2319.0	2035.0	1914.9798583984375
2307.0	2041.0	1934.1746826171875
2308.0	2039.0	1930.583984375
2305.0	2040.0	1934.16552734375
2298.0	2028.0	1944.6558837890625
2298.0	2028.0	1942.7396240234375
2289.0	2016.0	1956.5308837890625
2289.0	2013.0	1954.3983154296875
2289.0	2014.0	1952.382080078125
2288.0	2014.0	1952.1707763671875
2288.0	2013.0	1950.4107666015625
2278.0	2003.0	1965.81103515625
2278.0	2003.0	1963.7227783203125
2285.0	2002.0	1949.4970703125
2278.0	2002.0	1959.91015625
2268.0	2002.0	1975.482177734375
2272.0	2003.0	1966.4090576171875
2270.0	2000.0	1967.98388671875
2272.0	2000.0	1962.6173095703125
2270.0	2001.0	1964.404541015625
2268.0	2003.0	1966.274169921875
2269.0	2004.0	1962.9400634765625
2270.0	1997.0	1959.7413330078125
2271.0	2002.0	1956.57421875
2269.0	2004.0	1958.7572021484375
2265.0	2016.0	1964.5093994140625
2270.0	2015.0	1954.5518798828125
2270.0	2019.0	1953.408447265625
2270.0	2012.0	1952.3720703125
2270.0	2014.0	1951.33837890625
2271.0	2014.0	1948.6280517578125
2269.0	2014.0	1951.2261962890625
2268.0	2016.0	1952.1214599609375
2270.0	2014.0	1947.804931640625
2272.0	2014.0	1943.5191650390625
2273.0	2015.0	1941.062744140625
2272.0	2015.0	1942.1590576171875
2269.0	2021.0	1946.7626953125
2269.0	2015.0	1946.1318359375
2269.0	2014.0	1945.522216796875
2278.0	2015.0	1929.1878662109375
2269.0	2012.0	1944.4127197265625
2269.0	2013.0	1943.9403076171875
2269.0	2014.0	1943.460205078125
2268.0	2015.0	1944.7838134765625
2271.0	2014.0	1939.0859375
2270.0	2015.0	1940.4488525390625
2272.0	2021.0	1936.5411376953125
2270.0	2014.0	1939.69482421875
2269.0	2014.0	1941.098876953125
2270.0	2015.0	1939.0096435546875
2270.0	2016.0	1938.692626953125
2270.0	2015.0	1938.4154052734375
2270.0	2027.0	1938.1253662109375
2270.0	2026.0	1937.8580322265625
2267.0	2027.0	1942.85791015625
2270.0	2026.0	1937.358154296875
2271.0	2031.0	1935.413818359375
2268.0	2027.0	1940.4873046875
2270.0	2027.0	1936.7791748046875
2270.0	2041.0	1936.5679931640625
2269.0	2039.0	1938.183349609375
2269.0	2036.0	1938.0184326171875
2270.0	2040.0	1936.1505126953125
2269.0	2040.0	1937.7493896484375
2271.0	2040.0	1934.0751953125
2269.0	2041.0	1937.4422607421875
2269.0	2039.0	1937.3197021484375
2271.0	2041.0	1933.677734375
2271.0	2040.0	1933.550537109375
2270.0	2041.0	1935.1697998046875
2271.0	2039.0	1933.291748046875
2268.0	2039.0	1938.4473876953125
2269.0	2040.0	1936.6217041015625
2269.0	2038.0	1936.53173828125
2281.0	2041.0	1915.447021484375
2280.0	2041.0	1917.5548095703125
2279.0	2040.0	1919.6097412109375
2276.0	2040.0	1925.153076171875
2279.0	2039.0	1920.1773681640625
2279.0	2041.0	1920.4500732421875
2279.0	2053.0	1920.6705322265625
2276.0	2054.0	1926.17041015625
2281.0	2053.0	1917.6336669921875
2278.0	2059.0	1923.127197265625
2278.0	2050.0	1923.331787109375
2279.0	2052.0	1921.755615234375
2281.0	2048.0	1918.4417724609375
2280.0	2053.0	1920.31982421875
2278.0	2047.0	1923.9844970703125
2289.0	2054.0	1904.97607421875
2288.0	2053.0	1907.3245849609375
2290.0	2053.0	1904.363525390625
2290.0	2050.0	1904.8856201171875
2287.0	2046.0	1910.6317138671875
2289.0	2053.0	1907.6038818359375
2287.0	2051.0	1911.55859375
2288.0	2054.0	1910.2374267578125
2288.0	2053.0	1910.6651611328125
2287.0	2053.0	1912.845458984375
2289.0	2054.0	1909.694091796875
2286.0	2052.0	1915.277587890625
2287.0	2052.0	1913.8109130859375
2301.0	2053.0	1889.6417236328125
2298.0	2049.0	1895.623046875
2299.0	2052.0	1894.54541015625
2299.0	2048.0	1895.173095703125
2301.0	2053.0	1892.2615966796875
2298.0	2052.0	1898.088623046875
2297.0	2053.0	1900.391357421875
2298.0	2052.0	1899.1378173828125
2307.0	2054.0	1883.85693359375
2308.0	2053.0	1883.0025634765625
2308.0	2053.0	1883.814208984375
2305.0	2052.0	1889.879638671875
2308.0	2052.0	1885.40576171875
2308.0	2058.0	1886.11181640625
2309.0	2053.0	1885.0230712890625
2308.0	2052.0	1887.4190673828125
2314.0	2053.0	1877.5025634765625
2308.0	2052.0	1888.601806640625
2308.0	2060.0	1889.1505126953125
2310.0	2052.0	1886.1529541015625
2307.0	2040.0	1891.9012451171875
2310.0	2040.0	1887.11328125
2308.0	2037.0	1891.087890625
2319.0	2037.0	1872.490234375
2318.0	2039.0	1875.0205078125
2318.0	2040.0	1875.7706298828125
2319.0	2038.0	1874.7249755859375
2318.0	2039.0	1877.1669921875
2317.0	2048.0	1879.554931640625
2317.0	2041.0	1880.1695556640625
2317.0	2040.0	1880.7037353515625
2320.0	2039.0	1875.9708251953125
2317.0	2040.0	1881.72265625
2318.0	2040.0	1880.4822998046875
2319.0	2042.0	1879.164306640625
2317.0	2039.0	1883.0955810546875
2320.0	2039.0	1878.251708984375
2318.0	2039.0	1882.1309814453125
2318.0	2036.0	1882.4998779296875
2313.0	2041.0	1891.6181640625
2317.0	2041.0	1884.9375
2318.0	2041.0	1883.4898681640625
2317.0	2041.0	1885.541748046875
2327.0	2043.0	1868.591552734375
2328.0	2040.0	1867.51318359375
2329.0	2027.0	1866.409912109375
2327.0	2027.0	1870.5556640625
2328.0	2028.0	1869.41455078125
2328.0	2022.0	1870.0235595703125
2327.0	2025.0	1872.3226318359375
2328.0	2021.0	1871.06103515625
2329.0	2015.0	1869.7867431640625
2327.0	2014.0	1873.73291015625
2321.0	2014.0	1884.6920166015625
2328.0	2017.0	1872.82958984375
2328.0	2012.0	1873.274169921875
2326.0	2014.0	1877.1361083984375
2327.0	2013.0	1875.72314453125
2329.0	2012.0	1872.5650634765625
2330.0	2014.0	1871.1275634765625
2328.0	2009.0	1874.9189453125
2328.0	2013.0	1875.2047119140625
2328.0	2016.0	1875.4622802734375
2335.0	2016.0	1863.429443359375
2329.0	2014.0	1874.2047119140625
2327.0	2011.0	1877.9332275390625
2328.0	2016.0	1876.3953857421875
2328.0	2013.0	1876.5999755859375
2321.0	2014.0	1888.676513671875
2318.0	2017.0	1893.6895751953125
2317.0	2010.0	1895.1671142578125
2318.0	2016.0	1893.22216796875
2317.0	2014.0	1894.7333984375
2316.0	2026.0	1896.27978515625
2317.0	2028.0	1894.3062744140625
2317.0	2037.0	1894.1165771484375
2317.0	2038.0	1893.9365234375
2317.0	2043.0	1893.7542724609375
2314.0	2041.0	1898.855224609375
2317.0	2041.0	1893.4349365234375
2319.0	2034.0	1889.7794189453125
2320.0	2041.0	1887.903076171875
2318.0	2039.0	1891.2822265625
2320.0	2041.0	1887.654052734375
2320.0	2040.0	1887.54541015625
2320.0	2039.0	1887.4368896484375
2307.0	2042.0	1909.7620849609375
2310.0	2039.0	1904.03076171875
2310.0	2042.0	1903.5694580078125
2309.0	2039.0	1904.9158935546875
2308.0	2053.0	1906.24658203125
2308.0	2052.0	1905.8607177734375
2307.0	2051.0	1907.26416015625
2308.0	2054.0	1905.1480712890625
2308.0	2055.0	1904.810791015625
2308.0	2054.0	1904.4927978515625
2307.0	2054.0	1905.9525146484375
2308.0	2051.0	1903.9073486328125
2307.0	2052.0	1905.3765869140625
2310.0	2053.0	1899.8836669921875
2297.0	2055.0	1922.2122802734375
2298.0	2054.0	1919.8001708984375
2299.0	2053.0	1917.41552734375
2302.0	2050.0	1911.569091796875
2299.0	2053.0	1916.265625
2299.0	2055.0	1915.73779296875
2297.0	2054.0	1918.74951171875
2298.0	2068.0	1916.5205078125
2299.0	2068.0	1914.304443359375
2299.0	2069.0	1913.8521728515625
2293.0	2066.0	1923.78662109375
2290.0	2066.0	1928.25244140625
2288.0	2072.0	1931.014892578125
2291.0	2067.0	1925.0413818359375
2289.0	2066.0	1927.8519287109375
2292.0	2068.0	1921.965576171875
2293.0	2066.0	1919.595703125
2288.0	2081.0	1927.7904052734375
2289.0	2065.0	1925.540771484375
2290.0	2067.0	1923.2760009765625
2290.0	2065.0	1922.7813720703125
2288.0	2064.0	1925.8414306640625
2289.0	2072.0	1923.6654052734375
2289.0	2068.0	1923.2735595703125
2282.0	2066.0	1934.7838134765625
2281.0	2067.0	1935.749755859375
2278.0	2068.0	1940.2374267578125
2278.0	2067.0	1939.543212890625
2279.0	2079.0	1937.1522216796875
2278.0	2078.0	1938.24755859375
2283.0	2079.0	1928.838134765625
2278.0	2079.0	1937.0289306640625
2276.0	2078.0	1939.9942626953125
2280.0	2079.0	1932.458984375
2278.0	2090.0	1935.499755859375
2277.0	2080.0	1936.7994384765625
2278.0	2080.0	1934.6168212890625
2288.0	2081.0	1916.649169921875
2269.0	2079.0	1949.383056640625
2271.0	2083.0	1945.12939453125
2269.0	2078.0	1947.848876953125
2269.0	2080.0	1947.1649169921875
2270.0	2079.0	1944.7509765625
2271.0	2078.0	1942.4061279296875
2270.0	2076.0	1943.5858154296875
2271.0	2079.0	1941.3236083984375
2270.0	2078.0	1942.5302734375
2271.0	2079.0	1940.313720703125
2270.0	2080.0	1941.6353759765625
2269.0	2081.0	1942.9417724609375
2269.0	2080.0	1942.502197265625
