2309.0	2091.0	1872.495849609375
2308.0	2109.0	1875.5291748046875
2308.0	2106.0	1876.770751953125
2308.0	2107.0	1877.91064453125
2308.0	2105.0	1879.0006103515625
2325.0	2105.0	1850.398193359375
2317.0	2106.0	1865.8433837890625
2317.0	2105.0	1867.1812744140625
2317.0	2101.0	1868.43408203125
2317.0	2105.0	1869.6026611328125
2317.0	2100.0	1870.754150390625
2317.0	2117.0	1871.857666015625
2327.0	2118.0	1855.38671875
2328.0	2118.0	1855.0252685546875
2325.0	2119.0	1861.6336669921875
2328.0	2120.0	1857.6251220703125
2326.0	2117.0	1862.2828369140625
2327.0	2118.0	1861.6422119140625
2329.0	2118.0	1859.2310791015625
2337.0	2137.0	1846.2900390625
2338.0	2130.0	1845.9312744140625
2334.0	2132.0	1854.2333984375
2336.0	2122.0	1851.935791015625
2336.0	2130.0	1853.1036376953125
2336.0	2130.0	1854.1767578125
2337.0	2135.0	1853.470947265625
2336.0	2125.0	1856.2281494140625
2337.0	2128.0	1855.4307861328125
2327.0	2132.0	1873.8663330078125
2337.0	2130.0	1857.1485595703125
2341.0	2144.0	1850.956298828125
2337.0	2143.0	1858.726318359375
2340.0	2144.0	1854.1275634765625
2337.0	2144.0	1860.079345703125
2337.0	2144.0	1860.6885986328125
2338.0	2155.0	1859.5555419921875
2338.0	2144.0	1860.193603515625
2337.0	2144.0	1862.4818115234375
2339.0	2146.0	1859.48291015625
2351.0	2144.0	1838.9254150390625
2337.0	2144.0	1863.8917236328125
2336.0	2144.0	1866.0782470703125
2339.0	2144.0	1861.220703125
2337.0	2145.0	1865.1439208984375
2337.0	2144.0	1865.5062255859375
2337.0	2143.0	1865.8369140625
2339.0	2147.0	1862.671142578125
2338.0	2143.0	1864.7298583984375
2344.0	2144.0	1854.5166015625
2337.0	2143.0	1867.0465087890625
2336.0	2145.0	1869.0953369140625
2340.0	2145.0	1862.397216796875
2336.0	2144.0	1869.68505859375
2339.0	2138.0	1864.63134765625
2337.0	2145.0	1868.353271484375
2337.0	2151.0	1868.5498046875
2337.0	2145.0	1868.7261962890625
2340.0	2145.0	1863.684814453125
2339.0	2144.0	1865.6326904296875
2338.0	2145.0	1867.5638427734375
2336.0	2143.0	1871.2022705078125
2340.0	2147.0	1864.3154296875
2337.0	2147.0	1869.670654296875
2338.0	2142.0	1868.0443115234375
2336.0	2142.0	1871.6448974609375
2328.0	2146.0	1885.5445556640625
2331.0	2147.0	1880.0
2328.0	2145.0	1885.0286865234375
2329.0	2144.0	1883.0430908203125
2331.0	2144.0	1879.31591796875
2327.0	2132.0	1886.112548828125
2328.0	2143.0	1884.112548828125
2329.0	2131.0	1882.158203125
2318.0	2133.0	1900.9183349609375
2318.0	2132.0	1900.2802734375
2342.0	2129.0	1857.6605224609375
2316.0	2132.0	1902.70556640625
2319.0	2130.0	1896.917236328125
2317.0	2130.0	1899.92822265625
2318.0	2132.0	1897.698974609375
2307.0	2114.0	1916.5355224609375
2309.0	2118.0	1912.182861328125
2308.0	2119.0	1913.1380615234375
2307.0	2117.0	1914.118896484375
2311.0	2119.0	1906.3714599609375
2310.0	2119.0	1907.439453125
2312.0	2118.0	1903.2965087890625
2307.0	2120.0	1911.4539794921875
2298.0	2104.0	1926.2786865234375
2298.0	2100.0	1925.3143310546875
2300.0	2106.0	1920.8983154296875
2299.0	2103.0	1921.7823486328125
2323.0	2105.0	1878.9290771484375
2293.0	2104.0	1930.62744140625
2289.0	2108.0	1936.5338134765625
2289.0	2105.0	1935.472900390625
2291.0	2092.0	1930.94287109375
2288.0	2091.0	1935.239501953125
2289.0	2106.0	1932.5556640625
2289.0	2091.0	1931.66845703125
2288.0	2094.0	1932.6103515625
2279.0	2093.0	1947.5107421875
2282.0	2093.0	1941.0841064453125
2279.0	2081.0	1945.195068359375
2279.0	2079.0	1944.14306640625
2279.0	2080.0	1943.1455078125
2279.0	2079.0	1942.1920166015625
2278.0	2075.0	1943.047607421875
2269.0	2080.0	1957.8792724609375
2268.0	2078.0	1958.4248046875
2269.0	2066.0	1955.5325927734375
2273.0	2067.0	1947.436279296875
2260.0	2066.0	1969.1644287109375
2258.0	2066.0	1971.2716064453125
2258.0	2068.0	1969.933349609375
2260.0	2065.0	1965.1724853515625
2259.0	2081.0	1965.710693359375
2259.0	2067.0	1964.5699462890625
2256.0	2051.0	1968.709228515625
2232.0	2051.0	2009.7691650390625
2256.0	2053.0	1966.658203125
2249.0	2053.0	1977.5877685546875
2250.0	2056.0	1974.5687255859375
2249.0	2053.0	1975.081787109375
2249.0	2055.0	1973.9241943359375
2249.0	2067.0	1972.8087158203125
2249.0	2052.0	1971.7479248046875
2247.0	2051.0	1974.251953125
2251.0	2040.0	1966.2711181640625
2250.0	2038.0	1967.136962890625
2251.0	2041.0	1964.55322265625
2249.0	2039.0	1967.27392578125
2251.0	2041.0	1963.0198974609375
2241.0	2039.0	1979.6708984375
2240.0	2056.0	1980.34228515625
2243.0	2040.0	1974.05126953125
2239.0	2045.0	1980.12109375
2240.0	2041.0	1977.438232421875
2250.0	2039.0	1959.0555419921875
2239.0	2045.0	1977.5262451171875
2242.0	2028.0	1971.498779296875
2240.0	2026.0	1974.2265625
2240.0	2019.0	1973.5343017578125
2239.0	2021.0	1974.6590576171875
2241.0	2014.0	1970.5355224609375
2240.0	2014.0	1971.6964111328125
2241.0	2014.0	1969.3724365234375
2238.0	2018.0	1974.092529296875
2231.0	2014.0	1985.6627197265625
2229.0	2016.0	1988.268310546875
2230.0	2013.0	1985.62939453125
2231.0	2015.0	1983.0462646484375
2229.0	2018.0	1985.80615234375
2229.0	2015.0	1985.036865234375
2229.0	2016.0	1984.3126220703125
2236.0	2015.0	1971.390380859375
2231.0	2015.0	1979.5340576171875
2230.0	2015.0	1980.727294921875
2233.0	2029.0	1974.915283203125
2232.0	2027.0	1976.16455078125
2230.0	2042.0	1979.1597900390625
2230.0	2052.0	1978.6651611328125
2229.0	2041.0	1979.9730224609375
2227.0	2041.0	1983.04345703125
2239.0	2040.0	1961.929931640625
2242.0	2041.0	1956.7030029296875
2240.0	2039.0	1960.2750244140625
2241.0	2039.0	1958.5682373046875
2241.0	2040.0	1958.6309814453125
2241.0	2042.0	1958.6300048828125
2240.0	2056.0	1960.427001953125
2242.0	2051.0	1956.9627685546875
2239.0	2055.0	1962.246826171875
2239.0	2054.0	1962.2791748046875
2238.0	2053.0	1964.0775146484375
2240.0	2052.0	1960.61083984375
2250.0	2053.0	1943.2344970703125
2250.0	2053.0	1943.651123046875
2248.0	2053.0	1947.5894775390625
2249.0	2049.0	1946.201904296875
2250.0	2053.0	1944.8218994140625
2246.0	2056.0	1952.197021484375
2249.0	2067.0	1947.23486328125
2252.0	2065.0	1942.3223876953125
2251.0	2067.0	1944.411376953125
2251.0	2069.0	1944.6849365234375
2259.0	2065.0	1931.131103515625
2260.0	2067.0	1930.068603515625
2260.0	2062.0	1930.7239990234375
2260.0	2068.0	1931.3172607421875
2259.0	2070.0	1933.6707763671875
2261.0	2081.0	1930.739990234375
2269.0	2082.0	1917.2603759765625
2270.0	2078.0	1916.439697265625
2267.0	2080.0	1922.5831298828125
2269.0	2080.0	1919.9014892578125
2270.0	2080.0	1918.984130859375
2269.0	2075.0	1921.5079345703125
2278.0	2080.0	1906.6485595703125
2279.0	2087.0	1905.9697265625
2278.0	2091.0	1908.741455078125
2289.0	2092.0	1890.432861328125
2279.0	2091.0	1908.9029541015625
2277.0	2093.0	1913.2562255859375
2277.0	2090.0	1914.06884765625
2291.0	2091.0	1890.4073486328125
2289.0	2099.0	1895.09814453125
2289.0	2107.0	1896.20263671875
2288.0	2108.0	1899.0042724609375
2288.0	2106.0	1900.024169921875
2288.0	2107.0	1900.9786376953125
2290.0	2105.0	1898.3770751953125
2289.0	2106.0	1900.990966796875
2291.0	2104.0	1898.256591796875
2298.0	2105.0	1887.1202392578125
2298.0	2122.0	1888.2470703125
2297.0	2118.0	1891.0504150390625
2298.0	2118.0	1890.2899169921875
2297.0	2118.0	1892.984619140625
2296.0	2120.0	1895.70703125
2309.0	2120.0	1873.99267578125
2311.0	2119.0	1871.7064208984375
2310.0	2116.0	1874.5936279296875
2308.0	2117.0	1879.2158203125
2307.0	2125.0	1882.01611328125
2309.0	2130.0	1879.4957275390625
2307.0	2134.0	1883.934326171875
2309.0	2131.0	1881.333740234375
2322.0	2130.0	1859.4271240234375
2318.0	2129.0	1867.6414794921875
2321.0	2131.0	1863.5228271484375
2321.0	2129.0	1864.6373291015625
2340.0	2132.0	1832.3621826171875
2316.0	2132.0	1875.431396484375
2317.0	2145.0	1874.6199951171875
2318.0	2145.0	1873.731689453125
2319.0	2146.0	1872.80810546875
2323.0	2145.0	1866.5653076171875
2318.0	2144.0	1876.0653076171875
2329.0	2145.0	1857.56787109375
2327.0	2145.0	1862.182861328125
2328.0	2145.0	1861.4798583984375
2328.0	2156.0	1862.47119140625
2328.0	2140.0	1863.4154052734375
2330.0	2143.0	1860.8009033203125
2328.0	2144.0	1865.1373291015625
2327.0	2144.0	1867.7069091796875
2328.0	2147.0	1866.7271728515625
2328.0	2142.0	1867.449462890625
2327.0	2146.0	1869.8634033203125
2328.0	2143.0	1868.751708984375
2327.0	2143.0	1871.135009765625
2326.0	2143.0	1873.4427490234375
2329.0	2161.0	1868.7271728515625
2327.0	2158.0	1872.759033203125
2326.0	2160.0	1874.998046875
2327.0	2157.0	1873.682373046875
2325.0	2158.0	1877.635498046875
2328.0	2158.0	1872.7685546875
2327.0	2157.0	1874.9398193359375
2329.0	2160.0	1871.8280029296875
2327.0	2158.0	1875.6549072265625
2327.0	2151.0	1876.0029296875
2327.0	2158.0	1876.30419921875
2327.0	2153.0	1876.5999755859375
2328.0	2157.0	1875.12646484375
2335.0	2156.0	1863.1436767578125
2328.0	2159.0	1875.6844482421875
2328.0	2157.0	1875.9493408203125
2328.0	2156.0	1876.10595703125
2327.0	2155.0	1878.0902099609375
2327.0	2163.0	1878.302734375
2331.0	2159.0	1871.4735107421875
2330.0	2161.0	1873.3931884765625
2328.0	2158.0	1877.066162109375
2335.0	2159.0	1864.976806640625
2327.0	2143.0	1879.18310546875
2330.0	2144.0	1874.08935546875
2328.0	2143.0	1877.738037109375
2328.0	2144.0	1877.8751220703125
2316.0	2150.0	1899.0289306640625
2316.0	2144.0	1898.700439453125
2321.0	2146.0	1889.63232421875
2317.0	2143.0	1896.3265380859375
2319.0	2144.0	1892.5164794921875
2318.0	2145.0	1893.9967041015625
2319.0	2144.0	1892.0064697265625
2318.0	2144.0	1893.502197265625
2317.0	2144.0	1895.0128173828125
2319.0	2142.0	1891.326904296875
2317.0	2132.0	1894.64404296875
2307.0	2131.0	1911.8515625
2309.0	2131.0	1907.7452392578125
2311.0	2131.0	1903.7030029296875
2309.0	2131.0	1906.723876953125
2308.0	2129.0	1907.97021484375
2308.0	2131.0	1907.54931640625
2308.0	2131.0	1907.0966796875
2309.0	2128.0	1904.8917236328125
2310.0	2131.0	1902.734619140625
2298.0	2130.0	1923.3858642578125
2287.0	2129.0	1941.8759765625
2303.0	2114.0	1913.0755615234375
2298.0	2120.0	1921.1107177734375
2296.0	2116.0	1923.9178466796875
2299.0	2120.0	1918.009033203125
2297.0	2120.0	1920.924072265625
2289.0	2123.0	1934.129150390625
2289.0	2118.0	1933.1807861328125
2289.0	2118.0	1932.296142578125
2289.0	2105.0	1931.44970703125
2292.0	2105.0	1925.383544921875
2288.0	2105.0	1931.6236572265625
2288.0	2105.0	1930.9090576171875
2289.0	2105.0	1928.48095703125
2288.0	2105.0	1929.5709228515625
2279.0	2108.0	1944.5606689453125
2277.0	2102.0	1947.02099609375
2279.0	2110.0	1942.550048828125
2278.0	2092.0	1943.391845703125
2282.0	2094.0	1935.5147705078125
2277.0	2094.0	1943.467529296875
2278.0	2092.0	1940.9139404296875
2270.0	2093.0	1954.100830078125
2269.0	2092.0	1954.7989501953125
2269.0	2091.0	1953.7230224609375
2271.0	2092.0	1949.225830078125
2270.0	2095.0	1950.02783203125
2259.0	2080.0	1968.2103271484375
2263.0	2079.0	1959.9454345703125
2260.0	2079.0	1963.986572265625
2261.0	2078.0	1961.1107177734375
2258.0	2079.0	1965.3306884765625
2260.0	2079.0	1960.791748046875
2259.0	2081.0	1961.569091796875
2260.0	2080.0	1958.886962890625
2259.0	2068.0	1959.7489013671875
2251.0	2067.0	1972.634521484375
2252.0	2066.0	1969.64599609375
2250.0	2068.0	1971.9913330078125
2253.0	2066.0	1965.65673828125
2248.0	2066.0	1973.375732421875
2249.0	2065.0	1970.6531982421875
2251.0	2067.0	1966.1976318359375
2248.0	2066.0	1970.5670166015625
2243.0	2071.0	1978.4864501953125
2250.0	2054.0	1965.4239501953125
2250.0	2054.0	1964.6724853515625
2239.0	2054.0	1983.03076171875
2243.0	2054.0	1974.9693603515625
2239.0	2053.0	1980.9798583984375
2239.0	2053.0	1980.0386962890625
2240.0	2057.0	1977.37890625
2240.0	2054.0	1976.5477294921875
2239.0	2056.0	1977.46875
2240.0	2052.0	1974.93798828125
2243.0	2055.0	1968.9166259765625
2242.0	2053.0	1969.932373046875
2240.0	2054.0	1972.7923583984375
2239.0	2041.0	1973.9549560546875
2239.0	2039.0	1973.3861083984375
2241.0	2042.0	1969.3087158203125
2240.0	2040.0	1970.541015625
2241.0	2041.0	1968.25390625
2240.0	2040.0	1969.5328369140625
2243.0	2042.0	1963.8140869140625
2243.0	2039.0	1963.40087890625
2241.0	2039.0	1966.525390625
2240.0	2040.0	1967.89697265625
2240.0	2043.0	1967.561279296875
2238.0	2042.0	1970.74609375
2242.0	2040.0	1963.412109375
2239.0	2042.0	1968.3529052734375
2240.0	2043.0	1966.29443359375
2243.0	2028.0	1960.761474609375
2242.0	2029.0	1962.2232666015625
2230.0	2016.0	1982.5780029296875
2231.0	2014.0	1980.1705322265625
2219.0	2002.0	2000.381103515625
2210.0	2004.0	2015.0416259765625
2210.0	2002.0	2013.6705322265625
2211.0	1987.0	2010.6600341796875
2202.0	1988.0	2024.798095703125
2193.0	1976.0	2038.7757568359375
2191.0	1977.0	2040.343994140625
2183.0	1963.0	2052.26025390625
2172.0	1964.0	2069.3623046875
2172.0	1963.0	2066.919189453125
2163.0	1949.0	2080.20654296875
2152.0	1950.0	2096.73828125
2151.0	1951.0	2095.625
2144.0	1935.0	2104.887939453125
2132.0	1939.0	2122.70654296875
2134.0	1925.0	2115.934326171875
2132.0	1926.0	2116.011474609375
2113.0	1923.0	2145.686279296875
2114.0	1911.0	2140.364501953125
2105.0	1912.0	2152.61279296875
2103.0	1900.0	2152.514892578125
2096.0	1898.0	2161.228515625
2093.0	1900.0	2162.817626953125
2088.0	1885.0	2167.86767578125
2084.0	1887.0	2171.184326171875
2075.0	1886.0	2183.18994140625
2075.0	1885.0	2179.4619140625
2063.0	1884.0	2196.66845703125
2067.0	1874.0	2185.889892578125
2058.0	1873.0	2198.009033203125
2056.0	1872.0	2197.7109375
2057.0	1873.0	2192.386474609375
2047.0	1860.0	2206.44677734375
2046.0	1861.0	2204.54443359375
2046.0	1860.0	2201.057373046875
2038.0	1858.0	2211.513427734375
2037.0	1867.0	2209.75244140625
2037.0	1862.0	2206.422119140625
2027.0	1863.0	2220.754150390625
2028.0	1860.0	2215.57861328125
2031.0	1849.0	2207.0673828125
2030.0	1848.0	2205.7763671875
2017.0	1849.0	2225.658935546875
2018.0	1847.0	2220.785400390625
2017.0	1851.0	2219.536376953125
2017.0	1848.0	2216.69580078125
2018.0	1848.0	2212.259521484375
2017.0	1844.0	2211.454833984375
2018.0	1848.0	2207.279541015625
2017.0	1848.0	2206.751708984375
2015.0	1848.0	2208.063720703125
2016.0	1853.0	2204.293701171875
2018.0	1847.0	2198.831787109375
2024.0	1848.0	2186.464111328125
2025.0	1860.0	2183.19677734375
2025.0	1860.0	2181.9599609375
2027.0	1860.0	2177.303955078125
2027.0	1849.0	2176.15966796875
2037.0	1858.0	2157.81982421875
2035.0	1861.0	2160.773681640625
2038.0	1855.0	2154.970947265625
2036.0	1873.0	2157.94873046875
2045.0	1871.0	2141.705810546875
2046.0	1872.0	2139.88916015625
2066.0	1873.0	2104.846923828125
2055.0	1884.0	2124.552001953125
2057.0	1885.0	2121.421875
2057.0	1888.0	2121.832275390625
2065.0	1885.0	2108.49658203125
2068.0	1885.0	2103.962890625
2076.0	1898.0	2090.705322265625
2078.0	1895.0	2088.264892578125
2086.0	1911.0	2075.648681640625
2085.0	1911.0	2078.847900390625
2095.0	1909.0	2062.81640625
2102.0	1926.0	2052.302978515625
2105.0	1925.0	2049.033447265625
2114.0	1925.0	2035.261962890625
2113.0	1935.0	2039.2293701171875
2114.0	1938.0	2039.569580078125
2124.0	1949.0	2024.3702392578125
2133.0	1951.0	2011.183837890625
2142.0	1951.0	1997.984130859375
2152.0	1948.0	1983.394287109375
2153.0	1967.0	1984.7760009765625
2163.0	1976.0	1970.2960205078125
2175.0	1978.0	1952.5135498046875
2172.0	1990.0	1961.1651611328125
2180.0	1987.0	1950.63818359375
2184.0	1987.0	1947.1824951171875
2192.0	2002.0	1936.9085693359375
2204.0	1999.0	1919.7254638671875
2201.0	2001.0	1928.8155517578125
2211.0	2020.0	1915.0302734375
2212.0	2025.0	1917.0469970703125
2220.0	2029.0	1906.7664794921875
2220.0	2042.0	1910.6800537109375
2223.0	2039.0	1909.088623046875
2230.0	2039.0	1900.6640625
2239.0	2052.0	1888.8929443359375
2241.0	2066.0	1889.3203125
2248.0	2066.0	1881.0379638671875
2258.0	2078.0	1867.6502685546875
2271.0	2080.0	1849.09375
2270.0	2099.0	1855.2161865234375
2269.0	2091.0	1861.1181640625
2289.0	2104.0	1830.423583984375
2290.0	2105.0	1833.2159423828125
2300.0	2107.0	1820.4049072265625
2300.0	2120.0	1824.87744140625
2308.0	2129.0	1815.322021484375
2318.0	2131.0	1802.3802490234375
2327.0	2145.0	1791.453857421875
2336.0	2144.0	1780.58935546875
2337.0	2158.0	1783.80078125
2336.0	2164.0	1790.2413330078125
2348.0	2157.0	1774.0872802734375
2355.0	2172.0	1766.682861328125
2357.0	2170.0	1767.96826171875
2373.0	2182.0	1744.7811279296875
2375.0	2196.0	1746.2001953125
2386.0	2199.0	1731.963134765625
2396.0	2196.0	1719.7021484375
2405.0	2207.0	1709.185546875
2415.0	2206.0	1697.010498046875
2415.0	2209.0	1702.4622802734375
2414.0	2225.0	1709.4097900390625
2425.0	2224.0	1695.3199462890625
2434.0	2233.0	1684.9688720703125
2435.0	2237.0	1688.444091796875
2441.0	2237.0	1683.0762939453125
2444.0	2248.0	1682.9232177734375
2459.0	2250.0	1661.53369140625
2454.0	2259.0	1675.3472900390625
2466.0	2261.0	1659.1114501953125
2464.0	2259.0	1667.5574951171875
2466.0	2261.0	1668.7103271484375
2477.0	2274.0	1654.167236328125
2476.0	2275.0	1660.54443359375
2484.0	2268.0	1651.177001953125
2483.0	2289.0	1657.4759521484375
2482.0	2291.0	1663.5572509765625
2493.0	2299.0	1648.411376953125
2493.0	2299.0	1652.7457275390625
2494.0	2301.0	1655.055419921875
2492.0	2303.0	1662.3992919921875
2502.0	2300.0	1648.9132080078125
2496.0	2301.0	1663.265625
2513.0	2301.0	1637.369140625
2517.0	2314.0	1634.2681884765625
2514.0	2313.0	1643.1927490234375
2515.0	2313.0	1644.9454345703125
2514.0	2313.0	1649.990966796875
2516.0	2313.0	1649.6077880859375
2514.0	2312.0	1656.06298828125
2514.0	2314.0	1658.9473876953125
2513.0	2314.0	1663.3101806640625
2514.0	2315.0	1664.0662841796875
2512.0	2315.0	1669.953125
2512.0	2314.0	1672.18701171875
2514.0	2313.0	1670.7908935546875
2514.0	2313.0	1672.79638671875
2513.0	2317.0	1676.471923828125
2514.0	2314.0	1676.5164794921875
2512.0	2313.0	1681.750732421875
2514.0	2300.0	1679.85546875
2517.0	2299.0	1676.1944580078125
2513.0	2298.0	1684.632080078125
2514.0	2303.0	1684.228515625
2513.0	2287.0	1687.281005859375
2506.0	2288.0	1700.759033203125
2504.0	2273.0	1704.98388671875
2502.0	2274.0	1709.16552734375
2503.0	2275.0	1708.058837890625
2493.0	2273.0	1725.886962890625
2494.0	2261.0	1724.322021484375
2495.0	2260.0	1722.73291015625
2495.0	2246.0	1722.9156494140625
2484.0	2247.0	1742.1346435546875
2483.0	2253.0	1743.602294921875
2474.0	2235.0	1759.0628662109375
2472.0	2240.0	1761.910400390625
2476.0	2222.0	1754.257080078125
2480.0	2222.0	1746.656982421875
2467.0	2223.0	1768.5205078125
2464.0	2209.0	1772.818359375
2454.0	2208.0	1789.2218017578125
2445.0	2196.0	1803.5836181640625
2442.0	2197.0	1807.1923828125
2435.0	2182.0	1817.7618408203125
2433.0	2181.0	1819.3634033203125
2436.0	2182.0	1812.309326171875
2425.0	2176.0	1829.502685546875
2414.0	2159.0	1846.478515625
2414.0	2157.0	1844.142578125
2404.0	2145.0	1859.1898193359375
2400.0	2146.0	1863.4417724609375
2388.0	2130.0	1881.544677734375
2376.0	2132.0	1899.251953125
2366.0	2118.0	1913.3431396484375
2355.0	2106.0	1928.9990234375
2357.0	2104.0	1921.6856689453125
2346.0	2104.0	1936.983154296875
2347.0	2106.0	1931.40380859375
2338.0	2092.0	1943.147216796875
2328.0	2081.0	1956.523681640625
2319.0	2068.0	1968.064208984375
2308.0	2066.0	1983.0050048828125
2300.0	2054.0	1992.536865234375
2301.0	2034.0	1986.1328125
2288.0	2038.0	2004.4403076171875
2289.0	2041.0	1998.14111328125
2281.0	2027.0	2007.4228515625
2270.0	2016.0	2021.8680419921875
2259.0	2001.0	2036.2735595703125
2251.0	2002.0	2045.102294921875
2239.0	1996.0	2060.8916015625
2241.0	1986.0	2052.220458984375
2229.0	1979.0	2068.288330078125
2229.0	1977.0	2063.16455078125
2215.0	1958.0	2082.4736328125
2213.0	1964.0	2080.57470703125
2202.0	1951.0	2094.35302734375
2204.0	1949.0	2085.58740234375
2192.0	1938.0	2101.430419921875
2182.0	1938.0	2113.705078125
2172.0	1925.0	2125.720703125
2173.0	1925.0	2118.532470703125
2162.0	1925.0	2132.672607421875
2164.0	1921.0	2123.90673828125
2154.0	1911.0	2136.04443359375
2144.0	1908.0	2148.1845703125
2134.0	1898.0	2160.04345703125
2125.0	1898.0	2170.129638671875
2116.0	1899.0	2180.17431640625
2113.0	1884.0	2179.7490234375
2106.0	1885.0	2186.431396484375
2104.0	1885.0	2184.432861328125
2094.0	1873.0	2196.725830078125
2094.0	1871.0	2191.336669921875
2085.0	1869.0	2201.68115234375
2087.0	1872.0	2193.00830078125
2075.0	1856.0	2208.726806640625
2066.0	1861.0	2219.12060546875
2065.0	1860.0	2215.65478515625
2057.0	1861.0	2224.578857421875
2055.0	1863.0	2222.98974609375
2059.0	1860.0	2211.115966796875
2047.0	1847.0	2227.5302734375
2046.0	1849.0	2224.47216796875
2046.0	1849.0	2219.919189453125
2037.0	1847.0	2231.16650390625
2037.0	1848.0	2226.69775390625
2037.0	1848.0	2222.489013671875
2026.0	1847.0	2237.55029296875
2027.0	1846.0	2231.58447265625
2026.0	1846.0	2229.3525390625
2015.0	1856.0	2244.845703125
2017.0	1848.0	2237.371337890625
2015.0	1851.0	2237.100830078125
2020.0	1847.0	2224.74560546875
2015.0	1848.0	2230.09814453125
2016.0	1847.0	2225.128173828125
2017.0	1845.0	2220.348876953125
2017.0	1849.0	2217.4677734375
2016.0	1846.0	2216.489013671875
2018.0	1860.0	2210.394287109375
2017.0	1862.0	2209.754638671875
2017.0	1858.0	2207.450439453125
2016.0	1859.0	2207.005126953125
2018.0	1859.0	2201.451416015625
2017.0	1861.0	2201.248046875
2021.0	1872.0	2192.408203125
2019.0	1872.0	2194.13671875
2026.0	1880.0	2180.3779296875
2029.0	1871.0	2173.94482421875
2031.0	1887.0	2169.32763671875
2027.0	1887.0	2175.299072265625
2037.0	1888.0	2157.206787109375
2037.0	1887.0	2156.6337890625
2036.0	1900.0	2157.88525390625
2047.0	1897.0	2138.404052734375
2046.0	1912.0	2140.064208984375
2045.0	1911.0	2141.776611328125
2055.0	1926.0	2124.23193359375
2055.0	1920.0	2124.625732421875
2067.0	1937.0	2104.015869140625
2065.0	1934.0	2108.31298828125
2066.0	1935.0	2107.320068359375
2075.0	1954.0	2092.52587890625
2075.0	1949.0	2093.574951171875
2089.0	1959.0	2070.3310546875
2085.0	1965.0	2078.709716796875
2093.0	1975.0	2066.096923828125
2102.0	1976.0	2051.978515625
2104.0	1975.0	2050.4697265625
2113.0	1986.0	2036.6422119140625
2115.0	1989.0	2035.2764892578125
2115.0	2000.0	2037.3447265625
2124.0	2013.0	2023.8387451171875
2133.0	2031.0	2010.5557861328125
2143.0	2026.0	1995.753662109375
2151.0	2042.0	1984.8448486328125
2162.0	2051.0	1968.7884521484375
2168.0	2067.0	1961.7437744140625
2164.0	2066.0	1972.033203125
2183.0	2081.0	1942.19384765625
2182.0	2078.0	1947.7037353515625
2192.0	2093.0	1934.050048828125
2201.0	2092.0	1922.3272705078125
2201.0	2105.0	1926.2930908203125
2213.0	2107.0	1909.101318359375
2218.0	2129.0	1904.511474609375
2229.0	2127.0	1889.5084228515625
2231.0	2130.0	1890.3656005859375
2229.0	2134.0	1898.047607421875
2241.0	2146.0	1881.35595703125
2252.0	2157.0	1866.5150146484375
2261.0	2157.0	1855.43505859375
2268.0	2172.0	1848.023681640625
2281.0	2182.0	1830.1044921875
2279.0	2183.0	1838.4892578125
2289.0	2196.0	1825.598388671875
2298.0	2197.0	1814.74853515625
2308.0	2214.0	1802.2017822265625
2309.0	2208.0	1805.5833740234375
2308.0	2228.0	1812.1881103515625
2317.0	2222.0	1801.3109130859375
2330.0	2236.0	1783.498779296875
2338.0	2235.0	1774.6905517578125
2347.0	2246.0	1764.2235107421875
2346.0	2250.0	1771.2254638671875
2360.0	2263.0	1751.7054443359375
2356.0	2260.0	1763.821044921875
2377.0	2277.0	1732.31103515625
2377.0	2273.0	1737.7198486328125
2386.0	2285.0	1727.515380859375
2395.0	2288.0	1717.3232421875
2406.0	2301.0	1703.6671142578125
2403.0	2304.0	1714.4871826171875
2416.0	2312.0	1697.1971435546875
2428.0	2312.0	1681.6383056640625
2426.0	2314.0	1690.6771240234375
2428.0	2312.0	1692.4180908203125
2436.0	2328.0	1683.715087890625
2434.0	2326.0	1692.323486328125
2444.0	2325.0	1680.0167236328125
2456.0	2338.0	1664.2470703125
2456.0	2339.0	1669.42529296875
2463.0	2340.0	1662.1746826171875
2464.0	2335.0	1665.4639892578125
2474.0	2351.0	1652.83935546875
2475.0	2353.0	1656.03759765625
2474.0	2351.0	1662.4761962890625
2474.0	2352.0	1666.9068603515625
2485.0	2351.0	1652.1229248046875
2486.0	2354.0	1654.7239990234375
2492.0	2353.0	1648.619384765625
2497.0	2354.0	1644.274658203125
2494.0	2351.0	1653.667724609375
2499.0	2352.0	1648.878173828125
2504.0	2351.0	1644.2369384765625
2502.0	2351.0	1651.6812744140625
2502.0	2352.0	1655.4027099609375
2503.0	2352.0	1657.1488037109375
2523.0	2353.0	1625.72509765625
2513.0	2352.0	1646.8394775390625
2515.0	2350.0	1646.68994140625
2512.0	2353.0	1655.1837158203125
2515.0	2353.0	1652.95849609375
2514.0	2339.0	1657.5714111328125
2513.0	2348.0	1662.057861328125
2523.0	2342.0	1647.431640625
2522.0	2344.0	1651.955078125
2524.0	2341.0	1651.15869140625
2522.0	2326.0	1657.18896484375
2514.0	2328.0	1673.4425048828125
2515.0	2330.0	1673.591064453125
2515.0	2312.0	1675.3731689453125
2513.0	2314.0	1680.5750732421875
2513.0	2333.0	1682.1815185546875
2516.0	2314.0	1678.421142578125
2512.0	2301.0	1686.839599609375
2518.0	2301.0	1677.69384765625
2515.0	2289.0	1684.282958984375
2517.0	2287.0	1682.0206298828125
2505.0	2273.0	1704.02587890625
2506.0	2272.0	1702.9293212890625
2505.0	2263.0	1705.3204345703125
2504.0	2250.0	1707.651611328125
2493.0	2246.0	1727.42138671875
2496.0	2250.0	1722.2449951171875
2492.0	2234.0	1729.34814453125
2495.0	2235.0	1724.1868896484375
2485.0	2228.0	1741.409423828125
2486.0	2207.0	1739.3092041015625
2483.0	2209.0	1744.2464599609375
2474.0	2197.0	1759.5716552734375
2472.0	2191.0	1762.397216796875
2474.0	2187.0	1758.1998291015625
2477.0	2166.0	1752.2762451171875
2463.0	2170.0	1775.7987060546875
2455.0	2172.0	1788.4700927734375
2455.0	2160.0	1787.132080078125
2446.0	2143.0	1801.4439697265625
2443.0	2130.0	1805.093017578125
2434.0	2130.0	1819.07177734375
2433.0	2117.0	1818.922607421875
2424.0	2107.0	1832.8646240234375
2426.0	2113.0	1827.2381591796875
2414.0	2095.0	1845.82861328125
2415.0	2087.0	1841.755126953125
2406.0	2081.0	1854.93310546875
2393.0	2065.0	1874.9296875
2385.0	2067.0	1885.9639892578125
2373.0	2055.0	1903.701416015625
2368.0	2040.0	1909.0113525390625
2358.0	2027.0	1922.9185791015625
2346.0	2015.0	1940.14794921875
2351.0	2000.0	1927.412841796875
2339.0	1989.0	1944.23486328125
2335.0	1986.0	1947.256103515625
2328.0	1985.0	1955.3699951171875
2317.0	1974.0	1970.39404296875
2308.0	1964.0	1981.7486572265625
2299.0	1962.0	1992.9979248046875
2289.0	1948.0	2005.69140625
2291.0	1936.0	1997.4351806640625
2281.0	1932.0	2010.4332275390625
2302.0	1939.0	1968.924560546875
2267.0	1926.0	2025.524169921875
2261.0	1913.0	2031.117919921875
2254.0	1912.0	2038.127197265625
2205.0	1901.0	2118.82763671875
2240.0	1900.0	2052.386962890625
2231.0	1886.0	2063.19775390625
2219.0	1885.0	2079.161376953125
2209.0	1872.0	2091.419921875
2201.0	1873.0	2100.0224609375
2201.0	1872.0	2094.500244140625
2215.0	1861.0	2064.396240234375
2184.0	1859.0	2113.1318359375
2181.0	1847.0	2112.97119140625
2174.0	1845.0	2119.801513671875
2163.0	1834.0	2133.58544921875
2153.0	1837.0	2145.54345703125
2143.0	1836.0	2157.466796875
2142.0	1834.0	2153.517578125
2123.0	1820.0	2180.975830078125
2121.0	1823.0	2178.55859375
2112.0	1810.0	2188.302734375
2121.0	1807.0	2166.7783203125
2104.0	1809.0	2190.907958984375
2092.0	1797.0	2206.14208984375
2094.0	1795.0	2196.9658203125
2084.0	1799.0	2208.9736328125
2077.0	1796.0	2215.73291015625
2076.0	1795.0	2211.81591796875
2067.0	1783.0	2222.201171875
2066.0	1784.0	2218.455810546875
2055.0	1782.0	2232.13916015625
2058.0	1786.0	2221.586181640625
2058.0	1784.0	2216.533203125
2046.0	1769.0	2232.645263671875
2047.0	1769.0	2225.935546875
2036.0	1771.0	2240.4150390625
2036.0	1772.0	2235.529052734375
2036.0	1773.0	2230.9375
2025.0	1764.0	2245.474853515625
2028.0	1770.0	2235.649658203125
2017.0	1766.0	2250.24169921875
2017.0	1772.0	2245.7919921875
2018.0	1784.0	2239.792724609375
2008.0	1782.0	2253.209716796875
2006.0	1787.0	2252.530029296875
2007.0	1787.0	2246.759765625
2011.0	1801.0	2235.95556640625
2007.0	1796.0	2239.3349609375
2007.0	1798.0	2235.94384765625
2009.0	1796.0	2229.226806640625
2009.0	1795.0	2226.185302734375
2007.0	1809.0	2226.817138671875
2007.0	1811.0	2224.067626953125
2010.0	1810.0	2216.20556640625
2006.0	1820.0	2220.765869140625
2007.0	1822.0	2216.685302734375
2009.0	1821.0	2211.002685546875
2007.0	1819.0	2212.449951171875
2007.0	1835.0	2210.473876953125
2008.0	1847.0	2206.879638671875
2007.0	1836.0	2206.866943359375
2008.0	1855.0	2203.45166015625
2008.0	1861.0	2201.8701171875
2019.0	1861.0	2181.217041015625
2017.0	1860.0	2183.725830078125
2017.0	1861.0	2182.787109375
2026.0	1885.0	2166.14794921875
2025.0	1883.0	2167.42236328125
2027.0	1884.0	2163.530517578125
2037.0	1899.0	2145.91357421875
2038.0	1897.0	2144.1865234375
2049.0	1911.0	2125.097900390625
2044.0	1911.0	2134.3388671875
2058.0	1925.0	2110.3740234375
2057.0	1937.0	2112.976806640625
2055.0	1938.0	2117.288818359375
2066.0	1937.0	2099.174560546875
2067.0	1953.0	2098.56396484375
2076.0	1950.0	2084.250732421875
2076.0	1965.0	2085.660400390625
2087.0	1975.0	2067.97314453125
2096.0	1975.0	2054.05029296875
2106.0	1981.0	2038.5792236328125
2104.0	2003.0	2044.4190673828125
2113.0	2004.0	2030.9188232421875
2115.0	2002.0	2029.958251953125
2125.0	2014.0	2015.22998046875
2132.0	2027.0	2005.9078369140625
2145.0	2040.0	1986.275390625
2155.0	2053.0	1972.262939453125
2154.0	2069.0	1977.4613037109375
2163.0	2081.0	1965.06689453125
2173.0	2082.0	1951.0958251953125
2182.0	2091.0	1939.232421875
2192.0	2104.0	1925.724609375
2194.0	2102.0	1926.4072265625
2202.0	2104.0	1916.722412109375
2211.0	2118.0	1905.4091796875
2209.0	2130.0	1913.2427978515625
2219.0	2142.0	1900.1260986328125
2229.0	2144.0	1887.1134033203125
2240.0	2156.0	1872.4815673828125
2250.0	2172.0	1859.69970703125
2249.0	2172.0	1866.287841796875
2270.0	2184.0	1834.4820556640625
2269.0	2185.0	1841.5091552734375
2279.0	2195.0	1829.345947265625
2292.0	2209.0	1811.956298828125
2290.0	2208.0	1820.689697265625
2300.0	2222.0	1808.28173828125
2307.0	2235.0	1801.370849609375
2319.0	2234.0	1785.7515869140625
2328.0	2246.0	1775.359375
2328.0	2248.0	1780.9112548828125
2337.0	2250.0	1770.8060302734375
2348.0	2264.0	1757.213623046875
2350.0	2278.0	1759.23828125
2357.0	2287.0	1752.477783203125
2382.0	2285.0	1714.4337158203125
2385.0	2301.0	1715.2193603515625
2397.0	2303.0	1700.2762451171875
2395.0	2313.0	1709.8812255859375
2407.0	2313.0	1694.7392578125
2405.0	2312.0	1704.19091796875
2414.0	2327.0	1694.4326171875
2423.0	2324.0	1684.7017822265625
2434.0	2340.0	1671.60986328125
2435.0	2333.0	1675.77392578125
2445.0	2339.0	1664.091064453125
2455.0	2355.0	1652.464599609375
2464.0	2351.0	1642.62890625
2463.0	2354.0	1650.3623046875
2474.0	2364.0	1636.7822265625
2476.0	2370.0	1639.0740966796875
2475.0	2364.0	1646.3260498046875
2482.0	2365.0	1639.5732421875
2493.0	2366.0	1625.848876953125
2494.0	2370.0	1629.5567626953125
2502.0	2378.0	1620.98681640625
2514.0	2374.0	1605.3636474609375
2514.0	2378.0	1610.8646240234375
2511.0	2383.0	1621.341552734375
2522.0	2380.0	1607.3265380859375
2530.0	2377.0	1598.3565673828125
2533.0	2383.0	1598.287353515625
2533.0	2378.0	1603.242919921875
2533.0	2379.0	1607.9329833984375
2542.0	2378.0	1596.6959228515625
2541.0	2378.0	1603.08251953125
2547.0	2379.0	1596.9287109375
2541.0	2378.0	1611.613037109375
2542.0	2381.0	1613.72607421875
2544.0	2363.0	1613.929443359375
2551.0	2365.0	1605.480224609375
2562.0	2365.0	1590.3465576171875
2572.0	2363.0	1577.0521240234375
2572.0	2364.0	1581.2821044921875
2584.0	2353.0	1564.3360595703125
2581.0	2352.0	1573.7427978515625
2580.0	2341.0	1579.4169921875
2581.0	2338.0	1581.377197265625
2582.0	2339.0	1583.149169921875
2581.0	2341.0	1588.246826171875
2583.0	2329.0	1587.89111328125
2582.0	2326.0	1592.61181640625
2573.0	2314.0	1610.9224853515625
2572.0	2314.0	1614.9759521484375
2576.0	2302.0	1610.1298828125
2571.0	2303.0	1620.955322265625
2571.0	2287.0	1622.8612060546875
2561.0	2272.0	1642.218017578125
2562.0	2272.0	1641.779052734375
2561.0	2260.0	1644.7664794921875
2563.0	2262.0	1642.4383544921875
2561.0	2246.0	1647.0576171875
2562.0	2236.0	1646.3751220703125
2561.0	2234.0	1649.1046142578125
2552.0	2221.0	1665.73388671875
2553.0	2211.0	1664.4803466796875
2555.0	2208.0	1661.389404296875
2542.0	2203.0	1684.5748291015625
2541.0	2195.0	1686.261474609375
2541.0	2187.0	1686.2322998046875
2532.0	2184.0	1701.7269287109375
2532.0	2165.0	1701.2906494140625
2532.0	2157.0	1700.880126953125
2519.0	2150.0	1723.0418701171875
2524.0	2130.0	1713.4844970703125
2513.0	2132.0	1731.984375
2513.0	2131.0	1730.821044921875
2502.0	2119.0	1748.6383056640625
2504.0	2106.0	1743.6929931640625
2493.0	2093.0	1761.212158203125
2483.0	2091.0	1776.7822265625
2481.0	2081.0	1778.243896484375
2474.0	2064.0	1788.44580078125
2475.0	2054.0	1784.234375
2469.0	2040.0	1792.2353515625
2460.0	2027.0	1805.5423583984375
2455.0	2027.0	1811.624267578125
2445.0	2015.0	1826.145751953125
2434.0	2001.0	1842.2037353515625
2424.0	1988.0	1856.22216796875
2451.0	1988.0	1805.572998046875
2417.0	1976.0	1861.7913818359375
2405.0	1961.0	1879.28125
2386.0	1950.0	1908.82080078125
2376.0	1948.0	1921.864990234375
2368.0	1936.0	1931.3096923828125
2369.0	1948.0	1924.845947265625
2357.0	1924.0	1941.001708984375
2347.0	1920.0	1953.5965576171875
2337.0	1910.0	1966.093994140625
2327.0	1898.0	1978.3612060546875
2315.0	1884.0	1994.065673828125
2310.0	1883.0	1997.430908203125
2297.0	1872.0	2014.7645263671875
2296.0	1869.0	2010.96728515625
2279.0	1860.0	2035.1170654296875
2277.0	1860.0	2032.7886962890625
2271.0	1860.0	2037.4444580078125
2261.0	1852.0	2049.033935546875
2249.0	1834.0	2064.125
2245.0	1835.0	2065.1328125
2230.0	1821.0	2085.219970703125
2221.0	1821.0	2094.763671875
2210.0	1821.0	2107.82373046875
2209.0	1822.0	2103.2666015625
2202.0	1808.0	2109.179931640625
2193.0	1809.0	2118.636962890625
2184.0	1796.0	2127.890625
2173.0	1794.0	2140.64111328125
2151.0	1784.0	2172.460205078125
2144.0	1784.0	2177.85546875
2134.0	1784.0	2188.312744140625
2124.0	1771.0	2198.806396484375
2116.0	1770.0	2205.87939453125
2113.0	1771.0	2204.134033203125
2106.0	1770.0	2209.381591796875
2098.0	1771.0	2216.67138671875
2097.0	1774.0	2211.69384765625
2086.0	1758.0	2224.28857421875
2075.0	1772.0	2236.826904296875
2065.0	1760.0	2247.642822265625
2058.0	1755.0	2253.204833984375
2046.0	1757.0	2267.3330078125
2036.0	1777.0	2278.019287109375
2035.0	1758.0	2272.89990234375
2038.0	1762.0	2261.1572265625
2026.0	1757.0	2275.794189453125
2016.0	1761.0	2286.88916015625
2007.0	1771.0	2296.031005859375
2006.0	1777.0	2291.351318359375
1997.0	1771.0	2300.92822265625
1997.0	1775.0	2294.774658203125
1996.0	1772.0	2290.6845703125
1987.0	1775.0	2300.532958984375
1989.0	1771.0	2291.3759765625
1992.0	1783.0	2280.432373046875
1978.0	1785.0	2299.54443359375
1971.0	1797.0	2306.42236328125
1969.0	1796.0	2304.6357421875
1970.0	1795.0	2297.878662109375
1959.0	1810.0	2312.268798828125
1960.0	1810.0	2305.609619140625
1962.0	1809.0	2297.4248046875
1949.0	1822.0	2315.769775390625
1951.0	1819.0	2307.639404296875
1955.0	1835.0	2296.2392578125
1950.0	1836.0	2300.84765625
1948.0	1835.0	2300.46630859375
1949.0	1848.0	2294.976806640625
1949.0	1858.0	2291.483154296875
1949.0	1860.0	2288.147216796875
1950.0	1873.0	2283.256103515625
1949.0	1870.0	2282.01904296875
1951.0	1873.0	2275.6962890625
1950.0	1885.0	2274.79541015625
1950.0	1896.0	2272.234619140625
1948.0	1900.0	2273.325439453125
1961.0	1910.0	2248.4423828125
1961.0	1930.0	2246.71728515625
1959.0	1923.0	2248.582275390625
1958.0	1940.0	2248.784423828125
1970.0	1950.0	2226.35498046875
1967.0	1945.0	2230.669677734375
1968.0	1960.0	2227.94091796875
1966.0	1962.0	2230.578369140625
1980.0	1975.0	2205.434814453125
1980.0	1987.0	2205.078369140625
1978.0	1987.0	2208.248046875
1987.0	2002.0	2192.221435546875
1999.0	2014.0	2171.34228515625
2001.0	2014.0	2168.37841796875
2007.0	2039.0	2158.421875
2008.0	2041.0	2157.558349609375
2006.0	2055.0	2161.919189453125
2018.0	2066.0	2142.00634765625
2030.0	2085.0	2122.30419921875
2037.0	2092.0	2111.70947265625
2046.0	2095.0	2097.99853515625
2048.0	2106.0	2096.676025390625
2055.0	2117.0	2086.5224609375
2056.0	2117.0	2087.1640625
2077.0	2133.0	2053.072265625
2075.0	2132.0	2059.562255859375
2085.0	2143.0	2045.2288818359375
2097.0	2158.0	2027.5255126953125
2106.0	2171.0	2015.2926025390625
2104.0	2180.0	2022.3807373046875
2124.0	2182.0	1991.1588134765625
2133.0	2192.0	1979.5289306640625
2144.0	2208.0	1964.53466796875
2144.0	2211.0	1968.993408203125
2151.0	2221.0	1961.274658203125
2161.0	2222.0	1948.4111328125
2171.0	2237.0	1935.8134765625
2179.0	2247.0	1926.823974609375
2191.0	2247.0	1910.8812255859375
2202.0	2264.0	1896.7808837890625
2220.0	2272.0	1870.5447998046875
2230.0	2287.0	1858.961669921875
2240.0	2289.0	1847.372802734375
2241.0	2286.0	1851.656005859375
2253.0	2301.0	1836.72412109375
2259.0	2311.0	1832.27685546875
2271.0	2313.0	1817.384521484375
2278.0	2324.0	1811.4072265625
2289.0	2324.0	1798.48779296875
2298.0	2339.0	1789.0479736328125
2308.0	2339.0	1777.8914794921875
2308.0	2339.0	1784.3126220703125
2326.0	2351.0	1759.287841796875
2330.0	2353.0	1758.880615234375
2346.0	2363.0	1737.4613037109375
2347.0	2365.0	1742.2720947265625
2364.0	2378.0	1719.3204345703125
2376.0	2380.0	1705.452392578125
2387.0	2379.0	1693.357177734375
2395.0	2392.0	1686.46875
2415.0	2394.0	1658.545166015625
2415.0	2392.0	1666.0867919921875
2434.0	2390.0	1640.317138671875
2435.0	2391.0	1646.1695556640625
2435.0	2406.0	1653.3543701171875
2446.0	2403.0	1641.189697265625
2455.0	2404.0	1632.5706787109375
2466.0	2405.0	1620.35888671875
2474.0	2406.0	1613.5748291015625
2485.0	2403.0	1601.4932861328125
2493.0	2405.0	1594.631591796875
2495.0	2404.0	1598.250244140625
2505.0	2404.0	1587.8687744140625
2523.0	2402.0	1563.740966796875
2533.0	2404.0	1553.9150390625
2541.0	2404.0	1547.4554443359375
2551.0	2404.0	1537.4844970703125
2561.0	2403.0	1527.4429931640625
2570.0	2403.0	1519.1451416015625
2583.0	2402.0	1503.849365234375
2591.0	2404.0	1497.3216552734375
2590.0	2403.0	1506.5849609375
2603.0	2404.0	1491.239990234375
2611.0	2391.0	1484.69189453125
2619.0	2391.0	1478.07470703125
2620.0	2393.0	1483.519775390625
2630.0	2378.0	1473.0755615234375
2641.0	2379.0	1460.8538818359375
2639.0	2379.0	1471.3050537109375
2640.0	2380.0	1476.17041015625
2648.0	2364.0	1468.74462890625
2650.0	2366.0	1471.542236328125
2654.0	2351.0	1470.49755859375
2661.0	2352.0	1464.1844482421875
2660.0	2337.0	1471.74267578125
2660.0	2340.0	1477.17333984375
2659.0	2327.0	1484.1497802734375
2662.0	2328.0	1483.788330078125
2662.0	2315.0	1488.4542236328125
2662.0	2314.0	1492.9063720703125
2662.0	2299.0	1497.048828125
2660.0	2302.0	1504.4989013671875
2661.0	2285.0	1506.084228515625
2653.0	2271.0	1523.192138671875
2648.0	2259.0	1534.9371337890625
2651.0	2262.0	1532.49755859375
2645.0	2249.0	1545.695556640625
2641.0	2237.0	1555.1080322265625
2637.0	2225.0	1564.109619140625
2642.0	2223.0	1557.1776123046875
2639.0	2221.0	1564.2010498046875
2640.0	2209.0	1564.13623046875
2628.0	2195.0	1586.373046875
2631.0	2183.0	1582.16162109375
2621.0	2166.0	1600.4765625
2620.0	2170.0	1602.731689453125
2611.0	2154.0	1618.9576416015625
2610.0	2146.0	1620.753662109375
2598.0	2131.0	1641.7598876953125
2601.0	2131.0	1636.098388671875
2600.0	2114.0	1637.468505859375
2591.0	2106.0	1652.593505859375
2579.0	2103.0	1672.6358642578125
2581.0	2094.0	1668.002197265625
2569.0	2076.0	1687.7520751953125
2564.0	2067.0	1695.020263671875
2560.0	2051.0	1700.2457275390625
2562.0	2053.0	1695.0428466796875
2540.0	2026.0	1731.560302734375
2543.0	2028.0	1723.9580078125
2526.0	2019.0	1751.1529541015625
2523.0	2004.0	1753.624267578125
2519.0	1990.0	1757.8040771484375
2514.0	1978.0	1763.6600341796875
2519.0	1962.0	1751.73828125
2495.0	1962.0	1790.5506591796875
2485.0	1949.0	1804.5775146484375
2483.0	1951.0	1804.4310302734375
2465.0	1924.0	1832.0496826171875
2463.0	1926.0	1831.408203125
2461.0	1924.0	1830.5911865234375
2444.0	1911.0	1855.9864501953125
2436.0	1898.0	1865.43603515625
2414.0	1886.0	1899.1572265625
2409.0	1886.0	1902.5447998046875
2395.0	1873.0	1921.660888671875
2377.0	1859.0	1947.6988525390625
2378.0	1859.0	1939.9383544921875
2365.0	1861.0	1956.66943359375
2357.0	1849.0	1964.589111328125
2338.0	1833.0	1991.177734375
2327.0	1833.0	2003.8382568359375
2318.0	1821.0	2012.919677734375
2309.0	1823.0	2022.017578125
2299.0	1809.0	2032.858154296875
2289.0	1795.0	2043.5447998046875
2270.0	1796.0	2070.017822265625
2268.0	1794.0	2066.28564453125
2261.0	1782.0	2071.2724609375
2251.0	1782.0	2081.56396484375
2241.0	1771.0	2091.896484375
2229.0	1756.0	2105.544921875
2210.0	1757.0	2131.333740234375
2201.0	1757.0	2139.476806640625
2191.0	1746.0	2149.406494140625
2190.0	1746.0	2143.587890625
2173.0	1745.0	2165.767578125
2172.0	1746.0	2159.869140625
2154.0	1731.0	2183.393310546875
2143.0	1733.0	2194.712890625
2136.0	1733.0	2199.094482421875
2113.0	1732.0	2231.1083984375
2107.0	1723.0	2233.3330078125
2093.0	1716.0	2249.66796875
2085.0	1720.0	2255.534423828125
2084.0	1715.0	2249.23974609375
2066.0	1718.0	2272.662841796875
2067.0	1720.0	2262.842041015625
2055.0	1720.0	2275.83642578125
2044.0	1714.0	2287.15380859375
2035.0	1720.0	2295.02783203125
2026.0	1720.0	2303.037841796875
2017.0	1720.0	2310.93505859375
2017.0	1719.0	2303.1953125
2006.0	1720.0	2315.1318359375
2007.0	1718.0	2306.03515625
1998.0	1723.0	2314.522216796875
1989.0	1720.0	2323.024658203125
1996.0	1732.0	2303.780029296875
1978.0	1732.0	2328.410888671875
1974.0	1732.0	2328.5068359375
1968.0	1733.0	2332.218994140625
1960.0	1747.0	2339.8017578125
1959.0	1745.0	2335.079345703125
1950.0	1746.0	2344.707763671875
1948.0	1744.0	2341.970458984375
1950.0	1759.0	2332.519287109375
1941.0	1756.0	2342.414306640625
1941.0	1759.0	2336.708251953125
1930.0	1768.0	2350.319580078125
1929.0	1785.0	2346.526123046875
1931.0	1782.0	2337.797119140625
1921.0	1799.0	2350.3154296875
1921.0	1794.0	2345.23193359375
1922.0	1810.0	2338.6513671875
1921.0	1807.0	2335.846923828125
1922.0	1820.0	2329.74951171875
1921.0	1817.0	2327.3642578125
1923.0	1834.0	2319.99658203125
1922.0	1846.0	2318.09814453125
1922.0	1847.0	2314.615966796875
1922.0	1860.0	2311.322998046875
1921.0	1876.0	2309.950439453125
1921.0	1876.0	2306.9775390625
1922.0	1886.0	2302.4423828125
1921.0	1886.0	2301.548828125
1920.0	1898.0	2300.828857421875
1921.0	1910.0	2296.686279296875
1929.0	1924.0	2280.6435546875
1929.0	1923.0	2278.886474609375
1930.0	1937.0	2275.500732421875
1940.0	1951.0	2256.5439453125
1941.0	1962.0	2253.796875
1939.0	1962.0	2256.33935546875
1951.0	1975.0	2234.723876953125
1949.0	1987.0	2237.7138671875
1959.0	2003.0	2220.12109375
1955.0	2016.0	2227.08447265625
1969.0	2028.0	2202.733642578125
1973.0	2041.0	2196.093505859375
1979.0	2053.0	2185.966552734375
1987.0	2068.0	2172.7998046875
1987.0	2081.0	2173.943603515625
1985.0	2082.0	2178.5205078125
1999.0	2092.0	2155.40380859375
2007.0	2106.0	2143.0556640625
2015.0	2120.0	2130.990478515625
2029.0	2130.0	2108.747802734375
2027.0	2145.0	2114.57763671875
2035.0	2157.0	2102.90234375
2045.0	2170.0	2088.0048828125
2046.0	2172.0	2089.0498046875
2066.0	2183.0	2057.042236328125
2068.0	2185.0	2056.926025390625
2077.0	2197.0	2044.71435546875
2086.0	2210.0	2032.697998046875
2094.0	2246.0	2022.5648193359375
2105.0	2235.0	2007.474609375
2113.0	2251.0	1997.7701416015625
2124.0	2262.0	1982.8873291015625
2134.0	2280.0	1969.8560791015625
2135.0	2273.0	1972.775390625
2160.0	2305.0	1934.144775390625
2161.0	2299.0	1937.840087890625
2175.0	2303.0	1918.8609619140625
2181.0	2313.0	1913.9034423828125
2196.0	2326.0	1893.21923828125
2201.0	2326.0	1890.1165771484375
2217.0	2339.0	1868.2177734375
2231.0	2352.0	1850.0020751953125
2241.0	2365.0	1838.8182373046875
2242.0	2364.0	1843.4439697265625
2249.0	2367.0	1837.63427734375
2259.0	2375.0	1826.527099609375
2269.0	2379.0	1815.6400146484375
2289.0	2393.0	1787.4932861328125
2300.0	2405.0	1775.2459716796875
2308.0	2405.0	1768.2418212890625
2318.0	2418.0	1757.71435546875
2328.0	2418.0	1747.3221435546875
2337.0	2429.0	1738.6212158203125
2337.0	2429.0	1745.7073974609375
2347.0	2431.0	1735.3001708984375
2365.0	2429.0	1711.0469970703125
2376.0	2443.0	1699.2225341796875
2387.0	2443.0	1687.552001953125
2396.0	2443.0	1679.2886962890625
2416.0	2456.0	1651.74755859375
2426.0	2454.0	1642.0985107421875
2424.0	2457.0	1653.43994140625
2433.0	2455.0	1645.4169921875
2436.0	2456.0	1647.557373046875
2426.0	2458.0	1672.486572265625
2454.0	2457.0	1630.7669677734375
2464.0	2470.0	1620.606201171875
2474.0	2469.0	1610.537841796875
2485.0	2470.0	1598.6968994140625
2504.0	2469.0	1572.873779296875
2517.0	2471.0	1557.87353515625
2522.0	2469.0	1557.233154296875
2563.0	2457.0	1494.27587890625
2562.0	2456.0	1504.9844970703125
2575.0	2457.0	1491.109375
2580.0	2456.0	1491.0709228515625
2592.0	2457.0	1478.69482421875
2590.0	2443.0	1490.5587158203125
2605.0	2445.0	1472.4490966796875
2611.0	2443.0	1470.0234375
2623.0	2444.0	1456.9771728515625
2620.0	2444.0	1470.2169189453125
2625.0	2429.0	1469.3638916015625
2641.0	2431.0	1449.1607666015625
2649.0	2416.0	1443.1309814453125
2649.0	2418.0	1450.7235107421875
2661.0	2405.0	1437.0975341796875
2669.0	2405.0	1430.4246826171875
2669.0	2398.0	1437.6845703125
2669.0	2392.0	1444.5677490234375
2679.0	2375.0	1433.582275390625
2680.0	2378.0	1438.4375
2687.0	2368.0	1432.7432861328125
2689.0	2368.0	1435.5653076171875
2688.0	2353.0	1443.29345703125
2699.0	2339.0	1429.999755859375
2700.0	2339.0	1434.05029296875
2700.0	2328.0	1439.514892578125
2688.0	2313.0	1465.7257080078125
2689.0	2311.0	1468.45361328125
2688.0	2286.0	1474.5157470703125
2691.0	2286.0	1473.267822265625
2680.0	2272.0	1496.0338134765625
2682.0	2261.0	1495.7335205078125
2668.0	2247.0	1523.0594482421875
2667.0	2237.0	1527.241455078125
2669.0	2222.0	1526.0101318359375
2668.0	2207.0	1529.939453125
2659.0	2196.0	1547.7147216796875
2659.0	2199.0	1549.2269287109375
2660.0	2170.0	1548.952880859375
2658.0	2168.0	1553.8050537109375
2649.0	2173.0	1570.5093994140625
2650.0	2145.0	1569.5838623046875
2651.0	2132.0	1568.6114501953125
2639.0	2118.0	1590.2149658203125
2639.0	2105.0	1590.4967041015625
2630.0	2100.0	1606.40185546875
2618.0	2094.0	1627.21630859375
2621.0	2097.0	1621.325927734375
2611.0	2066.0	1637.874267578125
2610.0	2046.0	1638.6890869140625
2600.0	2041.0	1654.912353515625
2592.0	2025.0	1667.364501953125
2580.0	2015.0	1686.5758056640625
2583.0	2001.0	1679.3309326171875
2571.0	1989.0	1698.5296630859375
2562.0	1961.0	1712.0484619140625
2555.0	1963.0	1721.7730712890625
2551.0	1964.0	1726.0093994140625
2542.0	1951.0	1738.734619140625
2535.0	1937.0	1747.835205078125
2523.0	1923.0	1765.482666015625
2513.0	1911.0	1779.330322265625
2503.0	1898.0	1792.9716796875
2495.0	1884.0	1802.979736328125
2485.0	1871.0	1816.390380859375
2484.0	1875.0	1813.8143310546875
2465.0	1849.0	1842.591064453125
2465.0	1848.0	1837.8956298828125
2456.0	1835.0	1848.852783203125
2444.0	1835.0	1864.9635009765625
2437.0	1820.0	1872.1766357421875
2415.0	1810.0	1905.485595703125
2407.0	1795.0	1913.7100830078125
2387.0	1795.0	1942.8243408203125
2375.0	1785.0	1957.5714111328125
2376.0	1784.0	1949.4638671875
2349.0	1759.0	1989.9256591796875
2347.0	1757.0	1986.5357666015625
2333.0	1758.0	2004.12451171875
2319.0	1743.0	2021.417236328125
2310.0	1735.0	2029.865966796875
2298.0	1732.0	2043.6387939453125
2286.0	1720.0	2057.048583984375
2268.0	1719.0	2080.837890625
2259.0	1720.0	2088.9462890625
2259.0	1720.0	2081.265380859375
2242.0	1708.0	2103.021728515625
2231.0	1710.0	2114.226806640625
2219.0	1695.0	2127.146240234375
2202.0	1695.0	2148.610595703125
2189.0	1699.0	2163.039306640625
2182.0	1694.0	2167.03125
2169.0	1682.0	2181.679931640625
2152.0	1681.0	2203.093505859375
2141.0	1678.0	2213.826416015625
2145.0	1681.0	2198.338623046875
2124.0	1684.0	2226.326416015625
2113.0	1684.0	2236.8056640625
2104.0	1689.0	2243.966064453125
2096.0	1683.0	2249.30322265625
2084.0	1681.0	2261.774169921875
2065.0	1682.0	2286.512451171875
2056.0	1676.0	2293.565185546875
2056.0	1684.0	2284.881103515625
2037.0	1685.0	2309.479248046875
2037.0	1682.0	2300.902099609375
2026.0	1687.0	2311.6337890625
2017.0	1696.0	2318.99755859375
2006.0	1688.0	2329.91162109375
1997.0	1693.0	2337.46533203125
1989.0	1692.0	2343.174560546875
1979.0	1708.0	2352.462890625
1967.0	1704.0	2365.380615234375
1970.0	1708.0	2352.040771484375
1959.0	1718.0	2363.64892578125
1960.0	1721.0	2354.2578125
1950.0	1720.0	2364.1201171875
1941.0	1734.0	2372.3095703125
1939.0	1732.0	2368.538818359375
1930.0	1748.0	2377.26708984375
1921.0	1759.0	2385.912841796875
1921.0	1760.0	2378.927001953125
1911.0	1772.0	2389.83056640625
1912.0	1771.0	2381.340576171875
1901.0	1772.0	2393.890625
1893.0	1784.0	2401.189697265625
1883.0	1798.0	2411.897705078125
1885.0	1811.0	2401.9521484375
1882.0	1809.0	2401.049560546875
1874.0	1824.0	2409.078857421875
1872.0	1834.0	2406.63623046875
1874.0	1847.0	2397.488525390625
1872.0	1860.0	2395.572509765625
1874.0	1859.0	2387.017822265625
1863.0	1858.0	2401.103515625
1864.0	1872.0	2394.3544921875
1862.0	1886.0	2393.127685546875
1863.0	1895.0	2386.916748046875
1863.0	1910.0	2382.68212890625
1863.0	1927.0	2378.683349609375
1862.0	1923.0	2376.661865234375
1862.0	1924.0	2373.02685546875
1861.0	1951.0	2371.366943359375
1863.0	1949.0	2364.666259765625
1876.0	1963.0	2339.281005859375
1873.0	1974.0	2342.1015625
1874.0	1988.0	2338.01513671875
1870.0	2002.0	2342.823974609375
1882.0	2015.0	2319.881103515625
1881.0	2041.0	2320.087890625
1891.0	2053.0	2301.147705078125
1894.0	2052.0	2294.869873046875
1904.0	2080.0	2276.447265625
1903.0	2079.0	2277.720458984375
1910.0	2094.0	2265.41015625
1920.0	2106.0	2248.18896484375
1921.0	2117.0	2246.86181640625
1932.0	2131.0	2228.0703125
1940.0	2130.0	2215.035888671875
1949.0	2146.0	2200.51953125
1949.0	2168.0	2201.998046875
1947.0	2170.0	2206.94189453125
1961.0	2169.0	2184.13525390625
1968.0	2182.0	2173.826416015625
1978.0	2190.0	2158.703125
1981.0	2208.0	2156.0732421875
1998.0	2227.0	2129.070556640625
2006.0	2234.0	2118.0458984375
2016.0	2252.0	2103.714111328125
2025.0	2261.0	2091.470947265625
2037.0	2280.0	2074.1171875
2035.0	2274.0	2081.510498046875
2045.0	2281.0	2068.01708984375
2057.0	2302.0	2051.1982421875
2065.0	2310.0	2041.5538330078125
2074.0	2315.0	2030.365478515625
2085.0	2326.0	2015.787841796875
2105.0	2333.0	1985.67431640625
2113.0	2359.0	1976.9801025390625
2113.0	2352.0	1982.35205078125
2131.0	2364.0	1956.3680419921875
2134.0	2365.0	1956.7724609375
2151.0	2376.0	1933.09912109375
2162.0	2386.0	1920.041748046875
2178.0	2387.0	1898.4605712890625
2190.0	2406.0	1884.0474853515625
2198.0	2405.0	1876.84716796875
2210.0	2418.0	1862.583251953125
2239.0	2435.0	1818.5758056640625
2231.0	2432.0	1839.8505859375
2253.0	2442.0	1808.5872802734375
2250.0	2444.0	1821.1978759765625
2258.0	2442.0	1814.4522705078125
2278.0	2443.0	1786.960693359375
2296.0	2457.0	1763.0733642578125
2299.0	2453.0	1765.403076171875
2312.0	2457.0	1750.3201904296875
2328.0	2470.0	1730.01953125
2340.0	2470.0	1716.9813232421875
2337.0	2470.0	1730.1968994140625
2345.0	2469.0	1724.10205078125
2355.0	2471.0	1714.3870849609375
2382.0	2470.0	1675.3643798828125
2387.0	2482.0	1674.9029541015625
2409.0	2479.0	1644.529052734375
2417.0	2481.0	1638.7574462890625
2423.0	2479.0	1636.7012939453125
2434.0	2482.0	1625.9329833984375
2441.0	2486.0	1622.1065673828125
2447.0	2485.0	1619.93896484375
2453.0	2482.0	1617.7373046875
2463.0	2482.0	1608.3798828125
2475.0	2470.0	1595.4664306640625
2483.0	2472.0	1589.697265625
2514.0	2462.0	1543.9764404296875
2523.0	2469.0	1537.104736328125
2552.0	2484.0	1495.0947265625
2552.0	2472.0	1504.63330078125
2571.0	2459.0	1481.129150390625
2571.0	2457.0	1490.51416015625
2583.0	2457.0	1478.6949462890625
2590.0	2444.0	1475.507080078125
2600.0	2443.0	1466.9622802734375
2611.0	2429.0	1456.510498046875
2621.0	2428.0	1447.81689453125
2641.0	2418.0	1421.68408203125
2651.0	2405.0	1413.32080078125
2650.0	2406.0	1424.047119140625
2658.0	2390.0	1418.6165771484375
2663.0	2393.0	1418.3428955078125
2670.0	2392.0	1414.472900390625
2679.0	2379.0	1407.02490234375
2680.0	2365.0	1413.282958984375
2687.0	2370.0	1408.748046875
2700.0	2353.0	1393.8087158203125
2699.0	2337.0	1403.2197265625
2709.0	2328.0	1392.9967041015625
2708.0	2323.0	1402.00244140625
2710.0	2311.0	1405.3802490234375
2709.0	2299.0	1413.612548828125
2699.0	2287.0	1436.9163818359375
2699.0	2275.0	1442.3328857421875
2700.0	2262.0	1445.7021484375
2710.0	2250.0	1433.1378173828125
2703.0	2235.0	1450.4024658203125
2699.0	2236.0	1461.75927734375
2699.0	2211.0	1465.802001953125
2698.0	2213.0	1471.5350341796875
2698.0	2204.0	1475.2572021484375
2701.0	2196.0	1473.5001220703125
2697.0	2172.0	1483.8182373046875
2698.0	2159.0	1485.16552734375
2701.0	2141.0	1482.864990234375
2701.0	2130.0	1485.675048828125
2697.0	2117.0	1495.3145751953125
2701.0	2119.0	1490.8182373046875
2701.0	2090.0	1493.19775390625
2698.0	2091.0	1500.7413330078125
2699.0	2080.0	1501.114501953125
2689.0	2067.0	1520.3094482421875
2689.0	2052.0	1521.8299560546875
2686.0	2036.0	1528.3721923828125
2682.0	2028.0	1536.3170166015625
2668.0	2004.0	1561.6029052734375
2669.0	1988.0	1560.2401123046875
2668.0	1989.0	1562.3658447265625
2659.0	1962.0	1578.0799560546875
2660.0	1970.0	1576.2392578125
2651.0	1948.0	1591.5670166015625
2642.0	1925.0	1606.5975341796875
2628.0	1928.0	1630.034912109375
2619.0	1910.0	1644.3929443359375
2609.0	1897.0	1660.064208984375
2601.0	1886.0	1671.9827880859375
2590.0	1876.0	1688.9571533203125
2591.0	1874.0	1684.626953125
2582.0	1861.0	1697.528564453125
2572.0	1848.0	1712.0238037109375
2567.0	1833.0	1717.3580322265625
2554.0	1822.0	1736.6229248046875
2537.0	1806.0	1762.7396240234375
2534.0	1794.0	1764.1571044921875
2522.0	1785.0	1781.189697265625
2514.0	1784.0	1790.909912109375
2493.0	1770.0	1823.2012939453125
2492.0	1771.0	1819.97265625
2483.0	1759.0	1830.6351318359375
2475.0	1744.0	1839.4754638671875
2463.0	1727.0	1855.27294921875
2457.0	1732.0	1860.2967529296875
2434.0	1721.0	1894.832763671875
2423.0	1708.0	1908.0526123046875
2415.0	1710.0	1915.9952392578125
2415.0	1710.0	1909.8992919921875
2388.0	1694.0	1950.5023193359375
2386.0	1695.0	1947.2847900390625
2366.0	1682.0	1975.1787109375
2355.0	1682.0	1987.28076171875
2337.0	1669.0	2011.3935546875
2327.0	1668.0	2021.3843994140625
2321.0	1657.0	2024.2484130859375
2307.0	1656.0	2041.084716796875
2291.0	1657.0	2061.169189453125
2299.0	1657.0	2039.2852783203125
2259.0	1645.0	2101.365966796875
2260.0	1648.0	2091.310791015625
2249.0	1642.0	2102.266845703125
2230.0	1646.0	2127.0615234375
2222.0	1631.0	2132.530029296875
2208.0	1636.0	2148.64697265625
2193.0	1633.0	2166.144775390625
2182.0	1630.0	2176.67529296875
2163.0	1633.0	2201.21923828125
2164.0	1631.0	2190.436279296875
2155.0	1632.0	2197.337890625
2132.0	1631.0	2228.541015625
2124.0	1632.0	2233.288330078125
2116.0	1633.0	2238.19921875
2094.0	1633.0	2267.56787109375
2086.0	1646.0	2272.342041015625
2073.0	1645.0	2286.033447265625
2065.0	1644.0	2290.905029296875
2056.0	1644.0	2297.73046875
2055.0	1648.0	2290.561767578125
2038.0	1655.0	2311.162841796875
2027.0	1657.0	2321.2822265625
2014.0	1655.0	2335.17333984375
2007.0	1667.0	2338.38623046875
1997.0	1675.0	2347.052001953125
1987.0	1679.0	2355.82861328125
1978.0	1684.0	2362.99560546875
1978.0	1681.0	2354.443359375
1960.0	1710.0	2377.455810546875
1959.0	1710.0	2370.746826171875
1949.0	1703.0	2379.849609375
1938.0	1721.0	2390.863525390625
1931.0	1732.0	2394.939453125
1922.0	1733.0	2402.604736328125
1922.0	1746.0	2394.624755859375
1912.0	1758.0	2404.496826171875
1904.0	1773.0	2410.904541015625
1900.0	1771.0	2410.3701171875
1883.0	1796.0	2432.52099609375
1886.0	1798.0	2419.642333984375
1873.0	1810.0	2434.821533203125
1870.0	1820.0	2432.819091796875
1863.0	1821.0	2437.972412109375
1863.0	1835.0	2431.0595703125
1861.0	1844.0	2428.006103515625
1857.0	1861.0	2428.678466796875
1857.0	1871.0	2422.405517578125
1860.0	1873.0	2411.195068359375
1845.0	1886.0	2431.477783203125
1846.0	1897.0	2423.973388671875
1844.0	1911.0	2421.981201171875
1842.0	1921.0	2420.3466796875
1845.0	1937.0	2410.183349609375
1844.0	1962.0	2407.31640625
1844.0	1975.0	2402.930908203125
1844.0	1989.0	2398.75830078125
1843.0	2002.0	2396.5849609375
1841.0	2003.0	2396.386962890625
1843.0	2013.0	2389.386474609375
1846.0	2041.0	2380.8017578125
1853.0	2054.0	2365.6279296875
1854.0	2067.0	2361.294921875
1854.0	2083.0	2358.878662109375
1862.0	2085.0	2342.670654296875
1862.0	2119.0	2340.87353515625
1863.0	2134.0	2337.4521484375
1873.0	2145.0	2318.716064453125
1874.0	2152.0	2315.88134765625
1883.0	2157.0	2299.4736328125
1884.0	2172.0	2297.13623046875
1893.0	2180.0	2281.043212890625
1902.0	2194.0	2265.291748046875
1912.0	2209.0	2248.3173828125
1921.0	2219.0	2233.3818359375
1930.0	2248.0	2218.81689453125
1930.0	2253.0	2220.26171875
1945.0	2276.0	2195.81396484375
1949.0	2285.0	2190.960693359375
1959.0	2290.0	2175.84765625
1968.0	2309.0	2162.70703125
1970.0	2314.0	2161.79833984375
1978.0	2322.0	2150.359130859375
1997.0	2339.0	2120.3251953125
2008.0	2352.0	2104.609375
2019.0	2364.0	2089.091796875
2019.0	2363.0	2092.973876953125
2027.0	2379.0	2083.049072265625
2036.0	2390.0	2071.4970703125
2046.0	2403.0	2058.42529296875
2057.0	2403.0	2043.719970703125
2065.0	2417.0	2034.4368896484375
2085.0	2429.0	2004.3377685546875
2094.0	2443.0	1993.9481201171875
2105.0	2458.0	1980.1927490234375
2114.0	2458.0	1970.0245361328125
2114.0	2455.0	1975.659423828125
2133.0	2469.0	1948.44921875
2146.0	2481.0	1931.90625
2164.0	2485.0	1906.7811279296875
2173.0	2495.0	1897.824951171875
2189.0	2496.0	1876.795654296875
2202.0	2509.0	1861.213134765625
2212.0	2508.0	1850.845458984375
2211.0	2511.0	1859.73876953125
2240.0	2522.0	1816.5086669921875
2240.0	2536.0	1824.1700439453125
2258.0	2535.0	1800.3001708984375
2269.0	2548.0	1788.9208984375
2288.0	2546.0	1763.5386962890625
2290.0	2549.0	1767.913818359375
2300.0	2550.0	1758.4083251953125
2319.0	2561.0	1733.1282958984375
2327.0	2563.0	1727.308837890625
2328.0	2561.0	1733.7784423828125
2360.0	2557.0	1686.01025390625
2356.0	2562.0	1701.6146240234375
2366.0	2558.0	1692.64306640625
2386.0	2561.0	1666.3167724609375
2396.0	2561.0	1657.5477294921875
2405.0	2561.0	1650.379638671875
2415.0	2548.0	1641.5330810546875
2433.0	2549.0	1618.702880859375
2437.0	2549.0	1620.5540771484375
2434.0	2548.0	1634.18212890625
2476.0	2548.0	1569.3115234375
2463.0	2535.0	1600.7957763671875
2483.0	2536.0	1574.8275146484375
2500.0	2518.0	1554.3114013671875
2523.0	2522.0	1523.4892578125
2543.0	2507.0	1498.1810302734375
2562.0	2510.0	1474.7216796875
2571.0	2489.0	1469.24853515625
2580.0	2484.0	1463.5770263671875
2582.0	2482.0	1469.91943359375
2591.0	2483.0	1463.894775390625
2600.0	2470.0	1457.69482421875
2611.0	2470.0	1447.814453125
2621.0	2458.0	1439.7786865234375
2630.0	2442.0	1433.2635498046875
2640.0	2431.0	1424.8856201171875
2656.0	2416.0	1405.8453369140625
2649.0	2418.0	1427.0418701171875
2667.0	2411.0	1404.380859375
2669.0	2405.0	1409.7158203125
2679.0	2396.0	1401.0023193359375
2688.0	2381.0	1393.863037109375
2702.0	2364.0	1377.890380859375
2708.0	2353.0	1375.83642578125
2708.0	2338.0	1384.07568359375
2719.0	2328.0	1372.74609375
2730.0	2313.0	1361.40869140625
2728.0	2313.0	1372.762451171875
2726.0	2287.0	1383.7100830078125
2726.0	2287.0	1390.7640380859375
2718.0	2260.0	1411.09716796875
2718.0	2249.0	1416.9449462890625
2707.0	2235.0	1441.57568359375
2709.0	2227.0	1442.9185791015625
2708.0	2211.0	1449.2763671875
2707.0	2195.0	1455.3909912109375
2709.0	2168.0	1456.0133056640625
2710.0	2172.0	1458.19970703125
2719.0	2158.0	1446.5452880859375
2719.0	2147.0	1450.5113525390625
2741.0	2132.0	1416.0318603515625
2727.0	2103.0	1444.5125732421875
2727.0	2094.0	1448.238525390625
2717.0	2080.0	1469.1417236328125
2718.0	2067.0	1470.36865234375
2718.0	2039.0	1473.116943359375
2718.0	2023.0	1475.7230224609375
2719.0	2028.0	1476.436279296875
2710.0	2001.0	1494.142333984375
2706.0	1989.0	1502.94091796875
2698.0	1977.0	1518.4029541015625
2702.0	1963.0	1512.590576171875
2688.0	1951.0	1538.03466796875
2687.0	1927.0	1540.4425048828125
2679.0	1911.0	1555.0035400390625
2679.0	1911.0	1555.187744140625
2669.0	1886.0	1572.4814453125
2667.0	1891.0	1575.7034912109375
2664.0	1873.0	1580.3597412109375
2650.0	1858.0	1603.9249267578125
2640.0	1848.0	1620.2137451171875
2629.0	1832.0	1637.70751953125
2621.0	1821.0	1649.7664794921875
2613.0	1810.0	1661.5655517578125
2602.0	1797.0	1678.4063720703125
2600.0	1798.0	1679.1920166015625
2579.0	1760.0	1713.0101318359375
2583.0	1759.0	1702.7220458984375
2570.0	1752.0	1722.0531005859375
2564.0	1744.0	1728.870361328125
2540.0	1744.0	1766.8929443359375
2534.0	1720.0	1773.0609130859375
2522.0	1707.0	1789.4722900390625
2513.0	1697.0	1800.4774169921875
2502.0	1696.0	1814.946044921875
2504.0	1693.0	1806.496337890625
2480.0	1681.0	1843.080322265625
2474.0	1671.0	1848.0419921875
2464.0	1670.0	1859.7628173828125
2444.0	1661.0	1888.69384765625
2434.0	1657.0	1899.878173828125
2427.0	1644.0	1905.8553466796875
2406.0	1633.0	1936.3426513671875
2396.0	1631.0	1946.946044921875
2378.0	1632.0	1971.4437255859375
2375.0	1630.0	1969.35546875
2356.0	1620.0	1994.9249267578125
2347.0	1619.0	2002.9490966796875
2327.0	1620.0	2030.1239013671875
2318.0	1603.0	2037.725830078125
2309.0	1605.0	2045.4129638671875
2290.0	1605.0	2070.50732421875
2276.0	1607.0	2086.708984375
2279.0	1608.0	2073.17236328125
2247.0	1597.0	2120.54833984375
2249.0	1594.0	2108.33544921875
2230.0	1593.0	2132.62841796875
2220.0	1595.0	2141.341552734375
2201.0	1599.0	2165.623779296875
2191.0	1594.0	2173.88232421875
2171.0	1606.0	2199.59521484375
2165.0	1607.0	2200.727783203125
2142.0	1606.0	2231.70654296875
2143.0	1608.0	2220.4658203125
2113.0	1621.0	2263.476318359375
2115.0	1621.0	2250.153076171875
2106.0	1620.0	2256.255615234375
2095.0	1620.0	2266.03515625
2077.0	1620.0	2287.99853515625
2068.0	1632.0	2294.1611328125
2054.0	1631.0	2309.12158203125
2036.0	1644.0	2331.107177734375
2025.0	1643.0	2340.61962890625
2027.0	1642.0	2327.49951171875
2017.0	1656.0	2335.574462890625
2006.0	1652.0	2345.556640625
1987.0	1669.0	2369.151123046875
1979.0	1680.0	2373.614990234375
1969.0	1684.0	2381.726318359375
1960.0	1693.0	2388.25
1949.0	1707.0	2398.403564453125
1941.0	1721.0	2403.27587890625
1931.0	1720.0	2411.82373046875
1930.0	1722.0	2404.69384765625
1920.0	1733.0	2413.453369140625
1913.0	1746.0	2417.059326171875
1904.0	1760.0	2424.312744140625
1892.0	1773.0	2436.752197265625
1881.0	1786.0	2447.537109375
1874.0	1799.0	2451.419921875
1862.0	1810.0	2464.122314453125
1864.0	1820.0	2452.404296875
1854.0	1839.0	2462.032958984375
1853.0	1836.0	2456.0068359375
1846.0	1857.0	2460.49365234375
1846.0	1874.0	2453.079833984375
1834.0	1888.0	2466.931640625
1833.0	1901.0	2461.646728515625
1834.0	1910.0	2453.2568359375
1825.0	1925.0	2462.58203125
1826.0	1938.0	2454.49267578125
1823.0	1939.0	2453.6923828125
1826.0	1961.0	2442.599853515625
1825.0	1964.0	2438.964599609375
1815.0	1987.0	2450.95361328125
1814.0	2002.0	2447.426025390625
1816.0	2015.0	2438.9765625
1815.0	2041.0	2436.0078125
1817.0	2052.0	2428.051025390625
1814.0	2078.0	2429.117431640625
1828.0	2092.0	2400.681884765625
1825.0	2090.0	2402.553955078125
1825.0	2105.0	2399.34814453125
1826.0	2118.0	2394.584716796875
1824.0	2131.0	2395.21240234375
1832.0	2158.0	2378.47119140625
1833.0	2171.0	2374.365966796875
1848.0	2182.0	2346.064697265625
1843.0	2196.0	2353.02978515625
1842.0	2211.0	2353.358642578125
1855.0	2235.0	2329.37158203125
1855.0	2233.0	2328.549560546875
1865.0	2247.0	2310.6044921875
1863.0	2263.0	2313.737548828125
1873.0	2286.0	2296.271240234375
1882.0	2304.0	2280.894775390625
1892.0	2313.0	2264.131103515625
1901.0	2327.0	2249.354736328125
1912.0	2340.0	2231.42919921875
1919.0	2354.0	2220.86669921875
1930.0	2365.0	2203.603515625
1931.0	2362.0	2204.119873046875
1940.0	2379.0	2190.88134765625
1949.0	2415.0	2177.89453125
1960.0	2403.0	2161.593505859375
1968.0	2416.0	2150.849365234375
1979.0	2429.0	2135.0556640625
1997.0	2442.0	2107.262939453125
2008.0	2457.0	2092.216796875
2008.0	2455.0	2096.52099609375
2028.0	2485.0	2066.03173828125
2026.0	2484.0	2074.240234375
2039.0	2503.0	2056.322265625
2058.0	2495.0	2028.34814453125
2065.0	2509.0	2021.5234375
2075.0	2521.0	2009.4683837890625
2091.0	2538.0	1987.30029296875
2105.0	2548.0	1968.9737548828125
2115.0	2550.0	1957.6390380859375
2132.0	2561.0	1934.0693359375
2133.0	2565.0	1939.08251953125
2162.0	2573.0	1895.2252197265625
2164.0	2575.0	1899.0037841796875
2182.0	2588.0	1875.00048828125
2190.0	2581.0	1868.5362548828125
2201.0	2589.0	1856.7750244140625
2221.0	2615.0	1829.34521484375
2230.0	2601.0	1821.616455078125
2240.0	2599.0	1812.0792236328125
2242.0	2600.0	1816.4686279296875
2259.0	2614.0	1794.9263916015625
2272.0	2613.0	1780.4085693359375
2289.0	2616.0	1759.3336181640625
2300.0	2615.0	1748.70361328125
2330.0	2614.0	1704.6480712890625
2330.0	2609.0	1713.2154541015625
2337.0	2614.0	1709.72314453125
2356.0	2616.0	1685.3270263671875
2367.0	2614.0	1675.1585693359375
2367.0	2617.0	1684.136962890625
2387.0	2615.0	1658.357666015625
2396.0	2599.0	1651.7791748046875
2408.0	2600.0	1639.76611328125
2426.0	2598.0	1617.6781005859375
2436.0	2585.0	1609.4613037109375
2443.0	2587.0	1606.4307861328125
2465.0	2586.0	1576.9593505859375
2484.0	2574.0	1553.059814453125
2519.0	2572.0	1501.6741943359375
2503.0	2573.0	1539.8226318359375
2524.0	2561.0	1513.35302734375
2542.0	2549.0	1492.274658203125
2561.0	2564.0	1469.715576171875
2571.0	2521.0	1462.7860107421875
2581.0	2522.0	1455.8408203125
2591.0	2509.0	1448.6483154296875
2600.0	2497.0	1443.057373046875
2602.0	2496.0	1449.5341796875
2612.0	2484.0	1441.8489990234375
2626.0	2467.0	1427.267822265625
2641.0	2457.0	1411.0826416015625
2651.0	2437.0	1403.4266357421875
2660.0	2429.0	1397.4061279296875
2667.0	2415.0	1394.677001953125
2681.0	2406.0	1379.7103271484375
2687.0	2391.0	1378.614501953125
2696.0	2377.0	1372.104736328125
2699.0	2378.0	1375.998779296875
2710.0	2365.0	1365.7550048828125
2717.0	2352.0	1362.4248046875
2728.0	2340.0	1352.0860595703125
2737.0	2316.0	1345.16162109375
2742.0	2300.0	1344.890625
2737.0	2288.0	1361.727294921875
2736.0	2261.0	1371.083251953125
2740.0	2249.0	1371.2642822265625
2747.0	2234.0	1365.884033203125
2751.0	2236.0	1365.748046875
2738.0	2209.0	1394.681884765625
2738.0	2201.0	1400.4737548828125
2737.0	2183.0	1407.735595703125
2737.0	2153.0	1412.9466552734375
2748.0	2143.0	1398.7720947265625
2747.0	2117.0	1405.5694580078125
2751.0	2106.0	1403.316650390625
2747.0	2100.0	1414.8675537109375
2752.0	2067.0	1410.373291015625
2750.0	2041.0	1417.96826171875
2747.0	2037.0	1427.0618896484375
2748.0	2027.0	1428.9637451171875
2740.0	2008.0	1446.2344970703125
2738.0	1988.0	1452.5830078125
2739.0	1974.0	1453.53369140625
2730.0	1951.0	1471.7225341796875
2729.0	1939.0	1475.4840087890625
2730.0	1939.0	1475.63232421875
2719.0	1924.0	1496.292236328125
2717.0	1900.0	1501.0750732421875
2709.0	1886.0	1515.9722900390625
2709.0	1868.0	1516.695068359375
2699.0	1847.0	1534.7069091796875
2688.0	1833.0	1554.05322265625
2687.0	1821.0	1555.5755615234375
2682.0	1810.0	1564.02099609375
2668.0	1782.0	1587.94189453125
2670.0	1780.0	1583.4410400390625
2659.0	1770.0	1601.323486328125
2649.0	1756.0	1617.21484375
2641.0	1731.0	1629.2149658203125
2631.0	1719.0	1644.4853515625
2618.0	1703.0	1664.681884765625
2612.0	1695.0	1672.4766845703125
2600.0	1682.0	1690.55859375
2591.0	1678.0	1703.02197265625
2582.0	1656.0	1715.26708984375
2581.0	1661.0	1713.330322265625
2572.0	1655.0	1725.22119140625
2562.0	1640.0	1738.700439453125
2542.0	1631.0	1769.30126953125
2531.0	1620.0	1783.732177734375
2524.0	1607.0	1791.1448974609375
2513.0	1606.0	1805.398193359375
2491.0	1595.0	1838.71923828125
2493.0	1594.0	1829.591796875
2474.0	1585.0	1857.064697265625
2474.0	1582.0	1851.2159423828125
2454.0	1569.0	1879.9185791015625
2446.0	1571.0	1887.504150390625
2432.0	1557.0	1905.6312255859375
2415.0	1557.0	1928.8658447265625
2405.0	1558.0	1939.3753662109375
2395.0	1542.0	1949.785400390625
2366.0	1545.0	1993.154541015625
2368.0	1550.0	1981.8095703125
2336.0	1532.0	2030.0068359375
2336.0	1530.0	2021.74169921875
2327.0	1531.0	2029.3045654296875
2308.0	1533.0	2054.109375
2301.0	1529.0	2057.9296875
2280.0	1532.0	2086.161865234375
2273.0	1531.0	2089.579345703125
2247.0	1532.0	2126.236083984375
2240.0	1534.0	2129.489501953125
2220.0	1533.0	2155.666015625
2223.0	1537.0	2141.090576171875
2213.0	1533.0	2149.442626953125
2191.0	1545.0	2178.36669921875
2182.0	1546.0	2184.718994140625
2162.0	1559.0	2210.222900390625
2153.0	1560.0	2216.4599609375
2133.0	1568.0	2242.0166015625
2112.0	1568.0	2268.86474609375
2105.0	1583.0	2271.00927734375
2103.0	1580.0	2264.635009765625
2094.0	1583.0	2270.626708984375
2076.0	1594.0	2292.26123046875
2065.0	1592.0	2301.690185546875
2057.0	1602.0	2305.877685546875
2036.0	1619.0	2332.7373046875
2026.0	1631.0	2340.40234375
2017.0	1632.0	2346.450439453125
2018.0	1630.0	2335.110107421875
1988.0	1656.0	2378.05517578125
1989.0	1656.0	2366.455810546875
1979.0	1670.0	2374.2919921875
1969.0	1682.0	2382.311279296875
1959.0	1700.0	2390.4482421875
1949.0	1708.0	2398.784912109375
1939.0	1719.0	2407.140380859375
1930.0	1731.0	2413.842041015625
1922.0	1748.0	2418.8828125
1922.0	1748.0	2410.070068359375
1891.0	1770.0	2455.2041015625
1891.0	1772.0	2446.035400390625
1883.0	1797.0	2451.0263671875
1871.0	1812.0	2463.12109375
1873.0	1822.0	2451.038330078125
1862.0	1839.0	2462.10009765625
1853.0	1861.0	2469.567626953125
1845.0	1874.0	2475.312255859375
1843.0	1887.0	2470.724853515625
1843.0	1887.0	2463.078369140625
1835.0	1898.0	2469.466552734375
1825.0	1940.0	2479.700927734375
1824.0	1939.0	2474.16455078125
1825.0	1950.0	2465.505126953125
1823.0	1977.0	2462.452880859375
1817.0	1989.0	2466.670654296875
1816.0	2014.0	2462.1240234375
1815.0	2028.0	2457.9482421875
1807.0	2054.0	2466.232666015625
1805.0	2054.0	2463.995361328125
1809.0	2065.0	2451.49560546875
1809.0	2093.0	2446.341552734375
1806.0	2103.0	2446.74755859375
1805.0	2117.0	2443.869384765625
1804.0	2145.0	2441.21875
1805.0	2158.0	2435.35107421875
1817.0	2173.0	2410.462646484375
1817.0	2170.0	2407.17333984375
1816.0	2211.0	2405.8212890625
1817.0	2209.0	2401.107421875
1815.0	2228.0	2401.828125
1825.0	2246.0	2381.998046875
1827.0	2262.0	2376.370361328125
1824.0	2285.0	2379.64404296875
1834.0	2300.0	2360.4287109375
1833.0	2313.0	2360.8173828125
1844.0	2341.0	2340.287109375
1845.0	2352.0	2337.701171875
1853.0	2366.0	2322.93212890625
1866.0	2380.0	2299.833251953125
1863.0	2379.0	2305.208740234375
1871.0	2406.0	2291.6337890625
1873.0	2419.0	2288.662353515625
1883.0	2436.0	2271.771484375
1892.0	2442.0	2257.110107421875
1911.0	2457.0	2225.322998046875
1921.0	2471.0	2209.928466796875
1922.0	2469.0	2210.490478515625
1933.0	2481.0	2193.839111328125
1940.0	2493.0	2184.363525390625
1951.0	2507.0	2168.23388671875
1957.0	2519.0	2161.083251953125
1967.0	2536.0	2147.06494140625
1988.0	2547.0	2114.04296875
2002.0	2561.0	2093.7509765625
2008.0	2574.0	2087.7255859375
2014.0	2584.0	2081.844970703125
2019.0	2588.0	2077.8056640625
2026.0	2583.0	2070.392822265625
2045.0	2598.0	2042.3695068359375
2056.0	2617.0	2028.63818359375
2065.0	2610.0	2018.5458984375
2085.0	2613.0	1989.5238037109375
2095.0	2626.0	1978.1773681640625
2106.0	2627.0	1965.065673828125
2106.0	2628.0	1971.33447265625
2144.0	2640.0	1911.6168212890625
2140.0	2640.0	1925.887939453125
2152.0	2651.0	1912.1080322265625
2172.0	2659.0	1884.5545654296875
2182.0	2650.0	1874.6796875
2202.0	2651.0	1847.291259765625
2211.0	2654.0	1839.621337890625
2229.0	2652.0	1816.214111328125
2240.0	2654.0	1805.281494140625
2238.0	2653.0	1817.072265625
2271.0	2651.0	1767.6025390625
2271.0	2652.0	1776.310546875
2276.0	2652.0	1776.1812744140625
2298.0	2654.0	1746.4266357421875
2307.0	2650.0	1739.491455078125
2318.0	2652.0	1728.904296875
2335.0	2638.0	1708.1744384765625
2347.0	2640.0	1696.1683349609375
2363.0	2629.0	1677.0819091796875
2353.0	2627.0	1703.8662109375
2389.0	2629.0	1650.3551025390625
2395.0	2627.0	1649.2418212890625
2405.0	2616.0	1641.22314453125
2433.0	2598.0	1601.7047119140625
2434.0	2600.0	1609.4990234375
2444.0	2589.0	1601.3275146484375
2463.0	2575.0	1577.3035888671875
2482.0	2571.0	1553.8087158203125
2514.0	2561.0	1507.8946533203125
2511.0	2561.0	1523.8123779296875
2533.0	2548.0	1496.11083984375
2553.0	2536.0	1472.098876953125
2569.0	2521.0	1454.9598388671875
2571.0	2508.0	1462.2392578125
2570.0	2495.0	1474.5947265625
2600.0	2481.0	1432.5013427734375
2612.0	2473.0	1422.06982421875
2610.0	2469.0	1435.967041015625
2628.0	2441.0	1414.69287109375
2635.0	2443.0	1412.595703125
2649.0	2417.0	1398.4820556640625
2659.0	2405.0	1391.25390625
2671.0	2392.0	1380.310302734375
2677.0	2382.0	1379.6644287109375
2691.0	2365.0	1365.022216796875
2700.0	2343.0	1358.931884765625
2707.0	2328.0	1356.2252197265625
2709.0	2329.0	1362.10595703125
2720.0	2286.0	1352.1182861328125
2718.0	2287.0	1364.432861328125
2726.0	2274.0	1358.7938232421875
2729.0	2248.0	1361.7767333984375
2729.0	2236.0	1369.7301025390625
2738.0	2209.0	1361.5987548828125
2747.0	2203.0	1353.6162109375
2756.0	2171.0	1345.4945068359375
2767.0	2157.0	1333.849853515625
2766.0	2156.0	1343.19287109375
2769.0	2130.0	1345.1146240234375
2765.0	2117.0	1358.90966796875
2770.0	2094.0	1356.58837890625
2765.0	2082.0	1371.4393310546875
2768.0	2053.0	1371.9681396484375
2767.0	2025.0	1379.2032470703125
2766.0	2002.0	1386.1036376953125
2766.0	1988.0	1391.0169677734375
2763.0	1963.0	1400.92529296875
2768.0	1963.0	1396.5299072265625
2766.0	1952.0	1404.2020263671875
2765.0	1925.0	1409.918212890625
2766.0	1909.0	1411.8768310546875
2761.0	1888.0	1423.89306640625
2757.0	1872.0	1433.845947265625
2757.0	1858.0	1436.6290283203125
2746.0	1833.0	1458.4923095703125
2748.0	1832.0	1457.049560546875
2732.0	1796.0	1486.92578125
2737.0	1796.0	1479.58203125
2739.0	1782.0	1477.4229736328125
2729.0	1759.0	1495.9105224609375
2727.0	1742.0	1500.2012939453125
2717.0	1732.0	1518.167236328125
2708.0	1710.0	1533.9735107421875
2707.0	1695.0	1535.570068359375
2699.0	1682.0	1549.3634033203125
2697.0	1682.0	1552.3309326171875
2679.0	1657.0	1582.8572998046875
2681.0	1658.0	1578.0394287109375
2669.0	1631.0	1597.40185546875
2663.0	1617.0	1606.008544921875
2648.0	1605.0	1630.1246337890625
2641.0	1593.0	1640.0118408203125
2633.0	1582.0	1651.285888671875
2620.0	1570.0	1671.0650634765625
2611.0	1565.0	1683.6177978515625
2613.0	1568.0	1676.7252197265625
2590.0	1555.0	1713.053955078125
2581.0	1530.0	1724.6004638671875
2573.0	1532.0	1734.1954345703125
2563.0	1519.0	1747.13525390625
2552.0	1509.0	1761.697021484375
2531.0	1499.0	1793.6475830078125
2524.0	1496.0	1800.5123291015625
2514.0	1483.0	1812.519287109375
2494.0	1484.0	1841.8939208984375
2493.0	1484.0	1837.5791015625
2481.0	1475.0	1852.4722900390625
2475.0	1471.0	1856.8516845703125
2455.0	1485.0	1885.406005859375
2446.0	1473.0	1894.3848876953125
2428.0	1458.0	1918.8348388671875
2414.0	1458.0	1936.194580078125
2395.0	1457.0	1962.277099609375
2395.0	1459.0	1954.6708984375
2358.0	1457.0	2011.34228515625
2358.0	1454.0	2002.871826171875
2349.0	1460.0	2010.2193603515625
2329.0	1456.0	2036.6807861328125
2320.0	1459.0	2043.8153076171875
2297.0	1460.0	2075.04345703125
2290.0	1455.0	2078.31787109375
2269.0	1459.0	2106.014404296875
2249.0	1467.0	2131.8876953125
2249.0	1470.0	2122.39453125
2228.0	1470.0	2149.7451171875
2209.0	1482.0	2173.314697265625
2210.0	1482.0	2161.8896484375
2187.0	1481.0	2192.4287109375
2183.0	1495.0	2189.702392578125
2161.0	1495.0	2218.575439453125
2152.0	1507.0	2224.32861328125
2134.0	1517.0	2245.949951171875
2115.0	1530.0	2269.164794921875
2113.0	1534.0	2262.373046875
2109.0	1544.0	2259.233154296875
2087.0	1557.0	2287.584228515625
2077.0	1558.0	2294.729736328125
2055.0	1570.0	2322.862548828125
2045.0	1580.0	2330.00732421875
2036.0	1594.0	2335.639404296875
2017.0	1601.0	2358.89404296875
2006.0	1621.0	2367.817138671875
1997.0	1632.0	2373.40576171875
1998.0	1630.0	2361.669189453125
1988.0	1656.0	2369.324951171875
1966.0	1668.0	2397.91357421875
1960.0	1680.0	2398.511474609375
1953.0	1695.0	2400.865478515625
1940.0	1709.0	2413.91748046875
1928.0	1731.0	2425.46044921875
1920.0	1744.0	2430.078369140625
1918.0	1744.0	2424.306640625
1891.0	1782.0	2461.982177734375
1893.0	1783.0	2448.934326171875
1885.0	1795.0	2453.571044921875
1873.0	1824.0	2465.413330078125
1862.0	1837.0	2475.550537109375
1855.0	1849.0	2478.686279296875
1857.0	1871.0	2466.437255859375
1844.0	1886.0	2480.806396484375
1832.0	1912.0	2493.45361328125
1836.0	1914.0	2478.19287109375
1836.0	1948.0	2470.0166015625
1824.0	1950.0	2483.24267578125
1824.0	1967.0	2475.84033203125
1815.0	1986.0	2484.35595703125
1818.0	2016.0	2472.093505859375
1807.0	2038.0	2484.627685546875
1805.0	2062.0	2481.363037109375
1798.0	2081.0	2487.12548828125
1796.0	2090.0	2484.21044921875
1796.0	2094.0	2478.117919921875
1799.0	2119.0	2467.093994140625
1794.0	2133.0	2470.4072265625
1797.0	2157.0	2459.9873046875
1797.0	2172.0	2455.122802734375
1797.0	2195.0	2450.494384765625
1799.0	2210.0	2442.591552734375
1798.0	2208.0	2440.210205078125
1798.0	2248.0	2436.302001953125
1797.0	2277.0	2434.314453125
1795.0	2274.0	2434.330078125
1806.0	2301.0	2412.092529296875
1806.0	2319.0	2409.312255859375
1806.0	2338.0	2406.679931640625
1817.0	2355.0	2385.208740234375
1817.0	2364.0	2383.26953125
1826.0	2390.0	2365.8193359375
1825.0	2404.0	2366.2734375
1826.0	2403.0	2363.232666015625
1836.0	2431.0	2344.873046875
1837.0	2430.0	2342.378173828125
1844.0	2455.0	2329.771484375
1854.0	2470.0	2312.333251953125
1862.0	2484.0	2298.7294921875
1863.0	2498.0	2297.496337890625
1872.0	2524.0	2282.504150390625
1883.0	2535.0	2264.281982421875
1902.0	2555.0	2232.50732421875
1902.0	2548.0	2234.591796875
1921.0	2574.0	2203.7470703125
1920.0	2573.0	2208.199951171875
1930.0	2586.0	2193.57470703125
1951.0	2600.0	2160.23095703125
1958.0	2615.0	2151.699951171875
1969.0	2625.0	2136.2392578125
1977.0	2626.0	2126.333251953125
1988.0	2641.0	2111.311279296875
2008.0	2650.0	2080.72265625
2009.0	2650.0	2083.889892578125
2019.0	2652.0	2071.414794921875
2027.0	2666.0	2062.554443359375
2035.0	2678.0	2053.88720703125
2056.0	2678.0	2022.9178466796875
2069.0	2694.0	2006.0291748046875
2075.0	2691.0	2001.4840087890625
2094.0	2692.0	1974.1715087890625
2104.0	2691.0	1963.25390625
2124.0	2721.0	1934.841552734375
2124.0	2705.0	1941.85888671875
2132.0	2707.0	1934.8895263671875
2153.0	2705.0	1905.4580078125
2162.0	2706.0	1897.100341796875
2191.0	2705.0	1854.1707763671875
2200.0	2707.0	1846.4886474609375
2210.0	2707.0	1837.2113037109375
2222.0	2705.0	1824.255859375
2239.0	2707.0	1802.87353515625
2250.0	2706.0	1792.0936279296875
2269.0	2704.0	1767.24267578125
2272.0	2705.0	1770.8587646484375
2278.0	2691.0	1769.0948486328125
2287.0	2692.0	1762.0076904296875
2310.0	2692.0	1730.6282958984375
2315.0	2682.0	1730.853271484375
2337.0	2679.0	1701.2476806640625
2348.0	2662.0	1691.1519775390625
2347.0	2664.0	1701.9364013671875
2375.0	2654.0	1661.9454345703125
2376.0	2654.0	1669.52099609375
2396.0	2638.0	1644.080322265625
2411.0	2628.0	1627.3900146484375
2415.0	2627.0	1629.7279052734375
2422.0	2610.0	1626.658935546875
2436.0	2600.0	1611.3995361328125
2444.0	2594.0	1606.4599609375
2464.0	2575.0	1580.4718017578125
2464.0	2573.0	1589.7603759765625
2483.0	2562.0	1566.0216064453125
2503.0	2549.0	1540.8067626953125
2536.0	2523.0	1493.6295166015625
2541.0	2508.0	1495.4453125
2560.0	2494.0	1472.6480712890625
2570.0	2482.0	1465.6705322265625
2581.0	2472.0	1456.7552490234375
2590.0	2447.0	1451.2322998046875
2601.0	2430.0	1442.0908203125
2601.0	2432.0	1452.0040283203125
2611.0	2415.0	1444.292236328125
2620.0	2393.0	1438.164306640625
2639.0	2378.0	1414.8870849609375
2663.0	2368.0	1382.7169189453125
2651.0	2341.0	1413.222412109375
2659.0	2323.0	1408.30810546875
2669.0	2301.0	1399.76806640625
2668.0	2271.0	1410.380859375
2669.0	2262.0	1417.047607421875
2668.0	2262.0	1426.76025390625
2679.0	2235.0	1415.4227294921875
2679.0	2221.0	1423.018798828125
2693.0	2196.0	1405.8944091796875
2698.0	2182.0	1404.6517333984375
2707.0	2157.0	1396.3939208984375
2711.0	2132.0	1396.6383056640625
2699.0	2124.0	1424.613037109375
2721.0	2116.0	1392.96533203125
2738.0	2066.0	1370.2276611328125
2738.0	2069.0	1377.23974609375
2738.0	2040.0	1383.9456787109375
2739.0	2023.0	1388.4874267578125
2745.0	2003.0	1384.262939453125
2747.0	1982.0	1386.8448486328125
2748.0	1949.0	1390.8653564453125
2747.0	1936.0	1398.06982421875
2750.0	1912.0	1397.97216796875
2747.0	1884.0	1408.13427734375
2748.0	1881.0	1411.0250244140625
2746.0	1875.0	1418.915771484375
2746.0	1852.0	1423.0416259765625
2747.0	1833.0	1425.220703125
2746.0	1809.0	1430.72216796875
2746.0	1784.0	1434.113037109375
2738.0	1770.0	1451.0596923828125
2737.0	1746.0	1455.5809326171875
2737.0	1732.0	1458.193603515625
2740.0	1730.0	1455.4105224609375
2727.0	1709.0	1480.110107421875
2730.0	1696.0	1476.6468505859375
2718.0	1681.0	1499.03076171875
2720.0	1657.0	1496.742919921875
2708.0	1644.0	1518.6846923828125
2708.0	1620.0	1519.334228515625
2698.0	1606.0	1537.4049072265625
2695.0	1593.0	1542.8511962890625
2688.0	1581.0	1555.1683349609375
2687.0	1587.0	1556.6427001953125
2681.0	1557.0	1566.5501708984375
2668.0	1546.0	1588.347900390625
2672.0	1532.0	1580.3056640625
2660.0	1518.0	1600.024169921875
2648.0	1496.0	1619.5015869140625
2641.0	1495.0	1629.94287109375
2620.0	1484.0	1664.5521240234375
2625.0	1484.0	1653.0478515625
2599.0	1462.0	1695.5125732421875
2600.0	1465.0	1690.4178466796875
2591.0	1447.0	1702.6475830078125
2580.0	1434.0	1718.1749267578125
2579.0	1435.0	1716.076416015625
2563.0	1422.0	1740.1099853515625
2543.0	1423.0	1770.599853515625
2533.0	1411.0	1783.318359375
2523.0	1410.0	1795.9007568359375
2527.0	1412.0	1783.850830078125
2514.0	1399.0	1801.4852294921875
2494.0	1396.0	1830.91015625
2482.0	1397.0	1846.0531005859375
2473.0	1398.0	1855.943115234375
2459.0	1386.0	1874.28955078125
2445.0	1386.0	1892.443603515625
2433.0	1397.0	1906.8560791015625
2414.0	1386.0	1933.4022216796875
2405.0	1384.0	1942.1387939453125
2408.0	1383.0	1929.8848876953125
2386.0	1384.0	1961.056396484375
2366.0	1401.0	1988.2945556640625
2358.0	1397.0	1994.384033203125
2337.0	1398.0	2022.8988037109375
2328.0	1399.0	2030.49609375
2308.0	1409.0	2057.218017578125
2298.0	1411.0	2066.34130859375
2278.0	1421.0	2092.619384765625
2269.0	1422.0	2099.54736328125
2248.0	1435.0	2127.633544921875
2249.0	1433.0	2116.714111328125
2241.0	1432.0	2121.75732421875
2221.0	1448.0	2147.806396484375
2209.0	1463.0	2159.530517578125
2193.0	1458.0	2178.099609375
2183.0	1472.0	2186.155517578125
2163.0	1485.0	2211.934814453125
2155.0	1495.0	2216.362060546875
2132.0	1510.0	2246.99072265625
2134.0	1510.0	2233.6533203125
2113.0	1523.0	2260.348876953125
2107.0	1544.0	2260.8935546875
2097.0	1557.0	2268.699951171875
2074.0	1569.0	2299.306884765625
2065.0	1581.0	2305.050537109375
2060.0	1607.0	2303.95947265625
2035.0	1620.0	2337.961669921875
2036.0	1621.0	2326.26318359375
2025.0	1632.0	2335.714599609375
2008.0	1654.0	2355.537841796875
1998.0	1671.0	2363.034423828125
1988.0	1682.0	2370.750732421875
1977.0	1705.0	2380.36083984375
1969.0	1719.0	2384.895263671875
1963.0	1746.0	2385.892822265625
1950.0	1770.0	2399.357177734375
1942.0	1778.0	2404.174072265625
1940.0	1785.0	2398.607177734375
1921.0	1808.0	2422.56787109375
1912.0	1823.0	2429.078369140625
1902.0	1847.0	2437.337646484375
1892.0	1874.0	2445.760986328125
1883.0	1885.0	2452.546630859375
1875.0	1911.0	2457.689697265625
1862.0	1938.0	2471.7392578125
1862.0	1951.0	2463.09130859375
1854.0	1977.0	2468.861328125
1863.0	1976.0	2445.007568359375
1844.0	2002.0	2470.17236328125
1839.0	2030.0	2471.212158203125
1835.0	2055.0	2470.66259765625
1836.0	2086.0	2461.60302734375
1825.0	2093.0	2473.68505859375
1825.0	2120.0	2466.68994140625
1824.0	2147.0	2461.843505859375
1827.0	2143.0	2450.3349609375
1817.0	2184.0	2461.5859375
1815.0	2183.0	2459.1005859375
1816.0	2209.0	2451.681884765625
1818.0	2236.0	2442.817138671875
1808.0	2247.0	2455.042236328125
1806.0	2273.0	2453.312744140625
1804.0	2299.0	2451.813232421875
1815.0	2325.0	2428.0205078125
1816.0	2338.0	2422.23486328125
1816.0	2367.0	2418.453369140625
1814.0	2396.0	2418.328125
1817.0	2403.0	2409.63720703125
1816.0	2405.0	2408.14306640625
1814.0	2431.0	2408.5869140625
1825.0	2443.0	2386.63037109375
1826.0	2471.0	2382.535400390625
1825.0	2481.0	2382.069580078125
1837.0	2495.0	2359.105224609375
1835.0	2522.0	2361.05029296875
1844.0	2550.0	2343.783935546875
1845.0	2548.0	2340.996337890625
1855.0	2561.0	2322.808837890625
1854.0	2574.0	2324.0908203125
1863.0	2587.0	2308.13671875
1872.0	2614.0	2292.59765625
1874.0	2627.0	2289.479248046875
1885.0	2638.0	2270.68505859375
1903.0	2654.0	2240.19921875
1913.0	2670.0	2224.3271484375
1911.0	2667.0	2229.7119140625
1921.0	2675.0	2214.37841796875
1929.0	2691.0	2202.81787109375
1941.0	2692.0	2184.435302734375
1950.0	2704.0	2171.68701171875
1967.0	2718.0	2145.3095703125
1981.0	2730.0	2124.520751953125
1989.0	2732.0	2114.415283203125
1988.0	2724.0	2120.197265625
2007.0	2757.0	2091.185546875
2009.0	2757.0	2092.1708984375
2020.0	2756.0	2077.5224609375
2035.0	2755.0	2056.286376953125
2046.0	2771.0	2042.3289794921875
2057.0	2769.0	2028.354248046875
2077.0	2786.0	1999.044677734375
2086.0	2783.0	1989.2900390625
2094.0	2782.0	1981.2608642578125
2117.0	2784.0	1947.017578125
2127.0	2783.0	1936.208740234375
2126.0	2783.0	1944.666259765625
2143.0	2782.0	1921.989990234375
2151.0	2779.0	1915.1156005859375
2172.0	2784.0	1885.64501953125
2181.0	2782.0	1877.303955078125
2201.0	2786.0	1850.139404296875
2212.0	2772.0	1838.81689453125
2234.0	2771.0	1808.223876953125
2229.0	2771.0	1825.224365234375
2238.0	2772.0	1817.6478271484375
2258.0	2759.0	1791.0318603515625
2269.0	2755.0	1780.3594970703125
2293.0	2743.0	1747.1263427734375
2300.0	2744.0	1743.725830078125
2301.0	2730.0	1750.643798828125
2330.0	2718.0	1708.47412109375
2337.0	2717.0	1705.284423828125
2358.0	2705.0	1677.509765625
2379.0	2711.0	1649.950439453125
2368.0	2692.0	1678.4261474609375
2387.0	2680.0	1654.525146484375
2396.0	2665.0	1648.0584716796875
2413.0	2654.0	1627.871826171875
2427.0	2639.0	1612.9417724609375
2433.0	2628.0	1611.88037109375
2444.0	2620.0	1601.8624267578125
2460.0	2599.0	1582.9571533203125
2486.0	2581.0	1547.1279296875
2484.0	2588.0	1560.528076171875
2503.0	2561.0	1537.4063720703125
2521.0	2548.0	1516.2152099609375
2542.0	2522.0	1489.9136962890625
2564.0	2508.0	1461.9124755859375
2573.0	2481.0	1456.9617919921875
2580.0	2471.0	1455.288818359375
2591.0	2444.0	1446.4114990234375
2592.0	2441.0	1454.8594970703125
2610.0	2404.0	1433.427734375
2610.0	2403.0	1443.4051513671875
2621.0	2391.0	1433.9912109375
2631.0	2365.0	1426.1868896484375
2654.0	2339.0	1395.39208984375
2651.0	2327.0	1410.0631103515625
2651.0	2303.0	1419.1866455078125
2659.0	2273.0	1414.0130615234375
2668.0	2246.0	1406.9229736328125
2669.0	2224.0	1413.7745361328125
2668.0	2221.0	1423.613525390625
2689.0	2185.0	1394.8577880859375
2691.0	2184.0	1399.4837646484375
2697.0	2154.0	1397.00341796875
2709.0	2131.0	1383.952880859375
2717.0	2114.0	1377.8175048828125
2718.0	2092.0	1383.8109130859375
2727.0	2068.0	1375.5111083984375
2739.0	2039.0	1361.9368896484375
2740.0	2040.0	1367.5845947265625
2738.0	2013.0	1378.1307373046875
2747.0	1989.0	1369.3172607421875
2746.0	1975.0	1377.749267578125
2748.0	1939.0	1380.6029052734375
2756.0	1923.0	1372.8466796875
2760.0	1898.0	1371.967529296875
2757.0	1874.0	1382.9481201171875
2757.0	1877.0	1388.4691162109375
2756.0	1833.0	1395.4212646484375
2756.0	1832.0	1400.34716796875
2756.0	1808.0	1405.012451171875
2758.0	1783.0	1405.9000244140625
2756.0	1752.0	1413.5926513671875
2760.0	1745.0	1410.552001953125
2747.0	1724.0	1436.802978515625
2746.0	1708.0	1441.682373046875
2746.0	1681.0	1444.5594482421875
2745.0	1688.0	1449.11279296875
2738.0	1645.0	1463.6556396484375
2739.0	1655.0	1464.0279541015625
2737.0	1633.0	1469.53369140625
2729.0	1606.0	1485.0968017578125
2722.0	1593.0	1498.7353515625
2719.0	1569.0	1505.120361328125
2707.0	1557.0	1526.7532958984375
2709.0	1532.0	1523.6072998046875
2699.0	1518.0	1541.3887939453125
2698.0	1523.0	1543.0465087890625
2687.0	1508.0	1561.7840576171875
2680.0	1480.0	1573.49169921875
2681.0	1483.0	1570.8416748046875
2669.0	1471.0	1590.67578125
2660.0	1457.0	1604.9498291015625
2648.0	1445.0	1624.23681640625
2641.0	1435.0	1634.50634765625
2633.0	1422.0	1646.11865234375
2620.0	1424.0	1666.293212890625
2619.0	1428.0	1665.1611328125
2610.0	1411.0	1677.8289794921875
2602.0	1396.0	1688.6810302734375
2589.0	1397.0	1707.955322265625
2574.0	1384.0	1730.17333984375
2560.0	1382.0	1750.3045654296875
2553.0	1375.0	1758.1058349609375
2542.0	1373.0	1772.8179931640625
2539.0	1377.0	1773.366455078125
2513.0	1375.0	1813.909423828125
2513.0	1374.0	1808.386474609375
2502.0	1363.0	1822.0201416015625
2494.0	1360.0	1830.392333984375
2474.0	1356.0	1859.4403076171875
2464.0	1362.0	1870.6451416015625
2456.0	1360.0	1878.29248046875
2436.0	1361.0	1906.901611328125
2424.0	1364.0	1921.0706787109375
2425.0	1363.0	1912.53662109375
2385.0	1373.0	1975.2073974609375
2387.0	1374.0	1963.937255859375
2377.0	1374.0	1973.6787109375
2356.0	1374.0	2002.4510498046875
2336.0	1385.0	2029.1824951171875
2328.0	1398.0	2034.80712890625
2307.0	1399.0	2062.89404296875
2299.0	1409.0	2068.1611328125
2282.0	1409.0	2089.196044921875
2275.0	1408.0	2092.482421875
2270.0	1421.0	2092.37744140625
2251.0	1438.0	2116.580078125
2240.0	1447.0	2126.639892578125
2220.0	1445.0	2152.275146484375
2210.0	1456.0	2160.395263671875
2191.0	1471.0	2184.34423828125
2170.0	1483.0	2211.525634765625
2163.0	1494.0	2213.87744140625
2143.0	1520.0	2239.0625
2146.0	1520.0	2223.80029296875
2133.0	1533.0	2236.69140625
2115.0	1547.0	2258.244873046875
2106.0	1569.0	2264.047607421875
2098.0	1580.0	2267.849853515625
2075.0	1594.0	2297.98486328125
2058.0	1625.0	2317.6171875
2046.0	1632.0	2328.4765625
2046.0	1629.0	2318.422119140625
2018.0	1669.0	2357.41357421875
2015.0	1668.0	2352.441650390625
2008.0	1693.0	2354.5634765625
1997.0	1707.0	2363.96142578125
1988.0	1733.0	2369.7275390625
1967.0	1744.0	2396.360595703125
1957.0	1769.0	2403.945068359375
1953.0	1797.0	2401.19677734375
1942.0	1826.0	2410.89892578125
1940.0	1823.0	2404.98828125
1912.0	1860.0	2444.569580078125
1911.0	1859.0	2436.62939453125
1902.0	1885.0	2442.851806640625
1891.0	1897.0	2452.687255859375
1873.0	1926.0	2474.748046875
1873.0	1952.0	2465.365966796875
1865.0	1962.0	2470.30126953125
1866.0	1989.0	2459.5869140625
1843.0	2016.0	2491.092041015625
1843.0	2013.0	2482.361572265625
1837.0	2041.0	2484.23095703125
1826.0	2087.0	2495.353271484375
1826.0	2093.0	2487.1171875
1824.0	2115.0	2482.824951171875
1816.0	2146.0	2489.255615234375
1816.0	2160.0	2481.88818359375
1805.0	2183.0	2494.140380859375
1807.0	2209.0	2483.618896484375
1807.0	2235.0	2476.945068359375
1806.0	2234.0	2472.398681640625
1796.0	2248.0	2483.568115234375
1798.0	2274.0	2473.999755859375
1797.0	2300.0	2470.06201171875
1800.0	2328.0	2459.4267578125
1787.0	2337.0	2476.778076171875
1786.0	2366.0	2473.234619140625
1786.0	2379.0	2468.2333984375
1785.0	2378.0	2465.259033203125
1796.0	2418.0	2441.5830078125
1799.0	2416.0	2432.528564453125
1796.0	2442.0	2434.185546875
1797.0	2474.0	2429.09130859375
1797.0	2482.0	2425.83935546875
1805.0	2512.0	2409.037841796875
1806.0	2521.0	2404.74853515625
1806.0	2545.0	2402.3388671875
1815.0	2562.0	2384.330810546875
1817.0	2590.0	2379.115966796875
1825.0	2599.0	2363.509765625
1826.0	2615.0	2360.626708984375
1822.0	2613.0	2366.552734375
1835.0	2626.0	2343.072021484375
1844.0	2643.0	2327.00244140625
1843.0	2653.0	2328.63427734375
1854.0	2666.0	2309.44921875
1862.0	2679.0	2295.9326171875
1874.0	2693.0	2275.60986328125
1883.0	2704.0	2260.9912109375
1885.0	2705.0	2258.977294921875
1911.0	2737.0	2215.117431640625
1913.0	2731.0	2214.1904296875
1922.0	2729.0	2201.171875
1930.0	2745.0	2190.124755859375
1942.0	2759.0	2172.221923828125
1949.0	2761.0	2163.229736328125
1962.0	2773.0	2144.077880859375
1968.0	2769.0	2137.321533203125
1988.0	2784.0	2106.21533203125
1989.0	2782.0	2109.05712890625
2001.0	2785.0	2092.696533203125
2007.0	2797.0	2086.984619140625
2017.0	2792.0	2074.4716796875
2037.0	2797.0	2044.7916259765625
2048.0	2796.0	2031.06884765625
2057.0	2796.0	2020.9539794921875
2075.0	2796.0	1995.3580322265625
2083.0	2794.0	1987.6322021484375
2085.0	2797.0	1990.471435546875
2106.0	2796.0	1960.46533203125
2114.0	2796.0	1953.2384033203125
2132.0	2784.0	1928.775634765625
2155.0	2783.0	1896.1024169921875
2163.0	2770.0	1889.852783203125
2181.0	2764.0	1866.142333984375
2191.0	2773.0	1856.6334228515625
2200.0	2758.0	1848.7711181640625
2221.0	2756.0	1820.1170654296875
2220.0	2758.0	1830.2550048828125
2229.0	2744.0	1822.840087890625
2248.0	2732.0	1798.0435791015625
2260.0	2724.0	1785.6256103515625
2279.0	2717.0	1760.8955078125
2289.0	2705.0	1752.36376953125
2309.0	2692.0	1726.2322998046875
2319.0	2677.0	1717.8831787109375
2321.0	2679.0	1723.3936767578125
2335.0	2665.0	1708.207275390625
2346.0	2646.0	1698.1790771484375
2369.0	2640.0	1667.524169921875
2376.0	2624.0	1664.771728515625
2395.0	2616.0	1641.0308837890625
2407.0	2600.0	1629.654541015625
2415.0	2574.0	1625.098388671875
2434.0	2561.0	1601.461181640625
2443.0	2545.0	1595.377197265625
2454.0	2521.0	1585.6805419921875
2455.0	2523.0	1593.4635009765625
2464.0	2496.0	1586.986083984375
2486.0	2482.0	1557.861083984375
2505.0	2456.0	1534.44970703125
2516.0	2443.0	1525.0911865234375
2535.0	2420.0	1501.62158203125
2543.0	2404.0	1497.6275634765625
2559.0	2382.0	1479.6072998046875
2573.0	2364.0	1465.2449951171875
2572.0	2370.0	1477.020751953125
2582.0	2338.0	1469.3426513671875
2592.0	2313.0	1461.554443359375
2601.0	2289.0	1455.31689453125
2610.0	2262.0	1449.115966796875
2630.0	2248.0	1423.66748046875
2640.0	2222.0	1415.855224609375
2647.0	2195.0	1413.1268310546875
2650.0	2197.0	1417.2352294921875
2681.0	2139.0	1372.6239013671875
2680.0	2145.0	1384.0577392578125
2689.0	2132.0	1377.839599609375
2701.0	2104.0	1366.2303466796875
2709.0	2080.0	1361.4454345703125
2718.0	2051.0	1354.7965087890625
2727.0	2028.0	1348.109375
2739.0	2003.0	1336.0953369140625
2736.0	1975.0	1350.16015625
2748.0	1949.0	1337.4639892578125
2747.0	1952.0	1347.4962158203125
2758.0	1899.0	1336.422607421875
2757.0	1892.0	1346.0594482421875
2756.0	1884.0	1355.2640380859375
2765.0	1860.0	1346.7984619140625
2764.0	1832.0	1355.6746826171875
2766.0	1809.0	1358.8642578125
2777.0	1796.0	1346.093505859375
2777.0	1773.0	1352.5689697265625
2777.0	1743.0	1358.6783447265625
2777.0	1745.0	1364.472900390625
2776.0	1708.0	1371.6900634765625
2776.0	1705.0	1376.8809814453125
2776.0	1681.0	1381.80908203125
2778.0	1666.0	1382.966552734375
2781.0	1643.0	1382.103271484375
2777.0	1629.0	1393.2982177734375
2766.0	1603.0	1416.3985595703125
2765.0	1594.0	1421.4381103515625
2769.0	1592.0	1417.5828857421875
2766.0	1567.0	1425.782958984375
2757.0	1556.0	1444.029296875
2755.0	1531.0	1449.7833251953125
2757.0	1520.0	1448.402099609375
2748.0	1507.0	1465.9803466796875
2747.0	1489.0	1469.208251953125
2737.0	1470.0	1488.05517578125
2737.0	1469.0	1488.982177734375
2726.0	1446.0	1508.7381591796875
2719.0	1434.0	1521.409423828125
2718.0	1434.0	1523.1192626953125
2707.0	1433.0	1542.04541015625
2699.0	1421.0	1555.341552734375
2687.0	1406.0	1575.3643798828125
2679.0	1398.0	1587.92919921875
2670.0	1395.0	1601.9742431640625
2668.0	1383.0	1603.5269775390625
2668.0	1383.0	1601.705078125
2658.0	1371.0	1617.067626953125
2653.0	1373.0	1623.4830322265625
2630.0	1371.0	1660.5877685546875
2619.0	1365.0	1676.456787109375
2612.0	1363.0	1685.167724609375
2592.0	1361.0	1716.361572265625
2581.0	1352.0	1731.3544921875
2573.0	1350.0	1740.840087890625
2561.0	1348.0	1757.18212890625
2544.0	1350.0	1782.1939697265625
2544.0	1349.0	1776.8021240234375
2523.0	1351.0	1808.1689453125
2522.0	1351.0	1804.255859375
2503.0	1362.0	1831.5621337890625
2494.0	1364.0	1841.151611328125
2476.0	1363.0	1866.34228515625
2466.0	1361.0	1877.27001953125
2445.0	1372.0	1907.1326904296875
2435.0	1373.0	1917.3875732421875
2426.0	1373.0	1925.92724609375
2426.0	1376.0	1918.6790771484375
2404.0	1370.0	1949.7950439453125
2389.0	1394.0	1968.2528076171875
2366.0	1397.0	2000.2049560546875
2347.0	1422.0	2024.7894287109375
2336.0	1421.0	2035.325927734375
2319.0	1433.0	2056.3671875
2318.0	1435.0	2049.086669921875
2290.0	1458.0	2089.111083984375
2288.0	1453.0	2083.364990234375
2268.0	1459.0	2108.7744140625
2259.0	1471.0	2115.055908203125
2240.0	1494.0	2138.773681640625
2220.0	1509.0	2164.135498046875
