2042.0	2054.0	2047.5
2044.0	2054.0	2047.5
2045.0	2053.0	2047.5
2047.0	2053.0	2047.5
2045.0	2053.0	2047.5
2048.0	2055.0	2047.5
2047.0	2054.0	2047.5
2048.0	2053.0	2047.5
2046.0	2052.0	2047.5
2045.0	2057.0	2047.5
2048.0	2056.0	2047.5
2047.0	2051.0	2047.5
2045.0	2052.0	2047.5
2047.0	2051.0	2047.5
2045.0	2051.0	2047.5
2045.0	2055.0	2047.5
2045.0	2055.0	2047.5
2044.0	2053.0	2047.5
2047.0	2053.0	2047.5
2045.0	2054.0	2047.5
2046.0	2052.0	2047.5
2045.0	2052.0	2047.5
2048.0	2054.0	2047.5
2036.0	2054.0	2047.5
2036.0	2051.0	2047.5
2037.0	2055.0	2047.5
2036.0	2054.0	2047.5
2050.0	2051.0	2047.5
2036.0	2053.0	2047.5
2040.0	2052.0	2047.5
2037.0	2051.0	2047.5
2040.0	2055.0	2047.5
2038.0	2054.0	2047.5
2036.0	2051.0	2047.5
2037.0	2051.0	2047.5
2035.0	2054.0	2047.5
2037.0	2038.0	2047.5
2040.0	2038.0	2047.5
2039.0	2041.0	2047.5
2038.0	2041.0	2047.5
2035.0	2039.0	2047.5
2036.0	2043.0	2047.5
2035.0	2041.0	2047.5
2040.0	2040.0	2047.5
2025.0	2041.0	2047.5
2028.0	2040.0	2047.5
2026.0	2039.0	2047.5
2029.0	2040.0	2047.5
2025.0	2041.0	2047.5
2026.0	2040.0	2047.5
2026.0	2040.0	2047.5
2025.0	2039.0	2047.5
2028.0	2044.0	2047.5
2026.0	2038.0	2047.5
2026.0	2041.0	2047.5
2025.0	2043.0	2047.5
2025.0	2041.0	2047.5
2041.0	2040.0	2047.5
2027.0	2041.0	2047.5
2034.0	2040.0	2047.5
2039.0	2039.0	2047.5
2035.0	2042.0	2047.5
2037.0	2041.0	2047.5
2038.0	2041.0	2047.5
2038.0	2042.0	2047.5
2036.0	2040.0	2047.5
2040.0	2040.0	2047.5
2036.0	2041.0	2047.5
2037.0	2040.0	2047.5
2037.0	2037.0	2047.5
2037.0	2045.0	2047.5
2036.0	2041.0	2047.5
2035.0	2040.0	2047.5
2040.0	2040.0	2047.5
2038.0	2041.0	2047.5
2035.0	2038.0	2047.5
2038.0	2040.0	2047.5
2026.0	2028.0	2047.5
2026.0	2027.0	2047.5
2026.0	2015.0	2047.5
2026.0	2016.0	2047.5
2026.0	2014.0	2047.5
2026.0	2015.0	2047.5
2027.0	2015.0	2047.5
2025.0	2018.0	2047.5
2027.0	2013.0	2047.5
2028.0	2010.0	2047.5
2024.0	2012.0	2047.5
2027.0	2017.0	2047.5
2026.0	2015.0	2047.5
2029.0	2016.0	2047.5
2028.0	2015.0	2047.5
2019.0	2015.0	2047.5
2016.0	2015.0	2047.5
2018.0	2027.0	2047.5
2019.0	2029.0	2047.5
2019.0	2040.0	2047.5
2018.0	2040.0	2047.5
2016.0	2041.0	2047.5
2019.0	2041.0	2047.5
2017.0	2035.0	2047.5
2016.0	2045.0	2047.5
2018.0	2042.0	2047.5
2017.0	2042.0	2047.5
2016.0	2038.0	2047.5
2016.0	2040.0	2047.5
2014.0	2040.0	2047.5
2019.0	2039.0	2047.5
2018.0	2041.0	2047.5
2017.0	2042.0	2047.5
2018.0	2040.0	2047.5
2017.0	2040.0	2047.5
2017.0	2039.0	2047.5
2019.0	2040.0	2047.5
2017.0	2039.0	2047.5
2016.0	2039.0	2047.5
2017.0	2038.0	2047.5
2017.0	2029.0	2047.5
2018.0	2034.0	2047.5
2015.0	2025.0	2047.5
2017.0	2013.0	2047.5
2015.0	2018.0	2047.5
2013.0	2015.0	2047.5
2019.0	2015.0	2047.5
2017.0	2014.0	2047.5
2018.0	2014.0	2047.5
2018.0	2012.0	2047.5
2013.0	2016.0	2047.5
2017.0	2012.0	2047.5
2018.0	2014.0	2047.5
2016.0	2013.0	2047.5
2017.0	2014.0	2047.5
2016.0	2013.0	2047.5
2016.0	2015.0	2047.5
2016.0	2016.0	2047.5
2021.0	2011.0	2047.5
2017.0	2011.0	2047.5
2017.0	2013.0	2047.5
2016.0	2011.0	2047.5
2015.0	2015.0	2047.5
2027.0	2014.0	2047.5
2012.0	2012.0	2047.5
2019.0	2015.0	2047.5
2018.0	2016.0	2047.5
2019.0	2013.0	2047.5
2018.0	2013.0	2047.5
2017.0	2013.0	2047.5
2015.0	2014.0	2047.5
2019.0	2016.0	2047.5
2016.0	2014.0	2047.5
2016.0	2016.0	2047.5
2019.0	2013.0	2047.5
2018.0	2018.0	2047.5
2020.0	2015.0	2047.5
2018.0	2019.0	2047.5
2017.0	2013.0	2047.5
2018.0	2014.0	2047.5
2019.0	2015.0	2047.5
2003.0	2016.0	2047.5
2009.0	2016.0	2047.5
2007.0	2016.0	2047.5
2007.0	2016.0	2047.5
2006.0	2013.0	2047.5
2008.0	2014.0	2047.5
2007.0	2016.0	2047.5
2009.0	2015.0	2047.5
2007.0	2013.0	2047.5
2006.0	2014.0	2047.5
2007.0	2014.0	2047.5
2007.0	2018.0	2047.5
2008.0	2017.0	2047.5
2008.0	2014.0	2047.5
2007.0	2016.0	2047.5
2005.0	2015.0	2047.5
2004.0	2015.0	2047.5
2009.0	2016.0	2047.5
2007.0	2017.0	2047.5
2006.0	2014.0	2047.5
2006.0	2017.0	2047.5
2008.0	2015.0	2047.5
2006.0	2017.0	2047.5
2007.0	2015.0	2047.5
1998.0	2013.0	2047.5
1997.0	2015.0	2047.5
1998.0	2015.0	2047.5
1997.0	2015.0	2047.5
1998.0	2016.0	2047.5
1997.0	2013.0	2047.5
1996.0	2012.0	2047.5
1997.0	2017.0	2047.5
1999.0	2019.0	2047.5
1997.0	2015.0	2047.5
1987.0	2017.0	2047.5
1987.0	2013.0	2047.5
1985.0	2016.0	2047.5
1988.0	2014.0	2047.5
1988.0	2016.0	2047.5
1990.0	2016.0	2047.5
1987.0	2026.0	2047.5
1987.0	2027.0	2047.5
1987.0	2027.0	2047.5
1988.0	2040.0	2047.5
1988.0	2040.0	2047.5
1986.0	2043.0	2047.5
1987.0	2039.0	2047.5
1988.0	2040.0	2047.5
1990.0	2037.0	2047.5
1988.0	2048.0	2047.5
1989.0	2037.0	2047.5
1989.0	2044.0	2047.5
1987.0	2041.0	2047.5
1989.0	2041.0	2047.5
1987.0	2041.0	2047.5
1992.0	2041.0	2047.5
1989.0	2040.0	2047.5
1988.0	2038.0	2047.5
1990.0	2040.0	2047.5
1988.0	2043.0	2047.5
1990.0	2039.0	2047.5
1988.0	2038.0	2047.5
1987.0	2039.0	2047.5
1988.0	2039.0	2047.5
1988.0	2039.0	2047.5
1989.0	2052.0	2047.5
1988.0	2052.0	2047.5
1988.0	2047.0	2047.5
1989.0	2059.0	2047.5
1988.0	2051.0	2047.5
1987.0	2056.0	2047.5
1976.0	2052.0	2047.5
1985.0	2052.0	2047.5
1988.0	2053.0	2047.5
1989.0	2054.0	2047.5
1988.0	2055.0	2047.5
1981.0	2054.0	2047.5
1978.0	2053.0	2047.5
1979.0	2053.0	2047.5
1978.0	2053.0	2047.5
1979.0	2054.0	2047.5
1979.0	2043.0	2047.5
1979.0	2041.0	2047.5
1979.0	2042.0	2047.5
1980.0	2039.0	2047.5
1977.0	2040.0	2047.5
1980.0	2043.0	2047.5
1978.0	2048.0	2047.5
1980.0	2040.0	2047.5
1977.0	2041.0	2047.5
1977.0	2043.0	2047.5
1977.0	2042.0	2047.5
1982.0	2039.0	2047.5
1978.0	2042.0	2047.5
1980.0	2040.0	2047.5
1978.0	2041.0	2047.5
1981.0	2041.0	2047.5
1977.0	2041.0	2047.5
1979.0	2040.0	2047.5
1980.0	2039.0	2047.5
1979.0	2056.0	2047.5
1979.0	2054.0	2047.5
1979.0	2051.0	2047.5
1968.0	2051.0	2047.5
1967.0	2061.0	2047.5
1969.0	2056.0	2047.5
1968.0	2056.0	2047.5
1969.0	2048.0	2047.5
1968.0	2053.0	2047.5
1969.0	2054.0	2047.5
1957.0	2066.0	2047.5
1961.0	2068.0	2047.5
1958.0	2067.0	2047.5
1961.0	2067.0	2047.5
1958.0	2068.0	2047.5
1958.0	2068.0	2047.5
1959.0	2068.0	2047.5
1949.0	2080.0	2047.5
1948.0	2078.0	2047.5
1948.0	2079.0	2047.5
1949.0	2080.0	2047.5
1949.0	2093.0	2047.5
1952.0	2092.0	2047.5
1939.0	2090.0	2047.5
1941.0	2096.0	2047.5
1941.0	2095.0	2047.5
1941.0	2092.0	2047.5
1940.0	2089.0	2047.5
1939.0	2093.0	2047.5
1939.0	2094.0	2047.5
1939.0	2093.0	2047.5
1945.0	2092.0	2047.5
1941.0	2091.0	2047.5
1939.0	2093.0	2047.5
1940.0	2091.0	2047.5
1940.0	2092.0	2047.5
1941.0	2091.0	2047.5
1940.0	2093.0	2047.5
1942.0	2080.0	2047.5
1949.0	2081.0	2047.5
1949.0	2080.0	2047.5
1950.0	2078.0	2047.5
1950.0	2080.0	2047.5
1949.0	2079.0	2047.5
1949.0	2086.0	2047.5
1950.0	2070.0	2047.5
1952.0	2064.0	2047.5
1958.0	2063.0	2047.5
1962.0	2069.0	2047.5
1958.0	2054.0	2047.5
1967.0	2055.0	2047.5
1967.0	2040.0	2047.5
1964.0	2040.0	2047.5
1967.0	2040.0	2047.5
1977.0	2028.0	2047.5
1979.0	2015.0	2047.5
1978.0	2014.0	2047.5
1979.0	2014.0	2047.5
1987.0	2013.0	2047.5
1990.0	2002.0	2047.5
1988.0	2002.0	2047.5
1997.0	2003.0	2047.5
1999.0	1999.0	2047.5
1998.0	2000.0	2047.5
1997.0	2006.0	2047.5
2005.0	1987.0	2047.5
2005.0	1988.0	2047.5
2008.0	1994.0	2047.5
2006.0	1989.0	2047.5
1999.0	1990.0	2047.5
1996.0	1988.0	2047.5
1980.0	1986.0	2047.5
1997.0	1988.0	2047.5
2001.0	1986.0	2047.5
1999.0	1989.0	2047.5
1998.0	1989.0	2047.5
1997.0	1988.0	2047.5
1997.0	1989.0	2047.5
1997.0	1990.0	2047.5
1997.0	1988.0	2047.5
1997.0	1977.0	2047.5
2000.0	1978.0	2047.5
1998.0	1973.0	2047.5
1999.0	1976.0	2047.5
1996.0	1974.0	2047.5
1999.0	1971.0	2047.5
1998.0	1979.0	2047.5
1999.0	1970.0	2047.5
1999.0	1971.0	2047.5
1999.0	1975.0	2047.5
1998.0	1976.0	2047.5
1998.0	1976.0	2047.5
2000.0	1976.0	2047.5
2011.0	1974.0	2047.5
2000.0	1978.0	2047.5
1997.0	1976.0	2047.5
1999.0	1986.0	2047.5
1997.0	1986.0	2047.5
1999.0	1988.0	2047.5
1997.0	1989.0	2047.5
1998.0	1989.0	2047.5
1999.0	1987.0	2047.5
1998.0	1988.0	2047.5
1997.0	1988.0	2047.5
1998.0	1974.0	2047.5
1997.0	1978.0	2047.5
1998.0	1974.0	2047.5
1997.0	1973.0	2047.5
2000.0	1988.0	2047.5
1998.0	1969.0	2047.5
1999.0	1977.0	2047.5
1997.0	1974.0	2047.5
1999.0	1973.0	2047.5
1975.0	1975.0	2047.5
1998.0	1974.0	2047.5
1997.0	1974.0	2047.5
1997.0	1976.0	2047.5
2001.0	1976.0	2047.5
1997.0	1977.0	2047.5
1999.0	1975.0	2047.5
1999.0	1974.0	2047.5
1998.0	1976.0	2047.5
1999.0	1975.0	2047.5
1997.0	1977.0	2047.5
1997.0	1976.0	2047.5
1999.0	1975.0	2047.5
1998.0	1974.0	2047.5
2001.0	1974.0	2047.5
2000.0	1973.0	2047.5
1998.0	1975.0	2047.5
1999.0	1972.0	2047.5
1999.0	1979.0	2047.5
1997.0	1968.0	2047.5
1997.0	1970.0	2047.5
1998.0	1982.0	2047.5
1998.0	1980.0	2047.5
1997.0	1977.0	2047.5
1997.0	1974.0	2047.5
2005.0	1977.0	2047.5
2007.0	1976.0	2047.5
2007.0	1977.0	2047.5
2007.0	1976.0	2047.5
2007.0	1976.0	2047.5
2007.0	1977.0	2047.5
2007.0	1988.0	2047.5
2007.0	1989.0	2047.5
2008.0	1991.0	2047.5
2009.0	1987.0	2047.5
2006.0	1987.0	2047.5
2007.0	1988.0	2047.5
2007.0	1989.0	2047.5
2007.0	1988.0	2047.5
2009.0	1988.0	2047.5
2008.0	1987.0	2047.5
2007.0	1998.0	2047.5
2010.0	1986.0	2047.5
2007.0	1989.0	2047.5
2006.0	1990.0	2047.5
2007.0	1988.0	2047.5
2007.0	1988.0	2047.5
2003.0	1990.0	2047.5
2009.0	1989.0	2047.5
2012.0	1992.0	2047.5
2008.0	1989.0	2047.5
2009.0	1984.0	2047.5
1976.0	1989.0	2047.5
2007.0	1988.0	2047.5
2007.0	1987.0	2047.5
2007.0	1988.0	2047.5
2007.0	1988.0	2047.5
2007.0	1988.0	2047.5
2007.0	1987.0	2047.5
2008.0	1988.0	2047.5
2009.0	1987.0	2047.5
2007.0	1988.0	2047.5
2008.0	1987.0	2047.5
2007.0	1990.0	2047.5
2008.0	2006.0	2047.5
2007.0	1992.0	2047.5
2007.0	1989.0	2047.5
2016.0	1990.0	2047.5
2018.0	1987.0	2047.5
2017.0	1989.0	2047.5
2016.0	1989.0	2047.5
2016.0	1989.0	2047.5
2011.0	1990.0	2047.5
2023.0	1987.0	2047.5
2017.0	1990.0	2047.5
2017.0	1990.0	2047.5
2018.0	1989.0	2047.5
2016.0	1988.0	2047.5
2017.0	1989.0	2047.5
2017.0	1989.0	2047.5
2016.0	1990.0	2047.5
2019.0	1990.0	2047.5
2019.0	1986.0	2047.5
2017.0	1987.0	2047.5
2018.0	1989.0	2047.5
2017.0	1988.0	2047.5
2017.0	1997.0	2047.5
2017.0	1990.0	2047.5
2019.0	1989.0	2047.5
2018.0	1992.0	2047.5
2018.0	1989.0	2047.5
2017.0	1988.0	2047.5
2019.0	1992.0	2047.5
2017.0	1992.0	2047.5
2019.0	1987.0	2047.5
2015.0	1988.0	2047.5
2018.0	1987.0	2047.5
2015.0	1987.0	2047.5
2019.0	1987.0	2047.5
2019.0	1989.0	2047.5
2017.0	1988.0	2047.5
2021.0	1989.0	2047.5
2019.0	1990.0	2047.5
2017.0	1991.0	2047.5
2020.0	1990.0	2047.5
2017.0	1989.0	2047.5
2017.0	1987.0	2047.5
2017.0	1989.0	2047.5
2019.0	1988.0	2047.5
2017.0	1988.0	2047.5
2017.0	1991.0	2047.5
2017.0	1987.0	2047.5
2015.0	1987.0	2047.5
2020.0	1990.0	2047.5
2016.0	1986.0	2047.5
2017.0	1990.0	2047.5
2017.0	2002.0	2047.5
2017.0	1981.0	2047.5
2017.0	1988.0	2047.5
2017.0	1989.0	2047.5
2017.0	1982.0	2047.5
2016.0	1989.0	2047.5
2016.0	1988.0	2047.5
2017.0	1987.0	2047.5
2021.0	1988.0	2047.5
2021.0	1988.0	2047.5
2018.0	1989.0	2047.5
2016.0	1987.0	2047.5
2018.0	1988.0	2047.5
2016.0	1989.0	2047.5
2017.0	1987.0	2047.5
2016.0	1988.0	2047.5
2020.0	1989.0	2047.5
2018.0	1989.0	2047.5
2017.0	1989.0	2047.5
2020.0	1991.0	2047.5
2018.0	1990.0	2047.5
2017.0	1987.0	2047.5
2017.0	1988.0	2047.5
2017.0	1987.0	2047.5
2017.0	1986.0	2047.5
2017.0	1984.0	2047.5
2018.0	1984.0	2047.5
2016.0	1991.0	2047.5
2019.0	1992.0	2047.5
2032.0	1992.0	2047.5
2016.0	1986.0	2047.5
2017.0	1987.0	2047.5
2016.0	1988.0	2047.5
2018.0	1989.0	2047.5
2017.0	1989.0	2047.5
2015.0	1988.0	2047.5
2014.0	1987.0	2047.5
2019.0	1988.0	2047.5
2016.0	1988.0	2047.5
2017.0	1988.0	2047.5
2017.0	1987.0	2047.5
2017.0	1988.0	2047.5
2016.0	1989.0	2047.5
2016.0	1987.0	2047.5
2018.0	1987.0	2047.5
2018.0	1989.0	2047.5
2016.0	1987.0	2047.5
2019.0	1987.0	2276.1142578125
2019.0	1989.0	2276.362060546875
2016.0	1986.0	2285.75732421875
2016.0	1989.0	2286.00927734375
2018.0	1987.0	2280.18310546875
2015.0	1987.0	2289.386474609375
2016.0	1987.0	2286.584716796875
2007.0	2004.0	2313.10302734375
2005.0	1993.0	2318.24072265625
2005.0	1990.0	2317.41357421875
2008.0	1985.0	2307.6455078125
2008.0	1974.0	2306.844970703125
2009.0	1975.0	2303.1416015625
2006.0	1976.0	2311.5205078125
2006.0	1975.0	2310.97705078125
2004.0	1974.0	2316.49267578125
1995.0	1976.0	2342.08935546875
2013.0	1964.0	2286.62548828125
2006.0	1962.0	2306.5283203125
1999.0	1963.0	2326.41064453125
1998.0	1978.0	2328.289306640625
2000.0	1975.0	2321.191162109375
1997.0	1977.0	2329.144287109375
2001.0	1977.0	2316.14990234375
1999.0	1976.0	2321.32568359375
1996.0	1976.0	2329.50830078125
1999.0	1974.0	2319.7265625
1999.0	1976.0	2318.970703125
1999.0	1976.0	2318.251708984375
1998.0	1976.0	2320.67236328125
1999.0	1976.0	2317.058837890625
1997.0	1975.0	2322.568603515625
2000.0	1986.0	2313.14599609375
1997.0	1988.0	2321.696533203125
1997.0	1989.0	2321.25341796875
1999.0	1993.0	2314.846923828125
1997.0	1985.0	2320.5224609375
1998.0	1983.0	2317.20751953125
1999.0	1991.0	2313.916015625
1997.0	1992.0	2319.640625
2006.0	1987.0	2292.826416015625
2007.0	1988.0	2290.535888671875
2008.0	1991.0	2288.285888671875
2007.0	1987.0	2291.977294921875
2010.0	1986.0	2283.72998046875
2010.0	1989.0	2284.542236328125
2007.0	1988.0	2294.247802734375
2009.0	1988.0	2288.77978515625
2011.0	1987.0	2283.318603515625
2006.0	1988.0	2298.892578125
2007.0	1989.0	2296.463134765625
2006.0	1989.0	2299.958984375
2008.0	1991.0	2294.46044921875
2009.0	1987.0	2291.843505859375
2005.0	1990.0	2304.270263671875
2007.0	1988.0	2298.74267578125
2017.0	1988.0	2269.72705078125
2016.0	1989.0	2274.1875
2019.0	1989.0	2266.81298828125
2017.0	1989.0	2274.24658203125
2017.0	1986.0	2275.5771484375
2016.0	1987.0	2279.838134765625
2019.0	1987.0	2272.049072265625
2019.0	1985.0	2273.179443359375
2018.0	1995.0	2277.274169921875
2026.0	2004.0	2254.958984375
2028.0	2004.0	2250.923583984375
2026.0	2004.0	2258.7880859375
2026.0	2001.0	2260.524658203125
2027.0	2016.0	2259.2900390625
2035.0	2016.0	2236.83935546875
2046.0	2015.0	2206.43798828125
2044.0	2028.0	2215.016357421875
2039.0	2027.0	2232.457275390625
2038.0	2041.0	2237.7685546875
2036.0	2040.0	2245.924560546875
2048.0	2053.0	2212.437744140625
2046.0	2054.0	2221.288818359375
2045.0	2067.0	2227.053466796875
2044.0	2065.0	2232.67041015625
2056.0	2080.0	2199.212890625
2055.0	2079.0	2205.665283203125
2057.0	2079.0	2202.91552734375
2058.0	2093.0	2202.98486328125
2057.0	2092.0	2209.206787109375
2055.0	2104.0	2218.10546875
2069.0	2106.0	2179.28271484375
2067.0	2118.0	2188.85986328125
2066.0	2115.0	2195.27978515625
2066.0	2136.0	2198.505859375
2065.0	2131.0	2204.60791015625
2066.0	2134.0	2204.487548828125
2065.0	2129.0	2210.3193359375
2064.0	2131.0	2215.9541015625
2066.0	2141.0	2212.39794921875
2066.0	2145.0	2214.703125
2069.0	2143.0	2208.064208984375
2066.0	2146.0	2219.257080078125
2066.0	2147.0	2221.28662109375
2067.0	2143.0	2220.168212890625
2064.0	2132.0	2231.031005859375
2065.0	2130.0	2229.72900390625
2064.0	2132.0	2234.347412109375
2068.0	2131.0	2223.915771484375
2066.0	2130.0	2231.400146484375
2065.0	2130.0	2235.783447265625
2066.0	2132.0	2234.1064453125
2066.0	2132.0	2235.43212890625
2056.0	2118.0	2266.594482421875
2055.0	2119.0	2269.78515625
2057.0	2116.0	2263.899169921875
2055.0	2117.0	2270.0048828125
2055.0	2122.0	2270.103271484375
2055.0	2121.0	2270.14111328125
2055.0	2124.0	2270.236083984375
2055.0	2121.0	2270.341064453125
2056.0	2115.0	2267.328125
2057.0	2117.0	2264.375
2055.0	2117.0	2270.474365234375
2054.0	2118.0	2273.552734375
2058.0	2120.0	2261.6943359375
2058.0	2120.0	2261.988525390625
2058.0	2118.0	2262.067138671875
2056.0	2119.0	2268.2041015625
2055.0	2119.0	2271.299072265625
2057.0	2117.0	2265.396484375
2053.0	2118.0	2277.528564453125
2057.0	2118.0	2265.640625
2057.0	2118.0	2265.755126953125
2056.0	2117.0	2268.85400390625
2055.0	2117.0	2271.90771484375
2067.0	2130.0	2236.589599609375
2064.0	2131.0	2246.7802734375
2066.0	2128.0	2241.8603515625
2066.0	2132.0	2243.062255859375
2066.0	2144.0	2244.223388671875
2066.0	2144.0	2245.179443359375
2065.0	2149.0	2249.150146484375
2068.0	2153.0	2241.013671875
2065.0	2164.0	2250.8076171875
2066.0	2158.0	2248.56787109375
2074.0	2159.0	2225.91162109375
2076.0	2173.0	2221.59130859375
2074.0	2171.0	2229.19677734375
2073.0	2184.0	2233.695556640625
2075.0	2182.0	2229.025634765625
2087.0	2196.0	2194.4169921875
2079.0	2196.0	2219.6728515625
2086.0	2195.0	2201.011474609375
2075.0	2195.0	2236.326171875
2085.0	2213.0	2208.463623046875
2086.0	2209.0	2207.43701171875
2094.0	2222.0	2185.845947265625
2095.0	2236.0	2185.619140625
2095.0	2236.0	2188.2138671875
2095.0	2250.0	2190.768798828125
2103.0	2249.0	2169.1201171875
2104.0	2247.0	2169.29296875
2104.0	2262.0	2172.4794921875
2104.0	2275.0	2175.783935546875
2105.0	2275.0	2175.6611328125
2104.0	2287.0	2181.425537109375
2112.0	2301.0	2160.4677734375
2114.0	2299.0	2157.86962890625
2113.0	2321.0	2164.141845703125
2114.0	2328.0	2164.23193359375
2124.0	2319.0	2137.149169921875
2123.0	2329.0	2144.024658203125
2123.0	2337.0	2147.670654296875
2123.0	2336.0	2151.136474609375
2133.0	2353.0	2124.882568359375
2130.0	2365.0	2137.929443359375
2134.0	2367.0	2129.612060546875
2131.0	2377.0	2142.2890625
2142.0	2393.0	2112.945068359375
2144.0	2391.0	2111.386474609375
2153.0	2405.0	2088.708740234375
2151.0	2404.0	2099.7451171875
2154.0	2405.0	2095.413330078125
2155.0	2419.0	2096.826171875
2154.0	2418.0	2104.11767578125
2163.0	2433.0	2081.272705078125
2163.0	2443.0	2086.090087890625
2163.0	2445.0	2090.6572265625
2163.0	2459.0	2094.9814453125
2163.0	2461.0	2099.085693359375
2171.0	2457.0	2079.875
2172.0	2458.0	2081.477294921875
2168.0	2471.0	2098.0234375
2172.0	2469.0	2090.142333984375
2184.0	2483.0	2058.5029296875
2182.0	2482.0	2069.322265625
2183.0	2482.0	2070.861572265625
2181.0	2494.0	2081.14306640625
2190.0	2494.0	2058.11865234375
2191.0	2495.0	2059.973876953125
2193.0	2493.0	2058.435791015625
2193.0	2511.0	2062.7578125
2190.0	2509.0	2075.834228515625
2190.0	2512.0	2079.68505859375
2191.0	2509.0	2080.27001953125
2200.0	2519.0	2056.90478515625
2226.0	2519.0	1983.1607666015625
2200.0	2524.0	2065.4736328125
2200.0	2520.0	2069.460693359375
2201.0	2522.0	2070.14208984375
2203.0	2521.0	2067.7763671875
2204.0	2520.0	2068.2177734375
2203.0	2520.0	2074.47265625
2200.0	2522.0	2086.503662109375
2202.0	2523.0	2083.22998046875
2201.0	2522.0	2088.881103515625
2202.0	2520.0	2088.386962890625
2201.0	2519.0	2093.76171875
2212.0	2525.0	2063.0146484375
2213.0	2523.0	2063.174560546875
2211.0	2523.0	2072.183349609375
2210.0	2522.0	2077.97802734375
2210.0	2509.0	2080.592041015625
2210.0	2509.0	2083.064208984375
2210.0	2511.0	2085.35595703125
2209.0	2508.0	2090.599853515625
2210.0	2508.0	2089.6650390625
2210.0	2511.0	2091.67138671875
2211.0	2497.0	2090.452880859375
2208.0	2496.0	2101.162841796875
2202.0	2496.0	2120.03076171875
2201.0	2481.0	2123.893798828125
2201.0	2484.0	2124.487548828125
2202.0	2481.0	2122.01708984375
2201.0	2470.0	2125.6279296875
2201.0	2466.0	2126.11328125
2200.0	2461.0	2129.611083984375
2200.0	2452.0	2130.02099609375
2201.0	2449.0	2127.42724609375
2201.0	2456.0	2127.79248046875
2201.0	2448.0	2128.13037109375
2201.0	2439.0	2128.384033203125
2200.0	2429.0	2131.728271484375
2202.0	2432.0	2125.955322265625
2190.0	2419.0	2162.2783203125
2190.0	2420.0	2161.4189453125
2203.0	2403.0	2121.578125
2192.0	2406.0	2153.88525390625
2190.0	2405.0	2159.165771484375
2191.0	2391.0	2155.433837890625
2193.0	2391.0	2148.695068359375
2190.0	2378.0	2157.05078125
2190.0	2379.0	2156.44921875
2181.0	2366.0	2182.65185546875
2183.0	2364.0	2175.11279296875
2182.0	2364.0	2176.63232421875
2181.0	2351.0	2178.187744140625
2183.0	2352.0	2170.804931640625
2183.0	2352.0	2169.569580078125
2172.0	2338.0	2200.71044921875
2171.0	2340.0	2201.47119140625
2170.0	2327.0	2202.422119140625
2171.0	2326.0	2197.505859375
2171.0	2313.0	2195.653564453125
2172.0	2312.0	2190.900146484375
2169.0	2312.0	2198.208984375
2164.0	2316.0	2210.71923828125
2163.0	2300.0	2211.154296875
2167.0	2302.0	2196.90576171875
2162.0	2298.0	2209.71240234375
2154.0	2285.0	2231.0546875
2153.0	2283.0	2230.9931640625
2153.0	2271.0	2228.14306640625
2152.0	2278.0	2228.37646484375
2151.0	2271.0	2228.717041015625
2151.0	2275.0	2226.1806640625
2157.0	2262.0	2204.94677734375
2146.0	2261.0	2234.84130859375
2145.0	2260.0	2234.790283203125
2134.0	2251.0	2264.355224609375
2133.0	2249.0	2263.59521484375
2135.0	2249.0	2253.9873046875
2133.0	2249.0	2256.6103515625
2134.0	2247.0	2250.40380859375
2123.0	2247.0	2280.368896484375
2123.0	2246.0	2276.48193359375
2124.0	2247.0	2269.732177734375
2127.0	2248.0	2257.254150390625
2125.0	2235.0	2259.987060546875
2123.0	2234.0	2262.91259765625
2123.0	2234.0	2259.994384765625
2114.0	2237.0	2284.009765625
2114.0	2236.0	2280.447265625
2118.0	2236.0	2264.905029296875
2113.0	2237.0	2276.634521484375
2115.0	2234.0	2267.523681640625
2114.0	2249.0	2267.52685546875
2113.0	2257.0	2267.688232421875
2113.0	2256.0	2265.024169921875
2113.0	2249.0	2262.488525390625
2114.0	2253.0	2257.05712890625
2113.0	2251.0	2257.808837890625
2114.0	2239.0	2252.6796875
2113.0	2249.0	2253.539794921875
2114.0	2246.0	2248.58056640625
2108.0	2262.0	2264.790283203125
2117.0	2261.0	2236.072265625
2119.0	2259.0	2228.34619140625
2115.0	2260.0	2238.977294921875
2114.0	2260.0	2240.594482421875
2114.0	2274.0	2239.145751953125
2106.0	2276.0	2261.616943359375
2103.0	2286.0	2268.510986328125
2104.0	2289.0	2263.378173828125
2105.0	2286.0	2258.388671875
2104.0	2288.0	2259.5283203125
2105.0	2302.0	2254.764404296875
2114.0	2300.0	2226.645263671875
2114.0	2303.0	2225.969970703125
2113.0	2312.0	2228.40966796875
2114.0	2313.0	2225.0263671875
2113.0	2313.0	2227.349365234375
2113.0	2326.0	2227.0546875
2115.0	2325.0	2220.647216796875
2114.0	2325.0	2223.231201171875
2113.0	2325.0	2225.823974609375
2113.0	2333.0	2225.410888671875
2113.0	2343.0	2225.01708984375
2113.0	2348.0	2224.684326171875
2113.0	2344.0	2224.350830078125
2123.0	2353.0	2193.999267578125
2124.0	2354.0	2191.839111328125
2124.0	2369.0	2192.5810546875
2125.0	2364.0	2190.310791015625
2124.0	2366.0	2194.029541015625
2123.0	2378.0	2197.6650390625
2134.0	2377.0	2165.81591796875
2130.0	2378.0	2179.37158203125
2135.0	2389.0	2165.6923828125
2135.0	2390.0	2167.20703125
2136.0	2390.0	2165.68115234375
2133.0	2394.0	2176.057861328125
2144.0	2390.0	2145.11474609375
2142.0	2406.0	2153.3837890625
2154.0	2405.0	2120.23876953125
2153.0	2403.0	2126.11572265625
2152.0	2404.0	2131.8798828125
2152.0	2416.0	2134.555419921875
2162.0	2418.0	2107.15087890625
2165.0	2419.0	2101.542236328125
2161.0	2416.0	2116.821044921875
2162.0	2416.0	2116.891357421875
2162.0	2416.0	2119.81884765625
2171.0	2432.0	2096.262451171875
2170.0	2432.0	2102.853515625
2174.0	2429.0	2094.1982421875
2172.0	2431.0	2103.40283203125
2171.0	2430.0	2109.525634765625
2181.0	2429.0	2082.219970703125
2182.0	2430.0	2083.146728515625
2181.0	2428.0	2089.77734375
2182.0	2431.0	2090.1689453125
2184.0	2430.0	2087.45361328125
2191.0	2429.0	2070.115966796875
2190.0	2430.0	2076.97119140625
2193.0	2429.0	2071.59228515625
2189.0	2429.0	2087.0615234375
2201.0	2432.0	2054.58349609375
2201.0	2429.0	2058.7978515625
2200.0	2431.0	2065.69970703125
2201.0	2435.0	2066.43896484375
2201.0	2430.0	2069.978271484375
2201.0	2433.0	2073.271728515625
2201.0	2427.0	2076.461669921875
2202.0	2419.0	2076.50439453125
2200.0	2418.0	2085.33203125
2210.0	2417.0	2058.353759765625
2208.0	2417.0	2067.8671875
2208.0	2417.0	2071.234375
2218.0	2417.0	2044.4156494140625
2216.0	2404.0	2053.434326171875
2209.0	2404.0	2077.3564453125
2210.0	2404.0	2077.05029296875
2213.0	2406.0	2070.599609375
2222.0	2392.0	2046.4886474609375
2223.0	2392.0	2046.827880859375
2221.0	2394.0	2055.976318359375
2221.0	2390.0	2058.9072265625
2221.0	2379.0	2061.659423828125
2220.0	2379.0	2067.296142578125
2222.0	2378.0	2063.768310546875
2222.0	2377.0	2066.12109375
2221.0	2379.0	2071.241943359375
2219.0	2366.0	2079.339111328125
2220.0	2365.0	2078.239501953125
2222.0	2367.0	2074.0625
2223.0	2350.0	2072.80078125
2222.0	2350.0	2077.572509765625
2221.0	2350.0	2082.126953125
2220.0	2352.0	2086.69482421875
2220.0	2339.0	2088.11669921875
2211.0	2338.0	2115.85009765625
2211.0	2340.0	2115.99560546875
2210.0	2336.0	2119.15576171875
2209.0	2323.0	2122.30322265625
2211.0	2334.0	2116.372802734375
2210.0	2323.0	2119.589599609375
2212.0	2320.0	2113.685791015625
2210.0	2314.0	2119.759765625
2212.0	2308.0	2113.788330078125
2201.0	2315.0	2145.94970703125
2201.0	2299.0	2145.21728515625
2201.0	2302.0	2144.348876953125
2201.0	2299.0	2143.59912109375
2201.0	2302.0	2142.757080078125
2190.0	2288.0	2174.9033203125
2193.0	2286.0	2164.167724609375
2194.0	2287.0	2159.5673828125
2194.0	2285.0	2157.935546875
2190.0	2275.0	2168.398193359375
2190.0	2276.0	2166.958251953125
2182.0	2274.0	2188.967529296875
2182.0	2275.0	2186.69970703125
2181.0	2263.0	2187.575439453125
2182.0	2262.0	2182.43603515625
2172.0	2262.0	2210.216796875
2172.0	2260.0	2207.298583984375
2171.0	2260.0	2207.498779296875
2174.0	2249.0	2195.836181640625
2174.0	2249.0	2193.271240234375
2164.0	2248.0	2220.38623046875
2162.0	2248.0	2223.16259765625
2163.0	2249.0	2217.0947265625
2163.0	2248.0	2214.24365234375
2155.0	2247.0	2235.445556640625
2153.0	2248.0	2237.7724609375
2154.0	2235.0	2231.33935546875
2152.0	2237.0	2234.008056640625
2143.0	2235.0	2257.126953125
2142.0	2236.0	2256.15771484375
2136.0	2235.0	2269.96044921875
2133.0	2234.0	2274.378173828125
2134.0	2239.0	2266.99169921875
2134.0	2242.0	2262.80224609375
2123.0	2238.0	2291.81982421875
2124.0	2238.0	2284.1015625
2124.0	2241.0	2279.60546875
2123.0	2236.0	2278.3857421875
2124.0	2235.0	2271.368896484375
2112.0	2234.0	2302.814697265625
2113.0	2234.0	2295.114013671875
2113.0	2237.0	2290.67431640625
2112.0	2236.0	2289.51513671875
2117.0	2250.0	2270.546875
2118.0	2249.0	2263.884765625
2113.0	2249.0	2275.37939453125
2106.0	2248.0	2292.187744140625
2104.0	2249.0	2294.08837890625
2102.0	2249.0	2296.198486328125
2108.0	2247.0	2274.58349609375
2103.0	2248.0	2286.22998046875
2104.0	2248.0	2279.843994140625
2103.0	2249.0	2279.760986328125
2106.0	2248.0	2267.8115234375
2095.0	2263.0	2297.96435546875
2096.0	2260.0	2291.19580078125
2095.0	2262.0	2290.688232421875
2096.0	2261.0	2284.432861328125
2093.0	2262.0	2290.277099609375
2096.0	2261.0	2278.19482421875
2094.0	2274.0	2281.390380859375
2095.0	2273.0	2275.62841796875
2096.0	2276.0	2270.102294921875
2093.0	2274.0	2276.731689453125
2094.0	2286.0	2271.389892578125
2094.0	2286.0	2269.415771484375
2096.0	2288.0	2261.379638671875
2095.0	2286.0	2262.576416015625
2093.0	2300.0	2266.90185546875
2094.0	2298.0	2262.23974609375
2094.0	2315.0	2260.71240234375
2094.0	2303.0	2259.19921875
2095.0	2299.0	2254.765625
2094.0	2297.0	2256.386474609375
2106.0	2313.0	2219.1357421875
2108.0	2314.0	2213.006591796875
2103.0	2316.0	2227.90966796875
2104.0	2312.0	2224.83740234375
2103.0	2314.0	2227.73583984375
2107.0	2327.0	2215.666259765625
2104.0	2326.0	2224.60302734375
2108.0	2326.0	2212.745361328125
2103.0	2326.0	2227.823486328125
2111.0	2327.0	2203.6787109375
2115.0	2326.0	2192.59423828125
2116.0	2328.0	2190.6240234375
2113.0	2339.0	2200.4580078125
2115.0	2339.0	2195.232177734375
2114.0	2340.0	2199.013916015625
2115.0	2341.0	2196.76220703125
2124.0	2341.0	2170.4384765625
2123.0	2341.0	2175.233642578125
2124.0	2341.0	2173.91162109375
2123.0	2340.0	2178.52099609375
2124.0	2342.0	2177.0673828125
2123.0	2339.0	2181.452392578125
2132.0	2340.0	2156.152099609375
2134.0	2341.0	2152.379150390625
2136.0	2339.0	2148.462158203125
2144.0	2338.0	2126.714599609375
2140.0	2338.0	2141.7724609375
2143.0	2338.0	2135.5615234375
2152.0	2340.0	2111.34814453125
2152.0	2341.0	2114.932861328125
2152.0	2339.0	2118.30322265625
2153.0	2338.0	2118.5244140625
2152.0	2340.0	2124.632080078125
2164.0	2339.0	2091.728271484375
2166.0	2339.0	2089.55615234375
2162.0	2346.0	2105.15478515625
2162.0	2344.0	2108.560791015625
2164.0	2362.0	2105.830322265625
2172.0	2340.0	2085.722412109375
2173.0	2339.0	2086.5478515625
2172.0	2341.0	2093.20263671875
2172.0	2342.0	2096.60546875
2182.0	2336.0	2070.35546875
2182.0	2339.0	2074.472412109375
2181.0	2337.0	2081.3603515625
2181.0	2340.0	2085.0283203125
2190.0	2340.0	2061.51513671875
2193.0	2339.0	2057.055419921875
2199.0	2339.0	2043.15087890625
2193.0	2338.0	2065.124755859375
2194.0	2338.0	2065.83056640625
2192.0	2339.0	2075.320556640625
2191.0	2340.0	2081.58837890625
2202.0	2338.0	2051.973388671875
2201.0	2326.0	2059.0009765625
2202.0	2327.0	2059.78466796875
2200.0	2324.0	2069.413818359375
2201.0	2329.0	2069.767333984375
2202.0	2327.0	2069.94091796875
2202.0	2326.0	2072.904296875
2201.0	2326.0	2078.714599609375
2201.0	2326.0	2081.429931640625
2200.0	2327.0	2087.002197265625
2201.0	2316.0	2086.427734375
2201.0	2313.0	2088.8291015625
2202.0	2315.0	2088.0166015625
2200.0	2314.0	2096.134521484375
2204.0	2316.0	2086.26171875
2201.0	2301.0	2097.18310546875
2204.0	2302.0	2090.00341796875
2201.0	2300.0	2100.686279296875
2202.0	2305.0	2099.185791015625
2201.0	2296.0	2103.75732421875
2201.0	2300.0	2105.065185546875
2200.0	2287.0	2109.392333984375
2201.0	2290.0	2107.580810546875
2201.0	2274.0	2108.680419921875
2200.0	2274.0	2112.760498046875
2203.0	2272.0	2104.666259765625
2191.0	2273.0	2140.868408203125
2190.0	2271.0	2143.66162109375
2190.0	2262.0	2143.44091796875
2191.0	2260.0	2140.25634765625
2190.0	2260.0	2143.1552734375
2203.0	2262.0	2104.0029296875
2195.0	2263.0	2127.935546875
2185.0	2260.0	2156.838623046875
2183.0	2248.0	2161.873046875
2182.0	2248.0	2163.889892578125
2182.0	2247.0	2162.948486328125
2172.0	2249.0	2191.518310546875
2174.0	2247.0	2183.5576171875
2172.0	2248.0	2187.6982421875
2172.0	2236.0	2185.95849609375
2172.0	2237.0	2184.285400390625
2174.0	2235.0	2176.7421875
2163.0	2236.0	2207.405517578125
2162.0	2235.0	2207.985107421875
2162.0	2235.0	2205.735595703125
2163.0	2234.0	2200.55224609375
2153.0	2236.0	2228.076171875
2150.0	2236.0	2233.980712890625
2153.0	2236.0	2222.067138671875
2153.0	2234.0	2219.30322265625
2143.0	2222.0	2245.87890625
2142.0	2222.0	2245.710205078125
2143.0	2220.0	2239.435302734375
2134.0	2221.0	2262.6962890625
2133.0	2226.0	2261.73291015625
2132.0	2237.0	2260.97900390625
2134.0	2229.0	2251.335693359375
2125.0	2222.0	2274.742431640625
2127.0	2227.0	2264.537841796875
2124.0	2222.0	2269.656982421875
2122.0	2226.0	2271.941162109375
2126.0	2220.0	2256.372802734375
2114.0	2225.0	2288.12841796875
2113.0	2209.0	2286.915283203125
2110.0	2211.0	2291.92529296875
2120.0	2208.0	2258.197998046875
2119.0	2211.0	2257.79345703125
2108.0	2208.0	2287.25439453125
2106.0	2209.0	2289.057861328125
2098.0	2209.0	2309.084228515625
2105.0	2209.0	2284.319580078125
2105.0	2223.0	2280.844970703125
2104.0	2223.0	2280.559814453125
2103.0	2223.0	2280.31787109375
2106.0	2223.0	2268.271728515625
2104.0	2223.0	2271.453125
2104.0	2221.0	2268.729736328125
2093.0	2223.0	2298.91943359375
2095.0	2222.0	2289.252197265625
2097.0	2222.0	2279.9462890625
2094.0	2222.0	2285.803955078125
2093.0	2222.0	2285.87353515625
2094.0	2221.0	2280.03955078125
2094.0	2236.0	2277.409423828125
2094.0	2236.0	2274.953369140625
2095.0	2236.0	2269.62060546875
2105.0	2233.0	2237.39404296875
2095.0	2234.0	2265.435546875
2095.0	2234.0	2263.431640625
2096.0	2234.0	2258.5908203125
2095.0	2236.0	2259.86865234375
2096.0	2245.0	2255.160888671875
2103.0	2249.0	2233.1044921875
2105.0	2251.0	2226.61572265625
2105.0	2251.0	2226.167236328125
2105.0	2243.0	2225.769287109375
2105.0	2249.0	2225.38037109375
2105.0	2247.0	2225.03857421875
2104.0	2249.0	2227.796630859375
2103.0	2248.0	2230.527587890625
2103.0	2248.0	2230.27978515625
2114.0	2260.0	2197.656494140625
2112.0	2260.0	2204.58544921875
2123.0	2262.0	2172.345458984375
2114.0	2262.0	2200.099365234375
2118.0	2262.0	2188.654541015625
2114.0	2263.0	2201.21875
2115.0	2262.0	2198.7880859375
2123.0	2262.0	2176.178466796875
2126.0	2273.0	2168.664306640625
2125.0	2275.0	2173.071533203125
2126.0	2275.0	2171.522705078125
2133.0	2278.0	2152.258544921875
2135.0	2272.0	2148.465576171875
2132.0	2286.0	2159.657470703125
2131.0	2288.0	2164.63671875
2132.0	2286.0	2163.5166015625
2133.0	2287.0	2162.30126953125
2145.0	2287.0	2128.956787109375
2143.0	2285.0	2137.7431640625
2153.0	2302.0	2110.712158203125
2153.0	2303.0	2114.025390625
2154.0	2303.0	2114.263427734375
2152.0	2299.0	2123.35009765625
2161.0	2301.0	2099.12646484375
2161.0	2301.0	2102.969482421875
2163.0	2301.0	2100.634033203125
2163.0	2301.0	2104.03955078125
2163.0	2301.0	2107.329345703125
2163.0	2300.0	2110.35400390625
2172.0	2300.0	2086.665283203125
2173.0	2308.0	2087.406982421875
2171.0	2315.0	2096.9228515625
2171.0	2311.0	2100.260986328125
2172.0	2310.0	2100.41064453125
2174.0	2310.0	2097.363525390625
2171.0	2309.0	2109.19775390625
2181.0	2310.0	2082.584716796875
2181.0	2280.0	2086.205322265625
2183.0	2311.0	2083.570556640625
2181.0	2314.0	2092.769775390625
2181.0	2311.0	2095.808837890625
2184.0	2311.0	2089.68505859375
2180.0	2313.0	2104.451904296875
2180.0	2314.0	2106.988037109375
2191.0	2314.0	2076.349609375
2195.0	2314.0	2067.587646484375
2191.0	2311.0	2082.80810546875
2187.0	2314.0	2097.887451171875
2192.0	2312.0	2085.58544921875
2191.0	2314.0	2091.290283203125
2194.0	2315.0	2084.72705078125
2192.0	2314.0	2093.157958984375
2191.0	2311.0	2098.4208984375
2191.0	2313.0	2100.48583984375
2191.0	2313.0	2102.453125
2200.0	2313.0	2078.286865234375
2192.0	2313.0	2105.18212890625
2201.0	2300.0	2080.857421875
2203.0	2312.0	2077.36572265625
2202.0	2315.0	2082.740234375
2200.0	2301.0	2090.9931640625
2191.0	2301.0	2120.10693359375
2191.0	2301.0	2121.050048828125
2192.0	2302.0	2118.939208984375
2191.0	2300.0	2122.764892578125
2191.0	2302.0	2123.608154296875
2190.0	2301.0	2127.248779296875
2190.0	2299.0	2127.944091796875
2191.0	2298.0	2125.621337890625
2190.0	2302.0	2129.369384765625
2190.0	2302.0	2129.9052734375
2191.0	2300.0	2127.452880859375
2192.0	2301.0	2125.003173828125
2191.0	2298.0	2128.46630859375
2190.0	2299.0	2131.97216796875
2193.0	2313.0	2123.345947265625
2191.0	2305.0	2129.818115234375
2192.0	2287.0	2127.150634765625
2183.0	2289.0	2154.207763671875
2184.0	2286.0	2150.50390625
2182.0	2278.0	2155.891357421875
2181.0	2272.0	2158.2685546875
2181.0	2278.0	2157.65673828125
2181.0	2277.0	2157.04345703125
2172.0	2272.0	2182.812744140625
2172.0	2273.0	2181.239501953125
2173.0	2264.0	2176.691650390625
2170.0	2261.0	2184.288330078125
2169.0	2261.0	2186.053955078125
2166.0	2246.0	2193.85400390625
2164.0	2247.0	2198.49462890625
2161.0	2248.0	2205.405029296875
2160.0	2247.0	2206.4296875
2164.0	2248.0	2192.494140625
2164.0	2250.0	2190.728515625
2160.0	2236.0	2201.056884765625
2166.0	2233.0	2181.45751953125
2153.0	2236.0	2218.5458984375
2152.0	2236.0	2218.9453125
2152.0	2234.0	2216.498046875
2151.0	2234.0	2217.28857421875
2155.0	2221.0	2203.099853515625
2153.0	2223.0	2207.05859375
2146.0	2223.0	2225.205322265625
2143.0	2224.0	2231.45947265625
2143.0	2206.0	2228.812255859375
2134.0	2209.0	2252.962646484375
2132.0	2209.0	2255.457763671875
2133.0	2210.0	2249.107666015625
2134.0	2210.0	2242.943115234375
2134.0	2211.0	2239.944091796875
2131.0	2198.0	2246.17431640625
2132.0	2193.0	2240.693603515625
2125.0	2196.0	2258.506103515625
2124.0	2195.0	2258.23828125
2122.0	2197.0	2261.171142578125
2124.0	2183.0	2252.20068359375
2125.0	2185.0	2246.425048828125
2125.0	2184.0	2243.742431640625
2125.0	2184.0	2241.217529296875
2125.0	2184.0	2238.75927734375
2125.0	2182.0	2236.4658203125
2115.0	2177.0	2263.693603515625
2114.0	2189.0	2263.51025390625
2113.0	2178.0	2263.538330078125
2113.0	2164.0	2260.789794921875
2113.0	2170.0	2258.16650390625
2113.0	2176.0	2255.62646484375
2115.0	2174.0	2247.257080078125
2113.0	2175.0	2251.037109375
2114.0	2167.0	2245.90380859375
2114.0	2169.0	2243.893310546875
2115.0	2165.0	2239.0771484375
2113.0	2170.0	2243.318359375
2109.0	2171.0	2253.673095703125
2116.0	2170.0	2231.029296875
2112.0	2169.0	2241.660400390625
2121.0	2172.0	2213.375732421875
2114.0	2170.0	2233.15869140625
2113.0	2169.0	2234.883056640625
2116.0	2169.0	2224.6796875
2113.0	2170.0	2232.501708984375
2113.0	2170.0	2231.404541015625
2114.0	2168.0	2227.40185546875
2114.0	2170.0	2226.4130859375
2115.0	2169.0	2222.46728515625
2125.0	2171.0	2191.769775390625
2124.0	2170.0	2195.039794921875
2124.0	2170.0	2195.323974609375
2124.0	2181.0	2195.598876953125
2125.0	2184.0	2192.828857421875
2124.0	2185.0	2196.02392578125
2123.0	2184.0	2199.244140625
2126.0	2183.0	2190.396484375
2125.0	2182.0	2193.585693359375
2123.0	2184.0	2199.76904296875
2133.0	2182.0	2170.2578125
2134.0	2194.0	2168.45361328125
2133.0	2198.0	2172.528564453125
2135.0	2196.0	2167.536376953125
2133.0	2197.0	2174.508544921875
2132.0	2197.0	2178.36279296875
2132.0	2198.0	2179.39404296875
2132.0	2209.0	2180.265380859375
2131.0	2210.0	2184.050537109375
2143.0	2211.0	2148.719970703125
2143.0	2208.0	2150.525146484375
2143.0	2210.0	2152.34912109375
2143.0	2207.0	2153.960205078125
2153.0	2207.0	2126.488525390625
2152.0	2209.0	2132.037841796875
2152.0	2208.0	2134.32666015625
2152.0	2221.0	2136.446044921875
2152.0	2233.0	2138.52490234375
2152.0	2227.0	2140.465576171875
2155.0	2233.0	2133.233154296875
2152.0	2223.0	2143.9208984375
2163.0	2238.0	2113.472900390625
2162.0	2240.0	2119.10400390625
2161.0	2236.0	2124.564697265625
2163.0	2242.0	2120.8828125
2162.0	2235.0	2126.13818359375
2162.0	2235.0	2128.257080078125
2163.0	2240.0	2127.201171875
2172.0	2238.0	2102.339111328125
2171.0	2233.0	2108.03857421875
2171.0	2232.0	2110.5791015625
2173.0	2246.0	2107.017333984375
2170.0	2247.0	2118.331298828125
2171.0	2249.0	2117.535888671875
2168.0	2248.0	2128.633056640625
2184.0	2249.0	2082.775634765625
2174.0	2248.0	2114.846923828125
2174.0	2246.0	2116.8505859375
2181.0	2247.0	2097.823486328125
2182.0	2248.0	2097.53076171875
2183.0	2248.0	2097.001220703125
2182.0	2249.0	2102.39892578125
2183.0	2249.0	2101.743896484375
2181.0	2249.0	2109.90185546875
2184.0	2249.0	2102.941650390625
2182.0	2257.0	2110.913818359375
2183.0	2263.0	2109.733154296875
2182.0	2262.0	2114.459228515625
2183.0	2261.0	2113.048095703125
2182.0	2264.0	2117.578125
2181.0	2261.0	2122.008056640625
2181.0	2262.0	2123.383544921875
2182.0	2260.0	2121.62255859375
2181.0	2262.0	2125.79248046875
2183.0	2261.0	2120.919677734375
2182.0	2260.0	2124.976806640625
2182.0	2262.0	2125.998046875
2181.0	2261.0	2129.97705078125
2183.0	2260.0	2124.884521484375
2184.0	2261.0	2122.653076171875
2184.0	2261.0	2123.37060546875
2183.0	2261.0	2127.084716796875
2183.0	2250.0	2127.70556640625
2185.0	2250.0	2122.257080078125
2183.0	2249.0	2128.817626953125
2183.0	2248.0	2129.56884765625
2175.0	2248.0	2154.031982421875
2173.0	2249.0	2159.50048828125
2172.0	2250.0	2162.14599609375
2173.0	2249.0	2158.584716796875
2173.0	2248.0	2158.1611328125
2174.0	2247.0	2154.7998046875
2173.0	2247.0	2157.40283203125
2172.0	2248.0	2159.976318359375
2171.0	2243.0	2162.5576171875
2172.0	2251.0	2159.15283203125
2163.0	2247.0	2185.48291015625
2162.0	2235.0	2187.184814453125
2164.0	2234.0	2179.91162109375
2162.0	2229.0	2184.718017578125
2162.0	2236.0	2183.558837890625
2162.0	2242.0	2182.461181640625
2163.0	2238.0	2178.418701171875
2152.0	2234.0	2209.953369140625
2152.0	2232.0	2207.908203125
2154.0	2226.0	2199.95751953125
2150.0	2220.0	2210.19140625
2152.0	2220.0	2202.479248046875
2153.0	2222.0	2197.830078125
2152.0	2220.0	2199.3046875
2153.0	2211.0	2194.717529296875
2142.0	2211.0	2225.945556640625
2141.0	2208.0	2226.6875
2142.0	2209.0	2221.507080078125
2133.0	2209.0	2246.12158203125
2131.0	2209.0	2248.980224609375
2135.0	2206.0	2234.110595703125
2135.0	2211.0	2231.44482421875
2133.0	2209.0	2234.9453125
2139.0	2197.0	2214.607666015625
2133.0	2196.0	2230.333740234375
2133.0	2196.0	2228.174072265625
2124.0	2194.0	2253.0546875
2123.0	2198.0	2253.095703125
2128.0	2195.0	2235.281005859375
2122.0	2197.0	2250.747314453125
2108.0	2195.0	2290.28564453125
2125.0	2183.0	2236.921142578125
2123.0	2184.0	2240.81201171875
2124.0	2180.0	2235.724365234375
2123.0	2182.0	2236.717529296875
2112.0	2184.0	2267.3642578125
2114.0	2183.0	2258.525390625
2115.0	2182.0	2252.7744140625
2112.0	2183.0	2259.22705078125
2114.0	2170.0	2250.80224609375
2114.0	2169.0	2248.518798828125
2114.0	2169.0	2246.337646484375
2115.0	2169.0	2241.29541015625
2114.0	2169.0	2242.2978515625
2114.0	2171.0	2240.427001953125
2112.0	2170.0	2244.687744140625
2114.0	2171.0	2237.031494140625
2114.0	2169.0	2235.506591796875
2114.0	2171.0	2233.96826171875
2116.0	2169.0	2226.539794921875
2115.0	2171.0	2228.186279296875
2114.0	2170.0	2230.063232421875
2115.0	2171.0	2226.019775390625
2114.0	2169.0	2227.9482421875
2114.0	2168.0	2226.961181640625
2114.0	2170.0	2226.01123046875
2114.0	2167.0	2225.0771484375
2114.0	2170.0	2224.17578125
2114.0	2170.0	2223.3603515625
2113.0	2166.0	2225.5869140625
2115.0	2169.0	2218.97216796875
2125.0	2166.0	2189.220458984375
2124.0	2177.0	2192.58544921875
2123.0	2174.0	2195.911376953125
2124.0	2171.0	2193.26416015625
2123.0	2174.0	2196.601318359375
2124.0	2166.0	2193.87890625
2124.0	2169.0	2194.127197265625
2124.0	2175.0	2194.442138671875
2123.0	2170.0	2197.7041015625
2125.0	2173.0	2191.957275390625
2134.0	2173.0	2165.95703125
2135.0	2167.0	2164.110595703125
2133.0	2173.0	2171.240966796875
2134.0	2176.0	2169.3076171875
2133.0	2171.0	2173.310302734375
2133.0	2170.0	2174.2392578125
2143.0	2166.0	2145.107666015625
2144.0	2171.0	2144.040283203125
2145.0	2173.0	2142.892822265625
2141.0	2170.0	2156.6650390625
2151.0	2172.0	2128.770751953125
2152.0	2171.0	2128.173583984375
2167.0	2169.0	2085.524169921875
2155.0	2169.0	2124.04541015625
2154.0	2172.0	2129.277587890625
2154.0	2172.0	2131.507568359375
2162.0	2169.0	2109.5859375
2164.0	2170.0	2106.57080078125
2164.0	2171.0	2109.3955078125
2164.0	2170.0	2112.052978515625
2163.0	2170.0	2117.47509765625
2164.0	2184.0	2116.874755859375
2170.0	2185.0	2101.5478515625
2172.0	2185.0	2098.585693359375
2172.0	2182.0	2101.544677734375
2175.0	2182.0	2095.298828125
2172.0	2183.0	2106.94580078125
2171.0	2182.0	2112.37451171875
2171.0	2183.0	2114.69287109375
2172.0	2183.0	2113.880859375
2182.0	2183.0	2086.380615234375
2182.0	2193.0	2089.505615234375
2180.0	2195.0	2098.32666015625
2182.0	2195.0	2095.07958984375
2181.0	2194.0	2100.657958984375
2183.0	2196.0	2097.052978515625
2181.0	2194.0	2105.34619140625
2182.0	2196.0	2104.513916015625
2183.0	2198.0	2103.56884765625
2192.0	2196.0	2079.141357421875
2189.0	2195.0	2090.97998046875
2191.0	2197.0	2087.606201171875
2190.0	2209.0	2093.2412109375
2193.0	2210.0	2086.756103515625
2192.0	2209.0	2092.05322265625
2192.0	2208.0	2094.193115234375
2191.0	2209.0	2099.32421875
2191.0	2211.0	2101.19384765625
2194.0	2211.0	2094.016357421875
2192.0	2208.0	2101.791015625
2193.0	2209.0	2100.319091796875
2190.0	2208.0	2110.78564453125
2192.0	2209.0	2106.1669921875
2190.0	2203.0	2113.523681640625
2190.0	2215.0	2114.799072265625
2191.0	2208.0	2113.00048828125
2190.0	2215.0	2117.160888671875
2192.0	2217.0	2112.187255859375
2191.0	2211.0	2116.244873046875
2191.0	2208.0	2117.167724609375
2192.0	2214.0	2115.080810546875
2192.0	2208.0	2115.952880859375
2191.0	2215.0	2119.7431640625
2190.0	2211.0	2123.53466796875
2191.0	2215.0	2121.3056640625
2190.0	2206.0	2124.975341796875
2191.0	2207.0	2122.582763671875
2191.0	2211.0	2123.152099609375
2191.0	2208.0	2123.68115234375
2191.0	2209.0	2124.138427734375
2192.0	2208.0	2121.587158203125
2192.0	2211.0	2122.01904296875
2192.0	2210.0	2122.471435546875
2192.0	2207.0	2122.8642578125
2189.0	2209.0	2132.21728515625
2188.0	2210.0	2135.55810546875
2189.0	2209.0	2132.84716796875
2202.0	2210.0	2094.1494140625
2194.0	2197.0	2118.623779296875
2185.0	2196.0	2145.65185546875
2190.0	2198.0	2129.959228515625
2183.0	2194.0	2150.39404296875
2178.0	2195.0	2164.772705078125
2184.0	2195.0	2146.19873046875
2184.0	2194.0	2145.64111328125
2184.0	2196.0	2145.1298828125
2174.0	2193.0	2174.6787109375
2185.0	2196.0	2141.09423828125
2183.0	2196.0	2146.632568359375
2170.0	2195.0	2184.99462890625
2171.0	2181.0	2180.4619140625
2171.0	2182.0	2178.946044921875
2173.0	2182.0	2171.5888671875
2171.0	2182.0	2176.271484375
2172.0	2185.0	2172.044189453125
2171.0	2183.0	2173.859130859375
2172.0	2183.0	2169.697265625
2172.0	2184.0	2168.638427734375
2171.0	2170.0	2170.61865234375
2163.0	2170.0	2193.37646484375
2162.0	2169.0	2194.450927734375
2163.0	2172.0	2189.5966796875
2162.0	2169.0	2190.81494140625
2161.0	2171.0	2192.189453125
2162.0	2170.0	2187.621826171875
2162.0	2170.0	2186.1611328125
2153.0	2171.0	2211.257568359375
2152.0	2172.0	2211.92724609375
2151.0	2169.0	2212.623046875
2152.0	2157.0	2207.487548828125
2154.0	2159.0	2199.399658203125
2152.0	2158.0	2203.45263671875
2153.0	2157.0	2198.552978515625
2154.0	2156.0	2193.940185546875
2143.0	2158.0	2224.538818359375
2142.0	2156.0	2225.067138671875
2145.0	2160.0	2213.722900390625
2133.0	2161.0	2247.20751953125
2132.0	2158.0	2246.91796875
2132.0	2157.0	2243.8271484375
2132.0	2146.0	2241.082763671875
2132.0	2144.0	2238.357666015625
2132.0	2145.0	2235.6806640625
2134.0	2143.0	2227.150146484375
2132.0	2144.0	2230.939453125
2135.0	2145.0	2219.83642578125
2132.0	2144.0	2226.744873046875
2132.0	2142.0	2224.7783203125
2133.0	2145.0	2219.920166015625
2132.0	2143.0	2221.193603515625
2135.0	2154.0	2210.604736328125
2132.0	2143.0	2218.06591796875
2133.0	2161.0	2213.513427734375
2133.0	2152.0	2212.184814453125
2133.0	2157.0	2210.8681640625
2133.0	2149.0	2209.5556640625
2137.0	2145.0	2196.3232421875
2133.0	2142.0	2207.29052734375
2132.0	2146.0	2209.27392578125
2133.0	2147.0	2205.1796875
2134.0	2146.0	2201.265625
2134.0	2145.0	2200.30908203125
2132.0	2146.0	2205.44677734375
2143.0	2142.0	2172.33203125
2140.0	2144.0	2181.6484375
2142.0	2147.0	2175.900390625
2139.0	2145.0	2185.143798828125
2141.0	2144.0	2179.29443359375
2143.0	2145.0	2173.529541015625
2146.0	2145.0	2164.727294921875
2154.0	2144.0	2141.8525390625
2156.0	2145.0	2137.01513671875
2152.0	2144.0	2150.1220703125
2155.0	2146.0	2142.16845703125
2152.0	2142.0	2152.08740234375
2149.0	2147.0	2161.979248046875
2156.0	2146.0	2141.795166015625
2151.0	2145.0	2157.748291015625
2154.0	2145.0	2149.51318359375
2153.0	2143.0	2153.216064453125
2151.0	2145.0	2159.931640625
2164.0	2144.0	2122.360595703125
2163.0	2141.0	2127.0361328125
2161.0	2144.0	2134.708740234375
2162.0	2145.0	2133.279296875
2161.0	2158.0	2137.718505859375
2162.0	2156.0	2136.11669921875
2162.0	2156.0	2137.478759765625
2162.0	2157.0	2138.76318359375
2162.0	2157.0	2139.904296875
2162.0	2157.0	2140.96728515625
2171.0	2156.0	2115.63818359375
2172.0	2171.0	2114.5654296875
2173.0	2169.0	2113.37255859375
2171.0	2171.0	2121.149169921875
2173.0	2171.0	2116.708251953125
2173.0	2171.0	2118.2236328125
2172.0	2170.0	2122.7109375
2170.0	2170.0	2130.186767578125
2171.0	2170.0	2128.459716796875
2174.0	2184.0	2120.67822265625
2171.0	2182.0	2130.845947265625
2172.0	2182.0	2128.939453125
2172.0	2184.0	2129.987060546875
2134.0	2184.0	2245.066650390625
2171.0	2182.0	2134.720458984375
2170.0	2183.0	2138.536376953125
2172.0	2183.0	2133.430908203125
2172.0	2196.0	2134.239501953125
2173.0	2197.0	2131.97509765625
2172.0	2196.0	2135.66162109375
2174.0	2187.0	2130.47412109375
2174.0	2195.0	2131.118896484375
2172.0	2196.0	2137.701171875
2174.0	2197.0	2132.30419921875
2170.0	2196.0	2144.904052734375
2171.0	2195.0	2142.373779296875
2171.0	2196.0	2142.853271484375
2171.0	2207.0	2143.37744140625
2175.0	2208.0	2131.861572265625
2173.0	2216.0	2138.339111328125
2172.0	2222.0	2141.78564453125
2170.0	2215.0	2148.070068359375
2172.0	2205.0	2142.41455078125
2164.0	2215.0	2166.749267578125
2164.0	2205.0	2165.819580078125
2164.0	2217.0	2165.14013671875
2165.0	2204.0	2161.47314453125
2164.0	2211.0	2163.82958984375
2164.0	2208.0	2163.214111328125
2163.0	2208.0	2165.65966796875
2162.0	2207.0	2168.140869140625
2162.0	2211.0	2167.59375
2162.0	2213.0	2167.109619140625
2163.0	2205.0	2163.632080078125
2162.0	2205.0	2166.23193359375
2161.0	2207.0	2168.778076171875
2163.0	2210.0	2162.34228515625
2154.0	2210.0	2188.015869140625
2151.0	2205.0	2195.58544921875
2152.0	2210.0	2191.2158203125
2153.0	2209.0	2186.93212890625
2152.0	2209.0	2188.68896484375
2150.0	2206.0	2193.552978515625
2151.0	2208.0	2189.4501953125
2150.0	2208.0	2191.365966796875
2150.0	2209.0	2190.326904296875
2149.0	2209.0	2192.419189453125
2149.0	2208.0	2191.43798828125
2119.0	2209.0	2279.995849609375
2145.0	2210.0	2200.1904296875
2145.0	2209.0	2198.572021484375
2136.0	2210.0	2224.052001953125
2132.0	2211.0	2233.688232421875
2134.0	2208.0	2225.29443359375
2133.0	2210.0	2226.035888671875
2138.0	2208.0	2209.00732421875
2136.0	2208.0	2213.108154296875
2139.0	2209.0	2202.28271484375
2133.0	2207.0	2218.472412109375
2130.0	2210.0	2225.779052734375
2133.0	2209.0	2215.166015625
2135.0	2212.0	2207.54345703125
2136.0	2210.0	2203.072265625
2135.0	2210.0	2204.638671875
2133.0	2210.0	2209.343994140625
2133.0	2209.0	2208.0400390625
2136.0	2211.0	2197.787841796875
2132.0	2195.0	2208.69873046875
2135.0	2195.0	2198.682861328125
2134.0	2197.0	2200.683837890625
2135.0	2196.0	2196.824462890625
2135.0	2196.0	2195.972412109375
2132.0	2195.0	2204.209228515625
2135.0	2196.0	2194.298095703125
2132.0	2195.0	2202.447509765625
2133.0	2195.0	2198.6474609375
2136.0	2195.0	2189.037841796875
2134.0	2183.0	2194.397705078125
2134.0	2183.0	2193.7333984375
2133.0	2185.0	2196.078857421875
2134.0	2183.0	2192.516845703125
2132.0	2182.0	2197.960693359375
2131.0	2184.0	2200.383056640625
2133.0	2184.0	2193.90234375
2133.0	2183.0	2193.498291015625
2133.0	2183.0	2193.0322265625
2133.0	2183.0	2192.544677734375
2133.0	2183.0	2192.1806640625
2134.0	2171.0	2188.806884765625
2133.0	2171.0	2191.486083984375
2132.0	2171.0	2194.217529296875
2132.0	2172.0	2193.88330078125
2132.0	2170.0	2193.5751953125
2143.0	2170.0	2161.277587890625
2142.0	2170.0	2165.0380859375
2143.0	2168.0	2162.725830078125
2143.0	2168.0	2163.454345703125
2151.0	2170.0	2140.60107421875
2152.0	2171.0	2139.213623046875
2151.0	2170.0	2143.694580078125
2151.0	2168.0	2145.117919921875
2151.0	2170.0	2146.4873046875
2155.0	2171.0	2135.742919921875
2153.0	2170.0	2143.027587890625
2163.0	2170.0	2114.90625
2165.0	2170.0	2110.955322265625
2162.0	2170.0	2122.001953125
2162.0	2156.0	2123.992431640625
2162.0	2157.0	2125.884033203125
2172.0	2156.0	2097.56103515625
2173.0	2160.0	2097.227783203125
2170.0	2158.0	2108.69873046875
2172.0	2156.0	2105.03271484375
2172.0	2157.0	2107.275146484375
2172.0	2157.0	2109.544677734375
2176.0	2157.0	2099.626708984375
2171.0	2155.0	2116.61669921875
2172.0	2157.0	2115.4189453125
2173.0	2158.0	2114.156494140625
2181.0	2143.0	2091.6884765625
2183.0	2145.0	2088.33984375
2181.0	2144.0	2096.900390625
2182.0	2145.0	2096.365478515625
2184.0	2144.0	2092.60205078125
2182.0	2145.0	2100.689697265625
2181.0	2144.0	2105.657958984375
2181.0	2144.0	2107.58154296875
2182.0	2144.0	2106.412109375
2181.0	2145.0	2111.191162109375
2182.0	2145.0	2109.970703125
2183.0	2145.0	2108.46728515625
2181.0	2146.0	2115.94970703125
2182.0	2144.0	2114.257568359375
2192.0	2144.0	2085.90087890625
2192.0	2145.0	2088.042236328125
2192.0	2142.0	2090.0712890625
2193.0	2146.0	2089.014404296875
2190.0	2145.0	2099.794921875
2190.0	2141.0	2101.51904296875
2190.0	2140.0	2103.093505859375
2191.0	2149.0	2101.614013671875
2190.0	2153.0	2106.08203125
2190.0	2148.0	2107.407470703125
2192.0	2148.0	2102.75048828125
2190.0	2147.0	2110.044189453125
2191.0	2144.0	2108.180908203125
2191.0	2150.0	2109.2822265625
2190.0	2149.0	2113.3134765625
2193.0	2148.0	2105.33984375
2184.0	2147.0	2132.40625
2182.0	2151.0	2138.361328125
2182.0	2146.0	2138.37255859375
2182.0	2138.0	2138.33056640625
2182.0	2144.0	2138.191162109375
2183.0	2151.0	2135.037841796875
2180.0	2143.0	2143.874267578125
2181.0	2147.0	2140.75390625
2182.0	2145.0	2137.67236328125
2183.0	2137.0	2134.526611328125
2171.0	2149.0	2169.439208984375
2172.0	2146.0	2165.275146484375
2174.0	2148.0	2158.226318359375
2171.0	2147.0	2166.220947265625
2174.0	2148.0	2156.225341796875
2190.0	2149.0	2107.278076171875
2171.0	2144.0	2163.47314453125
2171.0	2154.0	2162.609130859375
2161.0	2161.0	2191.737060546875
2162.0	2158.0	2186.91552734375
2162.0	2152.0	2185.225830078125
2160.0	2155.0	2189.627685546875
2163.0	2159.0	2179.083984375
2164.0	2157.0	2174.598876953125
2163.0	2170.0	2176.277587890625
2151.0	2168.0	2210.820556640625
2153.0	2169.0	2202.493896484375
2151.0	2168.0	2206.232177734375
2151.0	2169.0	2204.212890625
2152.0	2172.0	2199.25146484375
2151.0	2168.0	2200.408203125
2153.0	2167.0	2192.60595703125
2142.0	2171.0	2223.552734375
2142.0	2169.0	2220.98974609375
2143.0	2185.0	2215.543212890625
2132.0	2179.0	2245.904296875
2131.0	2183.0	2245.596923828125
2132.0	2183.0	2239.47265625
2132.0	2183.0	2236.525634765625
2133.0	2183.0	2230.666015625
2132.0	2183.0	2231.050048828125
2133.0	2185.0	2225.54150390625
2132.0	2182.0	2226.2001953125
2133.0	2183.0	2220.949951171875
2123.0	2184.0	2248.930908203125
2121.0	2197.0	2251.963623046875
2122.0	2198.0	2245.97900390625
2121.0	2198.0	2246.304443359375
2118.0	2199.0	2252.814208984375
2121.0	2198.0	2241.355712890625
2117.0	2197.0	2251.021240234375
2123.0	2195.0	2230.7734375
2125.0	2198.0	2222.712890625
2125.0	2195.0	2220.822265625
2130.0	2195.0	2204.0517578125
2127.0	2195.0	2211.384521484375
2130.0	2194.0	2200.820068359375
2123.0	2196.0	2220.41552734375
2127.0	2196.0	2207.043701171875
2127.0	2208.0	2205.72265625
2124.0	2209.0	2213.479248046875
2125.0	2209.0	2209.296630859375
2124.0	2208.0	2211.088134765625
2125.0	2208.0	2207.00146484375
2126.0	2210.0	2203.12060546875
2128.0	2207.0	2196.242431640625
2128.0	2209.0	2195.295166015625
2130.0	2207.0	2188.498779296875
2124.0	2207.0	2205.850341796875
2127.0	2209.0	2196.133056640625
2125.0	2209.0	2201.440185546875
2119.0	2206.0	2218.8740234375
2125.0	2208.0	2200.24267578125
2085.0	2208.0	2319.740478515625
2124.0	2207.0	2201.799072265625
2121.0	2209.0	2210.36181640625
2123.0	2209.0	2203.859130859375
2121.0	2210.0	2209.460693359375
2124.0	2209.0	2199.86376953125
2121.0	2209.0	2208.490234375
2133.0	2209.0	2172.783935546875
2132.0	2209.0	2176.315673828125
2134.0	2210.0	2170.78271484375
2132.0	2210.0	2177.313720703125
2133.0	2208.0	2174.751953125
2133.0	2208.0	2175.283935546875
2135.0	2209.0	2169.73388671875
2134.0	2208.0	2173.1748046875
2135.0	2209.0	2170.597900390625
2133.0	2195.0	2177.029296875
2132.0	2198.0	2180.3916015625
2136.0	2198.0	2168.686767578125
2143.0	2196.0	2148.03564453125
2144.0	2195.0	2146.45703125
2145.0	2198.0	2144.832275390625
2142.0	2195.0	2155.086181640625
2144.0	2195.0	2150.264404296875
2156.0	2196.0	2116.0791015625
2152.0	2196.0	2130.162841796875
2152.0	2195.0	2132.054443359375
2151.0	2184.0	2136.872314453125
2138.0	2183.0	2177.6875
2151.0	2182.0	2140.171630859375
2154.0	2185.0	2132.6513671875
2162.0	2185.0	2110.132080078125
2163.0	2181.0	2109.686279296875
2161.0	2183.0	2118.0146484375
2163.0	2183.0	2114.17529296875
2161.0	2170.0	2122.342041015625
2164.0	2171.0	2115.308349609375
2163.0	2172.0	2120.24609375
2162.0	2170.0	2125.0166015625
2171.0	2170.0	2099.7119140625
2171.0	2170.0	2102.32275390625
2171.0	2170.0	2104.716796875
2171.0	2168.0	2107.06884765625
2173.0	2170.0	2103.237548828125
2173.0	2171.0	2105.315673828125
2174.0	2158.0	2104.248779296875
2172.0	2157.0	2112.1689453125
2171.0	2156.0	2116.948486328125
2173.0	2156.0	2112.655029296875
2172.0	2157.0	2117.31689453125
2172.0	2156.0	2118.7880859375
2171.0	2157.0	2123.1875
2171.0	2144.0	2124.47265625
2172.0	2144.0	2122.69677734375
2181.0	2144.0	2097.47412109375
2182.0	2145.0	2096.66357421875
2182.0	2146.0	2098.741943359375
2182.0	2143.0	2100.675048828125
2183.0	2145.0	2099.521484375
2181.0	2145.0	2107.284423828125
2182.0	2144.0	2105.89794921875
2183.0	2145.0	2104.431396484375
2184.0	2148.0	2102.9541015625
2181.0	2132.0	2113.35009765625
2182.0	2133.0	2111.60888671875
2182.0	2131.0	2112.837890625
2181.0	2134.0	2117.00439453125
2181.0	2131.0	2118.07861328125
2180.0	2131.0	2122.08935546875
2184.0	2131.0	2111.03271484375
2181.0	2132.0	2121.001953125
2181.0	2130.0	2121.909912109375
2184.0	2132.0	2113.674072265625
2182.0	2131.0	2120.468017578125
2181.0	2131.0	2124.193603515625
2180.0	2133.0	2127.877685546875
2171.0	2130.0	2155.234130859375
2171.0	2131.0	2154.735595703125
2170.0	2129.0	2157.28466796875
2171.0	2132.0	2153.710693359375
2172.0	2131.0	2150.361328125
2171.0	2130.0	2152.996337890625
2173.0	2130.0	2146.66357421875
2174.0	2130.0	2143.309814453125
2170.0	2130.0	2154.959228515625
2174.0	2130.0	2142.613525390625
2172.0	2130.0	2148.305419921875
2172.0	2132.0	2148.043212890625
2173.0	2130.0	2144.7939453125
2172.0	2131.0	2147.5810546875
2175.0	2132.0	2138.275390625
2164.0	2131.0	2170.62060546875
2161.0	2130.0	2178.3935546875
2162.0	2131.0	2174.229736328125
2162.0	2145.0	2173.1181640625
2162.0	2146.0	2172.00927734375
2163.0	2144.0	2168.00537109375
2163.0	2146.0	2167.02734375
2162.0	2147.0	2169.14111328125
2162.0	2145.0	2168.27294921875
2162.0	2144.0	2167.2978515625
2162.0	2143.0	2166.61279296875
2152.0	2144.0	2195.16455078125
2154.0	2143.0	2187.445556640625
2152.0	2145.0	2191.864990234375
2152.0	2157.0	2190.289306640625
2152.0	2157.0	2188.891357421875
2151.0	2157.0	2190.48291015625
2153.0	2156.0	2183.167724609375
2151.0	2156.0	2187.9951171875
2152.0	2157.0	2183.820068359375
2143.0	2171.0	2209.267333984375
2143.0	2171.0	2207.373779296875
2143.0	2170.0	2205.512939453125
2143.0	2172.0	2203.73876953125
2133.0	2172.0	2232.013671875
2132.0	2171.0	2232.211669921875
2135.0	2172.0	2220.530029296875
2132.0	2171.0	2227.058837890625
2132.0	2170.0	2224.61865234375
2133.0	2183.0	2219.37646484375
2132.0	2186.0	2220.243408203125
2133.0	2182.0	2215.175048828125
2133.0	2183.0	2213.25439453125
2133.0	2185.0	2211.440673828125
2133.0	2183.0	2209.751953125
2133.0	2183.0	2208.160400390625
2132.0	2186.0	2209.6474609375
2135.0	2183.0	2199.186279296875
2133.0	2183.0	2203.923828125
2132.0	2195.0	2205.603759765625
2134.0	2197.0	2198.399658203125
2134.0	2194.0	2197.24609375
2133.0	2195.0	2199.181640625
2133.0	2196.0	2198.19384765625
2131.0	2197.0	2203.22705078125
2134.0	2195.0	2193.29443359375
2132.0	2196.0	2198.421630859375
2132.0	2195.0	2197.6435546875
2131.0	2207.0	2199.931396484375
2132.0	2207.0	2196.405029296875
2133.0	2208.0	2192.77978515625
2133.0	2209.0	2192.152587890625
2132.0	2208.0	2194.51416015625
2133.0	2208.0	2190.913330078125
2132.0	2207.0	2193.421875
2133.0	2209.0	2189.801513671875
2132.0	2209.0	2192.361328125
2131.0	2208.0	2194.9208984375
2134.0	2206.0	2185.553955078125
2133.0	2208.0	2188.289794921875
2144.0	2211.0	2155.30615234375
2145.0	2207.0	2153.010498046875
2142.0	2210.0	2162.80712890625
2144.0	2209.0	2157.4912109375
2143.0	2210.0	2161.12109375
2144.0	2208.0	2158.7021484375
2143.0	2209.0	2162.205810546875
2149.0	2208.0	2145.427490234375
2152.0	2209.0	2137.841552734375
2154.0	2207.0	2133.200439453125
2151.0	2207.0	2143.44091796875
2153.0	2209.0	2138.649169921875
2153.0	2209.0	2139.71484375
2153.0	2208.0	2140.884765625
2151.0	2208.0	2147.983154296875
2151.0	2208.0	2148.934814453125
2151.0	2207.0	2149.893310546875
2154.0	2208.0	2141.8232421875
2154.0	2207.0	2142.67041015625
2161.0	2209.0	2122.906005859375
2161.0	2208.0	2124.73388671875
2164.0	2207.0	2117.453369140625
2163.0	2207.0	2122.135009765625
2162.0	2208.0	2126.750244140625
2163.0	2208.0	2125.185546875
2161.0	2207.0	2132.552490234375
2163.0	2209.0	2127.826416015625
2163.0	2210.0	2129.0439453125
2162.0	2207.0	2133.233154296875
2162.0	2207.0	2134.34619140625
2162.0	2206.0	2135.398681640625
2164.0	2206.0	2130.295166015625
2162.0	2206.0	2137.24169921875
2162.0	2211.0	2138.131103515625
2164.0	2207.0	2133.017822265625
2161.0	2209.0	2142.832275390625
2164.0	2194.0	2134.539794921875
2171.0	2195.0	2114.523681640625
2172.0	2190.0	2113.1845703125
2175.0	2191.0	2105.77392578125
2171.0	2193.0	2119.28076171875
2171.0	2187.0	2120.68505859375
2172.0	2196.0	2119.060302734375
2171.0	2199.0	2123.32470703125
2171.0	2194.0	2124.52783203125
2170.0	2189.0	2128.654052734375
2171.0	2185.0	2126.685546875
2172.0	2184.0	2124.63330078125
2171.0	2187.0	2128.530517578125
2171.0	2196.0	2129.404541015625
2171.0	2191.0	2130.234130859375
2170.0	2180.0	2134.06005859375
2169.0	2190.0	2137.803955078125
2171.0	2167.0	2132.5322265625
2162.0	2175.0	2159.853515625
2162.0	2170.0	2159.501708984375
2162.0	2174.0	2159.166748046875
2164.0	2168.0	2152.93798828125
2163.0	2172.0	2155.60791015625
2162.0	2180.0	2158.275634765625
2164.0	2175.0	2151.881591796875
2163.0	2169.0	2154.616943359375
2162.0	2155.0	2157.404541015625
2161.0	2150.0	2160.255126953125
2163.0	2160.0	2154.053466796875
2162.0	2151.0	2156.954345703125
2162.0	2149.0	2156.76025390625
2162.0	2149.0	2156.521484375
2152.0	2143.0	2186.205322265625
2153.0	2142.0	2181.905517578125
2150.0	2143.0	2189.666748046875
2150.0	2142.0	2188.508544921875
2153.0	2143.0	2178.439697265625
2151.0	2140.0	2183.39794921875
2154.0	2129.0	2173.491455078125
2152.0	2129.0	2178.558349609375
2152.0	2128.0	2177.698486328125
2154.0	2129.0	2170.88671875
2153.0	2131.0	2173.16650390625
2152.0	2128.0	2175.585205078125
2152.0	2129.0	2174.8857421875
2145.0	2129.0	2194.438720703125
2141.0	2131.0	2204.943359375
2143.0	2130.0	2197.443115234375
2143.0	2119.0	2196.034912109375
2145.0	2119.0	2188.726318359375
2133.0	2118.0	2223.377685546875
2134.0	2118.0	2217.962158203125
2132.0	2119.0	2221.68603515625
2133.0	2117.0	2216.53271484375
2133.0	2118.0	2214.524658203125
2132.0	2118.0	2215.745849609375
2132.0	2117.0	2213.9951171875
2133.0	2118.0	2209.3037109375
2132.0	2118.0	2210.69970703125
2132.0	2120.0	2209.153076171875
2133.0	2120.0	2204.735595703125
2133.0	2121.0	2203.55224609375
2123.0	2120.0	2231.35791015625
2125.0	2119.0	2223.135009765625
2125.0	2119.0	2221.057373046875
2125.0	2118.0	2219.02880859375
2125.0	2118.0	2217.09765625
2125.0	2117.0	2215.2841796875
2123.0	2117.0	2219.62890625
2124.0	2117.0	2215.080810546875
2124.0	2118.0	2213.627685546875
2123.0	2116.0	2215.44140625
2123.0	2131.0	2214.154296875
2124.0	2130.0	2209.94775390625
2125.0	2132.0	2205.602783203125
2123.0	2131.0	2210.423583984375
2125.0	2130.0	2203.31982421875
2124.0	2131.0	2205.251220703125
2124.0	2129.0	2204.33447265625
2124.0	2128.0	2203.428955078125
2124.0	2130.0	2202.69970703125
2125.0	2131.0	2198.876953125
2123.0	2129.0	2204.169189453125
2124.0	2143.0	2200.46142578125
2125.0	2144.0	2196.794189453125
2123.0	2143.0	2202.280517578125
2123.0	2144.0	2201.6357421875
2127.0	2143.0	2189.066162109375
2126.0	2146.0	2191.4990234375
2123.0	2142.0	2200.02734375
2125.0	2146.0	2193.576904296875
2124.0	2143.0	2196.210205078125
2101.0	2144.0	2265.904541015625
2133.0	2157.0	2170.2939453125
2133.0	2157.0	2170.878662109375
2140.0	2156.0	2150.32861328125
2133.0	2157.0	2171.77978515625
2134.0	2157.0	2169.115478515625
2132.0	2158.0	2175.4736328125
2133.0	2156.0	2172.89111328125
2135.0	2172.0	2167.20703125
2132.0	2171.0	2176.519287109375
2133.0	2172.0	2173.83544921875
2135.0	2170.0	2168.172607421875
2143.0	2169.0	2145.059814453125
2143.0	2170.0	2146.4453125
2146.0	2173.0	2138.76123046875
2141.0	2170.0	2154.970703125
2154.0	2172.0	2117.063720703125
2152.0	2171.0	2125.136962890625
2154.0	2184.0	2121.148681640625
2151.0	2182.0	2132.042724609375
2151.0	2184.0	2133.78564453125
2152.0	2182.0	2132.500732421875
2152.0	2183.0	2134.03125
2152.0	2183.0	2135.554931640625
2151.0	2185.0	2139.98828125
2152.0	2184.0	2138.32470703125
2162.0	2181.0	2109.7255859375
2162.0	2183.0	2112.05810546875
2164.0	2196.0	2108.204833984375
2163.0	2194.0	2113.272216796875
2164.0	2197.0	2112.23046875
2162.0	2195.0	2120.137939453125
2163.0	2196.0	2118.802734375
2161.0	2194.0	2126.49462890625
2162.0	2195.0	2125.010009765625
2164.0	2194.0	2120.50927734375
2173.0	2197.0	2094.949462890625
2172.0	2195.0	2100.364990234375
2171.0	2195.0	2105.5966796875
2171.0	2194.0	2107.703369140625
2172.0	2195.0	2106.6982421875
2170.0	2194.0	2114.58154296875
2171.0	2195.0	2113.324951171875
2171.0	2195.0	2114.99365234375
2171.0	2194.0	2116.57763671875
2172.0	2194.0	2115.17041015625
2175.0	2197.0	2107.582275390625
2172.0	2197.0	2117.9697265625
2171.0	2193.0	2122.287353515625
2171.0	2196.0	2123.490478515625
2171.0	2198.0	2124.693603515625
2174.0	2193.0	2116.788818359375
2173.0	2194.0	2120.8203125
2173.0	2186.0	2121.79931640625
2171.0	2181.0	2128.7080078125
2172.0	2181.0	2126.548583984375
2172.0	2184.0	2127.32373046875
2171.0	2184.0	2131.12109375
2173.0	2182.0	2125.799560546875
2175.0	2183.0	2120.477294921875
2172.0	2183.0	2130.156494140625
2172.0	2185.0	2130.76220703125
2171.0	2182.0	2134.356689453125
2171.0	2171.0	2134.87451171875
2172.0	2172.0	2132.40234375
2172.0	2172.0	2132.9052734375
2172.0	2172.0	2133.377197265625
2173.0	2169.0	2130.7958984375
2174.0	2171.0	2128.1572265625
2172.0	2171.0	2134.575927734375
2172.0	2171.0	2135.0712890625
2171.0	2158.0	2138.452880859375
2162.0	2158.0	2165.69140625
2162.0	2157.0	2164.970703125
2162.0	2157.0	2164.240234375
2163.0	2157.0	2160.697265625
2162.0	2156.0	2163.132568359375
2162.0	2144.0	2162.658203125
2164.0	2146.0	2156.10595703125
2165.0	2144.0	2152.55419921875
2164.0	2143.0	2155.104248046875
2151.0	2145.0	2193.38916015625
2154.0	2144.0	2182.7470703125
2152.0	2143.0	2187.24169921875
2151.0	2145.0	2188.781982421875
2153.0	2143.0	2181.3642578125
2153.0	2129.0	2180.2177734375
2152.0	2131.0	2182.08154296875
2149.0	2131.0	2189.9921875
2140.0	2131.0	2215.7099609375
2143.0	2129.0	2204.621337890625
2151.0	2132.0	2178.688232421875
2138.0	2133.0	2215.8203125
2139.0	2130.0	2210.0107421875
2132.0	2130.0	2228.396484375
2136.0	2117.0	2213.842041015625
2131.0	2115.0	2226.4052734375
2136.0	2117.0	2209.11181640625
2146.0	2120.0	2177.062255859375
2131.0	2118.0	2220.08984375
2133.0	2117.0	2212.304443359375
2125.0	2119.0	2234.321533203125
2120.0	2120.0	2246.617919921875
2122.0	2119.0	2238.05322265625
2123.0	2118.0	2232.59033203125
2121.0	2119.0	2236.359130859375
2123.0	2116.0	2228.1708984375
2122.0	2105.0	2229.1181640625
2122.0	2105.0	2227.19580078125
2124.0	2106.0	2219.364013671875
2112.0	2106.0	2253.55517578125
2113.0	2108.0	2247.791259765625
2113.0	2103.0	2245.217529296875
2112.0	2107.0	2245.7685546875
2115.0	2103.0	2234.44921875
2113.0	2105.0	2238.257568359375
2113.0	2102.0	2236.21044921875
2112.0	2103.0	2237.288818359375
2113.0	2103.0	2232.460693359375
2116.0	2106.0	2221.73974609375
2113.0	2105.0	2229.118408203125
2112.0	2108.0	2230.65234375
2112.0	2104.0	2229.12451171875
2113.0	2108.0	2224.801513671875
2114.0	2106.0	2220.4990234375
2113.0	2114.0	2222.257080078125
2113.0	2116.0	2221.08935546875
2113.0	2120.0	2219.85302734375
2113.0	2122.0	2218.771240234375
2123.0	2120.0	2188.0712890625
2123.0	2121.0	2188.265869140625
2124.0	2123.0	2185.36962890625
2124.0	2119.0	2185.453857421875
2123.0	2120.0	2188.5498046875
2125.0	2118.0	2182.67431640625
2123.0	2118.0	2188.832763671875
2123.0	2116.0	2188.973388671875
2124.0	2132.0	2186.08056640625
2126.0	2132.0	2180.21044921875
2133.0	2126.0	2159.595703125
2133.0	2132.0	2160.728271484375
2133.0	2126.0	2161.80224609375
2134.0	2136.0	2159.8994140625
2132.0	2129.0	2166.814208984375
2100.0	2131.0	2263.859619140625
2134.0	2141.0	2162.53125
2144.0	2144.0	2133.900634765625
2143.0	2149.0	2138.7509765625
2153.0	2139.0	2110.6455078125
2155.0	2152.0	2107.314208984375
2155.0	2152.0	2109.8369140625
2154.0	2151.0	2115.21728515625
2152.0	2155.0	2123.4638671875
2152.0	2163.0	2125.551513671875
2162.0	2150.0	2098.16796875
2163.0	2158.0	2098.106201171875
2163.0	2161.0	2100.90869140625
2163.0	2153.0	2103.56005859375
2163.0	2169.0	2106.05126953125
2165.0	2169.0	2102.461669921875
2172.0	2169.0	2084.590576171875
2173.0	2169.0	2084.67431640625
2172.0	2169.0	2090.70361328125
2171.0	2169.0	2096.59130859375
2173.0	2171.0	2093.39208984375
2172.0	2171.0	2098.89208984375
2171.0	2170.0	2104.25927734375
2171.0	2181.0	2106.50439453125
2172.0	2183.0	2105.5908203125
2173.0	2183.0	2104.511474609375
2182.0	2184.0	2080.27734375
2181.0	2182.0	2086.055908203125
2181.0	2182.0	2088.69091796875
2183.0	2183.0	2085.155517578125
2182.0	2182.0	2090.53662109375
2182.0	2182.0	2092.810546875
2183.0	2185.0	2091.92578125
2181.0	2195.0	2099.985595703125
2182.0	2195.0	2098.778564453125
2182.0	2195.0	2100.5498046875
2183.0	2195.0	2099.284912109375
2183.0	2196.0	2100.912109375
2181.0	2196.0	2108.4814453125
2181.0	2197.0	2109.85791015625
2181.0	2196.0	2111.322265625
2181.0	2196.0	2112.694580078125
2181.0	2196.0	2114.07421875
2182.0	2197.0	2112.2353515625
2183.0	2197.0	2110.3623046875
2182.0	2198.0	2114.44287109375
2182.0	2197.0	2115.4462890625
2180.0	2197.0	2122.42236328125
2184.0	2195.0	2111.401611328125
2182.0	2197.0	2118.121826171875
2181.0	2198.0	2121.84423828125
2183.0	2198.0	2116.511962890625
2182.0	2198.0	2120.118408203125
2182.0	2196.0	2120.693603515625
2183.0	2196.0	2118.35400390625
2182.0	2196.0	2121.853271484375
2181.0	2197.0	2125.27197265625
2181.0	2183.0	2125.702880859375
2183.0	2184.0	2120.082763671875
2172.0	2181.0	2153.15087890625
2170.0	2182.0	2158.493896484375
2171.0	2182.0	2154.82958984375
2173.0	2184.0	2148.212158203125
2172.0	2185.0	2150.611572265625
2172.0	2184.0	2150.048095703125
2174.0	2172.0	2143.4931640625
2172.0	2171.0	2148.970703125
2172.0	2171.0	2148.4892578125
2170.0	2171.0	2154.0537109375
2162.0	2169.0	2177.2919921875
2164.0	2172.0	2169.881103515625
2162.0	2157.0	2174.568603515625
2163.0	2157.0	2170.262451171875
2163.0	2156.0	2169.118896484375
2163.0	2160.0	2167.98583984375
2162.0	2157.0	2169.890869140625
2154.0	2156.0	2191.919189453125
2152.0	2144.0	2195.902099609375
2151.0	2144.0	2197.000244140625
2151.0	2144.0	2195.17724609375
2153.0	2145.0	2187.47900390625
2152.0	2143.0	2188.84521484375
2145.0	2147.0	2208.1259765625
2142.0	2145.0	2214.823974609375
2143.0	2132.0	2209.55908203125
2144.0	2131.0	2204.294189453125
2133.0	2131.0	2234.705078125
2133.0	2128.0	2231.657470703125
2134.0	2133.0	2225.746826171875
2131.0	2117.0	2231.998046875
2131.0	2119.0	2229.40966796875
2133.0	2119.0	2221.000244140625
2127.0	2116.0	2236.58349609375
2123.0	2118.0	2245.4150390625
2124.0	2120.0	2239.3798828125
2124.0	2119.0	2236.538330078125
2126.0	2120.0	2227.83447265625
2123.0	2105.0	2234.321044921875
2118.0	2104.0	2246.33203125
2115.0	2106.0	2252.012451171875
2113.0	2104.0	2254.791748046875
2113.0	2107.0	2251.7861328125
2114.0	2105.0	2245.979248046875
2114.0	2105.0	2243.355712890625
2114.0	2105.0	2240.830810546875
2114.0	2103.0	2238.442138671875
2117.0	2105.0	2227.127685546875
2112.0	2106.0	2239.954345703125
2114.0	2105.0	2231.825439453125
2114.0	2092.0	2229.909912109375
2118.0	2092.0	2216.06201171875
2115.0	2092.0	2223.2763671875
2115.0	2092.0	2221.702392578125
2103.0	2094.0	2255.541259765625
2104.0	2093.0	2250.19970703125
2106.0	2094.0	2241.905029296875
2106.0	2092.0	2239.75634765625
2106.0	2092.0	2237.707275390625
2107.0	2094.0	2232.841552734375
2104.0	2091.0	2240.10791015625
2106.0	2091.0	2232.397216796875
2118.0	2093.0	2194.77001953125
2104.0	2104.0	2235.361328125
2103.0	2106.0	2236.9140625
2101.0	2105.0	2241.55419921875
2115.0	2104.0	2198.829345703125
2110.0	2105.0	2213.649169921875
2116.0	2106.0	2195.473876953125
2111.0	2104.0	2210.46728515625
2117.0	2106.0	2192.2919921875
2117.0	2107.0	2192.18701171875
2114.0	2106.0	2201.039306640625
2117.0	2105.0	2191.816650390625
2114.0	2105.0	2200.763427734375
2121.0	2120.0	2179.472900390625
2112.0	2118.0	2206.28857421875
2115.0	2118.0	2197.261962890625
2127.0	2119.0	2161.13427734375
2115.0	2117.0	2197.176025390625
2119.0	2117.0	2185.021240234375
2122.0	2119.0	2176.77001953125
2123.0	2131.0	2174.66259765625
2122.0	2128.0	2178.39599609375
2121.0	2131.0	2182.205078125
2122.0	2130.0	2179.92041015625
2121.0	2131.0	2183.6015625
2122.0	2144.0	2181.2265625
2132.0	2144.0	2152.154052734375
2132.0	2144.0	2153.8271484375
2132.0	2144.0	2155.31103515625
2133.0	2147.0	2153.790771484375
2131.0	2144.0	2161.165283203125
2135.0	2154.0	2150.4599609375
2144.0	2157.0	2125.456787109375
2142.0	2156.0	2133.676025390625
2151.0	2159.0	2109.1357421875
2153.0	2158.0	2106.046630859375
2152.0	2168.0	2111.87548828125
2151.0	2167.0	2117.590087890625
2153.0	2166.0	2114.12646484375
2162.0	2172.0	2090.597900390625
2162.0	2168.0	2093.93359375
2165.0	2170.0	2087.87744140625
2161.0	2171.0	2102.896240234375
2172.0	2181.0	2073.25341796875
2173.0	2182.0	2073.9072265625
2172.0	2182.0	2080.186279296875
2174.0	2182.0	2077.5009765625
2173.0	2183.0	2083.599853515625
2173.0	2186.0	2086.528564453125
2182.0	2188.0	2063.240966796875
2182.0	2179.0	2066.942138671875
2181.0	2187.0	2073.42529296875
2183.0	2200.0	2070.732666015625
2179.0	2197.0	2085.887451171875
2193.0	2208.0	2047.069580078125
2191.0	2194.0	2056.845703125
2191.0	2198.0	2060.447021484375
2191.0	2202.0	2063.798583984375
2191.0	2192.0	2066.982666015625
2190.0	2191.0	2073.085205078125
2190.0	2194.0	2075.914794921875
2193.0	2193.0	2069.626708984375
2192.0	2188.0	2075.228271484375
2201.0	2198.0	2050.728515625
2201.0	2200.0	2054.05517578125
2201.0	2201.0	2057.20263671875
2203.0	2213.0	2054.289306640625
2200.0	2199.0	2066.07861328125
2202.0	2192.0	2062.641357421875
2202.0	2200.0	2065.18017578125
2200.0	2191.0	2073.63671875
2203.0	2200.0	2066.910400390625
2202.0	2195.0	2072.059814453125
2201.0	2224.0	2077.15234375
2202.0	2192.0	2076.111572265625
2202.0	2197.0	2077.95849609375
2204.0	2193.0	2073.6806640625
2200.0	2194.0	2087.343994140625
2200.0	2189.0	2088.925048828125
2202.0	2193.0	2084.37890625
2204.0	2196.0	2079.74853515625
2201.0	2182.0	2090.079345703125
2201.0	2181.0	2091.295166015625
2203.0	2180.0	2086.525146484375
2203.0	2182.0	2087.59326171875
2201.0	2183.0	2094.633544921875
2205.0	2181.0	2083.557373046875
2191.0	2182.0	2125.494140625
2190.0	2183.0	2128.302001953125
2192.0	2170.0	2122.067626953125
2190.0	2171.0	2127.9755859375
2192.0	2170.0	2121.88720703125
2191.0	2172.0	2125.02783203125
2192.0	2170.0	2121.926513671875
2189.0	2161.0	2130.941162109375
2190.0	2171.0	2127.76416015625
2180.0	2157.0	2156.67822265625
2181.0	2158.0	2152.560546875
2183.0	2157.0	2145.495361328125
2181.0	2157.0	2150.539794921875
2181.0	2144.0	2149.60498046875
2172.0	2143.0	2175.437744140625
2172.0	2145.0	2173.41650390625
2171.0	2143.0	2174.51416015625
2172.0	2141.0	2169.7060546875
2172.0	2145.0	2168.010986328125
2172.0	2143.0	2166.383544921875
2162.0	2132.0	2194.374755859375
2161.0	2131.0	2194.9658203125
2163.0	2129.0	2186.68701171875
2162.0	2131.0	2187.476806640625
2152.0	2130.0	2215.37158203125
2154.0	2128.0	2206.31787109375
2152.0	2116.0	2209.444580078125
2152.0	2117.0	2206.7001953125
2154.0	2119.0	2198.103515625
2142.0	2119.0	2231.010498046875
2146.0	2120.0	2215.616943359375
2143.0	2119.0	2221.543212890625
2134.0	2118.0	2245.127685546875
2133.0	2107.0	2244.261474609375
2135.0	2105.0	2234.583251953125
2134.0	2105.0	2234.158447265625
2124.0	2104.0	2260.792724609375
2126.0	2106.0	2250.66650390625
2123.0	2103.0	2255.718505859375
2123.0	2107.0	2252.006103515625
2124.0	2105.0	2245.447509765625
2113.0	2106.0	2274.83447265625
2115.0	2107.0	2264.6142578125
2116.0	2107.0	2257.734130859375
2113.0	2105.0	2262.962158203125
2113.0	2104.0	2259.42919921875
2114.0	2092.0	2253.044189453125
2115.0	2092.0	2246.9306640625
2115.0	2093.0	2244.0
2104.0	2093.0	2273.5712890625
2105.0	2093.0	2266.94677734375
2108.0	2091.0	2254.43603515625
2106.0	2092.0	2257.34130859375
2106.0	2091.0	2254.262939453125
2105.0	2092.0	2254.43017578125
2106.0	2092.0	2248.58447265625
2108.0	2092.0	2240.07568359375
2108.0	2090.0	2237.695556640625
2105.0	2093.0	2244.48681640625
2108.0	2092.0	2233.30615234375
2113.0	2104.0	2216.2392578125
2106.0	2104.0	2235.330322265625
2102.0	2106.0	2245.33349609375
2102.0	2105.0	2243.435302734375
2101.0	2104.0	2244.68408203125
2102.0	2105.0	2240.070556640625
2103.0	2101.0	2235.514892578125
2108.0	2108.0	2219.04638671875
2103.0	2105.0	2232.654541015625
2104.0	2103.0	2228.32470703125
2104.0	2104.0	2227.06591796875
2104.0	2119.0	2225.924560546875
2105.0	2119.0	2221.798095703125
2105.0	2118.0	2220.7783203125
2105.0	2114.0	2219.79833984375
2104.0	2117.0	2221.8232421875
2104.0	2114.0	2220.91259765625
2104.0	2135.0	2220.028076171875
2103.0	2133.0	2222.26806640625
2105.0	2133.0	2215.559814453125
2104.0	2130.0	2217.91455078125
2110.0	2128.0	2199.593505859375
2113.0	2133.0	2190.995361328125
2114.0	2138.0	2188.37939453125
2114.0	2148.0	2188.787841796875
2115.0	2151.0	2186.173583984375
2113.0	2147.0	2192.62255859375
2115.0	2152.0	2186.956787109375
2112.0	2148.0	2196.200439453125
2113.0	2152.0	2193.5224609375
2124.0	2152.0	2160.9609375
2124.0	2160.0	2162.3203125
2124.0	2174.0	2163.63037109375
2122.0	2155.0	2170.8642578125
2125.0	2170.0	2163.076904296875
2124.0	2167.0	2167.187255859375
2134.0	2171.0	2138.64697265625
2133.0	2171.0	2143.58349609375
2132.0	2169.0	2148.52880859375
2137.0	2170.0	2135.35888671875
2144.0	2172.0	2116.11474609375
2143.0	2180.0	2121.8154296875
2154.0	2185.0	2091.4208984375
2154.0	2185.0	2094.806396484375
2154.0	2183.0	2097.9736328125
2151.0	2183.0	2110.01416015625
2152.0	2182.0	2109.870361328125
2152.0	2182.0	2112.497314453125
2162.0	2195.0	2085.688232421875
2161.0	2195.0	2092.259521484375
2163.0	2198.0	2089.587646484375
2157.0	2195.0	2110.73193359375
2168.0	2198.0	2080.7421875
2172.0	2196.0	2072.55126953125
2174.0	2195.0	2070.152099609375
2174.0	2196.0	2073.568359375
2172.0	2198.0	2082.830810546875
2172.0	2198.0	2085.89990234375
2182.0	2196.0	2059.44287109375
2180.0	2194.0	2069.219970703125
2182.0	2194.0	2066.758544921875
2181.0	2195.0	2073.110107421875
2182.0	2195.0	2073.325927734375
2181.0	2196.0	2079.402587890625
2183.0	2196.0	2076.231689453125
2191.0	2197.0	2055.64404296875
2192.0	2197.0	2056.218505859375
2189.0	2196.0	2068.609619140625
2190.0	2195.0	2068.798583984375
2190.0	2196.0	2071.77685546875
2188.0	2195.0	2080.60009765625
2194.0	2194.0	2065.207275390625
2190.0	2195.0	2079.748779296875
2190.0	2194.0	2082.107421875
2188.0	2197.0	2090.432861328125
2191.0	2194.0	2083.567138671875
2193.0	2195.0	2079.606689453125
2190.0	2194.0	2090.531005859375
2191.0	2194.0	2089.32080078125
2190.0	2196.0	2094.01318359375
2191.0	2195.0	2092.61669921875
2190.0	2197.0	2097.1689453125
2193.0	2197.0	2089.59619140625
2191.0	2198.0	2096.9931640625
2190.0	2197.0	2101.330078125
2191.0	2197.0	2099.5400390625
2190.0	2183.0	2103.7060546875
2191.0	2182.0	2101.711669921875
2192.0	2184.0	2099.739990234375
2193.0	2185.0	2097.721435546875
2191.0	2183.0	2104.660400390625
2190.0	2184.0	2108.568359375
2192.0	2184.0	2103.34912109375
2191.0	2169.0	2107.184814453125
2192.0	2172.0	2104.865478515625
2192.0	2172.0	2105.588623046875
2193.0	2170.0	2103.308837890625
2183.0	2169.0	2133.65673828125
2180.0	2170.0	2142.274658203125
2183.0	2170.0	2132.94189453125
2183.0	2171.0	2132.668701171875
2186.0	2159.0	2123.387451171875
2187.0	2157.0	2120.13720703125
2190.0	2157.0	2110.751708984375
2175.0	2157.0	2155.008544921875
2183.0	2157.0	2129.62109375
2172.0	2144.0	2161.380859375
2168.0	2142.0	2172.001708984375
2169.0	2143.0	2167.71630859375
2169.0	2145.0	2166.54345703125
2171.0	2145.0	2159.392333984375
2162.0	2145.0	2184.698486328125
2163.0	2145.0	2179.74072265625
2165.0	2135.0	2171.9267578125
2161.0	2127.0	2182.133544921875
2162.0	2128.0	2177.474609375
2155.0	2132.0	2196.740234375
2152.0	2133.0	2203.17724609375
2151.0	2120.0	2203.730712890625
2156.0	2119.0	2186.293212890625
2152.0	2123.0	2196.135986328125
2144.0	2119.0	2217.398193359375
2143.0	2113.0	2217.463134765625
2142.0	2121.0	2217.731201171875
2133.0	2123.0	2241.508056640625
2133.0	2107.0	2237.949951171875
2133.0	2100.0	2234.5888671875
2132.0	2108.0	2234.437744140625
2133.0	2111.0	2228.37646484375
2133.0	2101.0	2225.49609375
2125.0	2109.0	2245.94873046875
2123.0	2115.0	2248.475341796875
2124.0	2110.0	2242.12158203125
2124.0	2112.0	2239.019287109375
2151.0	2098.0	2154.9736328125
2113.0	2094.0	2266.0439453125
2115.0	2092.0	2256.296142578125
2114.0	2093.0	2255.802001953125
2115.0	2091.0	2249.500732421875
2114.0	2096.0	2249.45703125
2114.0	2092.0	2246.4560546875
2114.0	2093.0	2243.722900390625
2113.0	2094.0	2244.013427734375
2114.0	2093.0	2238.52880859375
2106.0	2091.0	2260.054443359375
2106.0	2091.0	2256.83447265625
2103.0	2091.0	2262.785888671875
2106.0	2091.0	2250.947021484375
2105.0	2093.0	2251.31298828125
2107.0	2091.0	2242.777099609375
2104.0	2092.0	2249.294189453125
2105.0	2093.0	2243.830322265625
2104.0	2093.0	2244.60302734375
2106.0	2091.0	2236.569580078125
2104.0	2092.0	2240.59521484375
2104.0	2090.0	2238.734619140625
2103.0	2093.0	2239.94677734375
2104.0	2091.0	2235.20849609375
2104.0	2090.0	2233.593994140625
2103.0	2103.0	2235.00146484375
2104.0	2104.0	2230.508544921875
2104.0	2104.0	2229.2431640625
2102.0	2105.0	2234.023681640625
2105.0	2105.0	2223.876220703125
2104.0	2104.0	2225.72216796875
2103.0	2105.0	2227.594970703125
2103.0	2106.0	2226.578369140625
2104.0	2104.0	2222.594970703125
2104.0	2119.0	2221.669921875
2104.0	2119.0	2220.74658203125
2114.0	2118.0	2190.502685546875
2116.0	2121.0	2184.739501953125
2114.0	2120.0	2190.94140625
2114.0	2119.0	2191.111572265625
2113.0	2131.0	2194.333984375
2114.0	2131.0	2191.528076171875
2113.0	2129.0	2194.651611328125
2113.0	2130.0	2194.773193359375
2113.0	2131.0	2194.968017578125
2123.0	2129.0	2165.8271484375
2123.0	2146.0	2167.0439453125
2123.0	2146.0	2168.169677734375
2126.0	2147.0	2160.236572265625
2123.0	2144.0	2170.29541015625
2135.0	2147.0	2135.2978515625
2133.0	2145.0	2143.233154296875
2132.0	2157.0	2148.094482421875
2135.0	2158.0	2140.842041015625
2133.0	2158.0	2148.41455078125
2133.0	2158.0	2150.024169921875
2146.0	2171.0	2113.090576171875
2143.0	2168.0	2124.646484375
2142.0	2171.0	2129.94091796875
2143.0	2170.0	2129.148193359375
2153.0	2171.0	2102.1220703125
2152.0	2171.0	2108.035888671875
2154.0	2185.0	2104.836181640625
2153.0	2184.0	2110.536376953125
2154.0	2184.0	2110.052734375
2162.0	2184.0	2089.13427734375
2165.0	2185.0	2083.434814453125
2162.0	2196.0	2095.663818359375
2162.0	2194.0	2098.749755859375
2160.0	2195.0	2107.568115234375
2170.0	2196.0	2081.121826171875
2174.0	2195.0	2072.614990234375
2171.0	2196.0	2084.916748046875
2174.0	2196.0	2078.99365234375
2172.0	2196.0	2088.083740234375
2172.0	2195.0	2090.875732421875
2175.0	2197.0	2084.4951171875
2182.0	2208.0	2066.341064453125
2181.0	2208.0	2072.792236328125
2181.0	2208.0	2075.98828125
2183.0	2207.0	2073.048828125
2187.0	2207.0	2063.96875
2187.0	2210.0	2066.81591796875
2188.0	2208.0	2066.52587890625
2180.0	2208.0	2093.09521484375
2184.0	2207.0	2083.50341796875
2204.0	2208.0	2025.8609619140625
2192.0	2209.0	2065.064453125
2188.0	2209.0	2079.933837890625
2192.0	2209.0	2070.619873046875
2189.0	2209.0	2082.194580078125
2189.0	2210.0	2084.755615234375
2190.0	2209.0	2084.083251953125
2190.0	2210.0	2086.23583984375
2189.0	2210.0	2091.234130859375
2191.0	2208.0	2087.0859375
2189.0	2209.0	2094.91650390625
2191.0	2206.0	2090.505615234375
2189.0	2198.0	2098.156494140625
2189.0	2198.0	2099.677734375
2192.0	2198.0	2092.100830078125
2190.0	2199.0	2099.474853515625
2192.0	2191.0	2094.714111328125
2191.0	2197.0	2098.9140625
2189.0	2196.0	2106.052734375
2183.0	2198.0	2124.8076171875
