2182.0	2197.0	2127.870361328125
2183.0	2198.0	2124.807373046875
2184.0	2185.0	2121.793701171875
2181.0	2183.0	2130.806640625
2182.0	2179.0	2127.78173828125
2181.0	2182.0	2130.803955078125
2182.0	2185.0	2127.83642578125
2182.0	2187.0	2127.78076171875
2171.0	2169.0	2160.14794921875
2171.0	2167.0	2159.050537109375
2171.0	2170.0	2158.04296875
2171.0	2176.0	2157.091796875
2171.0	2171.0	2156.16552734375
2171.0	2167.0	2155.356689453125
2171.0	2159.0	2154.550537109375
2174.0	2162.0	2144.87548828125
2164.0	2170.0	2173.611328125
2163.0	2148.0	2174.947998046875
2163.0	2148.0	2173.4580078125
2162.0	2142.0	2175.033935546875
2162.0	2154.0	2173.623291015625
2162.0	2147.0	2172.218505859375
2153.0	2143.0	2196.953125
2152.0	2131.0	2197.67431640625
2152.0	2130.0	2195.544677734375
2152.0	2130.0	2193.527587890625
2152.0	2129.0	2191.538818359375
2141.0	2128.0	2222.404296875
2143.0	2120.0	2213.62060546875
2144.0	2117.0	2208.073486328125
2132.0	2117.0	2241.596435546875
2134.0	2118.0	2232.21533203125
2132.0	2119.0	2235.06201171875
2135.0	2118.0	2222.944091796875
2132.0	2106.0	2229.00439453125
2124.0	2104.0	2249.491455078125
2124.0	2103.0	2245.89453125
2124.0	2097.0	2242.508056640625
2123.0	2104.0	2242.275634765625
2124.0	2105.0	2236.2353515625
2113.0	2105.0	2266.25048828125
2116.0	2107.0	2253.416259765625
2113.0	2106.0	2258.86865234375
2114.0	2092.0	2252.450439453125
2114.0	2093.0	2249.1884765625
2113.0	2093.0	2249.202880859375
2113.0	2094.0	2246.339599609375
2113.0	2094.0	2243.617919921875
2103.0	2092.0	2270.78564453125
2106.0	2092.0	2258.358642578125
2104.0	2092.0	2261.124267578125
2105.0	2090.0	2255.067138671875
2105.0	2092.0	2252.158935546875
2104.0	2093.0	2252.41748046875
2105.0	2091.0	2246.837646484375
2105.0	2092.0	2244.4072265625
2103.0	2092.0	2248.11572265625
2104.0	2092.0	2242.8994140625
2104.0	2092.0	2240.85498046875
2105.0	2090.0	2235.850830078125
2104.0	2091.0	2237.0517578125
2104.0	2091.0	2235.27783203125
2105.0	2090.0	2230.62353515625
2106.0	2093.0	2226.096435546875
2105.0	2092.0	2227.61328125
2104.0	2092.0	2229.1953125
2108.0	2093.0	2215.923828125
2106.0	2091.0	2220.684326171875
2107.0	2094.0	2216.36572265625
2103.0	2092.0	2227.272705078125
2104.0	2093.0	2223.228271484375
2106.0	2093.0	2216.21533203125
2105.0	2106.0	2218.34375
2114.0	2105.0	2190.794921875
2114.0	2106.0	2190.999755859375
2116.0	2106.0	2185.128662109375
2116.0	2106.0	2185.254150390625
2116.0	2105.0	2185.597412109375
2122.0	2105.0	2167.683837890625
2112.0	2105.0	2197.96826171875
2118.0	2106.0	2180.030517578125
2129.0	2118.0	2147.8515625
2127.0	2119.0	2155.0126953125
2140.0	2119.0	2117.054443359375
2121.0	2118.0	2175.263916015625
2117.0	2120.0	2188.306884765625
2130.0	2133.0	2150.27783203125
2132.0	2133.0	2146.1181640625
2133.0	2131.0	2144.931396484375
2132.0	2132.0	2149.634033203125
2131.0	2129.0	2154.263916015625
2131.0	2129.0	2155.78369140625
2143.0	2148.0	2121.730224609375
2142.0	2142.0	2127.20458984375
2151.0	2145.0	2102.61474609375
2152.0	2143.0	2102.79931640625
2150.0	2146.0	2111.76904296875
2151.0	2160.0	2111.657958984375
2155.0	2151.0	2102.29296875
2152.0	2160.0	2113.864501953125
2162.0	2156.0	2086.89794921875
2162.0	2159.0	2090.2060546875
2162.0	2166.0	2093.3818359375
2165.0	2171.0	2087.406494140625
2171.0	2176.0	2072.359619140625
2172.0	2172.0	2073.0595703125
2174.0	2170.0	2070.545166015625
2173.0	2168.0	2076.882568359375
2172.0	2171.0	2083.004638671875
2172.0	2187.0	2086.075439453125
2181.0	2186.0	2062.427490234375
2184.0	2196.0	2057.156005859375
2180.0	2182.0	2072.706298828125
2182.0	2176.0	2070.07470703125
2191.0	2180.0	2046.31689453125
2191.0	2190.0	2050.276611328125
2189.0	2196.0	2060.045654296875
2191.0	2195.0	2057.629638671875
2191.0	2195.0	2061.01708984375
2193.0	2196.0	2058.194580078125
2191.0	2195.0	2067.23876953125
2193.0	2196.0	2064.126220703125
2191.0	2195.0	2072.841552734375
2203.0	2195.0	2039.69091796875
2202.0	2195.0	2046.232666015625
2200.0	2195.0	2055.571533203125
2201.0	2195.0	2055.74853515625
2201.0	2195.0	2058.73291015625
2202.0	2195.0	2058.53125
2202.0	2195.0	2061.177734375
2200.0	2196.0	2069.63232421875
2201.0	2196.0	2069.11474609375
2202.0	2194.0	2068.392578125
2203.0	2197.0	2067.572998046875
2201.0	2195.0	2075.69091796875
2201.0	2194.0	2077.573974609375
2201.0	2195.0	2079.3115234375
2201.0	2198.0	2081.0966796875
2202.0	2196.0	2079.696044921875
2202.0	2197.0	2081.194091796875
2201.0	2195.0	2085.66357421875
2201.0	2196.0	2086.928466796875
2200.0	2196.0	2091.103271484375
2201.0	2195.0	2089.222900390625
2200.0	2196.0	2093.302490234375
2201.0	2196.0	2091.278076171875
2190.0	2195.0	2124.112060546875
2191.0	2197.0	2120.958251953125
2191.0	2196.0	2120.857666015625
2192.0	2197.0	2117.6708984375
2191.0	2183.0	2120.527099609375
2190.0	2182.0	2123.3955078125
2190.0	2183.0	2123.30029296875
2190.0	2185.0	2123.197509765625
2182.0	2184.0	2146.2060546875
2181.0	2182.0	2148.1455078125
2180.0	2183.0	2150.1494140625
2181.0	2183.0	2146.15771484375
2184.0	2170.0	2136.169677734375
2177.0	2171.0	2156.072265625
2171.0	2170.0	2172.253173828125
2173.0	2171.0	2164.4619140625
2172.0	2168.0	2165.79638671875
2174.0	2170.0	2158.228515625
2173.0	2170.0	2159.717529296875
2168.0	2157.0	2172.610107421875
2160.0	2155.0	2194.29296875
2165.0	2157.0	2177.049072265625
2174.0	2158.0	2147.9453125
2159.0	2143.0	2190.986083984375
2147.0	2146.0	2224.9541015625
2152.0	2143.0	2207.007568359375
2153.0	2143.0	2201.216796875
2152.0	2142.0	2201.63037109375
2152.0	2141.0	2199.2119140625
2144.0	2150.0	2220.18603515625
2143.0	2128.0	2220.0146484375
2134.0	2132.0	2243.17236328125
2131.0	2134.0	2248.2431640625
2133.0	2130.0	2238.495361328125
2133.0	2115.0	2234.98046875
2132.0	2112.0	2234.668212890625
2124.0	2118.0	2254.64453125
2122.0	2123.0	2256.725830078125
2124.0	2112.0	2246.9775390625
2123.0	2121.0	2246.469482421875
2114.0	2112.0	2269.66455078125
2114.0	2107.0	2265.482421875
2114.0	2107.0	2261.46142578125
2115.0	2104.0	2254.677978515625
2114.0	2122.0	2254.051513671875
2112.0	2104.0	2256.7939453125
2105.0	2104.0	2274.525146484375
2105.0	2106.0	2270.4755859375
2104.0	2105.0	2269.672607421875
2104.0	2091.0	2266.072509765625
2105.0	2091.0	2259.7578125
2106.0	2093.0	2253.661865234375
2104.0	2093.0	2256.535888671875
2104.0	2092.0	2253.55224609375
2104.0	2093.0	2250.74267578125
2104.0	2093.0	2248.125
2104.0	2091.0	2245.67626953125
2105.0	2094.0	2240.228271484375
2103.0	2090.0	2244.01123046875
2105.0	2091.0	2235.93603515625
2104.0	2092.0	2236.9736328125
2108.0	2091.0	2223.10986328125
2104.0	2092.0	2233.32275390625
2106.0	2093.0	2225.650390625
2104.0	2092.0	2230.0947265625
2104.0	2092.0	2228.639404296875
2104.0	2092.0	2227.2509765625
2104.0	2091.0	2225.943603515625
2104.0	2091.0	2224.729248046875
2107.0	2092.0	2214.548583984375
2103.0	2093.0	2225.471923828125
2104.0	2090.0	2221.45849609375
2104.0	2092.0	2220.459716796875
2104.0	2093.0	2219.51171875
2105.0	2093.0	2215.61865234375
2102.0	2091.0	2223.790283203125
2107.0	2108.0	2207.9306640625
2108.0	2105.0	2204.227783203125
2103.0	2105.0	2218.61767578125
2104.0	2106.0	2214.960205078125
2105.0	2106.0	2211.3955078125
2114.0	2105.0	2184.14501953125
2114.0	2105.0	2184.585693359375
2113.0	2106.0	2188.12744140625
2115.0	2105.0	2182.472900390625
2126.0	2119.0	2149.857177734375
2114.0	2119.0	2186.251953125
2107.0	2119.0	2207.59521484375
2111.0	2118.0	2195.862548828125
2123.0	2118.0	2160.468994140625
2123.0	2131.0	2161.843505859375
2122.0	2131.0	2166.137451171875
2126.0	2130.0	2155.3798828125
2121.0	2130.0	2171.568359375
2122.0	2131.0	2169.684814453125
2133.0	2130.0	2138.418701171875
2136.0	2144.0	2131.35107421875
2134.0	2145.0	2139.21337890625
2132.0	2145.0	2147.042724609375
2142.0	2140.0	2119.07275390625
2152.0	2149.0	2091.8544921875
2152.0	2157.0	2095.34130859375
2151.0	2164.0	2101.7099609375
2153.0	2155.0	2098.869384765625
2154.0	2159.0	2098.849365234375
2153.0	2151.0	2104.807861328125
2163.0	2168.0	2078.127685546875
2162.0	2166.0	2084.794677734375
2162.0	2166.0	2088.239501953125
2163.0	2170.0	2088.513916015625
2171.0	2171.0	2067.80224609375
2172.0	2170.0	2068.675048828125
2171.0	2184.0	2075.4462890625
2175.0	2183.0	2067.052490234375
2172.0	2183.0	2079.4794921875
2181.0	2182.0	2056.262939453125
2180.0	2183.0	2063.322998046875
2183.0	2183.0	2058.1845703125
2181.0	2183.0	2067.920166015625
2182.0	2183.0	2068.391357421875
2192.0	2197.0	2041.68212890625
2190.0	2196.0	2051.8271484375
2191.0	2196.0	2052.640869140625
2191.0	2195.0	2056.1376953125
2190.0	2194.0	2062.52392578125
2190.0	2196.0	2065.69775390625
2190.0	2195.0	2068.7333984375
2191.0	2196.0	2068.638427734375
2201.0	2196.0	2041.9725341796875
2201.0	2196.0	2045.667236328125
2202.0	2196.0	2046.10888671875
2202.0	2194.0	2049.32080078125
2202.0	2196.0	2052.4052734375
2201.0	2196.0	2058.373291015625
2202.0	2196.0	2058.097412109375
2202.0	2197.0	2060.627197265625
2202.0	2196.0	2063.140869140625
2201.0	2196.0	2068.499755859375
2201.0	2198.0	2070.705322265625
2204.0	2197.0	2063.771484375
2201.0	2197.0	2074.762939453125
2201.0	2197.0	2076.639892578125
2202.0	2196.0	2075.4443359375
2203.0	2197.0	2074.09814453125
2200.0	2195.0	2084.67626953125
2202.0	2196.0	2080.154052734375
2204.0	2197.0	2075.5302734375
2201.0	2196.0	2085.85888671875
2200.0	2197.0	2090.117431640625
2204.0	2195.0	2079.23974609375
2202.0	2181.0	2086.361328125
2201.0	2183.0	2090.398681640625
2202.0	2183.0	2088.415283203125
2198.0	2185.0	2101.400634765625
2195.0	2184.0	2110.803466796875
2198.0	2185.0	2101.561279296875
2190.0	2170.0	2125.366943359375
2193.0	2169.0	2116.1064453125
2196.0	2171.0	2106.937255859375
2189.0	2169.0	2127.75244140625
2187.0	2171.0	2133.5703125
2179.0	2170.0	2157.37451171875
2181.0	2169.0	2150.173095703125
2182.0	2156.0	2145.92236328125
2182.0	2158.0	2144.825439453125
2182.0	2154.0	2143.799560546875
2172.0	2155.0	2172.704833984375
2171.0	2154.0	2173.67236328125
2172.0	2144.0	2168.716552734375
2170.0	2145.0	2172.8662109375
2171.0	2144.0	2168.170166015625
2172.0	2145.0	2163.502685546875
2162.0	2146.0	2190.977294921875
2161.0	2139.0	2191.67041015625
2163.0	2132.0	2183.3427734375
2163.0	2130.0	2181.198974609375
2152.0	2130.0	2212.029052734375
2153.0	2134.0	2205.89892578125
2151.0	2143.0	2209.04443359375
2152.0	2122.0	2203.27392578125
2152.0	2112.0	2200.67822265625
2143.0	2118.0	2224.552978515625
2144.0	2115.0	2218.272705078125
2132.0	2118.0	2250.43115234375
2133.0	2119.0	2243.435302734375
2135.0	2104.0	2233.6640625
2132.0	2105.0	2239.063232421875
2123.0	2105.0	2262.66357421875
2123.0	2103.0	2258.427490234375
2122.0	2105.0	2257.516845703125
2125.0	2104.0	2244.828125
2124.0	2105.0	2244.093505859375
2114.0	2105.0	2270.00146484375
2115.0	2107.0	2262.76416015625
2113.0	2093.0	2264.725830078125
2113.0	2094.0	2260.797119140625
2116.0	2094.0	2248.149169921875
2105.0	2094.0	2277.7412109375
2104.0	2091.0	2276.3916015625
2104.0	2092.0	2272.32568359375
2106.0	2094.0	2262.46875
2106.0	2092.0	2258.835205078125
2104.0	2092.0	2261.3388671875
2105.0	2093.0	2255.0947265625
2103.0	2093.0	2258.010986328125
2105.0	2092.0	2249.095703125
2104.0	2092.0	2249.377197265625
2104.0	2091.0	2246.78955078125
2095.0	2091.0	2270.32373046875
2094.0	2092.0	2269.958740234375
2095.0	2092.0	2263.773681640625
2094.0	2092.0	2263.74951171875
2092.0	2092.0	2266.923828125
2094.0	2092.0	2258.23095703125
2096.0	2092.0	2249.734619140625
2093.0	2092.0	2256.348876953125
2094.0	2092.0	2251.032470703125
2095.0	2092.0	2245.911376953125
2097.0	2092.0	2237.9208984375
2095.0	2093.0	2242.104248046875
2094.0	2092.0	2243.343505859375
2096.0	2093.0	2235.62744140625
2098.0	2093.0	2228.050048828125
2095.0	2091.0	2235.578857421875
2095.0	2106.0	2234.12060546875
2095.0	2105.0	2232.767333984375
2107.0	2104.0	2195.491455078125
2104.0	2106.0	2204.406494140625
2111.0	2105.0	2183.44091796875
2108.0	2109.0	2192.4970703125
2108.0	2108.0	2192.48876953125
2105.0	2103.0	2201.50341796875
2103.0	2116.0	2207.547119140625
2104.0	2118.0	2204.372314453125
2103.0	2117.0	2207.193603515625
2105.0	2118.0	2201.08251953125
2103.0	2117.0	2206.999267578125
2104.0	2119.0	2203.966552734375
2105.0	2130.0	2200.876708984375
2113.0	2126.0	2177.591552734375
2114.0	2133.0	2175.48974609375
2113.0	2134.0	2179.517578125
2113.0	2132.0	2180.270751953125
2112.0	2141.0	2184.083984375
2114.0	2142.0	2178.787353515625
2113.0	2147.0	2182.620849609375
2123.0	2141.0	2154.239013671875
2125.0	2143.0	2149.9189453125
2123.0	2142.0	2157.6015625
2125.0	2140.0	2153.102294921875
2133.0	2160.0	2131.00390625
2133.0	2173.0	2133.36572265625
2132.0	2159.0	2138.615966796875
2133.0	2160.0	2137.658203125
2143.0	2166.0	2109.7880859375
2143.0	2169.0	2112.878173828125
2143.0	2176.0	2115.728759765625
2154.0	2169.0	2086.1904296875
2153.0	2167.0	2092.6611328125
2154.0	2170.0	2093.114501953125
2153.0	2177.0	2099.322021484375
2154.0	2183.0	2099.29736328125
2155.0	2182.0	2099.323974609375
2164.0	2182.0	2076.003173828125
2163.0	2183.0	2082.54052734375
2162.0	2184.0	2088.913330078125
2161.0	2184.0	2095.001708984375
2173.0	2182.0	2062.8330078125
2173.0	2186.0	2066.78076171875
2171.0	2198.0	2076.389892578125
2172.0	2196.0	2076.82275390625
2171.0	2196.0	2083.207275390625
2185.0	2195.0	2044.308349609375
2184.0	2196.0	2051.313720703125
2181.0	2196.0	2064.078857421875
2182.0	2196.0	2064.645751953125
2181.0	2196.0	2071.122314453125
2182.0	2195.0	2071.3818359375
2180.0	2195.0	2080.328369140625
2191.0	2196.0	2050.258544921875
2193.0	2196.0	2047.9241943359375
2191.0	2196.0	2057.369873046875
2191.0	2197.0	2060.707275390625
2190.0	2194.0	2066.79931640625
2191.0	2197.0	2066.841796875
2191.0	2196.0	2069.63427734375
2192.0	2197.0	2069.29833984375
2191.0	2195.0	2074.843017578125
2190.0	2194.0	2080.189453125
2191.0	2195.0	2079.389892578125
2192.0	2196.0	2078.47802734375
2189.0	2196.0	2089.39990234375
2192.0	2197.0	2082.321533203125
2191.0	2196.0	2087.11474609375
2191.0	2196.0	2088.785400390625
2175.0	2196.0	2138.44970703125
2191.0	2196.0	2091.87353515625
2191.0	2195.0	2093.322021484375
2192.0	2199.0	2091.70263671875
2192.0	2183.0	2092.950927734375
2190.0	2182.0	2100.111083984375
2194.0	2183.0	2089.17724609375
2190.0	2181.0	2102.219970703125
2191.0	2183.0	2100.21923828125
2191.0	2181.0	2101.136962890625
2191.0	2183.0	2102.04296875
2189.0	2184.0	2108.92822265625
2192.0	2169.0	2100.759033203125
2192.0	2169.0	2101.476318359375
2193.0	2169.0	2099.237548828125
2182.0	2173.0	2132.7001953125
2184.0	2170.0	2126.36279296875
2183.0	2170.0	2128.99853515625
2180.0	2172.0	2137.63134765625
2183.0	2155.0	2128.286376953125
2189.0	2158.0	2109.893798828125
2185.0	2156.0	2121.6533203125
2186.0	2159.0	2118.40576171875
2170.0	2145.0	2166.03662109375
2175.0	2144.0	2149.577880859375
2184.0	2144.0	2121.322265625
2168.0	2144.0	2168.17138671875
2169.0	2144.0	2163.9208984375
2170.0	2145.0	2159.79150390625
2170.0	2130.0	2158.62158203125
2164.0	2132.0	2174.89013671875
2162.0	2128.0	2178.971435546875
2161.0	2130.0	2180.166015625
2164.0	2133.0	2169.44091796875
2165.0	2129.0	2164.8134765625
2154.0	2117.0	2195.2353515625
2151.0	2117.0	2201.71533203125
2154.0	2122.0	2190.37060546875
2151.0	2139.0	2197.088134765625
2145.0	2119.0	2212.407470703125
2143.0	2122.0	2215.442138671875
2133.0	2105.0	2241.957763671875
2132.0	2107.0	2241.2158203125
2133.0	2108.0	2234.677978515625
2133.0	2109.0	2231.339111328125
2125.0	2097.0	2252.05078125
2124.0	2114.0	2251.037841796875
2123.0	2114.0	2250.3583984375
2123.0	2104.0	2246.778564453125
2125.0	2091.0	2237.303955078125
2113.0	2092.0	2269.6640625
2113.0	2096.0	2265.5771484375
2114.0	2094.0	2258.78369140625
2112.0	2091.0	2261.142822265625
2110.0	2092.0	2263.6640625
2113.0	2093.0	2251.3681640625
2114.0	2094.0	2245.139892578125
2104.0	2091.0	2271.31787109375
2105.0	2092.0	2264.6435546875
2106.0	2092.0	2258.047607421875
2105.0	2092.0	2257.629150390625
2104.0	2093.0	2257.36279296875
2105.0	2094.0	2251.380126953125
2107.0	2091.0	2242.5732421875
2106.0	2093.0	2242.8603515625
2105.0	2091.0	2243.17626953125
2093.0	2092.0	2276.773681640625
2104.0	2091.0	2241.381591796875
2097.0	2091.0	2259.44873046875
2096.0	2092.0	2259.312744140625
2093.0	2092.0	2265.372802734375
2094.0	2093.0	2259.53125
2094.0	2091.0	2256.872802734375
2096.0	2093.0	2248.404541015625
2094.0	2091.0	2252.076416015625
2095.0	2093.0	2246.85791015625
2094.0	2092.0	2247.773681640625
2094.0	2106.0	2245.786865234375
2095.0	2103.0	2240.96240234375
2094.0	2106.0	2242.289794921875
2094.0	2104.0	2240.65283203125
2093.0	2106.0	2242.146240234375
2087.0	2105.0	2258.70458984375
2095.0	2104.0	2233.28564453125
2096.0	2118.0	2228.945068359375
2096.0	2119.0	2227.7529296875
2104.0	2118.0	2203.46630859375
2106.0	2117.0	2197.429443359375
2106.0	2118.0	2197.3720703125
2105.0	2119.0	2200.363037109375
2103.0	2131.0	2206.4013671875
2105.0	2130.0	2200.423583984375
2103.0	2129.0	2206.393310546875
2105.0	2130.0	2200.308349609375
2105.0	2130.0	2200.263671875
2104.0	2133.0	2203.30224609375
2108.0	2144.0	2191.31494140625
2109.0	2144.0	2188.271240234375
2114.0	2144.0	2173.57568359375
2117.0	2144.0	2165.6005859375
2128.0	2145.0	2133.524169921875
2117.0	2147.0	2167.48046875
2113.0	2145.0	2180.4091796875
2112.0	2159.0	2184.119384765625
2112.0	2158.0	2184.79541015625
2122.0	2157.0	2156.114501953125
2123.0	2158.0	2154.851806640625
2122.0	2172.0	2159.5087890625
2124.0	2167.0	2155.126220703125
2123.0	2170.0	2159.6083984375
2122.0	2168.0	2164.006591796875
2133.0	2170.0	2133.196044921875
2132.0	2173.0	2138.439208984375
2132.0	2174.0	2140.55859375
2131.0	2184.0	2145.5615234375
2143.0	2180.0	2111.96826171875
2144.0	2178.0	2111.7548828125
2153.0	2185.0	2088.0078125
2152.0	2185.0	2094.525146484375
2153.0	2180.0	2094.910888671875
2154.0	2192.0	2095.0595703125
2154.0	2200.0	2098.03564453125
2162.0	2201.0	2076.808837890625
2162.0	2201.0	2080.6103515625
2162.0	2212.0	2084.260009765625
2162.0	2200.0	2087.672119140625
2163.0	2194.0	2087.8388671875
2170.0	2195.0	2070.454833984375
2172.0	2194.0	2068.360595703125
2170.0	2194.0	2078.087158203125
2171.0	2196.0	2078.578369140625
2170.0	2194.0	2084.904296875
2172.0	2196.0	2082.009765625
2171.0	2195.0	2088.026611328125
2181.0	2196.0	2061.5244140625
2181.0	2195.0	2065.21044921875
2183.0	2198.0	2062.777587890625
2181.0	2195.0	2072.142333984375
2184.0	2196.0	2066.271484375
2183.0	2197.0	2072.285400390625
2183.0	2196.0	2075.0390625
2182.0	2195.0	2080.668212890625
2184.0	2194.0	2077.185791015625
2180.0	2196.0	2091.539794921875
2191.0	2196.0	2061.6396484375
2190.0	2194.0	2067.803466796875
2191.0	2195.0	2067.68896484375
2190.0	2195.0	2073.4111328125
2192.0	2196.0	2069.942138671875
2192.0	2195.0	2072.32421875
2193.0	2184.0	2071.603515625
2191.0	2186.0	2079.782470703125
2190.0	2180.0	2084.859130859375
2194.0	2184.0	2074.792236328125
2191.0	2183.0	2085.650634765625
2191.0	2181.0	2087.385986328125
2191.0	2183.0	2089.01513671875
2180.0	2183.0	2123.5166015625
2181.0	2172.0	2121.0166015625
2181.0	2171.0	2121.478759765625
2182.0	2171.0	2118.915283203125
2184.0	2170.0	2113.33349609375
2181.0	2171.0	2122.67529296875
2182.0	2171.0	2120.025634765625
2181.0	2173.0	2123.380126953125
2184.0	2160.0	2114.683837890625
2182.0	2156.0	2121.00341796875
2173.0	2159.0	2148.25
2175.0	2158.0	2141.431884765625
2173.0	2158.0	2146.715087890625
2172.0	2143.0	2149.00390625
2195.0	2145.0	2079.262451171875
2168.0	2146.0	2159.70947265625
2177.0	2145.0	2131.94580078125
2179.0	2145.0	2125.303466796875
2162.0	2131.0	2175.683349609375
2165.0	2132.0	2165.1875
2173.0	2131.0	2139.755126953125
2160.0	2144.0	2177.430908203125
2162.0	2132.0	2170.039306640625
2161.0	2130.0	2171.64892578125
2153.0	2119.0	2193.780517578125
2151.0	2119.0	2197.53857421875
2152.0	2114.0	2192.3896484375
2152.0	2115.0	2190.385986328125
2152.0	2117.0	2188.51416015625
2142.0	2123.0	2216.724853515625
2144.0	2107.0	2208.010009765625
2142.0	2106.0	2211.46923828125
2142.0	2106.0	2209.072998046875
2135.0	2105.0	2227.0078125
2135.0	2119.0	2223.725341796875
2132.0	2101.0	2229.717041015625
2134.0	2108.0	2220.851318359375
2132.0	2097.0	2224.10107421875
2123.0	2087.0	2248.44677734375
2124.0	2094.0	2241.92138671875
2123.0	2107.0	2241.638427734375
2123.0	2090.0	2238.52392578125
2123.0	2092.0	2235.578125
2123.0	2094.0	2232.77587890625
2115.0	2093.0	2253.58447265625
2116.0	2092.0	2247.06103515625
2114.0	2093.0	2249.73046875
2115.0	2091.0	2243.576171875
2115.0	2093.0	2240.640625
2112.0	2091.0	2246.80322265625
2114.0	2093.0	2238.06396484375
2114.0	2091.0	2235.608642578125
2114.0	2094.0	2233.24853515625
2115.0	2095.0	2228.0224609375
2114.0	2091.0	2228.8955078125
2104.0	2092.0	2256.56689453125
2106.0	2092.0	2247.5732421875
2104.0	2091.0	2250.76025390625
2103.0	2091.0	2251.1669921875
2103.0	2091.0	2248.6748046875
2106.0	2091.0	2237.2568359375
2106.0	2092.0	2235.076171875
2103.0	2092.0	2241.9970703125
2102.0	2091.0	2243.003173828125
2105.0	2091.0	2232.091552734375
2104.0	2091.0	2233.348388671875
2104.0	2091.0	2231.701171875
2104.0	2090.0	2230.134765625
2104.0	2104.0	2228.652587890625
2104.0	2104.0	2227.261474609375
2107.0	2103.0	2216.955810546875
2107.0	2107.0	2215.67333984375
2106.0	2109.0	2217.53857421875
2113.0	2105.0	2195.694580078125
2115.0	2105.0	2189.643798828125
2115.0	2104.0	2189.592529296875
2116.0	2118.0	2186.632568359375
2112.0	2118.0	2198.580322265625
2116.0	2118.0	2186.59619140625
2114.0	2119.0	2192.570068359375
2115.0	2118.0	2189.47802734375
2113.0	2129.0	2195.394287109375
2110.0	2133.0	2204.3291015625
2115.0	2130.0	2189.323974609375
2116.0	2132.0	2186.3359375
2125.0	2130.0	2159.614501953125
2126.0	2131.0	2157.7177734375
2117.0	2129.0	2185.81591796875
2121.0	2146.0	2174.61669921875
2123.0	2144.0	2169.4638671875
2124.0	2145.0	2167.301513671875
2123.0	2145.0	2171.17626953125
2133.0	2146.0	2142.437744140625
2132.0	2157.0	2147.16845703125
2132.0	2154.0	2148.78173828125
2135.0	2160.0	2141.267822265625
2132.0	2157.0	2151.718017578125
2143.0	2170.0	2120.06103515625
2145.0	2169.0	2116.504638671875
2143.0	2170.0	2124.826171875
2144.0	2161.0	2123.98291015625
2152.0	2186.0	2102.777099609375
2153.0	2178.0	2102.71240234375
2151.0	2176.0	2111.516357421875
2153.0	2180.0	2108.141357421875
2153.0	2197.0	2110.634033203125
2161.0	2187.0	2089.25146484375
2155.0	2197.0	2110.586181640625
2162.0	2181.0	2092.650634765625
2162.0	2181.0	2095.6728515625
2164.0	2183.0	2092.4541015625
2164.0	2194.0	2095.03662109375
2162.0	2194.0	2103.575439453125
2173.0	2196.0	2073.35107421875
2174.0	2198.0	2073.63232421875
2171.0	2193.0	2085.775146484375
2170.0	2194.0	2091.77978515625
2171.0	2196.0	2091.458251953125
2171.0	2196.0	2093.995849609375
2170.0	2196.0	2099.303466796875
2174.0	2196.0	2089.718505859375
2182.0	2195.0	2068.360107421875
2182.0	2195.0	2071.50439453125
2182.0	2208.0	2074.50244140625
2182.0	2208.0	2077.284912109375
2183.0	2209.0	2076.945556640625
2181.0	2208.0	2085.51220703125
2181.0	2204.0	2087.880859375
2183.0	2208.0	2084.06689453125
2184.0	2209.0	2083.145263671875
2181.0	2208.0	2094.176025390625
2182.0	2193.0	2093.0322265625
2181.0	2196.0	2097.839599609375
2192.0	2196.0	2066.8125
2191.0	2195.0	2072.396240234375
2190.0	2195.0	2077.86865234375
2191.0	2196.0	2077.184326171875
2191.0	2197.0	2079.353271484375
2191.0	2196.0	2081.39794921875
2191.0	2195.0	2083.31005859375
2190.0	2195.0	2088.1201171875
2191.0	2196.0	2086.812744140625
2181.0	2197.0	2118.288330078125
2181.0	2195.0	2118.867919921875
2181.0	2185.0	2119.399169921875
2181.0	2183.0	2119.924560546875
2182.0	2183.0	2117.48828125
2183.0	2184.0	2114.958251953125
2181.0	2184.0	2121.38720703125
2182.0	2183.0	2118.846435546875
2182.0	2171.0	2119.193359375
2181.0	2170.0	2122.51123046875
2183.0	2170.0	2116.93798828125
2180.0	2171.0	2126.32373046875
2182.0	2171.0	2120.54052734375
2175.0	2158.0	2141.138427734375
2170.0	2159.0	2155.39404296875
2175.0	2156.0	2139.590576171875
2171.0	2157.0	2150.8720703125
2171.0	2157.0	2150.239013671875
2166.0	2145.0	2164.5712890625
2171.0	2143.0	2148.84130859375
2162.0	2146.0	2175.065673828125
2161.0	2143.0	2176.4619140625
2162.0	2146.0	2171.96533203125
2163.0	2145.0	2167.572509765625
2162.0	2131.0	2169.225341796875
2162.0	2132.0	2167.959716796875
2151.0	2131.0	2199.2080078125
2152.0	2135.0	2193.992919921875
2152.0	2129.0	2191.815185546875
2155.0	2125.0	2180.866943359375
2153.0	2119.0	2184.992431640625
2143.0	2112.0	2213.294189453125
2143.0	2121.0	2210.450439453125
2144.0	2127.0	2204.969970703125
2144.0	2116.0	2202.75537109375
2129.0	2111.0	2244.756591796875
2132.0	2100.0	2232.525634765625
2132.0	2110.0	2229.373046875
2133.0	2123.0	2223.47314453125
2135.0	2111.0	2214.75439453125
2126.0	2104.0	2239.119140625
2123.0	2088.0	2244.70068359375
2124.0	2088.0	2238.439697265625
2123.0	2090.0	2238.351806640625
2124.0	2092.0	2232.2919921875
2122.0	2094.0	2235.615966796875
2112.0	2092.0	2262.400390625
2113.0	2093.0	2255.926513671875
2113.0	2093.0	2252.623046875
2114.0	2093.0	2246.48291015625
2113.0	2093.0	2246.630615234375
2113.0	2079.0	2243.82568359375
2116.0	2080.0	2232.068359375
2114.0	2078.0	2235.52490234375
2114.0	2080.0	2233.264404296875
2104.0	2078.0	2260.698974609375
2106.0	2080.0	2251.4921875
2104.0	2078.0	2254.425048828125
2103.0	2079.0	2254.5595703125
2104.0	2079.0	2248.937744140625
2105.0	2080.0	2243.34033203125
2104.0	2079.0	2243.970458984375
2104.0	2078.0	2241.731689453125
2104.0	2080.0	2239.621337890625
2104.0	2091.0	2237.564697265625
2107.0	2093.0	2226.650390625
2104.0	2093.0	2233.849853515625
2104.0	2093.0	2232.150146484375
2104.0	2092.0	2230.512939453125
2103.0	2092.0	2232.01611328125
2105.0	2091.0	2224.529052734375
2104.0	2092.0	2226.211669921875
2103.0	2091.0	2227.88818359375
2103.0	2104.0	2226.6884765625
2105.0	2103.0	2219.56884765625
2106.0	2105.0	2215.462646484375
2104.0	2106.0	2220.477783203125
2105.0	2103.0	2216.48486328125
2107.0	2106.0	2209.543212890625
2104.0	2119.0	2217.76904296875
2107.0	2119.0	2207.966064453125
2114.0	2118.0	2186.88623046875
2111.0	2117.0	2196.273681640625
2117.0	2119.0	2178.454833984375
2121.0	2131.0	2166.699462890625
2114.0	2132.0	2188.05126953125
2116.0	2132.0	2182.377197265625
2118.0	2132.0	2176.525390625
2111.0	2132.0	2197.732421875
2111.0	2144.0	2197.87451171875
2113.0	2143.0	2191.96533203125
2122.0	2146.0	2165.825927734375
2123.0	2143.0	2164.025634765625
2124.0	2141.0	2162.150390625
2124.0	2145.0	2163.220458984375
2123.0	2156.0	2167.30419921875
2135.0	2149.0	2132.35595703125
2134.0	2159.0	2137.2802734375
2132.0	2159.0	2145.112548828125
2134.0	2172.0	2140.82177734375
2135.0	2174.0	2139.615966796875
2132.0	2171.0	2150.072021484375
2144.0	2149.0	2116.102294921875
2145.0	2168.0	2115.626953125
2152.0	2177.0	2097.03125
2150.0	2181.0	2106.34814453125
2151.0	2184.0	2106.308837890625
2152.0	2180.0	2106.1279296875
2151.0	2186.0	2111.854248046875
2156.0	2184.0	2099.405029296875
2162.0	2193.0	2084.49658203125
2162.0	2196.0	2087.976806640625
2164.0	2196.0	2085.279541015625
2162.0	2195.0	2094.411376953125
2162.0	2194.0	2097.44140625
2162.0	2195.0	2100.1435546875
2171.0	2197.0	2076.793701171875
2174.0	2193.0	2071.190673828125
2172.0	2209.0	2080.347900390625
2173.0	2208.0	2080.379150390625
2172.0	2210.0	2086.2216796875
2171.0	2208.0	2092.07373046875
2182.0	2206.0	2062.203369140625
2182.0	2208.0	2065.652587890625
2185.0	2210.0	2059.925048828125
2181.0	2209.0	2075.018798828125
2181.0	2209.0	2077.925048828125
2182.0	2209.0	2077.64697265625
2184.0	2209.0	2074.262451171875
2183.0	2209.0	2079.760986328125
2181.0	2209.0	2088.153564453125
2192.0	2208.0	2057.62744140625
2191.0	2209.0	2063.719970703125
2190.0	2209.0	2069.706787109375
2193.0	2207.0	2063.47900390625
2191.0	2211.0	2072.180419921875
2191.0	2208.0	2074.650146484375
2191.0	2210.0	2076.910888671875
2190.0	2208.0	2082.11865234375
2193.0	2208.0	2075.25341796875
2193.0	2210.0	2077.2333984375
2192.0	2209.0	2082.1669921875
2190.0	2208.0	2089.947265625
2191.0	2196.0	2088.7568359375
2191.0	2196.0	2090.37353515625
2195.0	2195.0	2079.891357421875
2193.0	2195.0	2087.387939453125
2194.0	2196.0	2085.75341796875
2200.0	2197.0	2069.04248046875
2191.0	2197.0	2097.3955078125
2186.0	2197.0	2113.64111328125
2180.0	2183.0	2132.390869140625
2180.0	2183.0	2132.24267578125
2180.0	2182.0	2132.221435546875
2182.0	2184.0	2126.176025390625
2181.0	2170.0	2129.24755859375
2182.0	2170.0	2126.207275390625
2181.0	2170.0	2129.157470703125
2181.0	2172.0	2129.092041015625
2184.0	2170.0	2120.06689453125
2183.0	2170.0	2123.015869140625
2171.0	2159.0	2158.604248046875
2171.0	2156.0	2157.488525390625
2172.0	2153.0	2153.461669921875
2171.0	2160.0	2155.51904296875
2173.0	2139.0	2148.58349609375
2172.0	2149.0	2150.6533203125
2171.0	2152.0	2152.88671875
2164.0	2145.0	2172.590087890625
2164.0	2148.0	2170.988037109375
2163.0	2125.0	2172.304443359375
2162.0	2130.0	2173.766357421875
2163.0	2125.0	2169.288818359375
2153.0	2132.0	2197.919189453125
2152.0	2130.0	2198.448486328125
2155.0	2116.0	2187.130615234375
2152.0	2117.0	2193.89404296875
2152.0	2117.0	2191.79296875
2153.0	2118.0	2186.73779296875
2142.0	2119.0	2217.553466796875
2144.0	2105.0	2208.748291015625
2147.0	2104.0	2197.226318359375
2133.0	2105.0	2236.783935546875
2136.0	2106.0	2224.18359375
2132.0	2106.0	2232.908935546875
2133.0	2106.0	2226.802001953125
2132.0	2091.0	2226.853759765625
2133.0	2093.0	2221.092041015625
2132.0	2091.0	2221.48388671875
2124.0	2093.0	2242.628173828125
2124.0	2092.0	2239.211181640625
2124.0	2092.0	2236.0029296875
2123.0	2079.0	2236.00634765625
2125.0	2082.0	2227.268798828125
2123.0	2081.0	2230.694580078125
2123.0	2081.0	2228.20849609375
2113.0	2080.0	2255.1884765625
2113.0	2083.0	2251.898681640625
2115.0	2079.0	2242.778564453125
2113.0	2080.0	2245.8779296875
2111.0	2079.0	2249.07470703125
2115.0	2080.0	2234.4609375
2122.0	2081.0	2210.950927734375
2111.0	2080.0	2241.7890625
2115.0	2079.0	2227.508056640625
2111.0	2079.0	2237.3603515625
2112.0	2079.0	2232.2109375
2113.0	2079.0	2227.26416015625
2114.0	2051.0	2222.4541015625
2113.0	2082.0	2223.684814453125
2115.0	2078.0	2216.06005859375
2114.0	2081.0	2217.532958984375
2112.0	2081.0	2222.044921875
2114.0	2078.0	2214.69677734375
2113.0	2057.0	2216.3505859375
2114.0	2078.0	2212.15234375
2112.0	2082.0	2216.95703125
2113.0	2080.0	2212.864501953125
2114.0	2090.0	2208.822265625
2115.0	2094.0	2204.866455078125
2113.0	2098.0	2209.96240234375
2113.0	2096.0	2209.092041015625
2113.0	2089.0	2208.293212890625
2114.0	2090.0	2204.52099609375
2113.0	2092.0	2206.802978515625
2114.0	2092.0	2203.173583984375
2113.0	2105.0	2205.607177734375
2114.0	2104.0	2202.009765625
2113.0	2104.0	2204.463134765625
2114.0	2105.0	2200.892578125
2124.0	2118.0	2171.293701171875
2123.0	2120.0	2174.863037109375
2124.0	2117.0	2172.33935546875
2122.0	2118.0	2178.874755859375
2125.0	2116.0	2170.275634765625
2123.0	2117.0	2176.75830078125
2134.0	2133.0	2144.744384765625
2136.0	2130.0	2140.234375
2132.0	2130.0	2153.546875
2134.0	2133.0	2148.767578125
2132.0	2131.0	2155.990966796875
2133.0	2146.0	2154.087646484375
2132.0	2144.0	2158.091064453125
2143.0	2144.0	2126.841552734375
2145.0	2142.0	2122.844970703125
2153.0	2157.0	2101.17626953125
2153.0	2156.0	2104.056884765625
2153.0	2156.0	2106.685791015625
2152.0	2169.0	2112.14501953125
2153.0	2170.0	2111.52001953125
2154.0	2171.0	2110.887939453125
2161.0	2170.0	2092.84619140625
2167.0	2173.0	2077.86328125
2165.0	2172.0	2086.8408203125
2168.0	2184.0	2080.53955078125
2163.0	2182.0	2098.134521484375
2165.0	2185.0	2094.66162109375
2171.0	2185.0	2079.866943359375
2169.0	2183.0	2088.959716796875
2174.0	2184.0	2076.89599609375
2170.0	2184.0	2091.735595703125
2171.0	2192.0	2091.370361328125
2172.0	2200.0	2090.879150390625
2180.0	2198.0	2070.03955078125
2182.0	2196.0	2067.390380859375
2185.0	2193.0	2061.5595703125
2182.0	2195.0	2073.571533203125
2183.0	2200.0	2073.403076171875
2182.0	2197.0	2079.10693359375
2182.0	2197.0	2081.667236328125
2191.0	2212.0	2057.95068359375
2189.0	2214.0	2067.140380859375
2190.0	2219.0	2067.128662109375
2190.0	2206.0	2069.929443359375
2190.0	2207.0	2072.579833984375
2191.0	2207.0	2072.1533203125
2194.0	2208.0	2065.53662109375
2190.0	2207.0	2079.818359375
2192.0	2208.0	2076.0244140625
2190.0	2210.0	2084.015869140625
2191.0	2207.0	2082.9189453125
2190.0	2209.0	2087.781005859375
2192.0	2208.0	2083.499755859375
2193.0	2210.0	2082.17431640625
2193.0	2209.0	2083.73486328125
2190.0	2210.0	2094.366943359375
2191.0	2209.0	2092.603759765625
2192.0	2210.0	2090.900146484375
2192.0	2210.0	2092.047607421875
2190.0	2198.0	2099.156005859375
2190.0	2198.0	2100.269287109375
2192.0	2198.0	2095.28857421875
2194.0	2198.0	2090.2958984375
2191.0	2196.0	2100.242431640625
2193.0	2197.0	2095.190185546875
2191.0	2196.0	2102.021240234375
2191.0	2195.0	2102.783935546875
2190.0	2183.0	2106.515380859375
2190.0	2183.0	2107.14990234375
2191.0	2184.0	2104.742431640625
2181.0	2182.0	2134.744384765625
2181.0	2182.0	2134.343994140625
2181.0	2183.0	2133.9892578125
2184.0	2169.0	2124.575927734375
2182.0	2170.0	2130.250244140625
2180.0	2170.0	2135.962158203125
2172.0	2171.0	2159.417724609375
2175.0	2170.0	2149.014404296875
2173.0	2170.0	2153.736328125
2171.0	2157.0	2158.658935546875
2173.0	2155.0	2151.45263671875
2172.0	2156.0	2153.447509765625
2161.0	2145.0	2184.812255859375
2163.0	2145.0	2176.777587890625
2172.0	2146.0	2147.814453125
2165.0	2144.0	2167.087646484375
2165.0	2143.0	2165.37109375
2153.0	2132.0	2199.727294921875
2154.0	2132.0	2194.110595703125
2146.0	2132.0	2215.60693359375
2152.0	2131.0	2195.172607421875
2142.0	2130.0	2222.576171875
2142.0	2119.0	2219.4404296875
2136.0	2120.0	2234.02099609375
2133.0	2114.0	2239.13818359375
2134.0	2121.0	2232.4326171875
2133.0	2121.0	2232.0068359375
2133.0	2119.0	2228.68359375
2123.0	2111.0	2255.04931640625
2124.0	2100.0	2248.099365234375
2123.0	2097.0	2247.387451171875
2122.0	2103.0	2246.837646484375
2114.0	2112.0	2267.3232421875
2114.0	2117.0	2263.10107421875
2116.0	2104.0	2253.191162109375
2113.0	2106.0	2258.363037109375
2115.0	2106.0	2248.67919921875
2113.0	2094.0	2251.472900390625
2105.0	2094.0	2271.812255859375
2105.0	2093.0	2267.9423828125
2105.0	2092.0	2264.189697265625
2104.0	2093.0	2263.755859375
2105.0	2096.0	2257.36767578125
2105.0	2094.0	2254.22216796875
2104.0	2093.0	2254.185302734375
2104.0	2091.0	2251.34228515625
2094.0	2093.0	2277.613037109375
2094.0	2091.0	2273.913330078125
2096.0	2094.0	2264.431640625
2097.0	2091.0	2258.20751953125
2094.0	2092.0	2264.099609375
2096.0	2094.0	2255.1240234375
2093.0	2093.0	2261.3076171875
2094.0	2092.0	2255.69140625
2095.0	2091.0	2250.1943359375
2094.0	2092.0	2250.87109375
2096.0	2094.0	2242.632080078125
2095.0	2092.0	2243.5615234375
2087.0	2094.0	2265.02490234375
2084.0	2092.0	2271.175537109375
2086.0	2092.0	2262.5205078125
2085.0	2092.0	2263.023681640625
2085.0	2104.0	2260.632080078125
2095.0	2107.0	2228.35302734375
2096.0	2104.0	2224.21142578125
2094.0	2106.0	2229.210205078125
2092.0	2105.0	2234.29833984375
2097.0	2105.0	2218.255615234375
2097.0	2104.0	2217.53515625
2096.0	2105.0	2219.76025390625
2096.0	2104.0	2218.969970703125
2096.0	2117.0	2218.371337890625
2110.0	2115.0	2175.617431640625
2094.0	2117.0	2222.9658203125
2090.0	2117.0	2234.306396484375
2092.0	2118.0	2227.689453125
2094.0	2118.0	2221.103271484375
2103.0	2130.0	2194.36083984375
2106.0	2131.0	2185.854248046875
2103.0	2129.0	2195.405517578125
2106.0	2131.0	2186.867431640625
2104.0	2132.0	2193.35791015625
2105.0	2142.0	2190.783935546875
2106.0	2144.0	2188.21875
2106.0	2146.0	2188.728515625
2105.0	2144.0	2192.057373046875
2105.0	2146.0	2192.468994140625
2112.0	2150.0	2172.2119140625
2115.0	2156.0	2164.49462890625
2113.0	2153.0	2171.8349609375
2114.0	2156.0	2170.032958984375
2114.0	2162.0	2171.17578125
2114.0	2168.0	2172.285400390625
2124.0	2171.0	2144.087890625
2125.0	2171.0	2143.11474609375
2123.0	2170.0	2151.082763671875
2124.0	2170.0	2149.845947265625
2124.0	2170.0	2151.61474609375
2133.0	2171.0	2126.4384765625
2133.0	2183.0	2129.054443359375
2133.0	2181.0	2131.545654296875
2132.0	2184.0	2136.899658203125
2144.0	2184.0	2104.0458984375
2143.0	2184.0	2110.205810546875
2144.0	2183.0	2110.15380859375
2153.0	2183.0	2086.733154296875
2154.0	2194.0	2087.309326171875
2153.0	2197.0	2093.687744140625
2153.0	2196.0	2096.94921875
2153.0	2196.0	2099.960693359375
2162.0	2195.0	2076.857666015625
2163.0	2197.0	2077.62255859375
2162.0	2196.0	2084.17529296875
2172.0	2196.0	2058.384765625
2172.0	2196.0	2062.51318359375
2172.0	2195.0	2066.525146484375
2172.0	2196.0	2070.27880859375
2173.0	2206.0	2070.803466796875
2171.0	2209.0	2080.114501953125
2181.0	2208.0	2053.2451171875
2183.0	2207.0	2051.319091796875
2182.0	2209.0	2058.242919921875
2182.0	2209.0	2061.932373046875
2184.0	2209.0	2059.37353515625
2181.0	2207.0	2071.71484375
2183.0	2208.0	2068.799560546875
2190.0	2210.0	2051.32373046875
2189.0	2208.0	2058.096435546875
2193.0	2210.0	2049.62451171875
2192.0	2198.0	2055.99658203125
2194.0	2197.0	2053.218505859375
2192.0	2194.0	2062.175537109375
2192.0	2197.0	2065.1630859375
2192.0	2196.0	2067.86181640625
2186.0	2196.0	2088.412841796875
2195.0	2196.0	2063.810546875
2196.0	2197.0	2063.07373046875
2201.0	2197.0	2050.20361328125
2191.0	2195.0	2082.344482421875
2187.0	2198.0	2096.190673828125
2190.0	2196.0	2088.958984375
2189.0	2182.0	2093.624267578125
2192.0	2185.0	2086.08544921875
2191.0	2184.0	2090.66357421875
2191.0	2185.0	2092.0234375
2192.0	2184.0	2090.36181640625
2191.0	2170.0	2094.6513671875
2191.0	2168.0	2095.82080078125
2190.0	2175.0	2100.01611328125
2191.0	2173.0	2098.10595703125
2191.0	2170.0	2099.107421875
2193.0	2173.0	2094.082763671875
2192.0	2170.0	2098.005859375
2192.0	2160.0	2098.904052734375
2190.0	2164.0	2105.708740234375
2181.0	2159.0	2133.16162109375
2184.0	2143.0	2123.928466796875
2181.0	2140.0	2132.7138671875
2183.0	2155.0	2126.488037109375
2182.0	2142.0	2129.2763671875
2183.0	2143.0	2126.026611328125
2184.0	2146.0	2122.896728515625
2171.0	2145.0	2161.030517578125
2172.0	2122.0	2156.728271484375
2172.0	2131.0	2155.62841796875
2171.0	2129.0	2157.652587890625
2172.0	2130.0	2153.60791015625
2171.0	2119.0	2155.60498046875
2171.0	2118.0	2154.72216796875
2163.0	2117.0	2176.930419921875
2166.0	2121.0	2166.0400390625
2162.0	2118.0	2176.25439453125
2162.0	2118.0	2174.577392578125
2152.0	2105.0	2202.54736328125
2152.0	2104.0	2199.930908203125
2152.0	2105.0	2197.49072265625
2152.0	2104.0	2194.990478515625
2144.0	2106.0	2216.87060546875
2146.0	2106.0	2207.83447265625
2142.0	2093.0	2216.908935546875
2144.0	2094.0	2208.09228515625
2132.0	2093.0	2240.64013671875
2134.0	2092.0	2231.08740234375
2135.0	2093.0	2224.755126953125
2131.0	2094.0	2233.623046875
2123.0	2092.0	2254.61572265625
2126.0	2093.0	2241.921875
2125.0	2094.0	2241.29248046875
2126.0	2091.0	2234.8759765625
2123.0	2092.0	2240.638671875
2113.0	2091.0	2266.939208984375
2122.0	2093.0	2235.97509765625
2121.0	2093.0	2235.20166015625
2116.0	2095.0	2246.659423828125
2108.0	2095.0	2267.3212890625
2112.0	2092.0	2251.986328125
2102.0	2090.0	2278.80224609375
2104.0	2094.0	2268.918212890625
2105.0	2089.0	2262.24609375
2105.0	2092.0	2258.81396484375
2104.0	2093.0	2258.524169921875
2104.0	2095.0	2255.35205078125
2105.0	2093.0	2249.439208984375
2104.0	2096.0	2249.640625
2105.0	2094.0	2244.10888671875
2104.0	2095.0	2244.617431640625
2104.0	2087.0	2242.29736328125
2104.0	2097.0	2240.097900390625
2104.0	2100.0	2238.00439453125
2106.0	2091.0	2230.0263671875
2104.0	2091.0	2234.205078125
2104.0	2090.0	2232.51025390625
2104.0	2092.0	2230.884033203125
2105.0	2106.0	2226.338623046875
2105.0	2102.0	2224.911376953125
2105.0	2104.0	2223.671142578125
2106.0	2105.0	2219.247314453125
2104.0	2103.0	2224.072265625
2106.0	2106.0	2216.918701171875
2106.0	2105.0	2215.806396484375
2101.0	2105.0	2229.7880859375
2106.0	2118.0	2213.86328125
2105.0	2119.0	2215.932861328125
2103.0	2117.0	2221.160888671875
2106.0	2118.0	2211.193359375
2106.0	2117.0	2210.302001953125
2103.0	2117.0	2218.51708984375
2107.0	2131.0	2205.7119140625
2105.0	2131.0	2210.99267578125
2104.0	2130.0	2213.3759765625
2106.0	2132.0	2206.776611328125
2108.0	2132.0	2200.2451171875
2105.0	2132.0	2208.764404296875
2103.0	2144.0	2214.294921875
2104.0	2146.0	2210.829345703125
2103.0	2144.0	2213.425537109375
2104.0	2144.0	2209.980224609375
2114.0	2145.0	2180.401123046875
2115.0	2146.0	2177.93603515625
2116.0	2146.0	2175.446044921875
2114.0	2158.0	2182.041259765625
2113.0	2159.0	2185.5927734375
2115.0	2159.0	2180.0869140625
2114.0	2159.0	2183.68701171875
2112.0	2158.0	2190.171630859375
2129.0	2171.0	2140.361572265625
2126.0	2171.0	2150.796875
2137.0	2170.0	2119.11669921875
2125.0	2171.0	2156.523681640625
2118.0	2171.0	2178.770751953125
2131.0	2169.0	2140.91796875
2131.0	2185.0	2143.124755859375
2135.0	2183.0	2133.0810546875
2131.0	2186.0	2147.030029296875
2134.0	2182.0	2139.82470703125
2132.0	2178.0	2147.543701171875
2145.0	2183.0	2110.60546875
2143.0	2182.0	2119.273681640625
2152.0	2193.0	2095.127197265625
2152.0	2196.0	2098.4326171875
2152.0	2197.0	2101.5244140625
2152.0	2194.0	2104.468994140625
2152.0	2199.0	2107.2607421875
2162.0	2191.0	2079.949951171875
2165.0	2203.0	2074.56884765625
2161.0	2201.0	2089.994384765625
2162.0	2200.0	2090.26025390625
2163.0	2192.0	2090.3427734375
2173.0	2195.0	2063.86279296875
2171.0	2193.0	2073.6474609375
2171.0	2196.0	2077.18701171875
2172.0	2198.0	2077.57861328125
2172.0	2195.0	2080.796630859375
2182.0	2196.0	2053.75537109375
2181.0	2196.0	2060.66455078125
2181.0	2197.0	2064.394775390625
2181.0	2196.0	2068.06103515625
2181.0	2196.0	2071.469482421875
2182.0	2195.0	2071.5908203125
2181.0	2196.0	2077.577880859375
2190.0	2194.0	2053.49658203125
2190.0	2193.0	2057.177001953125
2191.0	2194.0	2057.638671875
2192.0	2196.0	2057.912353515625
2189.0	2196.0	2069.974609375
2191.0	2196.0	2066.9091796875
2191.0	2196.0	2069.72509765625
2191.0	2195.0	2072.279052734375
2190.0	2196.0	2077.68017578125
2194.0	2194.0	2067.934814453125
2191.0	2196.0	2079.1474609375
2192.0	2183.0	2078.19921875
2191.0	2181.0	2083.1708984375
2191.0	2181.0	2085.0078125
2193.0	2184.0	2080.85986328125
2193.0	2182.0	2082.529052734375
2191.0	2184.0	2090.1357421875
2192.0	2182.0	2088.559814453125
2193.0	2183.0	2087.0
2192.0	2183.0	2091.329833984375
2193.0	2169.0	2089.61279296875
2194.0	2170.0	2087.9326171875
2206.0	2170.0	2053.159423828125
2190.0	2171.0	2102.44677734375
2190.0	2173.0	2103.52783203125
2190.0	2171.0	2104.366943359375
2193.0	2160.0	2096.159423828125
2192.0	2156.0	2099.952392578125
2193.0	2158.0	2097.663818359375
2191.0	2159.0	2104.370849609375
2191.0	2142.0	2105.040771484375
2191.0	2149.0	2105.673095703125
2191.0	2145.0	2106.17919921875
2182.0	2143.0	2132.963134765625
2181.0	2146.0	2135.5693359375
2181.0	2133.0	2135.19921875
2182.0	2141.0	2131.848388671875
2181.0	2135.0	2134.448974609375
2201.0	2144.0	2074.02197265625
2181.0	2128.0	2133.776123046875
2182.0	2129.0	2130.473388671875
2171.0	2129.0	2162.39306640625
2172.0	2130.0	2157.880126953125
2171.0	2118.0	2159.71875
2172.0	2117.0	2155.57373046875
2172.0	2119.0	2154.5703125
2173.0	2118.0	2150.55322265625
2163.0	2117.0	2179.1533203125
2165.0	2105.0	2171.146728515625
2161.0	2105.0	2181.166259765625
2163.0	2104.0	2173.266357421875
2161.0	2104.0	2177.54150390625
2152.0	2106.0	2202.392822265625
2151.0	2104.0	2202.76318359375
2151.0	2106.0	2200.29443359375
2151.0	2105.0	2197.948974609375
2152.0	2105.0	2192.731689453125
2144.0	2094.0	2214.74365234375
2143.0	2092.0	2214.78173828125
2134.0	2094.0	2238.990478515625
2131.0	2091.0	2244.230712890625
2133.0	2093.0	2234.779296875
2133.0	2091.0	2231.36962890625
2130.0	2094.0	2237.140625
2135.0	2093.0	2219.05615234375
2125.0	2093.0	2246.03173828125
2125.0	2092.0	2242.3779296875
2124.0	2092.0	2241.94482421875
2125.0	2092.0	2235.6533203125
2121.0	2091.0	2244.666259765625
2116.0	2095.0	2255.651611328125
2109.0	2097.0	2272.78857421875
2113.0	2092.0	2257.035400390625
2113.0	2094.0	2253.529296875
2113.0	2090.0	2250.253662109375
2114.0	2094.0	2244.119873046875
2114.0	2094.0	2241.17138671875
2113.0	2093.0	2241.388671875
2113.0	2099.0	2238.756591796875
2105.0	2094.0	2259.39404296875
2103.0	2096.0	2262.059814453125
2107.0	2088.0	2246.88720703125
2104.0	2111.0	2252.95263671875
2103.0	2099.0	2253.261474609375
2104.0	2103.0	2247.56494140625
2104.0	2104.0	2245.13671875
2103.0	2103.0	2245.74267578125
2104.0	2103.0	2240.47119140625
2105.0	2106.0	2235.317626953125
2105.0	2105.0	2233.400390625
2104.0	2103.0	2234.47705078125
2104.0	2105.0	2232.61865234375
2104.0	2116.0	2230.92919921875
2105.0	2117.0	2226.3056640625
2104.0	2119.0	2227.820068359375
2105.0	2117.0	2223.27294921875
2105.0	2117.0	2221.962646484375
2105.0	2118.0	2220.6748046875
2106.0	2118.0	2216.525390625
2105.0	2119.0	2218.31982421875
2104.0	2130.0	2220.232421875
2103.0	2130.0	2222.181884765625
2105.0	2134.0	2215.231689453125
2104.0	2130.0	2217.335205078125
2105.0	2132.0	2213.444580078125
2103.0	2131.0	2218.675537109375
2104.0	2130.0	2214.9033203125
2106.0	2144.0	2208.15625
2103.0	2145.0	2216.554931640625
2104.0	2144.0	2212.94677734375
2113.0	2145.0	2185.93359375
2113.0	2148.0	2186.328857421875
2114.0	2145.0	2183.80126953125
2114.0	2161.0	2184.218994140625
2115.0	2155.0	2181.620849609375
2117.0	2160.0	2176.045654296875
2115.0	2157.0	2182.458740234375
2118.0	2157.0	2173.700439453125
2115.0	2157.0	2183.05712890625
2112.0	2157.0	2192.2529296875
2123.0	2171.0	2160.111328125
2122.0	2171.0	2164.384521484375
2125.0	2165.0	2156.6337890625
2124.0	2169.0	2160.78857421875
2123.0	2170.0	2164.999755859375
2133.0	2175.0	2135.9814453125
2133.0	2172.0	2138.006591796875
2132.0	2167.0	2142.891357421875
2133.0	2171.0	2141.71484375
2134.0	2177.0	2140.46337890625
2133.0	2177.0	2145.176025390625
2144.0	2183.0	2114.17333984375
2142.0	2178.0	2122.775146484375
2155.0	2191.0	2086.163330078125
2152.0	2180.0	2098.476318359375
2153.0	2182.0	2098.561767578125
2152.0	2182.0	2104.509033203125
2154.0	2182.0	2101.30810546875
2154.0	2185.0	2104.069091796875
2152.0	2184.0	2112.57958984375
2162.0	2182.0	2085.645751953125
2164.0	2196.0	2082.75732421875
2163.0	2197.0	2088.865478515625
2163.0	2194.0	2091.874755859375
2163.0	2195.0	2094.634765625
2174.0	2199.0	2064.242919921875
2171.0	2196.0	2076.74951171875
2171.0	2182.0	2080.068115234375
2174.0	2184.0	2074.1826171875
2171.0	2183.0	2086.194091796875
2172.0	2184.0	2085.9990234375
2174.0	2183.0	2082.66796875
2172.0	2184.0	2091.26708984375
2172.0	2182.0	2093.683349609375
2172.0	2182.0	2095.904052734375
2184.0	2181.0	2061.985107421875
2181.0	2181.0	2074.091552734375
2182.0	2184.0	2074.01318359375
2181.0	2184.0	2079.810791015625
2183.0	2184.0	2076.421875
2180.0	2182.0	2087.96484375
2182.0	2168.0	2084.35498046875
2183.0	2170.0	2083.5322265625
2182.0	2166.0	2088.6806640625
2180.0	2170.0	2096.72021484375
2184.0	2169.0	2086.66015625
2185.0	2170.0	2085.467529296875
2180.0	2173.0	2102.2041015625
2178.0	2170.0	2109.862060546875
2180.0	2158.0	2105.22607421875
2181.0	2157.0	2103.72509765625
2181.0	2157.0	2104.99365234375
2181.0	2159.0	2106.2265625
2181.0	2158.0	2107.36279296875
2181.0	2156.0	2108.509033203125
2181.0	2141.0	2109.55322265625
2181.0	2147.0	2110.52685546875
2182.0	2146.0	2108.487060546875
2181.0	2146.0	2112.339599609375
2183.0	2150.0	2107.2294921875
2182.0	2139.0	2111.029541015625
2184.0	2134.0	2105.77490234375
2182.0	2134.0	2112.5185546875
2181.0	2134.0	2116.203369140625
2181.0	2136.0	2116.84912109375
2172.0	2126.0	2143.616943359375
2173.0	2131.0	2140.236328125
2171.0	2118.0	2145.72412109375
2172.0	2118.0	2142.274658203125
2175.0	2135.0	2133.033203125
2171.0	2119.0	2144.6220703125
2172.0	2116.0	2141.225830078125
2171.0	2121.0	2143.84814453125
2174.0	2105.0	2134.721435546875
2169.0	2103.0	2149.5849609375
2163.0	2107.0	2166.476806640625
2162.0	2104.0	2168.13525390625
2162.0	2106.0	2166.906005859375
2164.0	2106.0	2159.71826171875
2162.0	2102.0	2164.61328125
2153.0	2105.0	2190.360107421875
2154.0	2106.0	2185.2431640625
2152.0	2091.0	2189.26416015625
2152.0	2093.0	2187.413818359375
2151.0	2092.0	2188.601318359375
2152.0	2094.0	2183.89599609375
2151.0	2092.0	2185.3173828125
2130.0	2094.0	2246.502197265625
2144.0	2092.0	2202.072265625
2146.0	2091.0	2193.938720703125
2133.0	2090.0	2230.70458984375
2134.0	2092.0	2224.575927734375
2135.0	2094.0	2218.676513671875
2134.0	2093.0	2218.91357421875
2132.0	2091.0	2222.2763671875
2137.0	2090.0	2204.766357421875
2124.0	2091.0	2240.880126953125
2121.0	2091.0	2246.6748046875
2126.0	2092.0	2228.65087890625
2126.0	2093.0	2225.746337890625
2131.0	2094.0	2207.9501953125
2125.0	2092.0	2223.398681640625
2121.0	2096.0	2232.8984375
2113.0	2092.0	2253.62158203125
2113.0	2095.0	2250.368896484375
2115.0	2096.0	2241.234130859375
2114.0	2095.0	2241.339111328125
2113.0	2097.0	2241.675048828125
2115.0	2095.0	2233.023681640625
2113.0	2097.0	2236.581298828125
2114.0	2094.0	2231.220703125
2114.0	2097.0	2228.962890625
2114.0	2089.0	2226.87451171875
2114.0	2098.0	2224.8544921875
2114.0	2087.0	2222.987060546875
2113.0	2088.0	2224.250244140625
2105.0	2104.0	2246.584228515625
2104.0	2104.0	2247.005859375
2104.0	2105.0	2244.5224609375
2104.0	2101.0	2242.189697265625
2103.0	2103.0	2242.980712890625
2104.0	2103.0	2237.988525390625
2105.0	2105.0	2233.05029296875
2106.0	2105.0	2228.19775390625
2103.0	2104.0	2235.48486328125
2106.0	2118.0	2224.791748046875
2104.0	2118.0	2229.181396484375
2104.0	2116.0	2227.717041015625
2114.0	2118.0	2196.384765625
2115.0	2117.0	2193.079833984375
2113.0	2118.0	2198.765380859375
2114.0	2131.0	2195.426025390625
2115.0	2131.0	2192.158447265625
2113.0	2130.0	2197.913330078125
2114.0	2131.0	2194.7001953125
2115.0	2128.0	2191.441650390625
2113.0	2130.0	2197.262939453125
2111.0	2145.0	2203.10302734375
2114.0	2144.0	2193.8955078125
2114.0	2143.0	2193.761474609375
2116.0	2144.0	2187.618408203125
2124.0	2142.0	2164.294189453125
2123.0	2146.0	2168.3056640625
2123.0	2145.0	2169.319580078125
2126.0	2158.0	2161.162353515625
2124.0	2158.0	2168.069580078125
2131.0	2159.0	2148.05908203125
2133.0	2159.0	2143.725830078125
2133.0	2159.0	2145.3173828125
2136.0	2171.0	2137.9248046875
2139.0	2171.0	2130.31005859375
2138.0	2169.0	2134.662353515625
2145.0	2171.0	2115.591796875
2157.0	2173.0	2081.905517578125
2145.0	2172.0	2120.1435546875
2150.0	2183.0	2107.552978515625
2151.0	2183.0	2107.417724609375
2152.0	2184.0	2107.220947265625
2151.0	2182.0	2112.90380859375
2155.0	2182.0	2103.3603515625
2152.0	2183.0	2114.783935546875
2162.0	2179.0	2087.84619140625
2163.0	2184.0	2087.959716796875
2162.0	2185.0	2093.95947265625
2161.0	2188.0	2099.793701171875
2171.0	2199.0	2072.42626953125
2171.0	2201.0	2076.0048828125
2172.0	2198.0	2076.394775390625
2171.0	2198.0	2082.5703125
2171.0	2196.0	2085.60888671875
2171.0	2194.0	2088.5068359375
2184.0	2193.0	2052.61474609375
2184.0	2196.0	2056.196533203125
2184.0	2194.0	2059.697265625
2181.0	2196.0	2071.95263671875
2183.0	2194.0	2068.962646484375
2183.0	2197.0	2071.94921875
2190.0	2194.0	2053.69970703125
2192.0	2197.0	2051.301513671875
2191.0	2195.0	2057.731689453125
2192.0	2196.0	2057.97412109375
2193.0	2196.0	2058.05712890625
2192.0	2196.0	2064.069580078125
2190.0	2181.0	2072.791748046875
2194.0	2184.0	2063.4345703125
2191.0	2182.0	2074.879638671875
2191.0	2182.0	2077.09326171875
2191.0	2182.0	2079.26318359375
2202.0	2183.0	2048.977783203125
2201.0	2182.0	2055.025390625
2202.0	2183.0	2054.879150390625
2203.0	2185.0	2054.46337890625
2201.0	2169.0	2062.908447265625
2202.0	2171.0	2062.327880859375
2202.0	2171.0	2064.549560546875
2202.0	2171.0	2066.66455078125
2201.0	2170.0	2071.695556640625
2202.0	2170.0	2070.571533203125
2202.0	2171.0	2072.36279296875
2200.0	2172.0	2080.072509765625
2200.0	2160.0	2081.69140625
2200.0	2157.0	2083.2265625
2201.0	2158.0	2081.662841796875
2203.0	2158.0	2077.05126953125
2198.0	2147.0	2093.349853515625
2204.0	2143.0	2076.626708984375
2202.0	2146.0	2083.89453125
2198.0	2146.0	2097.02099609375
2205.0	2144.0	2077.070068359375
2206.0	2144.0	2075.150634765625
2213.0	2147.0	2054.970703125
2203.0	2132.0	2085.912353515625
2185.0	2131.0	2140.5478515625
2188.0	2129.0	2131.19482421875
2189.0	2129.0	2127.810791015625
2192.0	2128.0	2118.368896484375
2191.0	2130.0	2120.964111328125
2192.0	2131.0	2117.607177734375
2193.0	2121.0	2114.349365234375
2191.0	2120.0	2120.080810546875
2182.0	2112.0	2146.619873046875
2182.0	2119.0	2145.314453125
2182.0	2118.0	2144.063720703125
2182.0	2116.0	2142.935302734375
2183.0	2119.0	2138.845458984375
2182.0	2109.0	2140.82568359375
2173.0	2108.0	2166.3583984375
2174.0	2103.0	2161.37890625
2172.0	2120.0	2165.507568359375
2172.0	2106.0	2163.731689453125
2172.0	2102.0	2162.0791015625
2165.0	2104.0	2181.22119140625
2162.0	2104.0	2187.630859375
2163.0	2104.0	2182.260498046875
2162.0	2103.0	2183.0078125
2164.0	2092.0	2174.90869140625
2162.0	2092.0	2178.943359375
2153.0	2093.0	2203.14404296875
2154.0	2092.0	2197.2919921875
2151.0	2092.0	2203.529296875
2152.0	2091.0	2198.06201171875
2142.0	2094.0	2225.6494140625
2144.0	2091.0	2216.31982421875
2144.0	2094.0	2213.026123046875
2146.0	2094.0	2203.98681640625
2132.0	2095.0	2242.304931640625
2133.0	2093.0	2235.540771484375
2133.0	2091.0	2232.01171875
2133.0	2092.0	2228.671875
2122.0	2091.0	2258.152587890625
2125.0	2092.0	2245.20166015625
2125.0	2092.0	2241.43701171875
2124.0	2094.0	2240.900390625
2123.0	2093.0	2240.52587890625
2123.0	2092.0	2237.365478515625
2115.0	2092.0	2257.463134765625
2114.0	2094.0	2256.61376953125
2117.0	2106.0	2243.96875
2114.0	2107.0	2249.503173828125
2114.0	2104.0	2246.154541015625
2116.0	2104.0	2236.93701171875
2115.0	2108.0	2236.93359375
2116.0	2105.0	2231.197509765625
2105.0	2105.0	2260.95458984375
2100.0	2104.0	2272.62109375
2108.0	2104.0	2245.194091796875
2111.0	2105.0	2233.066650390625
2109.0	2118.0	2236.120849609375
2103.0	2118.0	2251.533203125
2103.0	2119.0	2248.775634765625
2104.0	2116.0	2243.218017578125
2103.0	2118.0	2243.879638671875
2105.0	2120.0	2235.64404296875
2106.0	2117.0	2230.49462890625
2105.0	2134.0	2231.517578125
2106.0	2134.0	2226.63427734375
2105.0	2130.0	2227.859130859375
2103.0	2128.0	2232.163330078125
2106.0	2126.0	2221.52734375
2104.0	2131.0	2225.99365234375
2104.0	2127.0	2224.60888671875
2105.0	2144.0	2220.28076171875
2104.0	2143.0	2221.994384765625
2105.0	2140.0	2217.793212890625
2104.0	2151.0	2219.669921875
2104.0	2158.0	2218.580322265625
2104.0	2141.0	2217.60009765625
2104.0	2142.0	2216.659423828125
2106.0	2158.0	2209.755615234375
2105.0	2157.0	2211.962890625
2104.0	2158.0	2214.158447265625
2105.0	2158.0	2210.421630859375
2104.0	2156.0	2212.760986328125
2104.0	2157.0	2212.306884765625
2105.0	2168.0	2208.676513671875
2107.0	2169.0	2202.00048828125
2106.0	2172.0	2204.45703125
2104.0	2170.0	2209.95556640625
2105.0	2169.0	2206.387939453125
2113.0	2170.0	2181.775390625
2113.0	2173.0	2182.331298828125
2112.0	2169.0	2185.816162109375
2115.0	2183.0	2177.3125
2113.0	2182.0	2183.77392578125
2114.0	2184.0	2181.271728515625
2115.0	2184.0	2178.735595703125
2113.0	2185.0	2185.162353515625
2114.0	2185.0	2182.568359375
2125.0	2184.0	2150.181396484375
2123.0	2187.0	2157.64208984375
2125.0	2183.0	2153.021728515625
2122.0	2185.0	2163.481689453125
2121.0	2195.0	2167.65625
2125.0	2198.0	2156.77880859375
2132.0	2194.0	2137.431884765625
2139.0	2196.0	2118.427490234375
2133.0	2199.0	2138.529296875
2136.0	2196.0	2131.368408203125
2129.0	2194.0	2154.153076171875
2141.0	2197.0	2119.65380859375
2144.0	2195.0	2113.2275390625
2142.0	2195.0	2121.747802734375
2143.0	2199.0	2121.07080078125
2154.0	2193.0	2090.724365234375
2151.0	2198.0	2102.855712890625
2155.0	2203.0	2093.714599609375
2150.0	2182.0	2111.469482421875
2163.0	2191.0	2075.0703125
2163.0	2184.0	2078.67431640625
2162.0	2177.0	2085.06787109375
2162.0	2178.0	2088.335693359375
2162.0	2180.0	2091.41259765625
2170.0	2201.0	2070.96337890625
2172.0	2178.0	2068.679443359375
2172.0	2179.0	2072.178466796875
2171.0	2182.0	2078.540771484375
2172.0	2171.0	2078.721435546875
2181.0	2168.0	2054.830322265625
2183.0	2173.0	2052.72021484375
2182.0	2170.0	2059.512451171875
2182.0	2170.0	2063.087646484375
2184.0	2170.0	2060.448486328125
2184.0	2169.0	2063.661376953125
2181.0	2168.0	2075.684814453125
2183.0	2157.0	2072.4951171875
2182.0	2158.0	2078.09423828125
2191.0	2157.0	2053.63232421875
2192.0	2159.0	2053.973876953125
2190.0	2155.0	2063.19091796875
2194.0	2144.0	2054.116455078125
2191.0	2144.0	2065.9423828125
2191.0	2146.0	2068.654541015625
2191.0	2144.0	2071.16552734375
2191.0	2143.0	2073.5869140625
2192.0	2132.0	2072.855712890625
2191.0	2131.0	2078.062744140625
2191.0	2130.0	2080.1005859375
2194.0	2131.0	2072.968017578125
2191.0	2131.0	2083.8408203125
2188.0	2132.0	2094.58544921875
2191.0	2117.0	2087.200439453125
2192.0	2120.0	2085.848388671875
2197.0	2118.0	2072.3251953125
2189.0	2119.0	2097.786376953125
2192.0	2118.0	2090.094970703125
2191.0	2106.0	2094.319580078125
2191.0	2108.0	2095.479248046875
2191.0	2106.0	2096.524658203125
2191.0	2104.0	2097.51220703125
2190.0	2108.0	2101.466552734375
2190.0	2107.0	2102.328857421875
2192.0	2103.0	2097.1611328125
2191.0	2111.0	2100.9599609375
2192.0	2093.0	2098.76318359375
2182.0	2090.0	2129.328857421875
2183.0	2093.0	2125.9931640625
2181.0	2086.0	2131.7080078125
2184.0	2088.0	2122.51953125
2181.0	2098.0	2131.222412109375
2181.0	2092.0	2130.882080078125
2183.0	2089.0	2124.611328125
2181.0	2092.0	2130.378173828125
2173.0	2094.0	2153.989013671875
2173.0	2094.0	2152.669189453125
2172.0	2093.0	2154.523681640625
2171.0	2092.0	2156.356689453125
2171.0	2092.0	2155.26171875
2173.0	2092.0	2148.12744140625
2172.0	2093.0	2150.1201171875
2171.0	2093.0	2152.150146484375
2162.0	2092.0	2177.633544921875
2163.0	2092.0	2172.737548828125
2163.0	2091.0	2170.95458984375
2164.0	2093.0	2166.294921875
2162.0	2093.0	2170.771484375
2152.0	2091.0	2199.26220703125
2155.0	2094.0	2187.724365234375
2152.0	2091.0	2194.23974609375
2153.0	2092.0	2188.98681640625
2152.0	2093.0	2189.917236328125
2143.0	2092.0	2214.33837890625
2144.0	2095.0	2208.62548828125
2142.0	2093.0	2212.060302734375
2135.0	2092.0	2230.477783203125
2134.0	2093.0	2230.03759765625
2167.0	2105.0	2127.49658203125
2132.0	2104.0	2229.4833984375
2134.0	2106.0	2220.470947265625
2128.0	2105.0	2235.544677734375
2133.0	2106.0	2217.75439453125
2122.0	2105.0	2247.9912109375
2123.0	2105.0	2241.5185546875
2123.0	2103.0	2238.28564453125
2125.0	2120.0	2229.1884765625
2124.0	2120.0	2229.286376953125
2124.0	2119.0	2226.517578125
2123.0	2113.0	2226.949462890625
2113.0	2123.0	2253.650390625
2114.0	2134.0	2247.282958984375
2113.0	2128.0	2247.093017578125
2115.0	2132.0	2238.10498046875
2113.0	2131.0	2241.2353515625
2114.0	2132.0	2235.546142578125
2113.0	2132.0	2235.994873046875
2115.0	2133.0	2227.559814453125
2113.0	2131.0	2231.283447265625
2116.0	2144.0	2220.1083984375
2114.0	2145.0	2224.072998046875
2115.0	2145.0	2219.14501953125
2113.0	2145.0	2223.3134765625
2113.0	2145.0	2221.57861328125
2113.0	2157.0	2219.927978515625
2114.0	2158.0	2215.42431640625
2115.0	2159.0	2210.983642578125
2118.0	2156.0	2200.58251953125
2113.0	2170.0	2214.265869140625
2116.0	2171.0	2203.98681640625
2115.0	2170.0	2205.822998046875
2114.0	2170.0	2207.70947265625
2113.0	2170.0	2209.585205078125
2112.0	2184.0	2211.55517578125
2116.0	2182.0	2198.582275390625
2114.0	2183.0	2203.7041015625
2117.0	2182.0	2193.8984375
2113.0	2184.0	2205.119140625
2116.0	2184.0	2195.4443359375
2115.0	2194.0	2197.759765625
2115.0	2194.0	2197.068603515625
2116.0	2196.0	2193.590087890625
2116.0	2194.0	2193.123779296875
2121.0	2195.0	2177.62158203125
2122.0	2194.0	2175.09716796875
2123.0	2198.0	2172.525146484375
2122.0	2196.0	2176.001220703125
2123.0	2196.0	2173.351318359375
2125.0	2212.0	2167.765869140625
2124.0	2207.0	2171.2333984375
2133.0	2209.0	2144.976318359375
2134.0	2214.0	2143.3740234375
2133.0	2208.0	2147.690673828125
2132.0	2215.0	2151.913818359375
2133.0	2208.0	2150.084716796875
2133.0	2217.0	2151.24560546875
2143.0	2205.0	2123.252685546875
2143.0	2208.0	2125.39013671875
2153.0	2208.0	2097.739501953125
2152.0	2208.0	2103.557373046875
2154.0	2209.0	2100.214111328125
2153.0	2212.0	2105.864990234375
2152.0	2208.0	2111.275634765625
2163.0	2210.0	2080.8603515625
2163.0	2209.0	2084.014404296875
2163.0	2207.0	2087.020751953125
2162.0	2210.0	2092.936767578125
2163.0	2207.0	2092.615234375
2173.0	2208.0	2065.567138671875
2171.0	2197.0	2075.0419921875
2171.0	2199.0	2078.254638671875
2172.0	2193.0	2078.301513671875
2175.0	2197.0	2072.15185546875
2172.0	2194.0	2083.9150390625
2181.0	2198.0	2059.525146484375
2182.0	2195.0	2060.101806640625
2181.0	2195.0	2066.47021484375
2180.0	2196.0	2072.69189453125
2185.0	2183.0	2060.70654296875
2182.0	2182.0	2072.550537109375
2183.0	2182.0	2072.32275390625
2191.0	2183.0	2051.12744140625
2199.0	2182.0	2030.5286865234375
2204.0	2183.0	2018.88525390625
2193.0	2182.0	2055.10546875
2190.0	2169.0	2067.131103515625
2192.0	2173.0	2063.832763671875
2191.0	2170.0	2069.467041015625
2190.0	2171.0	2074.897705078125
2190.0	2171.0	2077.30029296875
2190.0	2159.0	2079.43505859375
2192.0	2159.0	2075.46728515625
2190.0	2163.0	2083.321533203125
2190.0	2159.0	2084.993408203125
2190.0	2158.0	2086.75244140625
2191.0	2140.0	2085.312255859375
2190.0	2153.0	2089.785400390625
2193.0	2140.0	2082.299072265625
2189.0	2152.0	2095.725830078125
2190.0	2139.0	2093.995849609375
2193.0	2128.0	2086.21435546875
2193.0	2132.0	2087.371826171875
2190.0	2131.0	2097.548583984375
2193.0	2130.0	2089.609130859375
2191.0	2131.0	2096.58740234375
2192.0	2117.0	2094.56005859375
2190.0	2119.0	2101.50146484375
2192.0	2120.0	2096.29443359375
2183.0	2116.0	2123.6689453125
2153.0	2118.0	2213.51416015625
2181.0	2118.0	2129.109130859375
2180.0	2117.0	2131.83740234375
2182.0	2106.0	2125.5927734375
2182.0	2105.0	2125.3515625
2180.0	2106.0	2131.08544921875
2184.0	2108.0	2118.817626953125
2172.0	2105.0	2154.21142578125
2171.0	2104.0	2156.03076171875
2172.0	2106.0	2151.788330078125
2174.0	2093.0	2144.6728515625
2171.0	2093.0	2152.6689453125
2173.0	2093.0	2145.654296875
2174.0	2093.0	2141.751220703125
2162.0	2092.0	2176.13916015625
2163.0	2092.0	2171.320068359375
2159.0	2090.0	2181.62548828125
2163.0	2092.0	2168.005126953125
2168.0	2095.0	2151.411865234375
2166.0	2084.0	2156.01904296875
2150.0	2092.0	2201.56103515625
2150.0	2090.0	2199.084228515625
2152.0	2092.0	2190.730224609375
2153.0	2089.0	2185.600830078125
2144.0	2096.0	2209.970947265625
2144.0	2094.0	2207.133056640625
2133.0	2094.0	2236.7568359375
2133.0	2091.0	2233.05126953125
2133.0	2098.0	2229.59765625
2135.0	2095.0	2220.251708984375
2134.0	2100.0	2220.118896484375
2125.0	2106.0	2244.190185546875
2124.0	2089.0	2243.360107421875
2124.0	2089.0	2239.77734375
2126.0	2094.0	2230.384521484375
2124.0	2090.0	2233.199951171875
2123.0	2105.0	2233.15625
2115.0	2107.0	2254.068603515625
2112.0	2106.0	2259.24267578125
2116.0	2105.0	2243.628173828125
2115.0	2107.0	2243.27099609375
2114.0	2107.0	2242.982421875
2114.0	2106.0	2239.901123046875
2114.0	2108.0	2236.982421875
2113.0	2103.0	2237.196533203125
2114.0	2117.0	2231.619873046875
2106.0	2119.0	2252.9990234375
2106.0	2119.0	2249.6806640625
2104.0	2119.0	2252.57373046875
2105.0	2118.0	2246.615234375
2105.0	2118.0	2243.78759765625
2105.0	2122.0	2241.12255859375
2106.0	2129.0	2235.634521484375
2106.0	2130.0	2233.326416015625
2105.0	2132.0	2234.149658203125
2107.0	2131.0	2226.168212890625
2106.0	2130.0	2227.240966796875
2107.0	2144.0	2222.4287109375
2104.0	2143.0	2229.69873046875
2109.0	2146.0	2212.923095703125
2106.0	2142.0	2220.263671875
2108.0	2142.0	2212.71728515625
2100.0	2144.0	2235.351318359375
2104.0	2143.0	2221.95556640625
2103.0	2158.0	2223.662109375
2104.0	2157.0	2219.383056640625
2105.0	2156.0	2215.189697265625
2104.0	2170.0	2217.09716796875
2104.0	2165.0	2216.051025390625
2104.0	2173.0	2215.1142578125
2105.0	2171.0	2211.17626953125
2104.0	2174.0	2213.281982421875
2104.0	2167.0	2212.50146484375
2106.0	2167.0	2205.73681640625
2104.0	2180.0	2211.068603515625
2114.0	2182.0	2180.82373046875
2114.0	2179.0	2181.18505859375
2112.0	2181.0	2187.62353515625
2114.0	2183.0	2181.982177734375
2115.0	2185.0	2179.22509765625
2113.0	2181.0	2185.52294921875
2116.0	2184.0	2176.77880859375
2117.0	2197.0	2174.0244140625
2113.0	2196.0	2186.33837890625
2124.0	2197.0	2153.67626953125
2123.0	2195.0	2157.94677734375
2125.0	2195.0	2153.16650390625
2123.0	2195.0	2160.302490234375
2125.0	2195.0	2155.4013671875
2134.0	2197.0	2130.25390625
2132.0	2195.0	2138.207275390625
2133.0	2198.0	2137.162109375
2133.0	2198.0	2138.8193359375
2133.0	2195.0	2140.587158203125
2143.0	2196.0	2112.348876953125
2145.0	2196.0	2108.973388671875
2146.0	2197.0	2108.561279296875
2152.0	2196.0	2092.91455078125
2151.0	2196.0	2099.147705078125
2153.0	2195.0	2096.14111328125
2153.0	2194.0	2099.103759765625
2153.0	2196.0	2101.907470703125
2170.0	2198.0	2054.22705078125
2166.0	2196.0	2069.813720703125
2161.0	2196.0	2088.276611328125
2162.0	2194.0	2088.391357421875
2162.0	2196.0	2091.289794921875
2173.0	2199.0	2061.86328125
2174.0	2197.0	2062.4453125
2170.0	2193.0	2077.838623046875
2170.0	2188.0	2081.03759765625
2175.0	2187.0	2068.92919921875
2170.0	2190.0	2086.859619140625
2181.0	2180.0	2056.984375
2182.0	2189.0	2057.649169921875
2183.0	2194.0	2058.18310546875
2182.0	2180.0	2064.493896484375
2180.0	2167.0	2073.512451171875
2182.0	2168.0	2070.576904296875
2181.0	2169.0	2076.387939453125
2190.0	2169.0	2052.694580078125
2192.0	2171.0	2050.118408203125
2192.0	2171.0	2053.41357421875
2192.0	2169.0	2056.557861328125
2191.0	2171.0	2062.56494140625
2190.0	2156.0	2068.4296875
2190.0	2159.0	2071.0400390625
2192.0	2156.0	2067.49560546875
2192.0	2155.0	2069.76611328125
2190.0	2156.0	2077.9697265625
2191.0	2144.0	2077.046630859375
2192.0	2145.0	2075.9931640625
2192.0	2144.0	2077.783203125
2191.0	2143.0	2082.6044921875
2191.0	2143.0	2084.304443359375
2194.0	2130.0	2077.030517578125
2190.0	2131.0	2090.529541015625
2194.0	2131.0	2079.96240234375
2187.0	2132.0	2102.312255859375
2189.0	2132.0	2097.5595703125
2190.0	2130.0	2095.70849609375
2201.0	2119.0	2063.74560546875
2204.0	2117.0	2055.77099609375
2189.0	2119.0	2101.81103515625
2190.0	2119.0	2099.736083984375
2192.0	2118.0	2094.603759765625
2190.0	2118.0	2101.3662109375
2191.0	2118.0	2099.17724609375
2192.0	2101.0	2096.909912109375
2189.0	2109.0	2106.6005859375
2190.0	2105.0	2104.2626953125
2181.0	2104.0	2131.496826171875
2182.0	2100.0	2128.12255859375
2182.0	2108.0	2127.725341796875
2182.0	2100.0	2127.35400390625
2183.0	2103.0	2124.02783203125
2182.0	2104.0	2126.784423828125
2184.0	2105.0	2120.439208984375
2176.0	2091.0	2143.690673828125
2172.0	2093.0	2154.505859375
2171.0	2093.0	2156.265869140625
2173.0	2091.0	2149.107177734375
2172.0	2092.0	2150.903076171875
2174.0	2092.0	2143.687744140625
2170.0	2084.0	2154.626708984375
2162.0	2092.0	2176.818115234375
2163.0	2090.0	2171.868408203125
2162.0	2092.0	2173.07666015625
2164.0	2093.0	2165.35986328125
2161.0	2093.0	2172.706787109375
2152.0	2091.0	2197.887451171875
2151.0	2092.0	2198.326416015625
2153.0	2082.0	2189.919189453125
2155.0	2092.0	2181.578369140625
2151.0	2093.0	2191.48779296875
2146.0	2093.0	2203.7578125
2146.0	2104.0	2200.750732421875
2134.0	2104.0	2233.5517578125
2130.0	2106.0	2241.986083984375
2130.0	2105.0	2238.46875
2132.0	2107.0	2229.055908203125
2134.0	2108.0	2219.87939453125
2132.0	2108.0	2222.899169921875
2124.0	2103.0	2243.299072265625
2125.0	2104.0	2236.668212890625
2123.0	2106.0	2239.259521484375
2124.0	2117.0	2232.98583984375
2124.0	2125.0	2230.00244140625
2113.0	2117.0	2259.39013671875
2115.0	2117.0	2249.619873046875
2115.0	2119.0	2246.0341796875
2114.0	2119.0	2245.697998046875
2113.0	2119.0	2245.4638671875
2114.0	2131.0	2239.348388671875
2113.0	2130.0	2239.47802734375
2114.0	2131.0	2233.771240234375
2104.0	2129.0	2260.581787109375
2103.0	2131.0	2260.073486328125
2102.0	2132.0	2259.804443359375
2105.0	2131.0	2247.6767578125
2105.0	2144.0	2244.779052734375
2104.0	2144.0	2245.04931640625
2103.0	2146.0	2245.46044921875
2105.0	2145.0	2237.0166015625
2104.0	2147.0	2237.75390625
2106.0	2145.0	2229.5478515625
2093.0	2144.0	2265.9287109375
2093.0	2146.0	2262.908203125
2093.0	2155.0	2260.02587890625
2099.0	2158.0	2239.26025390625
2096.0	2157.0	2245.730224609375
2096.0	2157.0	2243.31640625
2096.0	2162.0	2241.117431640625
2100.0	2159.0	2226.974365234375
2090.0	2171.0	2254.99365234375
2092.0	2171.0	2246.995361328125
2094.0	2171.0	2239.119384765625
2096.0	2167.0	2231.371337890625
2093.0	2174.0	2238.78369140625
2094.0	2172.0	2234.1748046875
2096.0	2172.0	2226.66064453125
2105.0	2163.0	2199.091064453125
2106.0	2171.0	2195.8505859375
2105.0	2186.0	2198.702880859375
2106.0	2191.0	2195.51513671875
2105.0	2180.0	2198.33740234375
2101.0	2180.0	2210.2099609375
2106.0	2183.0	2194.966064453125
2105.0	2183.0	2197.887939453125
2103.0	2183.0	2203.8505859375
2106.0	2181.0	2194.64990234375
2105.0	2181.0	2197.438232421875
2105.0	2184.0	2197.3212890625
2116.0	2186.0	2165.0322265625
2113.0	2185.0	2174.875244140625
2114.0	2184.0	2172.67138671875
2114.0	2183.0	2173.41552734375
2116.0	2185.0	2168.12744140625
2125.0	2185.0	2142.0302734375
2125.0	2183.0	2143.765380859375
2123.0	2184.0	2151.514892578125
2124.0	2183.0	2150.08447265625
2126.0	2184.0	2145.543701171875
2127.0	2183.0	2143.87744140625
2129.0	2184.0	2139.960693359375
2139.0	2182.0	2112.1220703125
2137.0	2172.0	2120.297607421875
2135.0	2170.0	2128.349365234375
2140.0	2170.0	2116.271728515625
2151.0	2169.0	2086.07177734375
2153.0	2145.0	2083.7822265625
2152.0	2170.0	2090.261474609375
2152.0	2169.0	2093.56689453125
2152.0	2170.0	2096.67724609375
2163.0	2174.0	2067.403076171875
2162.0	2170.0	2074.26171875
2161.0	2174.0	2080.946044921875
2161.0	2162.0	2084.544189453125
2163.0	2170.0	2081.829833984375
2170.0	2158.0	2064.66845703125
2171.0	2159.0	2065.5849609375
2171.0	2160.0	2069.3798828125
2182.0	2158.0	2040.5853271484375
2182.0	2159.0	2044.951171875
2182.0	2143.0	2049.092041015625
2181.0	2144.0	2055.996826171875
2182.0	2144.0	2056.666748046875
2190.0	2145.0	2036.1778564453125
2191.0	2145.0	2037.4725341796875
2190.0	2144.0	2044.5313720703125
2191.0	2142.0	2045.4716796875
2193.0	2144.0	2043.152587890625
2194.0	2145.0	2043.6300048828125
2192.0	2130.0	2052.93603515625
2203.0	2131.0	2023.28759765625
2198.0	2130.0	2042.4244384765625
2205.0	2131.0	2025.24560546875
2197.0	2129.0	2052.971923828125
2204.0	2130.0	2035.5157470703125
2204.0	2131.0	2038.78369140625
2197.0	2129.0	2062.873779296875
2201.0	2132.0	2053.65283203125
2201.0	2130.0	2056.337890625
2202.0	2131.0	2055.93896484375
2202.0	2120.0	2058.267822265625
2201.0	2119.0	2063.544189453125
2202.0	2117.0	2062.787109375
2200.0	2120.0	2070.900146484375
2201.0	2121.0	2069.80712890625
2200.0	2123.0	2074.650146484375
2204.0	2114.0	2064.341552734375
2201.0	2117.0	2075.0927734375
2202.0	2117.0	2073.591552734375
2203.0	2118.0	2072.15771484375
2201.0	2118.0	2079.59716796875
2201.0	2118.0	2081.025146484375
2201.0	2118.0	2082.3154296875
2201.0	2119.0	2083.388916015625
2203.0	2119.0	2078.41650390625
2201.0	2119.0	2085.3994140625
2199.0	2119.0	2092.3359375
2201.0	2120.0	2087.266357421875
2203.0	2119.0	2082.066162109375
2202.0	2120.0	2085.859619140625
2201.0	2116.0	2089.5927734375
2192.0	2117.0	2117.26123046875
2191.0	2117.0	2119.85205078125
2191.0	2119.0	2119.51416015625
2192.0	2118.0	2116.26318359375
2192.0	2117.0	2115.90576171875
2195.0	2117.0	2106.637939453125
2205.0	2117.0	2076.295654296875
2183.0	2120.0	2141.820068359375
2181.0	2117.0	2146.5615234375
2181.0	2116.0	2145.18017578125
2182.0	2120.0	2140.9794921875
2180.0	2117.0	2145.793701171875
2173.0	2115.0	2164.88134765625
2171.0	2115.0	2168.799560546875
2172.0	2129.0	2163.830322265625
2174.0	2136.0	2155.9375
2172.0	2130.0	2160.158935546875
2162.0	2130.0	2188.337158203125
2162.0	2129.0	2185.7763671875
2164.0	2128.0	2177.341796875
2152.0	2129.0	2211.03271484375
2152.0	2130.0	2207.751708984375
2152.0	2131.0	2204.638671875
2152.0	2129.0	2201.705078125
2150.0	2130.0	2204.8779296875
2144.0	2143.0	2219.516357421875
2146.0	2142.0	2210.009521484375
2132.0	2146.0	2248.55322265625
2130.0	2144.0	2250.308837890625
2133.0	2144.0	2237.296875
2134.0	2144.0	2230.51220703125
2133.0	2145.0	2229.92724609375
2125.0	2145.0	2249.75244140625
2124.0	2144.0	2248.563232421875
2126.0	2156.0	2238.56005859375
2124.0	2158.0	2240.855712890625
2114.0	2156.0	2266.851806640625
2115.0	2158.0	2259.41943359375
2118.0	2158.0	2246.158203125
2128.0	2158.0	2212.1884765625
2112.0	2173.0	2256.5361328125
2114.0	2171.0	2246.915283203125
2106.0	2171.0	2266.7685546875
2103.0	2168.0	2271.6015625
2103.0	2174.0	2267.536376953125
2104.0	2169.0	2260.787353515625
2106.0	2166.0	2251.2841796875
2103.0	2173.0	2256.940673828125
2104.0	2173.0	2250.77880859375
2105.0	2176.0	2244.804931640625
2105.0	2167.0	2242.081787109375
2103.0	2167.0	2245.439208984375
2104.0	2170.0	2239.969482421875
2095.0	2182.0	2263.998291015625
2094.0	2183.0	2263.794921875
2093.0	2183.0	2263.581298828125
2093.0	2182.0	2260.664794921875
2097.0	2184.0	2245.947509765625
2094.0	2183.0	2252.31689453125
2095.0	2182.0	2246.75732421875
2093.0	2183.0	2250.369873046875
2094.0	2182.0	2245.056884765625
2094.0	2181.0	2242.968994140625
2094.0	2182.0	2240.919677734375
2094.0	2183.0	2238.9775390625
2093.0	2180.0	2240.142333984375
2094.0	2184.0	2235.399169921875
2093.0	2181.0	2236.772216796875
2099.0	2185.0	2217.240966796875
2095.0	2183.0	2227.873046875
2095.0	2184.0	2226.53564453125
2107.0	2183.0	2189.934326171875
2107.0	2185.0	2189.75048828125
2101.0	2182.0	2207.70068359375
2099.0	2184.0	2213.545654296875
2103.0	2182.0	2201.519287109375
2104.0	2183.0	2198.431884765625
2104.0	2182.0	2198.167236328125
2105.0	2171.0	2195.19873046875
2104.0	2169.0	2198.1142578125
2106.0	2171.0	2192.05419921875
2104.0	2168.0	2197.99658203125
2103.0	2171.0	2200.91845703125
2117.0	2179.0	2159.048828125
2114.0	2182.0	2169.045166015625
2116.0	2168.0	2163.962646484375
2113.0	2168.0	2173.891845703125
2116.0	2172.0	2165.744873046875
2113.0	2170.0	2175.5673828125
2114.0	2159.0	2173.2275390625
2115.0	2156.0	2170.94482421875
2125.0	2159.0	2142.316650390625
2123.0	2158.0	2149.992919921875
2126.0	2159.0	2142.58349609375
2125.0	2145.0	2147.119873046875
2132.0	2144.0	2127.7685546875
2133.0	2144.0	2127.11572265625
2132.0	2144.0	2132.337646484375
2133.0	2147.0	2131.471435546875
2133.0	2145.0	2133.441650390625
2145.0	2146.0	2099.66650390625
2144.0	2143.0	2105.547607421875
2152.0	2132.0	2084.753662109375
2154.0	2131.0	2082.354248046875
2153.0	2130.0	2088.797119140625
2153.0	2133.0	2092.030029296875
2159.0	2132.0	2077.121826171875
2153.0	2131.0	2098.033935546875
2159.0	2131.0	2083.6484375
2162.0	2131.0	2078.180908203125
2162.0	2118.0	2081.59130859375
2162.0	2120.0	2084.866943359375
2172.0	2117.0	2058.27099609375
2170.0	2122.0	2068.29052734375
2173.0	2123.0	2062.94189453125
2171.0	2119.0	2072.453369140625
2172.0	2123.0	2072.73681640625
2174.0	2126.0	2069.891845703125
2182.0	2118.0	2049.77294921875
2184.0	2119.0	2047.6368408203125
2181.0	2103.0	2060.294189453125
2183.0	2104.0	2057.734130859375
2184.0	2104.0	2058.09619140625
2182.0	2104.0	2067.23974609375
2190.0	2104.0	2046.2803955078125
2191.0	2104.0	2046.984619140625
2188.0	2104.0	2059.449462890625
2189.0	2103.0	2059.765380859375
2191.0	2104.0	2056.926513671875
2192.0	2108.0	2056.89208984375
2190.0	2105.0	2065.771728515625
2192.0	2106.0	2062.32763671875
2190.0	2104.0	2070.874267578125
2193.0	2105.0	2064.234619140625
2191.0	2103.0	2072.520751953125
2190.0	2104.0	2077.653564453125
2191.0	2106.0	2076.74658203125
2192.0	2106.0	2075.682861328125
2194.0	2106.0	2071.584228515625
2196.0	2104.0	2067.303466796875
2205.0	2107.0	2041.941162109375
2190.0	2105.0	2088.526611328125
2191.0	2106.0	2086.96533203125
2189.0	2105.0	2094.29345703125
2191.0	2104.0	2089.531982421875
2191.0	2106.0	2090.740234375
2191.0	2103.0	2091.9453125
2190.0	2105.0	2096.0419921875
2190.0	2119.0	2097.07275390625
2191.0	2113.0	2095.020263671875
2191.0	2115.0	2095.865478515625
2191.0	2126.0	2096.73193359375
2193.0	2116.0	2091.529541015625
2190.0	2118.0	2101.2900390625
2190.0	2117.0	2102.051025390625
2191.0	2119.0	2099.780029296875
2191.0	2118.0	2100.45751953125
2191.0	2117.0	2101.146728515625
2184.0	2117.0	2122.1943359375
2182.0	2129.0	2127.7265625
2181.0	2130.0	2130.44482421875
2182.0	2130.0	2126.98583984375
2183.0	2131.0	2123.572265625
2183.0	2130.0	2123.173828125
2182.0	2131.0	2125.82421875
2171.0	2129.0	2157.8544921875
2172.0	2130.0	2153.267578125
2173.0	2132.0	2148.908203125
2172.0	2129.0	2150.709716796875
2172.0	2146.0	2149.631591796875
2165.0	2144.0	2169.626953125
2162.0	2143.0	2176.477783203125
2167.0	2144.0	2159.482666015625
2179.0	2145.0	2121.62255859375
2160.0	2144.0	2176.9306640625
2151.0	2144.0	2201.580810546875
2152.0	2145.0	2195.9150390625
2153.0	2144.0	2190.388671875
2153.0	2141.0	2188.064208984375
2142.0	2144.0	2218.45068359375
2142.0	2139.0	2215.385498046875
2142.0	2140.0	2212.41357421875
2132.0	2158.0	2238.709228515625
2134.0	2154.0	2228.99072265625
2134.0	2157.0	2225.515625
2133.0	2156.0	2225.21875
2123.0	2158.0	2251.74560546875
2124.0	2156.0	2244.683837890625
2126.0	2157.0	2234.916259765625
2122.0	2157.0	2243.388916015625
2116.0	2170.0	2257.962646484375
2112.0	2171.0	2265.697998046875
2114.0	2171.0	2255.64208984375
2114.0	2170.0	2251.834228515625
2114.0	2170.0	2248.259033203125
2104.0	2172.0	2274.184326171875
2103.0	2171.0	2272.973876953125
2104.0	2169.0	2265.97900390625
2106.0	2170.0	2256.280517578125
2104.0	2168.0	2258.758544921875
2105.0	2171.0	2252.405517578125
2111.0	2169.0	2231.17333984375
2102.0	2169.0	2255.193359375
2101.0	2171.0	2255.27197265625
2089.0	2170.0	2287.641357421875
2093.0	2169.0	2271.96337890625
2095.0	2168.0	2262.50537109375
2095.0	2169.0	2259.2783203125
2093.0	2171.0	2262.1806640625
2095.0	2167.0	2253.2119140625
2094.0	2173.0	2253.451904296875
2094.0	2177.0	2250.894775390625
2097.0	2170.0	2239.455810546875
2094.0	2169.0	2246.23095703125
2094.0	2170.0	2244.011962890625
2096.0	2170.0	2235.953125
2086.0	2169.0	2263.654541015625
2085.0	2170.0	2263.896484375
2085.0	2170.0	2261.40478515625
2086.0	2171.0	2255.78369140625
2095.0	2168.0	2226.344482421875
2096.0	2173.0	2222.109375
2094.0	2168.0	2226.934814453125
2093.0	2158.0	2228.82421875
2097.0	2158.0	2215.73046875
2093.0	2157.0	2226.755615234375
2098.0	2158.0	2210.803466796875
2094.0	2157.0	2221.973388671875
2095.0	2158.0	2218.109619140625
2094.0	2157.0	2220.338623046875
2093.0	2156.0	2222.625
2095.0	2158.0	2215.830078125
2103.0	2156.0	2191.265380859375
2110.0	2156.0	2169.83349609375
2103.0	2143.0	2190.716796875
2104.0	2145.0	2188.169189453125
2103.0	2146.0	2191.65625
2104.0	2145.0	2189.118896484375
2104.0	2143.0	2189.57470703125
2104.0	2142.0	2190.00341796875
2104.0	2143.0	2190.36181640625
2104.0	2146.0	2190.740234375
2104.0	2149.0	2191.083251953125
2114.0	2153.0	2162.0673828125
2114.0	2144.0	2163.38916015625
2112.0	2144.0	2170.720458984375
2113.0	2144.0	2168.8779296875
2114.0	2146.0	2166.971435546875
2126.0	2144.0	2132.0322265625
2124.0	2145.0	2140.145751953125
2124.0	2145.0	2142.13623046875
2124.0	2143.0	2144.00439453125
2124.0	2132.0	2145.80810546875
2133.0	2130.0	2121.162353515625
2133.0	2132.0	2123.756591796875
2133.0	2130.0	2126.271728515625
2134.0	2132.0	2125.646728515625
2133.0	2130.0	2130.83837890625
2142.0	2131.0	2106.761962890625
2143.0	2129.0	2106.79638671875
2153.0	2132.0	2080.460693359375
2151.0	2131.0	2090.21923828125
2153.0	2132.0	2087.714111328125
2148.0	2128.0	2106.055419921875
2163.0	2132.0	2064.580322265625
2164.0	2133.0	2065.703857421875
2155.0	2129.0	2096.5390625
2163.0	2131.0	2076.054931640625
2162.0	2131.0	2082.43603515625
2162.0	2133.0	2085.656982421875
2171.0	2131.0	2062.514404296875
2172.0	2130.0	2063.378173828125
2173.0	2132.0	2064.038330078125
2171.0	2131.0	2073.56103515625
2173.0	2129.0	2070.82080078125
2181.0	2127.0	2050.143798828125
2182.0	2130.0	2051.246826171875
2183.0	2131.0	2052.022705078125
2181.0	2130.0	2061.654541015625
2182.0	2130.0	2062.07958984375
2183.0	2131.0	2062.431640625
2182.0	2132.0	2068.5283203125
2181.0	2130.0	2074.470947265625
2191.0	2130.0	2047.3460693359375
2191.0	2130.0	2050.877685546875
2194.0	2129.0	2045.15869140625
2191.0	2130.0	2057.357177734375
2190.0	2129.0	2063.389892578125
2192.0	2131.0	2060.249267578125
2191.0	2131.0	2065.901123046875
2192.0	2131.0	2065.435791015625
2191.0	2130.0	2070.85400390625
2190.0	2131.0	2076.158203125
2194.0	2131.0	2066.310546875
2192.0	2144.0	2074.389892578125
2191.0	2143.0	2079.4033203125
2196.0	2145.0	2066.28173828125
2193.0	2146.0	2077.106201171875
2188.0	2143.0	2093.781494140625
2191.0	2145.0	2086.161376953125
2190.0	2146.0	2090.571044921875
2193.0	2145.0	2082.890869140625
2192.0	2150.0	2087.1826171875
2192.0	2144.0	2088.4541015625
2190.0	2149.0	2095.613525390625
2194.0	2147.0	2084.649658203125
2194.0	2140.0	2085.658447265625
2192.0	2141.0	2092.66943359375
2189.0	2153.0	2102.625244140625
2190.0	2142.0	2100.499755859375
2192.0	2145.0	2095.320068359375
2191.0	2156.0	2099.10009765625
2190.0	2158.0	2102.814697265625
2181.0	2156.0	2130.296875
2184.0	2156.0	2120.875
2184.0	2160.0	2120.5078125
2181.0	2157.0	2129.17041015625
2182.0	2157.0	2125.832275390625
2182.0	2156.0	2125.48486328125
2181.0	2157.0	2128.166748046875
2181.0	2157.0	2127.904296875
2183.0	2157.0	2121.623046875
2182.0	2159.0	2124.379638671875
2173.0	2173.0	2150.079345703125
2173.0	2171.0	2148.80908203125
2174.0	2171.0	2144.704833984375
2173.0	2171.0	2146.552001953125
2178.0	2170.0	2130.5458984375
2170.0	2170.0	2153.57421875
2162.0	2171.0	2175.92724609375
2161.0	2169.0	2176.966796875
2162.0	2171.0	2172.130859375
2162.0	2168.0	2170.3984375
2163.0	2164.0	2165.77001953125
2164.0	2173.0	2161.22021484375
2163.0	2177.0	2162.73779296875
2153.0	2186.0	2190.376708984375
2153.0	2168.0	2188.033203125
2152.0	2171.0	2188.772705078125
2150.0	2170.0	2192.75048828125
2142.0	2169.0	2214.363037109375
2143.0	2169.0	2208.457275390625
2145.0	2170.0	2199.76416015625
2143.0	2172.0	2203.190185546875
2132.0	2170.0	2232.838623046875
2136.0	2169.0	2217.390380859375
2133.0	2169.0	2223.19091796875
2134.0	2170.0	2217.112060546875
2124.0	2170.0	2243.863037109375
2126.0	2172.0	2234.182373046875
2123.0	2171.0	2239.75244140625
2124.0	2170.0	2233.448486328125
2124.0	2171.0	2230.317626953125
2123.0	2171.0	2230.436767578125
2114.0	2160.0	2253.738037109375
2115.0	2160.0	2247.02783203125
2116.0	2158.0	2240.498291015625
2110.0	2160.0	2255.21728515625
2113.0	2158.0	2243.01513671875
2115.0	2159.0	2233.9599609375
2115.0	2160.0	2231.146728515625
2105.0	2158.0	2258.232421875
2104.0	2154.0	2257.727783203125
2104.0	2159.0	2254.373779296875
2103.0	2154.0	2254.354736328125
2105.0	2144.0	2245.32666015625
2105.0	2144.0	2242.55126953125
2104.0	2144.0	2242.81103515625
2102.0	2143.0	2246.219482421875
2105.0	2145.0	2234.836669921875
2103.0	2144.0	2238.6630859375
2104.0	2145.0	2233.490478515625
2105.0	2146.0	2228.465576171875
2104.0	2142.0	2229.584228515625
2105.0	2145.0	2224.783935546875
2105.0	2146.0	2223.093505859375
2104.0	2143.0	2224.45166015625
2103.0	2145.0	2225.951171875
2104.0	2143.0	2221.51611328125
2104.0	2144.0	2220.18603515625
2105.0	2144.0	2215.98974609375
2105.0	2144.0	2214.796875
2106.0	2143.0	2210.6962890625
2111.0	2142.0	2194.612548828125
2112.0	2143.0	2190.612548828125
2102.0	2145.0	2219.708251953125
2103.0	2145.0	2215.739990234375
2106.0	2145.0	2205.82177734375
2103.0	2146.0	2214.000732421875
2106.0	2144.0	2204.184326171875
2104.0	2148.0	2209.42333984375
2104.0	2145.0	2208.78857421875
2104.0	2133.0	2208.187255859375
2102.0	2135.0	2213.576904296875
2104.0	2121.0	2207.078369140625
2104.0	2128.0	2206.5791015625
2104.0	2131.0	2206.206298828125
2114.0	2133.0	2175.935791015625
2113.0	2132.0	2179.526611328125
2114.0	2130.0	2177.08642578125
2114.0	2145.0	2177.519287109375
2115.0	2147.0	2174.97509765625
2114.0	2146.0	2178.400146484375
2113.0	2146.0	2181.84619140625
2113.0	2146.0	2182.23876953125
2112.0	2145.0	2185.553955078125
2113.0	2144.0	2182.959716796875
2115.0	2146.0	2177.33935546875
2124.0	2146.0	2150.765625
2123.0	2146.0	2155.277587890625
2125.0	2143.0	2150.692626953125
2123.0	2142.0	2158.051025390625
2129.0	2145.0	2141.272216796875
2135.0	2143.0	2124.471923828125
2121.0	2145.0	2167.5908203125
2123.0	2145.0	2162.586669921875
2131.0	2142.0	2139.87890625
2133.0	2149.0	2135.769287109375
2131.0	2148.0	2143.564453125
2133.0	2144.0	2139.25439453125
2136.0	2156.0	2131.878173828125
2133.0	2164.0	2142.372802734375
2145.0	2155.0	2108.63232421875
2143.0	2157.0	2117.12060546875
2153.0	2157.0	2089.782470703125
2150.0	2156.0	2101.95703125
2152.0	2157.0	2099.02490234375
2153.0	2159.0	2098.871826171875
2152.0	2157.0	2104.486572265625
2152.0	2157.0	2106.98193359375
2162.0	2155.0	2080.167236328125
2161.0	2157.0	2086.48583984375
2166.0	2158.0	2074.60986328125
2162.0	2157.0	2089.685302734375
2161.0	2156.0	2095.469482421875
2172.0	2156.0	2065.374267578125
2173.0	2157.0	2065.919189453125
2171.0	2158.0	2075.221435546875
2172.0	2161.0	2075.40185546875
2179.0	2157.0	2057.472900390625
2184.0	2171.0	2045.315673828125
2170.0	2170.0	2090.000244140625
2182.0	2171.0	2056.851806640625
2183.0	2168.0	2057.233642578125
2182.0	2173.0	2063.4990234375
2183.0	2167.0	2063.611328125
2180.0	2170.0	2075.60009765625
2183.0	2177.0	2069.366943359375
2181.0	2171.0	2077.98974609375
2181.0	2154.0	2080.52880859375
2193.0	2171.0	2047.7225341796875
2191.0	2170.0	2056.928466796875
2191.0	2168.0	2059.924072265625
2193.0	2170.0	2056.780029296875
2192.0	2159.0	2062.533447265625
2192.0	2159.0	2065.10205078125
2193.0	2157.0	2064.497314453125
2190.0	2158.0	2075.763916015625
2191.0	2156.0	2075.015869140625
2190.0	2158.0	2080.030517578125
2192.0	2158.0	2075.885009765625
2194.0	2156.0	2071.682373046875
2193.0	2158.0	2076.3544921875
2191.0	2156.0	2084.009521484375
2192.0	2159.0	2082.4921875
2190.0	2159.0	2089.9912109375
2191.0	2158.0	2088.394287109375
2191.0	2159.0	2089.798095703125
2189.0	2145.0	2096.992919921875
2189.0	2143.0	2098.07470703125
2191.0	2145.0	2093.135498046875
2183.0	2144.0	2117.472900390625
2184.0	2144.0	2114.44775390625
2182.0	2145.0	2120.470947265625
2182.0	2142.0	2120.50390625
2182.0	2145.0	2120.50048828125
2180.0	2149.0	2126.519287109375
2184.0	2144.0	2114.586669921875
2183.0	2145.0	2117.49267578125
2172.0	2144.0	2149.907470703125
2171.0	2144.0	2151.809326171875
2172.0	2145.0	2147.710205078125
2172.0	2146.0	2146.782958984375
2170.0	2145.0	2151.826904296875
2165.0	2146.0	2165.894775390625
2162.0	2146.0	2173.089599609375
2164.0	2129.0	2165.318603515625
2161.0	2131.0	2172.765625
2165.0	2130.0	2159.1826171875
2162.0	2131.0	2166.756103515625
2164.0	2133.0	2159.33642578125
2153.0	2129.0	2190.940673828125
2149.0	2130.0	2200.611572265625
2153.0	2131.0	2186.372802734375
2143.0	2131.0	2214.087158203125
2143.0	2130.0	2211.13330078125
2144.0	2133.0	2205.3388671875
2143.0	2131.0	2205.647705078125
2134.0	2134.0	2229.27880859375
2133.0	2133.0	2228.7939453125
2132.0	2129.0	2228.521728515625
2133.0	2124.0	2222.482421875
2132.0	2127.0	2222.52880859375
2126.0	2129.0	2237.45556640625
2124.0	2129.0	2239.8349609375
2124.0	2130.0	2236.386474609375
2123.0	2130.0	2236.123046875
2126.0	2131.0	2223.992919921875
2116.0	2132.0	2250.122314453125
2114.0	2131.0	2252.44677734375
2116.0	2133.0	2242.80126953125
2112.0	2130.0	2251.35693359375
2114.0	2130.0	2242.0888671875
2114.0	2132.0	2238.998291015625
2104.0	2131.0	2266.0986328125
2107.0	2131.0	2253.397705078125
2105.0	2131.0	2255.8974609375
2104.0	2131.0	2255.591796875
2106.0	2130.0	2246.42578125
2102.0	2130.0	2255.497802734375
2106.0	2130.0	2240.87841796875
2105.0	2132.0	2241.190185546875
2104.0	2129.0	2241.63232421875
2104.0	2128.0	2239.12646484375
2103.0	2131.0	2239.78515625
2105.0	2133.0	2231.64013671875
2103.0	2127.0	2235.61962890625
2094.0	2131.0	2259.933837890625
2095.0	2135.0	2254.012451171875
2094.0	2146.0	2254.29052734375
2093.0	2130.0	2254.896484375
2095.0	2130.0	2246.566162109375
2094.0	2130.0	2247.341064453125
2095.0	2130.0	2242.147216796875
2093.0	2131.0	2246.116943359375
2094.0	2130.0	2241.171875
2094.0	2131.0	2239.330322265625
2095.0	2131.0	2234.55224609375
2095.0	2131.0	2232.863525390625
2095.0	2132.0	2231.370361328125
2096.0	2130.0	2226.873779296875
2095.0	2129.0	2228.51416015625
2106.0	2130.0	2194.158447265625
2106.0	2128.0	2194.00390625
2104.0	2132.0	2199.892578125
2107.0	2130.0	2190.7177734375
2106.0	2129.0	2193.717041015625
2105.0	2133.0	2196.64794921875
2106.0	2128.0	2193.643798828125
2110.0	2131.0	2181.625244140625
2106.0	2130.0	2193.633544921875
2102.0	2132.0	2205.5205078125
2103.0	2129.0	2202.363037109375
2103.0	2130.0	2202.25341796875
2113.0	2131.0	2173.04833984375
2116.0	2134.0	2164.939208984375
2114.0	2131.0	2171.787353515625
2113.0	2149.0	2175.57763671875
2115.0	2145.0	2170.36376953125
2114.0	2151.0	2174.139404296875
2113.0	2145.0	2177.870849609375
2115.0	2150.0	2172.590087890625
2123.0	2139.0	2150.07373046875
2125.0	2145.0	2145.728759765625
2124.0	2146.0	2150.36474609375
2123.0	2145.0	2154.979248046875
2124.0	2142.0	2153.536865234375
2134.0	2145.0	2125.114990234375
2134.0	2145.0	2127.427734375
2132.0	2145.0	2135.581298828125
2134.0	2160.0	2131.532470703125
2135.0	2161.0	2130.4267578125
2134.0	2158.0	2135.216552734375
2146.0	2151.0	2101.6533203125
2143.0	2158.0	2113.356201171875
2152.0	2159.0	2089.5263671875
2153.0	2159.0	2089.92333984375
2153.0	2159.0	2093.10986328125
2154.0	2159.0	2093.096435546875
2163.0	2159.0	2069.227294921875
2161.0	2158.0	2079.036865234375
2164.0	2158.0	2073.601318359375
2163.0	2160.0	2080.00927734375
2162.0	2156.0	2086.281494140625
2163.0	2154.0	2086.4853515625
2174.0	2157.0	2057.007080078125
2176.0	2156.0	2054.879638671875
2181.0	2156.0	2043.4459228515625
2169.0	2158.0	2082.84912109375
2169.0	2169.0	2085.88037109375
2183.0	2171.0	2046.8751220703125
2182.0	2169.0	2053.77734375
2182.0	2172.0	2057.39013671875
2182.0	2156.0	2060.90625
2182.0	2162.0	2064.1484375
2181.0	2156.0	2070.2392578125
2190.0	2176.0	2046.525390625
2158.0	2171.0	2146.37646484375
2191.0	2167.0	2050.73876953125
2191.0	2172.0	2054.12451171875
2191.0	2168.0	2057.32763671875
2195.0	2170.0	2048.319091796875
2190.0	2168.0	2066.206298828125
2193.0	2171.0	2060.058837890625
2190.0	2169.0	2071.654541015625
2193.0	2171.0	2064.937744140625
2191.0	2170.0	2073.18212890625
2201.0	2169.0	2045.464111328125
2202.0	2157.0	2045.6094970703125
2202.0	2156.0	2048.526611328125
2202.0	2158.0	2051.262451171875
2200.0	2156.0	2059.884521484375
2203.0	2158.0	2053.3984375
2202.0	2158.0	2058.849853515625
2202.0	2159.0	2061.09814453125
2202.0	2159.0	2063.21337890625
2194.0	2159.0	2089.24951171875
2193.0	2157.0	2093.130126953125
2194.0	2158.0	2090.9833984375
2191.0	2159.0	2100.523681640625
2190.0	2160.0	2104.123046875
2192.0	2145.0	2098.69189453125
2190.0	2146.0	2105.297607421875
2190.0	2149.0	2105.848876953125
2191.0	2144.0	2103.367919921875
2192.0	2152.0	2100.867431640625
2190.0	2149.0	2107.41650390625
2192.0	2142.0	2101.890625
2192.0	2145.0	2102.328857421875
2191.0	2147.0	2105.73046875
2183.0	2143.0	2129.423095703125
2182.0	2145.0	2131.94921875
2183.0	2144.0	2128.34033203125
2181.0	2130.0	2133.714599609375
2183.0	2131.0	2127.072021484375
2183.0	2133.0	2126.547607421875
2182.0	2129.0	2129.052734375
2184.0	2131.0	2122.556884765625
2171.0	2131.0	2160.294189453125
2170.0	2130.0	2161.789306640625
2171.0	2130.0	2157.47119140625
2172.0	2131.0	2153.28125
2171.0	2130.0	2155.0771484375
2163.0	2132.0	2177.52587890625
2163.0	2130.0	2175.35546875
2165.0	2130.0	2167.3037109375
2159.0	2131.0	2183.45361328125
2162.0	2131.0	2172.565185546875
2162.0	2127.0	2170.80224609375
2153.0	2121.0	2195.572509765625
2153.0	2116.0	2192.962158203125
2152.0	2118.0	2193.542724609375
2152.0	2122.0	2191.14453125
2152.0	2112.0	2189.064697265625
2146.0	2119.0	2204.87890625
2144.0	2118.0	2208.00048828125
2143.0	2119.0	2208.156494140625
2144.0	2117.0	2202.473388671875
2133.0	2118.0	2232.131591796875
2133.0	2118.0	2228.62744140625
2133.0	2118.0	2225.27587890625
2134.0	2120.0	2219.163330078125
2124.0	2115.0	2245.7646484375
2124.0	2118.0	2241.978759765625
2124.0	2118.0	2238.387451171875
2123.0	2118.0	2238.000244140625
2125.0	2117.0	2228.7578125
2125.0	2118.0	2225.73876953125
2123.0	2120.0	2228.88232421875
2113.0	2119.0	2255.51904296875
2114.0	2120.0	2248.8896484375
2114.0	2118.0	2245.46484375
2113.0	2119.0	2245.25341796875
2110.0	2119.0	2251.173828125
2111.0	2117.0	2245.193603515625
2112.0	2119.0	2239.395751953125
2112.0	2113.0	2236.6015625
2114.0	2113.0	2228.10302734375
2114.0	2123.0	2225.785400390625
2108.0	2118.0	2241.6171875
2104.0	2132.0	2251.063720703125
2104.0	2127.0	2248.21875
2104.0	2129.0	2245.477783203125
2105.0	2130.0	2239.923583984375
2105.0	2131.0	2237.4990234375
2108.0	2131.0	2226.078857421875
2104.0	2130.0	2235.862548828125
2104.0	2131.0	2233.80517578125
2113.0	2132.0	2205.51708984375
2113.0	2132.0	2204.51025390625
2115.0	2130.0	2197.620849609375
2114.0	2141.0	2199.802490234375
2114.0	2129.0	2199.0439453125
2115.0	2131.0	2195.286865234375
2113.0	2133.0	2200.608154296875
2113.0	2129.0	2199.93603515625
2113.0	2129.0	2199.30029296875
2112.0	2131.0	2201.719482421875
2116.0	2129.0	2189.164306640625
2118.0	2129.0	2182.693115234375
2115.0	2142.0	2191.283203125
2112.0	2146.0	2199.658203125
2115.0	2145.0	2190.234375
2113.0	2144.0	2195.81005859375
2115.0	2142.0	2189.39599609375
2114.0	2150.0	2192.05615234375
2114.0	2137.0	2191.7021484375
2114.0	2147.0	2191.40673828125
2112.0	2149.0	2197.157958984375
2112.0	2144.0	2197.026123046875
2113.0	2142.0	2193.81591796875
2113.0	2143.0	2193.647216796875
2114.0	2157.0	2190.44873046875
2113.0	2159.0	2193.189208984375
2116.0	2156.0	2183.9111328125
2115.0	2158.0	2186.707763671875
2112.0	2158.0	2195.533935546875
2113.0	2158.0	2192.297119140625
2114.0	2158.0	2189.134033203125
2124.0	2157.0	2159.28662109375
2123.0	2158.0	2163.2119140625
2123.0	2169.0	2164.042724609375
2123.0	2171.0	2164.892822265625
2124.0	2171.0	2162.678955078125
2121.0	2170.0	2172.51513671875
2123.0	2171.0	2167.42626953125
2128.0	2173.0	2153.0537109375
2126.0	2169.0	2159.683837890625
2129.0	2170.0	2151.73486328125
2132.0	2170.0	2144.25390625
2133.0	2173.0	2142.727294921875
2133.0	2172.0	2144.158447265625
2132.0	2169.0	2148.525634765625
2133.0	2162.0	2146.83544921875
2144.0	2164.0	2115.850341796875
2145.0	2170.0	2115.081298828125
2154.0	2168.0	2090.550537109375
2152.0	2168.0	2099.584716796875
2153.0	2170.0	2099.409423828125
