2065.0	2062.0
2065.0	2063.0
2068.0	2064.0
2065.0	2065.0
2064.0	2065.0
2066.0	2063.0
2066.0	2065.0
2065.0	2066.0
2066.0	2072.0
2066.0	2064.0
2065.0	2065.0
2066.0	2065.0
2067.0	2064.0
2064.0	2063.0
2067.0	2064.0
2064.0	2067.0
2070.0	2065.0
2066.0	2064.0
2065.0	2067.0
2066.0	2065.0
2064.0	2066.0
2064.0	2063.0
2066.0	2064.0
2063.0	2065.0
2065.0	2064.0
2064.0	2067.0
2065.0	2068.0
2066.0	2066.0
2063.0	2060.0
2064.0	2064.0
2068.0	2066.0
2065.0	2065.0
2064.0	2065.0
2065.0	2065.0
2064.0	2064.0
2066.0	2065.0
2065.0	2071.0
2070.0	2066.0
2066.0	2065.0
2067.0	2066.0
2065.0	2065.0
2065.0	2063.0
2065.0	2063.0
2067.0	2059.0
2063.0	2065.0
2067.0	2065.0
2066.0	2067.0
2065.0	2066.0
2064.0	2066.0
2066.0	2066.0
2066.0	2063.0
2067.0	2064.0
2064.0	2066.0
2066.0	2066.0
2067.0	2067.0
2066.0	2067.0
2065.0	2066.0
2068.0	2066.0
2064.0	2065.0
2064.0	2065.0
2065.0	2066.0
2068.0	2067.0
2065.0	2064.0
2066.0	2072.0
2066.0	2064.0
2065.0	2066.0
2068.0	2068.0
2064.0	2066.0
2065.0	2063.0
2064.0	2065.0
2063.0	2066.0
2071.0	2065.0
2066.0	2066.0
2065.0	2065.0
2065.0	2065.0
2066.0	2065.0
2066.0	2069.0
2066.0	2068.0
2070.0	2063.0
2066.0	2064.0
2066.0	2065.0
2065.0	2064.0
2066.0	2066.0
2066.0	2065.0
2068.0	2064.0
2064.0	2064.0
2066.0	2065.0
2064.0	2067.0
2066.0	2066.0
2068.0	2068.0
2065.0	2066.0
2065.0	2066.0
2065.0	2064.0
2065.0	2065.0
2064.0	2065.0
2064.0	2066.0
2066.0	2066.0
2066.0	2065.0
2066.0	2066.0
2065.0	2066.0
2067.0	2067.0
2064.0	2064.0
2065.0	2065.0
2067.0	2072.0
2067.0	2067.0
2068.0	2066.0
2065.0	2066.0
2065.0	2065.0
2066.0	2067.0
2066.0	2066.0
2063.0	2066.0
2066.0	2066.0
2066.0	2064.0
2065.0	2066.0
2064.0	2065.0
2065.0	2070.0
2064.0	2065.0
2064.0	2066.0
2065.0	2066.0
2065.0	2066.0
2065.0	2065.0
2065.0	2066.0
2067.0	2062.0
2069.0	2066.0
2068.0	2067.0
2065.0	2061.0
2067.0	2065.0
2065.0	2064.0
2065.0	2067.0
2067.0	2062.0
2063.0	2067.0
2066.0	2067.0
2067.0	2067.0
2065.0	2064.0
2064.0	2068.0
2069.0	2075.0
2064.0	2064.0
2065.0	2066.0
2065.0	2064.0
2066.0	2066.0
2067.0	2067.0
2067.0	2071.0
2066.0	2066.0
2064.0	2066.0
2067.0	2065.0
2064.0	2066.0
2065.0	2065.0
2066.0	2069.0
2067.0	2064.0
2064.0	2067.0
2067.0	2065.0
2065.0	2065.0
2065.0	2067.0
2066.0	2063.0
2069.0	2069.0
2068.0	2066.0
2068.0	2066.0
2064.0	2066.0
2064.0	2065.0
2066.0	2066.0
2065.0	2066.0
2073.0	2064.0
2065.0	2066.0
2065.0	2064.0
2064.0	2066.0
2066.0	2065.0
2066.0	2064.0
2066.0	2063.0
2065.0	2066.0
2066.0	2066.0
2065.0	2066.0
2066.0	2065.0
2065.0	2067.0
2064.0	2074.0
2063.0	2065.0
2066.0	2068.0
2066.0	2064.0
2066.0	2066.0
2066.0	2066.0
2066.0	2072.0
2066.0	2067.0
2065.0	2064.0
2066.0	2065.0
2064.0	2065.0
2066.0	2067.0
2068.0	2067.0
2070.0	2066.0
2067.0	2065.0
2067.0	2068.0
2064.0	2066.0
2065.0	2065.0
2065.0	2063.0
2065.0	2065.0
2064.0	2064.0
2064.0	2064.0
2066.0	2069.0
2064.0	2065.0
2066.0	2068.0
2062.0	2065.0
2064.0	2066.0
2065.0	2065.0
2065.0	2067.0
2064.0	2066.0
2064.0	2063.0
2065.0	2064.0
2066.0	2066.0
2066.0	2064.0
2064.0	2067.0
2068.0	2067.0
2066.0	2062.0
2063.0	2065.0
2068.0	2067.0
2065.0	2066.0
2066.0	2066.0
2064.0	2066.0
2065.0	2065.0
2070.0	2066.0
2067.0	2067.0
2067.0	2066.0
2065.0	2065.0
2065.0	2066.0
2065.0	2067.0
2072.0	2065.0
2065.0	2066.0
2065.0	2064.0
2066.0	2067.0
2065.0	2064.0
2068.0	2060.0
2064.0	2066.0
2064.0	2067.0
2067.0	2067.0
2066.0	2066.0
2066.0	2065.0
2066.0	2060.0
2062.0	2066.0
2067.0	2065.0
2068.0	2067.0
2065.0	2064.0
2066.0	2062.0
2066.0	2068.0
2061.0	2068.0
2066.0	2065.0
2066.0	2064.0
2066.0	2065.0
2065.0	2063.0
2066.0	2069.0
2065.0	2067.0
2065.0	2065.0
2064.0	2064.0
2066.0	2064.0
2066.0	2071.0
2065.0	2063.0
2066.0	2065.0
2067.0	2065.0
2066.0	2066.0
2066.0	2066.0
2066.0	2067.0
2065.0	2063.0
2065.0	2064.0
2065.0	2066.0
2064.0	2066.0
2064.0	2066.0
2069.0	2066.0
2066.0	2064.0
2066.0	2066.0
2064.0	2067.0
2067.0	2065.0
2064.0	2065.0
2065.0	2065.0
2072.0	2066.0
2067.0	2067.0
2065.0	2065.0
2066.0	2065.0
2067.0	2064.0
2065.0	2061.0
2064.0	2064.0
2065.0	2064.0
2065.0	2067.0
2065.0	2067.0
2066.0	2063.0
2068.0	2064.0
2063.0	2064.0
2065.0	2064.0
2065.0	2065.0
2068.0	2066.0
2066.0	2066.0
2063.0	2064.0
2065.0	2063.0
2064.0	2066.0
2065.0	2066.0
2065.0	2066.0
2064.0	2070.0
2063.0	2064.0
2063.0	2064.0
2064.0	2065.0
2066.0	2065.0
2067.0	2066.0
2065.0	2070.0
2065.0	2065.0
2065.0	2067.0
2065.0	2067.0
2065.0	2065.0
2067.0	2065.0
2067.0	2063.0
2066.0	2064.0
2066.0	2053.0
2065.0	2065.0
2066.0	2065.0
2063.0	2064.0
2066.0	2071.0
2066.0	2067.0
2064.0	2064.0
2066.0	2065.0
2064.0	2065.0
2066.0	2071.0
2066.0	2062.0
2065.0	2065.0
2065.0	2065.0
2065.0	2067.0
2067.0	2065.0
2066.0	2071.0
2072.0	2066.0
2065.0	2067.0
2065.0	2064.0
2067.0	2067.0
2067.0	2064.0
2064.0	2067.0
2067.0	2064.0
2068.0	2065.0
2068.0	2068.0
2066.0	2065.0
2066.0	2065.0
2065.0	2072.0
2065.0	2065.0
2066.0	2065.0
2066.0	2064.0
2068.0	2066.0
2065.0	2063.0
2066.0	2063.0
2065.0	2065.0
2065.0	2065.0
2067.0	2067.0
2066.0	2063.0
2064.0	2059.0
2077.0	2066.0
2068.0	2066.0
2064.0	2066.0
2065.0	2064.0
2066.0	2068.0
2064.0	2060.0
2063.0	2064.0
2064.0	2064.0
2064.0	2067.0
2065.0	2064.0
2065.0	2059.0
2066.0	2065.0
2064.0	2065.0
2066.0	2063.0
2065.0	2065.0
2067.0	2062.0
2067.0	2076.0
2064.0	2066.0
2065.0	2064.0
2065.0	2066.0
2065.0	2065.0
2066.0	2068.0
2063.0	2065.0
2065.0	2065.0
2067.0	2066.0
2065.0	2068.0
2067.0	2062.0
2066.0	2067.0
2067.0	2065.0
2066.0	2067.0
2066.0	2064.0
2068.0	2066.0
2064.0	2063.0
2066.0	2065.0
2065.0	2064.0
2065.0	2066.0
2065.0	2064.0
2065.0	2067.0
2068.0	2061.0
2062.0	2065.0
2065.0	2065.0
2068.0	2067.0
2064.0	2065.0
2065.0	2063.0
2065.0	2065.0
2067.0	2066.0
2064.0	2067.0
2066.0	2064.0
2066.0	2066.0
2066.0	2074.0
2063.0	2066.0
2066.0	2064.0
2063.0	2066.0
2064.0	2065.0
2066.0	2069.0
2071.0	2064.0
2066.0	2065.0
2066.0	2065.0
2067.0	2065.0
2065.0	2062.0
2067.0	2076.0
2064.0	2066.0
2066.0	2063.0
2066.0	2066.0
2066.0	2064.0
2066.0	2063.0
2068.0	2066.0
2065.0	2065.0
2064.0	2065.0
2067.0	2065.0
2066.0	2064.0
2065.0	2070.0
2066.0	2066.0
2065.0	2065.0
2066.0	2066.0
2065.0	2064.0
2064.0	2063.0
2069.0	2065.0
2066.0	2066.0
2065.0	2065.0
2065.0	2065.0
2067.0	2067.0
2066.0	2065.0
2066.0	2066.0
2068.0	2066.0
2067.0	2065.0
2064.0	2063.0
2068.0	2062.0
2063.0	2065.0
2066.0	2066.0
2064.0	2065.0
2065.0	2067.0
2067.0	2064.0
2066.0	2067.0
2065.0	2065.0
2066.0	2064.0
2064.0	2064.0
2066.0	2070.0
2069.0	2065.0
2066.0	2067.0
2065.0	2065.0
2065.0	2066.0
2067.0	2070.0
2067.0	2062.0
2066.0	2064.0
2065.0	2066.0
2066.0	2065.0
2065.0	2064.0
2067.0	2073.0
2065.0	2064.0
2065.0	2066.0
2066.0	2063.0
2066.0	2063.0
2065.0	2067.0
2068.0	2068.0
2066.0	2064.0
2065.0	2064.0
2068.0	2069.0
2066.0	2064.0
2063.0	2065.0
2066.0	2064.0
2065.0	2066.0
2067.0	2067.0
2066.0	2070.0
2072.0	2067.0
2064.0	2065.0
2065.0	2064.0
2067.0	2064.0
2064.0	2067.0
2068.0	2062.0
2066.0	2064.0
2065.0	2066.0
2065.0	2067.0
2066.0	2062.0
2065.0	2073.0
2063.0	2065.0
2065.0	2066.0
2064.0	2065.0
2066.0	2065.0
2063.0	2073.0
2064.0	2064.0
2064.0	2065.0
2065.0	2065.0
2064.0	2065.0
2067.0	2069.0
2064.0	2064.0
2066.0	2065.0
2067.0	2064.0
2065.0	2067.0
2064.0	2068.0
2064.0	2065.0
2064.0	2065.0
2066.0	2065.0
2064.0	2065.0
2063.0	2082.0
2066.0	2064.0
2066.0	2067.0
2064.0	2064.0
2064.0	2063.0
2065.0	2067.0
2064.0	2065.0
2065.0	2064.0
2066.0	2065.0
2065.0	2066.0
2065.0	2060.0
2064.0	2064.0
2065.0	2063.0
2065.0	2065.0
2064.0	2067.0
2065.0	2071.0
2064.0	2065.0
2066.0	2064.0
2066.0	2065.0
2068.0	2067.0
2065.0	2061.0
2064.0	2065.0
2065.0	2064.0
2064.0	2066.0
2065.0	2067.0
2064.0	2065.0
2062.0	2064.0
2064.0	2066.0
2065.0	2065.0
2068.0	2068.0
2064.0	2066.0
2064.0	2066.0
2065.0	2065.0
2065.0	2068.0
2065.0	2066.0
2065.0	2070.0
2063.0	2065.0
2065.0	2065.0
2067.0	2066.0
2066.0	2063.0
2067.0	2061.0
2067.0	2067.0
2066.0	2064.0
2064.0	2065.0
2066.0	2067.0
2066.0	2069.0
2065.0	2066.0
2066.0	2066.0
2065.0	2066.0
2064.0	2062.0
2067.0	2076.0
2063.0	2065.0
2065.0	2064.0
2067.0	2066.0
2066.0	2066.0
2064.0	2067.0
2089.0	2065.0
2066.0	2067.0
2064.0	2069.0
2066.0	2067.0
2067.0	2070.0
2065.0	2064.0
2065.0	2065.0
2065.0	2064.0
2066.0	2068.0
2066.0	2063.0
2064.0	2068.0
2065.0	2065.0
2063.0	2065.0
2064.0	2066.0
2065.0	2063.0
2066.0	2068.0
2064.0	2067.0
2066.0	2065.0
2066.0	2063.0
2069.0	2063.0
2066.0	2067.0
2066.0	2065.0
2065.0	2065.0
2066.0	2066.0
2068.0	2066.0
2065.0	2063.0
2068.0	2068.0
2066.0	2066.0
2065.0	2058.0
2075.0	2066.0
2067.0	2065.0
2068.0	2068.0
2065.0	2065.0
2065.0	2064.0
2067.0	2067.0
2069.0	2067.0
2063.0	2066.0
2065.0	2066.0
2066.0	2063.0
2063.0	2065.0
2066.0	2064.0
2066.0	2065.0
2065.0	2064.0
2071.0	2065.0
2065.0	2065.0
2066.0	2064.0
2066.0	2069.0
2066.0	2069.0
2064.0	2066.0
2064.0	2066.0
2066.0	2065.0
2068.0	2066.0
2066.0	2061.0
2063.0	2065.0
2065.0	2067.0
2067.0	2065.0
2064.0	2067.0
2064.0	2063.0
2066.0	2065.0
2066.0	2066.0
2064.0	2065.0
2065.0	2066.0
2068.0	2066.0
2065.0	2065.0
2066.0	2064.0
2064.0	2066.0
2067.0	2071.0
2063.0	2065.0
2064.0	2065.0
2066.0	2066.0
2065.0	2064.0
2064.0	2074.0
2068.0	2067.0
2064.0	2065.0
2069.0	2067.0
2065.0	2063.0
2066.0	2064.0
2067.0	2066.0
2065.0	2065.0
2066.0	2064.0
2064.0	2065.0
2069.0	2065.0
2065.0	2062.0
2064.0	2065.0
2060.0	2067.0
2067.0	2061.0
2062.0	2064.0
2064.0	2067.0
2065.0	2063.0
2066.0	2064.0
2064.0	2069.0
2066.0	2064.0
2066.0	2066.0
2066.0	2066.0
2067.0	2064.0
2066.0	2064.0
2064.0	2066.0
2064.0	2066.0
2067.0	2066.0
2064.0	2064.0
2065.0	2065.0
2064.0	2066.0
2064.0	2065.0
2066.0	2066.0
2067.0	2071.0
2065.0	2064.0
2065.0	2064.0
2064.0	2064.0
2066.0	2069.0
2063.0	2064.0
2066.0	2066.0
2065.0	2066.0
2064.0	2065.0
2066.0	2059.0
2070.0	2064.0
2068.0	2066.0
2066.0	2066.0
2066.0	2064.0
2067.0	2075.0
2065.0	2066.0
2066.0	2065.0
2066.0	2067.0
2065.0	2067.0
2068.0	2065.0
2066.0	2066.0
2065.0	2065.0
2066.0	2066.0
2065.0	2068.0
2062.0	2066.0
2065.0	2066.0
2066.0	2065.0
2064.0	2065.0
2065.0	2062.0
2067.0	2068.0
2065.0	2066.0
2066.0	2066.0
2064.0	2063.0
2072.0	2066.0
2064.0	2066.0
2067.0	2068.0
2065.0	2066.0
2065.0	2073.0
2065.0	2067.0
2067.0	2066.0
2066.0	2068.0
2068.0	2072.0
2073.0	2066.0
2066.0	2059.0
2067.0	2066.0
2066.0	2066.0
2064.0	2063.0
2064.0	2066.0
2066.0	2066.0
2066.0	2066.0
2066.0	2067.0
2067.0	2058.0
2066.0	2066.0
2067.0	2066.0
2067.0	2071.0
2066.0	2067.0
2069.0	2065.0
2065.0	2067.0
2066.0	2067.0
2066.0	2066.0
2067.0	2064.0
2067.0	2068.0
2067.0	2066.0
2066.0	2066.0
2066.0	2064.0
2067.0	2066.0
2067.0	2067.0
2066.0	2067.0
2066.0	2066.0
2066.0	2065.0
2069.0	2066.0
2068.0	2067.0
2067.0	2066.0
2066.0	2066.0
2064.0	2064.0
2066.0	2067.0
2065.0	2067.0
2066.0	2066.0
2066.0	2068.0
2070.0	2067.0
2066.0	2069.0
2066.0	2066.0
2067.0	2067.0
2066.0	2065.0
2064.0	2067.0
2064.0	2066.0
2065.0	2066.0
2067.0	2068.0
2069.0	2063.0
2065.0	2067.0
2065.0	2068.0
2067.0	2065.0
2068.0	2069.0
2066.0	2067.0
2065.0	2065.0
2067.0	2065.0
2066.0	2066.0
2070.0	2067.0
2068.0	2067.0
2067.0	2067.0
2067.0	2067.0
2069.0	2069.0
2067.0	2065.0
2066.0	2065.0
2065.0	2066.0
2067.0	2064.0
2073.0	2068.0
2064.0	2066.0
2066.0	2067.0
2068.0	2070.0
2069.0	2070.0
2066.0	2066.0
2067.0	2066.0
2060.0	2069.0
2066.0	2071.0
2069.0	2065.0
2069.0	2068.0
2067.0	2066.0
2067.0	2068.0
2066.0	2065.0
2065.0	2065.0
2067.0	2066.0
2067.0	2067.0
2065.0	2068.0
2069.0	2069.0
2067.0	2067.0
2091.0	2065.0
2064.0	2064.0
2064.0	2067.0
2065.0	2066.0
2066.0	2065.0
2065.0	2066.0
2065.0	2067.0
2066.0	2064.0
2069.0	2068.0
2066.0	2067.0
2068.0	2066.0
2068.0	2064.0
2066.0	2066.0
2067.0	2068.0
2066.0	2065.0
2067.0	2062.0
2065.0	2066.0
2065.0	2065.0
2069.0	2065.0
2066.0	2069.0
2070.0	2065.0
2067.0	2067.0
2067.0	2067.0
2069.0	2068.0
2071.0	2068.0
2066.0	2066.0
2066.0	2067.0
2066.0	2065.0
2068.0	2066.0
2081.0	2066.0
2067.0	2066.0
2065.0	2068.0
2067.0	2062.0
2064.0	2066.0
2066.0	2066.0
2065.0	2066.0
2066.0	2067.0
2069.0	2071.0
2067.0	2067.0
2068.0	2066.0
2067.0	2066.0
2067.0	2069.0
2068.0	2066.0
2065.0	2067.0
2066.0	2066.0
2068.0	2069.0
2067.0	2069.0
2066.0	2066.0
2067.0	2064.0
2067.0	2068.0
2067.0	2065.0
2068.0	2069.0
2066.0	2066.0
2069.0	2067.0
2065.0	2065.0
2072.0	2068.0
2067.0	2067.0
2066.0	2067.0
2067.0	2062.0
2067.0	2067.0
2066.0	2066.0
2068.0	2066.0
2067.0	2067.0
2067.0	2071.0
2067.0	2066.0
2065.0	2066.0
2066.0	2066.0
2066.0	2067.0
2066.0	2066.0
2066.0	2066.0
2068.0	2068.0
2066.0	2069.0
2068.0	2065.0
2066.0	2065.0
2067.0	2066.0
2068.0	2067.0
2066.0	2074.0
2068.0	2067.0
2066.0	2067.0
2067.0	2066.0
2067.0	2059.0
2065.0	2067.0
2069.0	2068.0
2065.0	2067.0
2066.0	2071.0
2070.0	2067.0
2068.0	2073.0
2068.0	2067.0
2067.0	2067.0
2067.0	2065.0
2066.0	2067.0
2065.0	2067.0
2067.0	2067.0
2065.0	2075.0
2084.0	2066.0
2065.0	2064.0
2067.0	2068.0
2066.0	2064.0
2066.0	2067.0
2068.0	2067.0
2067.0	2065.0
2066.0	2063.0
2069.0	2066.0
2066.0	2068.0
2066.0	2067.0
2066.0	2065.0
2066.0	2064.0
2065.0	2066.0
2067.0	2067.0
2065.0	2067.0
2068.0	2065.0
2066.0	2067.0
2067.0	2068.0
2069.0	2067.0
2067.0	2070.0
2068.0	2067.0
2066.0	2068.0
2066.0	2068.0
2067.0	2068.0
2066.0	2066.0
2067.0	2067.0
2067.0	2066.0
2069.0	2074.0
2064.0	2065.0
2066.0	2066.0
2065.0	2065.0
2065.0	2068.0
2069.0	2066.0
2067.0	2068.0
2068.0	2066.0
2067.0	2066.0
2065.0	2066.0
2066.0	2069.0
2067.0	2067.0
2067.0	2067.0
2066.0	2063.0
2066.0	2066.0
2068.0	2066.0
2067.0	2066.0
2068.0	2073.0
2068.0	2069.0
2065.0	2067.0
2068.0	2068.0
2066.0	2062.0
1998.0	881.0
2000.0	885.0
1999.0	884.0
1998.0	882.0
1998.0	883.0
1998.0	884.0
1997.0	1992.0
2001.0	1989.0
1997.0	1987.0
1998.0	1987.0
2000.0	2003.0
1999.0	2001.0
1998.0	2003.0
1998.0	2004.0
1998.0	2003.0
1997.0	2003.0
1998.0	2003.0
2000.0	2003.0
2007.0	1999.0
2007.0	2002.0
2009.0	2000.0
2007.0	2003.0
2008.0	2000.0
2007.0	2015.0
2018.0	2014.0
2017.0	2014.0
2019.0	2012.0
2017.0	2025.0
2019.0	2030.0
2017.0	2039.0
2019.0	2041.0
2012.0	2046.0
2019.0	2042.0
2018.0	2039.0
2018.0	2052.0
2019.0	2060.0
2018.0	2053.0
2017.0	2055.0
2019.0	2069.0
2032.0	2071.0
2019.0	2066.0
2019.0	2067.0
2018.0	2065.0
2020.0	2067.0
2017.0	2067.0
2017.0	2066.0
2010.0	2066.0
2017.0	2070.0
2007.0	2069.0
2007.0	2079.0
2009.0	2080.0
2012.0	2077.0
2009.0	2079.0
2008.0	2079.0
2007.0	2079.0
2009.0	2077.0
2007.0	2079.0
2008.0	2079.0
2000.0	2077.0
2000.0	2091.0
1998.0	2092.0
1998.0	2091.0
1998.0	2093.0
1999.0	2093.0
1999.0	2091.0
2000.0	2093.0
1998.0	2092.0
1995.0	2095.0
1998.0	2092.0
1998.0	2094.0
2000.0	2092.0
1999.0	2098.0
1997.0	2092.0
2000.0	2093.0
1987.0	2093.0
1988.0	2091.0
1988.0	2093.0
1987.0	2093.0
1990.0	2091.0
1989.0	2098.0
1989.0	2092.0
1989.0	2091.0
1989.0	2093.0
1996.0	2094.0
1990.0	2091.0
1987.0	2093.0
1989.0	2091.0
1990.0	2086.0
1989.0	2092.0
1989.0	2093.0
1988.0	2090.0
1995.0	2096.0
1989.0	2092.0
1989.0	2093.0
1988.0	2090.0
1989.0	2090.0
1989.0	2093.0
1989.0	2091.0
1989.0	2093.0
1992.0	2093.0
1989.0	2091.0
1988.0	2090.0
1988.0	2093.0
1987.0	2097.0
1990.0	2097.0
1989.0	2092.0
1989.0	2092.0
1992.0	2091.0
1987.0	2092.0
1988.0	2092.0
1989.0	2105.0
2001.0	2109.0
1989.0	2104.0
1989.0	2103.0
1989.0	2104.0
1991.0	2105.0
1988.0	2104.0
1988.0	2103.0
1991.0	2107.0
2002.0	2110.0
1988.0	2106.0
1987.0	2104.0
1990.0	2106.0
1986.0	2121.0
1988.0	2105.0
1987.0	2104.0
1988.0	2106.0
1989.0	2107.0
1989.0	2106.0
1988.0	2104.0
1992.0	2106.0
1986.0	2099.0
1988.0	2104.0
1989.0	2104.0
1988.0	2104.0
1988.0	2105.0
1988.0	2106.0
1989.0	2105.0
1988.0	2105.0
1989.0	2103.0
1987.0	2104.0
1988.0	2106.0
1986.0	2105.0
1988.0	2107.0
1987.0	2103.0
1989.0	2108.0
1990.0	2103.0
1988.0	2107.0
1989.0	2106.0
1987.0	2106.0
1990.0	2106.0
1989.0	2105.0
1988.0	2104.0
1988.0	2105.0
1989.0	2106.0
1989.0	2106.0
1987.0	2104.0
1989.0	2107.0
1990.0	2105.0
1988.0	2105.0
1988.0	2105.0
1989.0	2107.0
1991.0	2105.0
1987.0	2106.0
1988.0	2105.0
1988.0	2104.0
1990.0	2102.0
1989.0	2104.0
1989.0	2103.0
1988.0	2106.0
1995.0	2108.0
1988.0	2105.0
1989.0	2118.0
1997.0	2119.0
2000.0	2123.0
1999.0	2117.0
1999.0	2120.0
2000.0	2119.0
1997.0	2132.0
1988.0	2117.0
1998.0	2119.0
2002.0	2119.0
1997.0	2116.0
1996.0	2116.0
1999.0	2121.0
1996.0	2119.0
2008.0	2117.0
2007.0	2120.0
2007.0	2118.0
2010.0	2117.0
2007.0	2117.0
2007.0	2118.0
2008.0	2116.0
2005.0	2121.0
2007.0	2118.0
2006.0	2117.0
2009.0	2119.0
2011.0	2120.0
2007.0	2119.0
2006.0	2119.0
1999.0	2118.0
1995.0	2117.0
1999.0	2118.0
1999.0	2118.0
2000.0	2119.0
1997.0	2116.0
1998.0	2117.0
2000.0	2130.0
1997.0	2129.0
1997.0	2134.0
1999.0	2130.0
1997.0	2131.0
1999.0	2130.0
1996.0	2128.0
1998.0	2131.0
2000.0	2132.0
1998.0	2128.0
1999.0	2130.0
1999.0	2133.0
2000.0	2131.0
1999.0	2131.0
1998.0	2129.0
1999.0	2131.0
1998.0	2131.0
1997.0	2130.0
1999.0	2129.0
1998.0	2131.0
2000.0	2132.0
1999.0	2128.0
2000.0	2132.0
1998.0	2130.0
1999.0	2134.0
2005.0	2130.0
1998.0	2130.0
1999.0	2130.0
1999.0	2131.0
2012.0	2139.0
1998.0	2132.0
1998.0	2128.0
2000.0	2133.0
2000.0	2126.0
1997.0	2129.0
1999.0	2131.0
1998.0	2133.0
1996.0	2128.0
2000.0	2118.0
1998.0	2117.0
2000.0	2121.0
1998.0	2117.0
2000.0	2119.0
1998.0	2117.0
1998.0	2120.0
1999.0	2118.0
1998.0	2118.0
1998.0	2118.0
2002.0	2122.0
1998.0	2120.0
1998.0	2117.0
2000.0	2121.0
1993.0	2126.0
1998.0	2119.0
1999.0	2118.0
1997.0	2118.0
1998.0	2116.0
2000.0	2119.0
1997.0	2118.0
2000.0	2117.0
1999.0	2119.0
1999.0	2118.0
1998.0	2119.0
2004.0	2120.0
1998.0	2116.0
1999.0	2121.0
1998.0	2117.0
1997.0	2116.0
1997.0	2118.0
1998.0	2118.0
2009.0	2115.0
1998.0	2118.0
1999.0	2120.0
1999.0	2119.0
2000.0	2125.0
1996.0	2118.0
1999.0	2118.0
2008.0	2118.0
2005.0	2134.0
2008.0	2115.0
2008.0	2118.0
2008.0	2117.0
2006.0	2118.0
2009.0	2119.0
2009.0	2116.0
2010.0	2117.0
2009.0	2129.0
2007.0	2130.0
2007.0	2130.0
2009.0	2137.0
2007.0	2131.0
2009.0	2129.0
2008.0	2131.0
2005.0	2124.0
2009.0	2127.0
2007.0	2128.0
2009.0	2133.0
2007.0	2128.0
1998.0	2130.0
1998.0	2133.0
1998.0	2128.0
1998.0	2132.0
1997.0	2131.0
1995.0	2131.0
2005.0	2137.0
2000.0	2130.0
1998.0	2131.0
1999.0	2133.0
1998.0	2127.0
1999.0	2132.0
1998.0	2130.0
1999.0	2129.0
1999.0	2133.0
1998.0	2132.0
2001.0	2130.0
2000.0	2130.0
2001.0	2133.0
1999.0	2132.0
1999.0	2130.0
1995.0	2137.0
1998.0	2134.0
2000.0	2130.0
2000.0	2127.0
1998.0	2130.0
1999.0	2131.0
1999.0	2130.0
2001.0	2136.0
1997.0	2130.0
1998.0	2132.0
1998.0	2130.0
1996.0	2130.0
2001.0	2118.0
1998.0	2119.0
2000.0	2115.0
1999.0	2128.0
2001.0	2131.0
1999.0	2130.0
1993.0	2133.0
1999.0	2131.0
2001.0	2128.0
2001.0	2132.0
1995.0	2135.0
1998.0	2128.0
2000.0	2132.0
1998.0	2130.0
1999.0	2131.0
1999.0	2131.0
1998.0	2130.0
2002.0	2133.0
1997.0	2131.0
1999.0	2108.0
1998.0	2119.0
1996.0	2111.0
1998.0	2119.0
1999.0	2131.0
2001.0	2127.0
2000.0	2131.0
1998.0	2132.0
1999.0	2133.0
2001.0	2130.0
1998.0	2130.0
2000.0	2131.0
1999.0	2131.0
1997.0	2131.0
1999.0	2131.0
1997.0	2131.0
1999.0	2130.0
1999.0	2131.0
1997.0	2131.0
1997.0	2130.0
1994.0	2137.0
1999.0	2131.0
1996.0	2130.0
2000.0	2128.0
1998.0	2129.0
2001.0	2131.0
1997.0	2130.0
2002.0	2127.0
1999.0	2133.0
1998.0	2130.0
1998.0	2129.0
1997.0	2128.0
1998.0	2130.0
1998.0	2131.0
2000.0	2130.0
1999.0	2132.0
2000.0	2131.0
1997.0	2130.0
1995.0	2139.0
1998.0	2132.0
2002.0	2132.0
1999.0	2129.0
2000.0	2130.0
1999.0	2131.0
1999.0	2132.0
2002.0	2126.0
1997.0	2132.0
1998.0	2132.0
1999.0	2131.0
2000.0	2132.0
2000.0	2131.0
1999.0	2132.0
1995.0	2132.0
2000.0	2129.0
2001.0	2130.0
2000.0	2131.0
1996.0	2118.0
1997.0	2119.0
2000.0	2132.0
1999.0	2134.0
1998.0	2132.0
1998.0	2131.0
2000.0	2130.0
2005.0	2137.0
2007.0	2132.0
2009.0	2129.0
2010.0	2132.0
2006.0	2131.0
2007.0	2129.0
2010.0	2130.0
2008.0	2123.0
2008.0	2129.0
1999.0	2131.0
1998.0	2130.0
1997.0	2131.0
1999.0	2133.0
1999.0	2130.0
2000.0	2134.0
1999.0	2131.0
1999.0	2131.0
2023.0	2130.0
1997.0	2129.0
1998.0	2131.0
1998.0	2129.0
2000.0	2133.0
1996.0	2131.0
2002.0	2131.0
1997.0	2131.0
1997.0	2128.0
2000.0	2132.0
1998.0	2131.0
1999.0	2128.0
1999.0	2131.0
2000.0	2134.0
1998.0	2130.0
1996.0	2128.0
2000.0	2133.0
1998.0	2131.0
2000.0	2132.0
1998.0	2130.0
1997.0	2131.0
1998.0	2130.0
2006.0	2145.0
2010.0	2131.0
2009.0	2130.0
2008.0	2127.0
2009.0	2130.0
2007.0	2130.0
2006.0	2131.0
2008.0	2145.0
2009.0	2132.0
2006.0	2132.0
2006.0	2132.0
2008.0	2132.0
2006.0	2133.0
2008.0	2132.0
2008.0	2144.0
2009.0	2130.0
2007.0	2128.0
2009.0	2135.0
2006.0	2130.0
2006.0	2132.0
2008.0	2129.0
2004.0	2146.0
2007.0	2131.0
2007.0	2128.0
2007.0	2130.0
2005.0	2128.0
2007.0	2130.0
2010.0	2131.0
2006.0	2126.0
2006.0	2129.0
2007.0	2131.0
2011.0	2131.0
2008.0	2131.0
2008.0	2130.0
2007.0	2132.0
2007.0	2129.0
2008.0	2131.0
2009.0	2130.0
2011.0	2134.0
2009.0	2130.0
2009.0	2132.0
2010.0	2132.0
2008.0	2129.0
2009.0	2128.0
2006.0	2131.0
2009.0	2132.0
2007.0	2131.0
2009.0	2131.0
2007.0	2130.0
2006.0	2129.0
2010.0	2133.0
2006.0	2131.0
2011.0	2125.0
2007.0	2131.0
2007.0	2129.0
2007.0	2132.0
2007.0	2128.0
2008.0	2132.0
2007.0	2133.0
2010.0	2126.0
2008.0	2131.0
2006.0	2129.0
2005.0	2132.0
2010.0	2130.0
2010.0	2132.0
2006.0	2131.0
2008.0	2134.0
2009.0	2131.0
2008.0	2131.0
2007.0	2132.0
2008.0	2131.0
2008.0	2129.0
2008.0	2132.0
2020.0	2130.0
2007.0	2132.0
2006.0	2133.0
2006.0	2135.0
2009.0	2131.0
2009.0	2131.0
2008.0	2131.0
2003.0	2136.0
2008.0	2131.0
2007.0	2130.0
2010.0	2129.0
2008.0	2133.0
2007.0	2130.0
2007.0	2130.0
2009.0	2132.0
2010.0	2132.0
2008.0	2132.0
2006.0	2132.0
2009.0	2131.0
2007.0	2130.0
2007.0	2130.0
2008.0	2131.0
2009.0	2130.0
2007.0	2130.0
2009.0	2129.0
2011.0	2131.0
2007.0	2130.0
2010.0	2129.0
2008.0	2131.0
2006.0	2129.0
2010.0	2131.0
2005.0	2142.0
2006.0	2130.0
2008.0	2130.0
2007.0	2130.0
2007.0	2131.0
2008.0	2132.0
2008.0	2134.0
2007.0	2128.0
2009.0	2130.0
2006.0	2132.0
2014.0	2126.0
2008.0	2131.0
2008.0	2130.0
2009.0	2133.0
2007.0	2132.0
2007.0	2130.0
2008.0	2130.0
2002.0	2137.0
2007.0	2131.0
2009.0	2144.0
2009.0	2147.0
2007.0	2145.0
2008.0	2146.0
2009.0	2146.0
2007.0	2143.0
2009.0	2146.0
2008.0	2146.0
2008.0	2157.0
2007.0	2144.0
2008.0	2146.0
2008.0	2144.0
2006.0	2144.0
2009.0	2145.0
2007.0	2145.0
2007.0	2143.0
2006.0	2146.0
2007.0	2143.0
2007.0	2146.0
2007.0	2141.0
2010.0	2144.0
2007.0	2144.0
2009.0	2144.0
1999.0	2146.0
2000.0	2145.0
1990.0	2142.0
2000.0	2131.0
1999.0	2131.0
2001.0	2130.0
1998.0	2132.0
1998.0	2131.0
1997.0	2130.0
1997.0	2129.0
1999.0	2131.0
1997.0	2132.0
1999.0	2127.0
1999.0	2131.0
2000.0	2132.0
1999.0	2129.0
1998.0	2142.0
2002.0	2145.0
1999.0	2147.0
1995.0	2141.0
1998.0	2146.0
1997.0	2145.0
2002.0	2142.0
1998.0	2142.0
1998.0	2146.0
1999.0	2141.0
1997.0	2144.0
1997.0	2145.0
1998.0	2143.0
2007.0	2152.0
2009.0	2143.0
2007.0	2144.0
2004.0	2146.0
2006.0	2145.0
2007.0	2802.0
2008.0	2393.0
2008.0	2192.0
2095.0	2094.0
2086.0	2083.0
2078.0	2073.0
2078.0	2070.0
2078.0	2076.0
2075.0	2072.0
2080.0	2069.0
2078.0	2071.0
2077.0	2071.0
2075.0	2068.0
2074.0	2066.0
2074.0	2067.0
2073.0	2066.0
2075.0	2066.0
2075.0	2065.0
2072.0	2065.0
2071.0	2066.0
2073.0	2058.0
2072.0	2068.0
2076.0	2069.0
2077.0	2070.0
2076.0	2072.0
2077.0	2073.0
2078.0	2075.0
2088.0	2072.0
2078.0	2072.0
2079.0	2073.0
2083.0	2073.0
2080.0	2074.0
2081.0	2074.0
2084.0	2072.0
2078.0	2074.0
2078.0	2074.0
2079.0	2073.0
2079.0	2074.0
2081.0	2075.0
2080.0	2072.0
2080.0	2072.0
2080.0	2074.0
2083.0	2070.0
2080.0	2074.0
2080.0	2073.0
2079.0	2078.0
2078.0	2074.0
2081.0	2073.0
2077.0	2089.0
2081.0	2075.0
2078.0	2074.0
2009.0	3093.0
2009.0	3070.0
2008.0	3069.0
2008.0	3067.0
2008.0	3065.0
2006.0	3065.0
2007.0	3069.0
2010.0	3070.0
2008.0	3067.0
2009.0	3069.0
2008.0	3067.0
2008.0	3068.0
2007.0	3067.0
2008.0	3067.0
2009.0	3074.0
2008.0	3068.0
2001.0	3068.0
2007.0	3068.0
2008.0	3066.0
2007.0	3073.0
2007.0	3067.0
2008.0	3063.0
2007.0	3069.0
2008.0	3067.0
2006.0	3067.0
2007.0	3068.0
2007.0	3069.0
2008.0	3066.0
2010.0	3068.0
2008.0	3070.0
2007.0	3067.0
2006.0	3068.0
2007.0	3069.0
2008.0	3068.0
2008.0	3069.0
2008.0	3069.0
2010.0	3063.0
2007.0	3068.0
2008.0	3066.0
2008.0	3068.0
2008.0	3067.0
2006.0	3070.0
2008.0	3067.0
2007.0	3067.0
2010.0	3069.0
2008.0	3068.0
2006.0	3068.0
2007.0	3067.0
2008.0	3074.0
2009.0	3068.0
2007.0	3069.0
2010.0	3067.0
2006.0	3069.0
2013.0	3074.0
2008.0	3069.0
2006.0	3068.0
2010.0	3068.0
2007.0	3065.0
2006.0	3064.0
2009.0	3068.0
2007.0	3072.0
2008.0	3066.0
2007.0	3067.0
2008.0	3068.0
2008.0	3066.0
2010.0	3067.0
2008.0	3070.0
2008.0	3068.0
2007.0	3067.0
2007.0	3067.0
2070.0	2064.0
2067.0	2065.0
2066.0	2066.0
2063.0	2065.0
2065.0	2065.0
2066.0	2066.0
2065.0	2066.0
2064.0	2068.0
2066.0	2062.0
2065.0	2065.0
2065.0	2066.0
2069.0	2065.0
2067.0	2066.0
2066.0	2082.0
2065.0	2066.0
2070.0	2067.0
2066.0	2067.0
2067.0	2065.0
2066.0	2068.0
2065.0	2066.0
2066.0	2067.0
2068.0	2065.0
2065.0	2067.0
2067.0	2065.0
2065.0	2082.0
2065.0	2066.0
2066.0	2066.0
2065.0	2059.0
2064.0	2066.0
2065.0	2068.0
2068.0	2063.0
2063.0	2066.0
2064.0	2063.0
2066.0	2070.0
2067.0	2067.0
2067.0	2065.0
2065.0	2067.0
2067.0	2068.0
2065.0	2063.0
2065.0	2064.0
2065.0	2073.0
2064.0	2064.0
2064.0	2066.0
2064.0	2070.0
2067.0	2065.0
2065.0	2067.0
2067.0	2059.0
2064.0	2064.0
2066.0	2066.0
2065.0	2066.0
2065.0	2068.0
2066.0	2065.0
2064.0	2067.0
2072.0	2065.0
2067.0	2066.0
2065.0	2064.0
2068.0	2065.0
2066.0	2065.0
2066.0	2064.0
2068.0	2067.0
2066.0	2064.0
2066.0	2067.0
2068.0	2063.0
2065.0	2065.0
2065.0	2064.0
2064.0	2067.0
2064.0	2066.0
2068.0	2067.0
2066.0	2067.0
2066.0	2065.0
2067.0	2066.0
2067.0	2063.0
2062.0	2063.0
2065.0	2062.0
2066.0	2061.0
2064.0	2067.0
2067.0	2067.0
2066.0	2066.0
2066.0	2067.0
2066.0	2066.0
2066.0	2066.0
2064.0	2065.0
2065.0	2065.0
2065.0	2066.0
2064.0	2069.0
2064.0	2064.0
2065.0	2064.0
2065.0	2062.0
2065.0	2064.0
2068.0	2068.0
2065.0	2058.0
2065.0	2066.0
2067.0	2064.0
2065.0	2065.0
2066.0	2065.0
2064.0	2065.0
2066.0	2068.0
2062.0	2065.0
2066.0	2066.0
2065.0	2065.0
2067.0	2062.0
2065.0	2064.0
2064.0	2065.0
2067.0	2064.0
2065.0	2066.0
2065.0	2065.0
2061.0	2065.0
2065.0	2065.0
2065.0	2066.0
2066.0	2069.0
2065.0	2065.0
2065.0	2065.0
2066.0	2063.0
2064.0	2065.0
2064.0	2064.0
2066.0	2057.0
2065.0	2066.0
2066.0	2065.0
2066.0	2069.0
2066.0	2066.0
2066.0	2067.0
2066.0	2069.0
2063.0	2066.0
2066.0	2065.0
2065.0	2066.0
2068.0	2066.0
2065.0	2066.0
2065.0	2066.0
2071.0	2066.0
2066.0	2065.0
2065.0	2065.0
2064.0	2065.0
2065.0	2065.0
2066.0	2066.0
2065.0	2072.0
2064.0	2066.0
2065.0	2064.0
2066.0	2061.0
2066.0	2066.0
2068.0	2067.0
2065.0	2062.0
2063.0	2066.0
2065.0	2065.0
2064.0	2064.0
2065.0	2065.0
2066.0	2066.0
2066.0	2063.0
2065.0	2066.0
2066.0	2065.0
2065.0	2063.0
2064.0	2066.0
2066.0	2066.0
2065.0	2066.0
2080.0	2064.0
2067.0	2065.0
2065.0	2067.0
2068.0	2074.0
2067.0	2067.0
2067.0	2069.0
2065.0	2064.0
2065.0	2065.0
2065.0	2066.0
2065.0	2065.0
2067.0	2064.0
2066.0	2066.0
2068.0	2063.0
2067.0	2068.0
2066.0	2066.0
2064.0	2063.0
2064.0	2064.0
2066.0	2065.0
2067.0	2067.0
2065.0	2066.0
2065.0	2065.0
2066.0	2062.0
2065.0	2066.0
2066.0	2065.0
2065.0	2060.0
2063.0	2066.0
2065.0	2064.0
2068.0	2068.0
2067.0	2066.0
2065.0	2068.0
2065.0	2070.0
2052.0	2064.0
2066.0	2065.0
2065.0	2064.0
2064.0	2066.0
2066.0	2065.0
2066.0	2065.0
2063.0	2066.0
2066.0	2065.0
2068.0	2071.0
2064.0	2066.0
2067.0	2064.0
2065.0	2070.0
2065.0	2064.0
2064.0	2066.0
2066.0	2069.0
2064.0	2065.0
2067.0	2067.0
2065.0	2066.0
2062.0	2066.0
2066.0	2066.0
2064.0	2068.0
2061.0	2063.0
2066.0	2066.0
2065.0	2067.0
2073.0	2067.0
2065.0	2067.0
2066.0	2066.0
2071.0	2066.0
2064.0	2066.0
2067.0	2067.0
2067.0	2065.0
2065.0	2065.0
2065.0	2067.0
2072.0	2065.0
2064.0	2066.0
2066.0	2065.0
2068.0	2065.0
2064.0	2064.0
2067.0	2064.0
2062.0	2063.0
2067.0	2065.0
2065.0	2065.0
2066.0	2064.0
2065.0	2065.0
2065.0	2066.0
2067.0	2065.0
2065.0	2064.0
2064.0	2065.0
2066.0	2063.0
2065.0	2066.0
2064.0	2064.0
2065.0	2076.0
2068.0	2066.0
2066.0	2066.0
2066.0	2064.0
2066.0	2066.0
2067.0	2065.0
2067.0	2061.0
2066.0	2065.0
2067.0	2065.0
2068.0	2072.0
2064.0	2065.0
2066.0	2066.0
2068.0	2076.0
2066.0	2065.0
2067.0	2065.0
2065.0	2070.0
2065.0	2065.0
2068.0	2069.0
2068.0	2062.0
2065.0	2065.0
2064.0	2064.0
2062.0	2070.0
2065.0	2066.0
2066.0	2065.0
2065.0	2061.0
2065.0	2065.0
2067.0	2067.0
2063.0	2066.0
2063.0	2064.0
2064.0	2065.0
2064.0	2067.0
2065.0	2064.0
2066.0	2064.0
2065.0	2071.0
2066.0	2064.0
2065.0	2065.0
2065.0	2065.0
2066.0	2066.0
2092.0	2066.0
2065.0	2071.0
2065.0	2065.0
2066.0	2065.0
2064.0	2067.0
2066.0	2067.0
2066.0	2065.0
2064.0	2072.0
2065.0	2065.0
2064.0	2066.0
2067.0	2063.0
2065.0	2064.0
2065.0	2064.0
2065.0	2071.0
2067.0	2066.0
2067.0	2065.0
2066.0	2078.0
2065.0	2065.0
2064.0	2065.0
2071.0	2068.0
2064.0	2064.0
2065.0	2065.0
2066.0	2062.0
2066.0	2066.0
2066.0	2067.0
2067.0	2064.0
2066.0	2066.0
2066.0	2065.0
2067.0	2061.0
2066.0	2067.0
2065.0	2066.0
2067.0	2065.0
2066.0	2066.0
2064.0	2065.0
2067.0	2067.0
2066.0	2066.0
2065.0	2065.0
2066.0	2066.0
2066.0	2066.0
2064.0	2066.0
2064.0	2064.0
2066.0	2065.0
2064.0	2065.0
2072.0	2066.0
2066.0	2064.0
2067.0	2063.0
2073.0	2065.0
2065.0	2066.0
2067.0	2066.0
2065.0	2066.0
2063.0	2066.0
2067.0	2065.0
2068.0	2065.0
2067.0	2067.0
2064.0	2066.0
2071.0	2065.0
2065.0	2066.0
2066.0	2065.0
2064.0	2067.0
2066.0	2065.0
2066.0	2062.0
2064.0	2067.0
2065.0	2063.0
2065.0	2067.0
2063.0	2065.0
2066.0	2065.0
2068.0	2067.0
2064.0	2065.0
2066.0	2065.0
2066.0	2067.0
2067.0	2067.0
2066.0	2066.0
2066.0	2058.0
2066.0	2066.0
2065.0	2066.0
2065.0	2061.0
2065.0	2064.0
2067.0	2067.0
2067.0	2069.0
2067.0	2065.0
2064.0	2066.0
2067.0	2058.0
2065.0	2064.0
2065.0	2061.0
2065.0	2061.0
2064.0	2066.0
2066.0	2066.0
2064.0	2065.0
2064.0	2066.0
2066.0	2066.0
2066.0	2066.0
2065.0	2065.0
2066.0	2066.0
2064.0	2065.0
2064.0	2066.0
2064.0	2064.0
2064.0	2066.0
2068.0	2067.0
2066.0	2068.0
2065.0	2067.0
2063.0	2065.0
2065.0	2071.0
2066.0	2066.0
2065.0	2067.0
2065.0	2067.0
2065.0	2067.0
2066.0	2067.0
2069.0	2072.0
2066.0	2066.0
2065.0	2067.0
2067.0	2061.0
2066.0	2067.0
2066.0	2064.0
2067.0	2067.0
2065.0	2066.0
2067.0	2065.0
2071.0	2068.0
2062.0	2063.0
2067.0	2064.0
2064.0	2064.0
2065.0	2065.0
2065.0	2065.0
2065.0	2064.0
2064.0	2064.0
2066.0	2067.0
2065.0	2066.0
2065.0	2064.0
2066.0	2062.0
2060.0	2066.0
2067.0	2065.0
2061.0	2067.0
2066.0	2065.0
2064.0	2064.0
2073.0	2064.0
2066.0	2066.0
2068.0	2068.0
2076.0	2065.0
2064.0	2067.0
2066.0	2069.0
2064.0	2063.0
2067.0	2067.0
2065.0	2067.0
2064.0	2066.0
2068.0	2070.0
2067.0	2079.0
2066.0	2065.0
2064.0	2066.0
2066.0	2065.0
2065.0	2066.0
2066.0	2065.0
2069.0	2064.0
2066.0	2066.0
2067.0	2065.0
2064.0	2065.0
2064.0	2066.0
2065.0	2066.0
2063.0	2064.0
2066.0	2064.0
2066.0	2071.0
2066.0	2065.0
2065.0	2052.0
2063.0	2080.0
2065.0	2065.0
2066.0	2065.0
2066.0	2064.0
2068.0	2067.0
2066.0	2066.0
2064.0	2066.0
2065.0	2066.0
2064.0	2066.0
2065.0	2065.0
2067.0	2066.0
2064.0	2064.0
2065.0	2066.0
2066.0	2064.0
2069.0	2070.0
2066.0	2064.0
2065.0	2065.0
2067.0	2067.0
2065.0	2065.0
2066.0	2068.0
2065.0	2065.0
2065.0	2065.0
2065.0	2069.0
2064.0	2065.0
2068.0	2068.0
2066.0	2058.0
2064.0	2065.0
2065.0	2066.0
2064.0	2059.0
2065.0	2064.0
2064.0	2067.0
2067.0	2066.0
2066.0	2065.0
2065.0	2067.0
2063.0	2067.0
2068.0	2067.0
2066.0	2069.0
2067.0	2064.0
2068.0	2068.0
2067.0	2061.0
2065.0	2065.0
2066.0	2065.0
2066.0	2063.0
2066.0	2065.0
2064.0	2065.0
2069.0	2066.0
2068.0	2069.0
2066.0	2062.0
2063.0	2064.0
2066.0	2066.0
2065.0	2065.0
2065.0	2065.0
2065.0	2064.0
2064.0	2074.0
2064.0	2065.0
2066.0	2066.0
2067.0	2064.0
2065.0	2067.0
2065.0	2063.0
2077.0	2065.0
2065.0	2064.0
2066.0	2069.0
2064.0	2065.0
2066.0	2066.0
2064.0	2061.0
2066.0	2066.0
2067.0	2065.0
2066.0	2059.0
2066.0	2066.0
2065.0	2065.0
2075.0	2065.0
2067.0	2068.0
2066.0	2063.0
2065.0	2069.0
2064.0	2067.0
2066.0	2057.0
2066.0	2065.0
2066.0	2066.0
2065.0	2066.0
2065.0	2063.0
2067.0	2067.0
2066.0	2065.0
2066.0	2064.0
2066.0	2062.0
2064.0	2067.0
2065.0	2066.0
2065.0	2068.0
2066.0	2067.0
2065.0	2064.0
2065.0	2060.0
2065.0	2066.0
2066.0	2066.0
2068.0	2065.0
2067.0	2067.0
2067.0	2068.0
2066.0	2066.0
2066.0	2064.0
2065.0	2062.0
2065.0	2065.0
2066.0	2065.0
2067.0	2063.0
2065.0	2065.0
2063.0	2065.0
2061.0	2067.0
2066.0	2066.0
2067.0	2067.0
2067.0	2066.0
2064.0	2065.0
2069.0	2070.0
2060.0	2065.0
2066.0	2065.0
2072.0	2066.0
2068.0	2065.0
2067.0	2063.0
2064.0	2065.0
2065.0	2064.0
2066.0	2067.0
2065.0	2063.0
2067.0	2064.0
2065.0	2064.0
2066.0	2065.0
2066.0	2067.0
2064.0	2064.0
2066.0	2064.0
2066.0	2061.0
2065.0	2065.0
2065.0	2064.0
2067.0	2061.0
2065.0	2064.0
2065.0	2065.0
2061.0	2064.0
2065.0	2065.0
2066.0	2064.0
2066.0	2065.0
2066.0	2066.0
2066.0	2070.0
2065.0	2065.0
2066.0	2065.0
2070.0	2067.0
2065.0	2065.0
2067.0	2070.0
2064.0	2065.0
2066.0	2066.0
2065.0	2065.0
2065.0	2065.0
2067.0	2068.0
2067.0	2064.0
2065.0	2064.0
2064.0	2066.0
2063.0	2065.0
2066.0	2067.0
2068.0	2071.0
2064.0	2065.0
2066.0	2064.0
2065.0	2059.0
2067.0	2065.0
2065.0	2065.0
2058.0	2064.0
2066.0	2066.0
2064.0	2064.0
2065.0	2064.0
2065.0	2067.0
2064.0	2072.0
2067.0	2067.0
2067.0	2066.0
2065.0	2064.0
2066.0	2066.0
2065.0	2065.0
2065.0	2065.0
2064.0	2066.0
2066.0	2075.0
2065.0	2066.0
2065.0	2065.0
2066.0	2065.0
2066.0	2065.0
2064.0	2071.0
2066.0	2067.0
2066.0	2066.0
2067.0	2072.0
2063.0	2066.0
2066.0	2065.0
2068.0	2065.0
2067.0	2067.0
2069.0	2066.0
2065.0	2066.0
2068.0	2064.0
2068.0	2077.0
2065.0	2066.0
2067.0	2064.0
2060.0	2065.0
2066.0	2064.0
2065.0	2066.0
2065.0	2065.0
2066.0	2066.0
2066.0	2062.0
2065.0	2065.0
2067.0	2066.0
2063.0	2065.0
2066.0	2065.0
2066.0	2070.0
2065.0	2066.0
2066.0	2064.0
2065.0	2064.0
2065.0	2066.0
2068.0	2067.0
2063.0	2063.0
2066.0	2064.0
2065.0	2066.0
2065.0	2066.0
2065.0	2065.0
2066.0	2066.0
2063.0	2064.0
2067.0	2069.0
2063.0	2064.0
2065.0	2066.0
2066.0	2059.0
2066.0	2066.0
2066.0	2064.0
2065.0	2065.0
2063.0	2065.0
2064.0	2066.0
2065.0	2065.0
2065.0	2067.0
2066.0	2060.0
2065.0	2063.0
2066.0	2066.0
2070.0	2065.0
2065.0	2064.0
2064.0	2068.0
2068.0	2067.0
2068.0	2066.0
2067.0	2072.0
2065.0	2064.0
2067.0	2066.0
2068.0	2065.0
2065.0	2065.0
2066.0	2065.0
2063.0	2063.0
2067.0	2065.0
2068.0	2059.0
2065.0	2066.0
2064.0	2066.0
2066.0	2066.0
2067.0	2067.0
2066.0	2068.0
2066.0	2066.0
2067.0	2064.0
2069.0	2067.0
2065.0	2066.0
2065.0	2061.0
2067.0	2067.0
2065.0	2066.0
2065.0	2072.0
2066.0	2066.0
2065.0	2065.0
2069.0	2069.0
2065.0	2067.0
2067.0	2064.0
2066.0	2066.0
2065.0	2066.0
2068.0	2061.0
2065.0	2064.0
2064.0	2066.0
2061.0	2066.0
2066.0	2067.0
2067.0	2068.0
2065.0	2066.0
2065.0	2066.0
2068.0	2066.0
2066.0	2066.0
2065.0	2069.0
2065.0	2064.0
2065.0	2067.0
2064.0	2068.0
2065.0	2067.0
2068.0	2067.0
2064.0	2065.0
2066.0	2067.0
2066.0	2059.0
2063.0	2066.0
2064.0	2062.0
2062.0	2066.0
2066.0	2065.0
2065.0	2064.0
2065.0	2066.0
2065.0	2067.0
2063.0	2069.0
2064.0	2066.0
2065.0	2061.0
2062.0	2065.0
2065.0	2065.0
2066.0	2067.0
2066.0	2065.0
2066.0	2067.0
2064.0	2064.0
2067.0	2068.0
2067.0	2068.0
2065.0	2064.0
2064.0	2062.0
2067.0	2063.0
2066.0	2065.0
2066.0	2068.0
2065.0	2064.0
2065.0	2065.0
2069.0	2070.0
2065.0	2065.0
2066.0	2066.0
2063.0	2065.0
2065.0	2064.0
2065.0	2056.0
2065.0	2065.0
2066.0	2065.0
2068.0	2068.0
2065.0	2067.0
2066.0	2065.0
2065.0	2067.0
2068.0	2068.0
2062.0	2066.0
2065.0	2065.0
2067.0	2070.0
2066.0	2066.0
2066.0	2065.0
2064.0	2073.0
2066.0	2064.0
2066.0	2066.0
2065.0	2064.0
2066.0	2067.0
2063.0	2062.0
2066.0	2066.0
2065.0	2066.0
2063.0	2066.0
2065.0	2065.0
2065.0	2065.0
2065.0	2067.0
2066.0	2065.0
2060.0	2062.0
2066.0	2065.0
2067.0	2066.0
2065.0	2065.0
2067.0	2068.0
2069.0	2065.0
2067.0	2065.0
2067.0	2067.0
2065.0	2066.0
2066.0	2065.0
2068.0	2065.0
2066.0	2064.0
2066.0	2070.0
2066.0	2064.0
2066.0	2067.0
2067.0	2063.0
2064.0	2065.0
2065.0	2066.0
2066.0	2065.0
2067.0	2067.0
2064.0	2073.0
2066.0	2065.0
2067.0	2067.0
2065.0	2065.0
2067.0	2067.0
2066.0	2068.0
2067.0	2066.0
2066.0	2064.0
2067.0	2066.0
2067.0	2065.0
2064.0	2071.0
2066.0	2066.0
2067.0	2067.0
2063.0	2065.0
2065.0	2064.0
2067.0	2071.0
2066.0	2065.0
2065.0	2065.0
2065.0	2066.0
2066.0	2066.0
2065.0	2072.0
2065.0	2066.0
2066.0	2066.0
2064.0	2066.0
2067.0	2064.0
2065.0	2064.0
2066.0	2066.0
2065.0	2065.0
2063.0	2064.0
2066.0	2065.0
2066.0	2058.0
2067.0	2067.0
2067.0	2066.0
2069.0	2065.0
2066.0	2065.0
2066.0	2068.0
2065.0	2066.0
2065.0	2065.0
2065.0	2065.0
2067.0	2066.0
2064.0	2073.0
2066.0	2066.0
2066.0	2064.0
2064.0	2065.0
2066.0	2066.0
2069.0	2070.0
2065.0	2064.0
2064.0	2065.0
2065.0	2066.0
2065.0	2066.0
2068.0	2067.0
2066.0	2065.0
2066.0	2065.0
2064.0	2065.0
2065.0	2065.0
2067.0	2072.0
2066.0	2064.0
2065.0	2066.0
2063.0	2067.0
2064.0	2064.0
2066.0	2067.0
2065.0	2066.0
2064.0	2067.0
2065.0	2067.0
2066.0	2065.0
2065.0	2061.0
2060.0	2066.0
2066.0	2062.0
2064.0	2064.0
2064.0	2064.0
2066.0	2063.0
2065.0	2067.0
2067.0	2067.0
2064.0	2065.0
2066.0	2066.0
2066.0	2063.0
2065.0	2066.0
2066.0	2063.0
2065.0	2063.0
2066.0	2065.0
2066.0	2065.0
2067.0	2067.0
2065.0	2066.0
2068.0	2068.0
2065.0	2066.0
2065.0	2064.0
2063.0	2065.0
2066.0	2066.0
2064.0	2066.0
2066.0	2066.0
2066.0	2065.0
2065.0	2067.0
2066.0	2067.0
2066.0	2067.0
2067.0	2068.0
2063.0	2065.0
2064.0	2066.0
2065.0	2060.0
2066.0	2065.0
2064.0	2068.0
2068.0	2068.0
2065.0	2065.0
2067.0	2061.0
2065.0	2065.0
2066.0	2067.0
2065.0	2066.0
2066.0	2063.0
2063.0	2068.0
2066.0	2065.0
2067.0	2067.0
2066.0	2066.0
2065.0	2064.0
2071.0	2065.0
2065.0	2064.0
2066.0	2066.0
2065.0	2067.0
2066.0	2066.0
2066.0	2063.0
2066.0	2064.0
2065.0	2071.0
2066.0	2065.0
2066.0	2065.0
2064.0	2066.0
2066.0	2065.0
2065.0	2070.0
2066.0	2065.0
2066.0	2067.0
2067.0	2064.0
2067.0	2068.0
2067.0	2063.0
2069.0	2067.0
2065.0	2068.0
2066.0	2065.0
2064.0	2065.0
2067.0	2064.0
2065.0	2067.0
2066.0	2068.0
2064.0	2065.0
2066.0	2066.0
2073.0	2065.0
2066.0	2067.0
2065.0	2063.0
2066.0	2065.0
2066.0	2065.0
2066.0	2065.0
2068.0	2066.0
2066.0	2064.0
2064.0	2066.0
2066.0	2064.0
2065.0	2066.0
2067.0	2065.0
2071.0	2066.0
2066.0	2066.0
2063.0	2066.0
2066.0	2065.0
2066.0	2067.0
2065.0	2065.0
2066.0	2066.0
2066.0	2070.0
2066.0	2066.0
2065.0	2063.0
2065.0	2065.0
2067.0	2065.0
2066.0	2062.0
2068.0	2067.0
2066.0	2066.0
2065.0	2065.0
2066.0	2065.0
2070.0	2065.0
2066.0	2066.0
2066.0	2065.0
2067.0	2065.0
2066.0	2064.0
2064.0	2065.0
2064.0	2063.0
2068.0	2070.0
2066.0	2066.0
2068.0	2067.0
2065.0	2065.0
2066.0	2066.0
2059.0	2066.0
2064.0	2065.0
2065.0	2070.0
2065.0	2066.0
2067.0	2067.0
2067.0	2065.0
2064.0	2065.0
2065.0	2071.0
2084.0	2066.0
2066.0	2064.0
2067.0	2064.0
2067.0	2066.0
2067.0	2065.0
2066.0	2064.0
2064.0	2070.0
2066.0	2064.0
2064.0	2067.0
2065.0	2065.0
2064.0	2064.0
2066.0	2068.0
2065.0	2064.0
2067.0	2042.0
2067.0	2067.0
2066.0	2065.0
2068.0	2064.0
2065.0	2066.0
2064.0	2065.0
2067.0	2065.0
2065.0	2065.0
2069.0	2066.0
2069.0	2068.0
2068.0	2060.0
2067.0	2068.0
2067.0	2066.0
2064.0	2066.0
2064.0	2066.0
2065.0	2063.0
2066.0	2064.0
2066.0	2067.0
2066.0	2066.0
2065.0	2065.0
2076.0	2065.0
2065.0	2067.0
2066.0	2060.0
2066.0	2067.0
2065.0	2067.0
2066.0	2067.0
2066.0	2068.0
2064.0	2065.0
2064.0	2066.0
2065.0	2068.0
2065.0	2065.0
2066.0	2066.0
2064.0	2065.0
2065.0	2066.0
2068.0	2068.0
2068.0	2064.0
2064.0	2064.0
2065.0	2066.0
2065.0	2066.0
2070.0	2065.0
2064.0	2066.0
2065.0	2064.0
2066.0	2065.0
2065.0	2067.0
2064.0	2066.0
2065.0	2066.0
2066.0	2064.0
2066.0	2066.0
2067.0	2066.0
2064.0	2067.0
2067.0	2066.0
2067.0	2063.0
2065.0	2066.0
2066.0	2070.0
2066.0	2067.0
2066.0	2065.0
2063.0	2065.0
2065.0	2064.0
2069.0	2066.0
2067.0	2066.0
2066.0	2067.0
2064.0	2061.0
2066.0	2065.0
2066.0	2065.0
2065.0	2064.0
2067.0	2062.0
2066.0	2066.0
2065.0	2063.0
2064.0	2066.0
2066.0	2065.0
2069.0	2066.0
2065.0	2065.0
2068.0	2074.0
2065.0	2064.0
2065.0	2066.0
2066.0	2065.0
2065.0	2065.0
2067.0	2063.0
2065.0	2065.0
2064.0	2067.0
2066.0	2065.0
2065.0	2066.0
2061.0	2062.0
2066.0	2064.0
2064.0	2066.0
2066.0	2065.0
2066.0	2067.0
2065.0	2065.0
2066.0	2068.0
2067.0	2064.0
2065.0	2064.0
2065.0	2069.0
2066.0	2064.0
2065.0	2063.0
2067.0	2067.0
2067.0	2065.0
2068.0	2066.0
2067.0	2065.0
2065.0	2067.0
2064.0	2066.0
2068.0	2067.0
2065.0	2065.0
2065.0	2068.0
2066.0	2064.0
2065.0	2064.0
2064.0	2070.0
2063.0	2065.0
2065.0	2065.0
2066.0	2065.0
2065.0	2065.0
2066.0	2062.0
2065.0	2067.0
2065.0	2069.0
2066.0	2065.0
2066.0	2065.0
2062.0	2064.0
2064.0	2066.0
2067.0	2058.0
2065.0	2067.0
2067.0	2067.0
2068.0	2067.0
2067.0	2067.0
2063.0	2063.0
2066.0	2066.0
2065.0	2070.0
2064.0	2066.0
2066.0	2067.0
2064.0	2066.0
2066.0	2066.0
2069.0	2068.0
2070.0	2069.0
2064.0	2063.0
2065.0	2065.0
2065.0	2062.0
2064.0	2065.0
2065.0	2066.0
2067.0	2065.0
2067.0	2065.0
2068.0	2073.0
2065.0	2064.0
2065.0	2064.0
2064.0	2064.0
2065.0	2065.0
2067.0	2064.0
2066.0	2068.0
2067.0	2073.0
2065.0	2065.0
2065.0	2064.0
2065.0	2066.0
2068.0	2067.0
2066.0	2065.0
2065.0	2066.0
2069.0	2070.0
2065.0	2065.0
2063.0	2064.0
2066.0	2065.0
2066.0	2066.0
2079.0	2066.0
2067.0	2067.0
2065.0	2062.0
2067.0	2066.0
2067.0	2069.0
2065.0	2067.0
2066.0	2067.0
2068.0	2065.0
2068.0	2067.0
2070.0	2071.0
2063.0	2063.0
2065.0	2067.0
2066.0	2066.0
2069.0	2067.0
2063.0	2065.0
2066.0	2065.0
2067.0	2064.0
2064.0	2065.0
2066.0	2063.0
2064.0	2066.0
2065.0	2066.0
2065.0	2065.0
2065.0	2065.0
2068.0	2066.0
2068.0	2068.0
2066.0	2066.0
2065.0	2064.0
2066.0	2066.0
2065.0	2065.0
2065.0	2065.0
2075.0	2065.0
2065.0	2065.0
2066.0	2084.0
2068.0	2068.0
2065.0	2062.0
2065.0	2065.0
2066.0	2066.0
2062.0	2066.0
2064.0	2064.0
2062.0	2075.0
2066.0	2064.0
2065.0	2064.0
2065.0	2065.0
2065.0	2065.0
2065.0	2066.0
2066.0	2065.0
2067.0	2064.0
2065.0	2065.0
2066.0	2068.0
2067.0	2067.0
2066.0	2066.0
2064.0	2067.0
2064.0	2065.0
2071.0	2066.0
2064.0	2066.0
2067.0	2068.0
2065.0	2065.0
2067.0	2063.0
2066.0	2068.0
2065.0	2066.0
2061.0	2063.0
2065.0	2065.0
2066.0	2064.0
2065.0	2065.0
2065.0	2058.0
2064.0	2065.0
2065.0	2066.0
2066.0	2066.0
2065.0	2065.0
2068.0	2067.0
2065.0	2062.0
2065.0	2061.0
2064.0	2066.0
2066.0	2066.0
2064.0	2066.0
2066.0	2064.0
2063.0	2065.0
2067.0	2065.0
2066.0	2064.0
2065.0	2064.0
2066.0	2066.0
2064.0	2064.0
2066.0	2064.0
2067.0	2066.0
2067.0	2066.0
2073.0	2068.0
2068.0	2065.0
2068.0	2069.0
2065.0	2067.0
2067.0	2068.0
2066.0	2065.0
2067.0	2066.0
2066.0	2068.0
2066.0	2064.0
2064.0	2064.0
2065.0	2068.0
2065.0	2071.0
2065.0	2066.0
2072.0	2064.0
2067.0	2063.0
2064.0	2066.0
2063.0	2067.0
2066.0	2065.0
2066.0	2064.0
2067.0	2068.0
2065.0	2072.0
2065.0	2065.0
2067.0	2065.0
2066.0	2066.0
2066.0	2066.0
2065.0	2065.0
2068.0	2064.0
2070.0	2068.0
2067.0	2066.0
2065.0	2070.0
2065.0	2065.0
2066.0	2067.0
2066.0	2065.0
2067.0	2066.0
2065.0	2065.0
2064.0	2065.0
2073.0	2065.0
2065.0	2067.0
2069.0	2071.0
2065.0	2064.0
2067.0	2066.0
2065.0	2066.0
2065.0	2064.0
2065.0	2065.0
2066.0	2065.0
2065.0	2064.0
2067.0	2068.0
2066.0	2063.0
2065.0	2066.0
2065.0	2065.0
2067.0	2065.0
2065.0	2064.0
2067.0	2066.0
2068.0	2068.0
2065.0	2066.0
2066.0	2068.0
2068.0	2065.0
2066.0	2067.0
2066.0	2065.0
2068.0	2067.0
2065.0	2069.0
2065.0	2065.0
2065.0	2066.0
2063.0	2064.0
2066.0	2066.0
2067.0	2065.0
2066.0	2064.0
2065.0	2061.0
2066.0	2066.0
2066.0	2069.0
2064.0	2066.0
2064.0	2067.0
2065.0	2064.0
2067.0	2067.0
2063.0	2065.0
2066.0	2065.0
2067.0	2080.0
2068.0	2067.0
2066.0	2063.0
2064.0	2066.0
