1989.0	2002.0	356.0	2043.0	2055.26953125	1965.6298828125
1987.0	2001.0	355.0	2044.0	2058.55517578125	1969.90283203125
1988.0	2000.0	355.0	2043.0	2054.337890625	1970.8294677734375
1990.0	2000.0	357.0	2044.0	2049.049560546875	1974.223876953125
1989.0	2002.0	356.0	2044.0	2051.656494140625	1967.39453125
1987.0	1992.0	357.0	2044.0	2047.1982421875	2000.154541015625
1988.0	1988.0	356.0	2043.0	2046.267333984375	2010.1168212890625
1990.0	1988.0	355.0	2046.0	2040.9146728515625	2006.7310791015625
1994.0	1988.0	354.0	2043.0	2040.356689453125	2006.6446533203125
1989.0	1986.0	356.0	2044.0	2038.178466796875	2005.1488037109375
1978.0	1988.0	358.0	2045.0	2054.1201171875	1998.4544677734375
1976.0	1988.0	358.0	2044.0	2083.480224609375	1996.125244140625
1978.0	1988.0	357.0	2041.0	2079.15478515625	1994.3681640625
1982.0	1986.0	355.0	2043.0	2066.403564453125	1999.914794921875
1978.0	1987.0	356.0	2045.0	2071.019775390625	1994.0404052734375
1979.0	1991.0	355.0	2043.0	2062.91455078125	1984.7862548828125
1977.0	1987.0	357.0	2042.0	2065.30859375	1991.168212890625
1978.0	1991.0	356.0	2045.0	2062.086669921875	1985.9873046875
1981.0	1976.0	357.0	2045.0	2056.21728515625	2002.0115966796875
1980.0	1974.0	355.0	2045.0	2054.115966796875	2026.5816650390625
1978.0	1990.0	357.0	2045.0	2055.71435546875	2017.500732421875
1977.0	1975.0	357.0	2045.0	2057.61865234375	2014.603515625
1978.0	1975.0	358.0	2045.0	2050.0107421875	2013.7364501953125
1968.0	1976.0	356.0	2043.0	2054.3212890625	2007.129150390625
1968.0	1973.0	355.0	2043.0	2084.375732421875	2014.920654296875
1968.0	1981.0	357.0	2042.0	2088.0380859375	2006.1756591796875
1968.0	1976.0	357.0	2045.0	2083.502685546875	1999.3619384765625
1968.0	1975.0	355.0	2043.0	2077.93896484375	2000.7059326171875
1967.0	1974.0	357.0	2044.0	2081.06689453125	2002.0704345703125
1969.0	1974.0	356.0	2045.0	2069.9130859375	2000.2769775390625
1972.0	1960.0	354.0	2046.0	2058.19921875	2008.4306640625
1969.0	1962.0	356.0	2044.0	2062.372802734375	2033.0006103515625
1968.0	1963.0	357.0	2044.0	2062.302978515625	2026.554931640625
1968.0	1962.0	357.0	2043.0	2062.668701171875	2025.8006591796875
1969.0	1962.0	358.0	2043.0	2055.91162109375	2021.9276123046875
1969.0	1969.0	358.0	2044.0	2053.891357421875	2022.482666015625
1968.0	1962.0	357.0	2044.0	2051.651123046875	2014.9573974609375
1960.0	1962.0	357.0	2045.0	2077.107421875	2012.16748046875
1958.0	1961.0	355.0	2042.0	2097.35986328125	2010.0716552734375
1960.0	1963.0	356.0	2045.0	2083.16552734375	2003.3187255859375
1960.0	1962.0	356.0	2043.0	2079.139404296875	2002.0362548828125
1958.0	1963.0	357.0	2044.0	2085.347412109375	1999.3651123046875
1958.0	1962.0	357.0	2041.0	2081.804931640625	2001.27294921875
1960.0	1963.0	357.0	2045.0	2068.935302734375	1995.9683837890625
1959.0	1962.0	358.0	2045.0	2070.552490234375	1998.251220703125
1957.0	1960.0	355.0	2045.0	2069.337890625	2004.5135498046875
1958.0	1965.0	355.0	2043.0	2067.10693359375	1984.859619140625
1950.0	1962.0	357.0	2044.0	2087.1806640625	1997.7945556640625
1948.0	1962.0	356.0	2045.0	2110.142578125	1993.80810546875
1949.0	1963.0	355.0	2043.0	2100.194091796875	1989.6429443359375
1963.0	1963.0	357.0	2046.0	2088.197998046875	1992.661865234375
1948.0	1962.0	358.0	2043.0	2095.7587890625	1991.9677734375
1948.0	1970.0	357.0	2045.0	2091.662109375	1990.84619140625
1949.0	1963.0	357.0	2042.0	2080.541015625	1990.0736083984375
1949.0	1967.0	356.0	2045.0	2077.740478515625	1982.33740234375
1947.0	1961.0	358.0	2044.0	2086.457275390625	1993.085205078125
1949.0	1964.0	357.0	2043.0	2074.871337890625	1985.58544921875
1941.0	1959.0	358.0	2045.0	2090.76611328125	1988.9283447265625
1940.0	1962.0	355.0	2044.0	2105.747314453125	1988.4892578125
1939.0	1963.0	358.0	2043.0	2105.302978515625	1984.5966796875
1941.0	1961.0	355.0	2045.0	2093.567138671875	1991.4503173828125
1939.0	1961.0	357.0	2044.0	2096.519287109375	1991.222412109375
1940.0	1962.0	358.0	2045.0	2090.2353515625	1990.8685302734375
1940.0	1962.0	356.0	2044.0	2088.396484375	1987.3404541015625
1939.0	1962.0	357.0	2044.0	2088.476318359375	1987.06640625
1939.0	1962.0	357.0	2045.0	2079.30712890625	1987.1060791015625
1939.0	1964.0	356.0	2045.0	2082.49853515625	1979.7015380859375
1930.0	1962.0	357.0	2045.0	2103.233642578125	1987.1390380859375
1931.0	1961.0	357.0	2045.0	2112.37353515625	1990.0914306640625
1930.0	1957.0	358.0	2045.0	2110.307861328125	1990.3663330078125
1931.0	1964.0	357.0	2045.0	2111.965576171875	1985.82177734375
1929.0	1963.0	354.0	2043.0	2099.6240234375	1982.7822265625
1933.0	1960.0	356.0	2046.0	2097.58984375	1993.4547119140625
1930.0	1965.0	356.0	2045.0	2092.9306640625	1982.001220703125
1929.0	1978.0	358.0	2044.0	2094.237060546875	1986.0205078125
1929.0	1963.0	357.0	2041.0	2090.644775390625	1982.504150390625
1930.0	1958.0	358.0	2045.0	2083.620849609375	1993.7684326171875
1928.0	1963.0	358.0	2045.0	2086.414794921875	1985.45556640625
1929.0	1963.0	357.0	2045.0	2083.5263671875	1982.3427734375
1933.0	1967.0	358.0	2045.0	2068.4580078125	1974.7215576171875
1931.0	1961.0	354.0	2044.0	2070.703857421875	1982.3759765625
1930.0	1961.0	357.0	2045.0	2073.141845703125	1987.2908935546875
1929.0	1965.0	357.0	2045.0	2071.961181640625	1975.88427734375
1930.0	1962.0	357.0	2044.0	2070.67138671875	1986.6741943359375
1931.0	1962.0	356.0	2042.0	2064.6416015625	1986.5389404296875
1930.0	1973.0	356.0	2045.0	2068.50048828125	1954.7457275390625
1930.0	1980.0	357.0	2045.0	2067.566162109375	1941.595947265625
1932.0	1975.0	355.0	2043.0	2062.85009765625	1949.3267822265625
1929.0	1975.0	355.0	2046.0	2070.058349609375	1952.4593505859375
1932.0	1974.0	355.0	2044.0	2062.059326171875	1950.6376953125
1931.0	1974.0	356.0	2044.0	2059.8818359375	1961.770751953125
1929.0	1989.0	356.0	2045.0	2068.245361328125	1947.8187255859375
1929.0	1975.0	355.0	2043.0	2062.92724609375	1959.475830078125
1932.0	1974.0	358.0	2045.0	2063.26318359375	1968.14892578125
1931.0	1974.0	355.0	2043.0	2057.871826171875	1969.8331298828125
1929.0	1978.0	357.0	2042.0	2067.260498046875	1960.3746337890625
1928.0	1974.0	356.0	2045.0	2054.720703125	1972.931884765625
1929.0	1975.0	357.0	2045.0	2060.8623046875	1970.767822265625
1929.0	1974.0	356.0	2045.0	2065.646484375	1972.7601318359375
1930.0	1976.0	357.0	2044.0	2056.416259765625	1969.3143310546875
1930.0	1977.0	356.0	2043.0	2060.970703125	1970.113525390625
1929.0	1977.0	357.0	2043.0	2060.808837890625	1970.79541015625
1931.0	1975.0	355.0	2043.0	2055.700927734375	1975.923583984375
1932.0	1975.0	356.0	2045.0	2056.32080078125	1976.541015625
1928.0	1975.0	357.0	2045.0	2070.033203125	1976.966064453125
1929.0	1976.0	355.0	2044.0	2065.22509765625	1974.2615966796875
1932.0	1975.0	357.0	2040.0	2051.85888671875	1978.5089111328125
1930.0	1975.0	356.0	2042.0	2055.852294921875	1978.861328125
1929.0	1978.0	356.0	2044.0	2060.83154296875	1971.4622802734375
1930.0	1974.0	357.0	2042.0	2059.004150390625	1983.224609375
1930.0	1975.0	354.0	2042.0	2059.9384765625	1979.76171875
1928.0	1976.0	355.0	2045.0	2059.869384765625	1976.533203125
1933.0	1977.0	358.0	2045.0	2052.033935546875	1979.311279296875
1930.0	1975.0	357.0	2043.0	2060.363525390625	1980.9273681640625
1930.0	1975.0	357.0	2045.0	2060.224365234375	1980.9923095703125
1929.0	1976.0	356.0	2044.0	2064.321044921875	1977.74169921875
1929.0	1976.0	357.0	2046.0	2064.989990234375	1982.4638671875
1932.0	1975.0	358.0	2045.0	2050.22509765625	1981.597900390625
1939.0	1975.0	355.0	2043.0	2051.90478515625	1981.8671875
1922.0	1975.0	357.0	2044.0	2092.854736328125	1981.6319580078125
1922.0	1959.0	357.0	2044.0	2094.634521484375	2006.7388916015625
1920.0	1963.0	355.0	2043.0	2094.94873046875	2018.04443359375
1920.0	1962.0	357.0	2044.0	2088.135009765625	2018.37451171875
1920.0	1963.0	355.0	2044.0	2090.23974609375	2012.26611328125
1920.0	1962.0	358.0	2045.0	2090.0751953125	2013.2049560546875
1922.0	1963.0	357.0	2045.0	2079.748291015625	2019.056884765625
1920.0	1963.0	357.0	2044.0	2087.528076171875	2004.7440185546875
1923.0	1969.0	358.0	2044.0	2071.966552734375	2006.0069580078125
1920.0	1964.0	358.0	2044.0	2079.73291015625	1997.4547119140625
1920.0	1962.0	357.0	2042.0	2079.662841796875	2002.8245849609375
1917.0	1963.0	358.0	2046.0	2077.61083984375	1997.5452880859375
1921.0	1961.0	357.0	2042.0	2074.527099609375	1999.99072265625
1924.0	1961.0	356.0	2045.0	2069.6416015625	1991.95751953125
1920.0	1962.0	354.0	2043.0	2077.08544921875	1997.3140869140625
1920.0	1961.0	357.0	2045.0	2071.409423828125	1993.0989990234375
1920.0	1962.0	355.0	2043.0	2076.329345703125	1995.3966064453125
1921.0	1951.0	356.0	2045.0	2070.77294921875	2007.0587158203125
1918.0	1949.0	357.0	2044.0	2075.083984375	2035.3193359375
1920.0	1952.0	357.0	2045.0	2074.360595703125	2029.1202392578125
1921.0	1961.0	356.0	2043.0	2068.933349609375	2020.4093017578125
1911.0	1950.0	357.0	2045.0	2101.568359375	2024.2978515625
1910.0	1948.0	355.0	2044.0	2114.23779296875	2018.5438232421875
1910.0	1949.0	358.0	2045.0	2110.36474609375	2018.645751953125
1911.0	1951.0	357.0	2045.0	2102.489990234375	2008.8338623046875
1901.0	1948.0	357.0	2043.0	2117.26416015625	2010.540771484375
1901.0	1949.0	356.0	2044.0	2139.97998046875	2011.735107421875
1901.0	1946.0	358.0	2045.0	2134.051513671875	2017.69189453125
1903.0	1951.0	358.0	2045.0	2126.400390625	2001.0069580078125
1901.0	1949.0	357.0	2044.0	2123.75927734375	2006.53271484375
1912.0	1948.0	356.0	2044.0	2106.048828125	1990.887939453125
1901.0	1938.0	358.0	2045.0	2111.51220703125	2030.2308349609375
1901.0	1942.0	356.0	2043.0	2111.96337890625	2038.167236328125
1901.0	1938.0	356.0	2045.0	2108.490966796875	2033.6922607421875
1901.0	1938.0	357.0	2042.0	2105.7314453125	2028.1116943359375
1891.0	1936.0	357.0	2045.0	2120.393310546875	2029.546875
1893.0	1937.0	357.0	2042.0	2136.773193359375	2024.89111328125
1892.0	1936.0	358.0	2044.0	2130.918212890625	2025.571044921875
1890.0	1936.0	357.0	2045.0	2135.268798828125	2016.3818359375
1892.0	1943.0	355.0	2043.0	2123.162109375	2020.178955078125
1891.0	1935.0	356.0	2043.0	2119.494384765625	2021.9315185546875
1892.0	1933.0	358.0	2045.0	2114.72705078125	2020.7401123046875
1890.0	1938.0	357.0	2045.0	2116.57470703125	2007.54736328125
1891.0	1937.0	357.0	2045.0	2109.585693359375	2009.8804931640625
1891.0	1936.0	358.0	2045.0	2109.6064453125	2005.1292724609375
1891.0	1936.0	357.0	2043.0	2104.07080078125	2010.7073974609375
1890.0	1937.0	357.0	2044.0	2105.0166015625	2005.953125
1893.0	1938.0	357.0	2044.0	2102.796875	2001.5218505859375
1893.0	1937.0	356.0	2043.0	2092.69580078125	2003.7984619140625
1891.0	1936.0	357.0	2045.0	2098.75439453125	2006.221435546875
1892.0	1936.0	356.0	2044.0	2092.38818359375	2005.439208984375
1892.0	1950.0	357.0	2042.0	2090.94140625	1972.6793212890625
1890.0	1950.0	357.0	2045.0	2093.7412109375	1959.44873046875
1892.0	1944.0	355.0	2044.0	2088.74267578125	1965.998779296875
1891.0	1950.0	357.0	2043.0	2084.49462890625	1966.232177734375
1892.0	1948.0	357.0	2045.0	2086.6689453125	1968.5760498046875
1895.0	1948.0	357.0	2045.0	2073.837158203125	1977.64990234375
1893.0	1951.0	357.0	2043.0	2086.253662109375	1968.8282470703125
1891.0	1949.0	356.0	2044.0	2084.564453125	1974.4619140625
1891.0	1949.0	358.0	2042.0	2087.911865234375	1979.26513671875
1891.0	1956.0	356.0	2044.0	2088.18603515625	1965.787353515625
1894.0	1950.0	356.0	2045.0	2078.9677734375	1978.46826171875
1892.0	1952.0	355.0	2044.0	2082.686767578125	1972.6353759765625
1898.0	1949.0	356.0	2046.0	2078.44287109375	1984.4588623046875
1891.0	1948.0	356.0	2045.0	2086.708984375	1989.20703125
1893.0	1944.0	357.0	2044.0	2076.426513671875	1986.4329833984375
1893.0	1963.0	357.0	2047.0	2076.900146484375	1978.63525390625
1891.0	1960.0	356.0	2044.0	2084.73486328125	1945.875244140625
1890.0	1962.0	357.0	2045.0	2085.58642578125	1949.9375
1892.0	1963.0	357.0	2045.0	2080.64453125	1950.109375
1889.0	1962.0	357.0	2042.0	2084.58203125	1952.07568359375
1901.0	1962.0	357.0	2043.0	2060.0126953125	1953.713623046875
1901.0	1964.0	356.0	2043.0	2040.4365234375	1958.557861328125
1901.0	1962.0	355.0	2045.0	2045.1854248046875	1965.779296875
1901.0	1962.0	357.0	2045.0	2047.468017578125	1967.9327392578125
1901.0	1963.0	357.0	2045.0	2045.8990478515625	1968.6844482421875
1904.0	1963.0	357.0	2045.0	2041.09423828125	1971.2291259765625
1902.0	1961.0	357.0	2043.0	2052.118896484375	1973.50830078125
1902.0	1964.0	357.0	2043.0	2054.527099609375	1971.3466796875
1901.0	1963.0	357.0	2043.0	2056.7958984375	1973.409423828125
1900.0	1961.0	356.0	2044.0	2062.146484375	1981.795166015625
1902.0	1961.0	357.0	2044.0	2059.701904296875	1979.78271484375
1899.0	1961.0	357.0	2044.0	2056.720947265625	1983.82666015625
1910.0	1964.0	357.0	2045.0	2048.531005859375	1974.237060546875
1911.0	1961.0	356.0	2044.0	2024.2998046875	1985.7703857421875
1911.0	1961.0	357.0	2042.0	2030.3544921875	1986.4813232421875
1911.0	1965.0	356.0	2045.0	2033.632568359375	1972.7191162109375
1913.0	1963.0	356.0	2043.0	2033.5755615234375	1983.412109375
1921.0	1962.0	357.0	2043.0	1997.0736083984375	1981.6314697265625
1926.0	1964.0	356.0	2044.0	1999.5078125	1978.2076416015625
1921.0	1963.0	356.0	2044.0	2010.6812744140625	1978.998779296875
1920.0	1960.0	357.0	2045.0	2020.180419921875	1982.945556640625
1921.0	1962.0	358.0	2045.0	2022.1512451171875	1986.56640625
1920.0	1964.0	356.0	2045.0	2027.6768798828125	1979.779052734375
1921.0	1961.0	358.0	2045.0	2030.55078125	1990.7305908203125
1922.0	1962.0	357.0	2044.0	2028.99951171875	1987.3406982421875
1933.0	1962.0	357.0	2045.0	2030.046630859375	1987.703857421875
1920.0	1950.0	357.0	2045.0	2040.9713134765625	2016.9063720703125
1920.0	1956.0	357.0	2044.0	2043.6744384765625	2024.5472412109375
1920.0	1950.0	358.0	2045.0	2050.57080078125	2022.0439453125
1923.0	1950.0	357.0	2042.0	2045.3590087890625	2019.5272216796875
1922.0	1948.0	355.0	2044.0	2051.236083984375	2021.39404296875
1920.0	1949.0	355.0	2045.0	2057.74853515625	2018.37646484375
1919.0	1949.0	357.0	2044.0	2055.210205078125	2019.4642333984375
1921.0	1949.0	358.0	2044.0	2056.880859375	2011.495849609375
1921.0	1947.0	357.0	2044.0	2057.678466796875	2020.018310546875
1920.0	1951.0	357.0	2045.0	2059.83935546875	2004.1824951171875
1921.0	1949.0	356.0	2044.0	2060.6015625	2009.9730224609375
1921.0	1950.0	355.0	2043.0	2061.794677734375	2006.0673828125
1911.0	1951.0	357.0	2045.0	2094.748779296875	2003.076416015625
1925.0	1948.0	357.0	2045.0	2102.576171875	2009.5740966796875
1904.0	1936.0	357.0	2042.0	2120.24560546875	2021.4818115234375
1901.0	1936.0	358.0	2044.0	2136.62548828125	2043.076416015625
1901.0	1938.0	357.0	2045.0	2133.381103515625	2034.5206298828125
1901.0	1940.0	356.0	2045.0	2129.43505859375	2030.2080078125
1903.0	1938.0	355.0	2043.0	2119.240966796875	2027.153564453125
1901.0	1938.0	357.0	2043.0	2124.915771484375	2024.1417236328125
1900.0	1937.0	356.0	2043.0	2118.12841796875	2025.213134765625
1893.0	1938.0	357.0	2045.0	2143.951171875	2018.8824462890625
1891.0	1938.0	355.0	2045.0	2156.954345703125	2016.66650390625
1892.0	1936.0	356.0	2045.0	2148.234375	2021.7667236328125
1893.0	1936.0	356.0	2044.0	2134.71435546875	2020.3475341796875
1891.0	1939.0	355.0	2043.0	2139.37548828125	2014.0306396484375
1894.0	1937.0	357.0	2045.0	2123.6748046875	2013.06689453125
1890.0	1939.0	356.0	2044.0	2135.050537109375	2014.23876953125
1891.0	1936.0	355.0	2044.0	2126.1884765625	2013.532958984375
1891.0	1935.0	356.0	2045.0	2122.672119140625	2016.135986328125
1891.0	1937.0	356.0	2044.0	2119.3486328125	2007.5089111328125
1884.0	1952.0	354.0	2043.0	2142.71728515625	1998.5126953125
1882.0	1935.0	357.0	2043.0	2151.993408203125	2010.835693359375
1885.0	1937.0	358.0	2044.0	2134.016845703125	2005.301513671875
1881.0	1950.0	357.0	2042.0	2137.25634765625	1988.4210205078125
1882.0	1949.0	358.0	2045.0	2136.791748046875	1963.8509521484375
1886.0	1950.0	355.0	2043.0	2120.446533203125	1965.8126220703125
1882.0	1949.0	357.0	2042.0	2128.86279296875	1972.064697265625
1884.0	1943.0	355.0	2042.0	2115.60693359375	1973.89501953125
1882.0	1950.0	355.0	2043.0	2121.877197265625	1972.8104248046875
1882.0	1948.0	357.0	2045.0	2120.11669921875	1978.2359619140625
1883.0	1950.0	356.0	2045.0	2112.57666015625	1976.54541015625
1882.0	1950.0	357.0	2043.0	2115.044677734375	1978.3089599609375
1885.0	1950.0	357.0	2044.0	2101.46484375	1986.4503173828125
1882.0	1948.0	354.0	2045.0	2111.4521484375	1988.4722900390625
1884.0	1950.0	356.0	2045.0	2100.088623046875	1982.81005859375
1883.0	1949.0	357.0	2045.0	2103.305419921875	1987.5086669921875
1883.0	1945.0	357.0	2045.0	2102.046142578125	1987.9364013671875
1881.0	1952.0	356.0	2044.0	2100.635986328125	1984.7027587890625
1882.0	1963.0	358.0	2042.0	2101.15625	1969.255126953125
1880.0	1962.0	357.0	2044.0	2103.146728515625	1949.6400146484375
1882.0	1961.0	355.0	2043.0	2097.481201171875	1952.765869140625
1883.0	1962.0	356.0	2045.0	2096.713623046875	1952.135009765625
1882.0	1962.0	357.0	2045.0	2095.45263671875	1960.4697265625
1882.0	1967.0	356.0	2044.0	2096.35888671875	1954.7596435546875
1882.0	1963.0	357.0	2045.0	2099.092041015625	1962.33251953125
1883.0	1966.0	357.0	2045.0	2094.449951171875	1957.4373779296875
1885.0	1961.0	357.0	2045.0	2090.197509765625	1974.4864501953125
1881.0	1964.0	357.0	2045.0	2097.70654296875	1965.837646484375
1880.0	1962.0	357.0	2045.0	2093.30419921875	1974.997802734375
1882.0	1962.0	357.0	2045.0	2092.1376953125	1972.7314453125
1883.0	1962.0	357.0	2045.0	2092.710205078125	1978.193603515625
1885.0	1962.0	358.0	2045.0	2089.53369140625	1979.79296875
1882.0	1962.0	356.0	2042.0	2092.71875	1981.08984375
1882.0	1963.0	355.0	2043.0	2092.525146484375	1978.5423583984375
1883.0	1963.0	355.0	2043.0	2092.59814453125	1979.571533203125
1904.0	1965.0	357.0	2045.0	2059.838134765625	1976.1536865234375
1891.0	1963.0	357.0	2044.0	2054.05224609375	1981.5584716796875
1890.0	1961.0	357.0	2045.0	2057.429931640625	1989.6513671875
1892.0	1962.0	356.0	2045.0	2063.90576171875	1986.892822265625
1891.0	1962.0	356.0	2043.0	2067.08740234375	1987.52001953125
1894.0	1963.0	356.0	2042.0	2065.56787109375	1984.1953125
1892.0	1961.0	357.0	2043.0	2067.660888671875	1988.21484375
1890.0	1960.0	356.0	2043.0	2069.302734375	1995.9537353515625
1892.0	1961.0	355.0	2042.0	2070.649169921875	1992.7177734375
1891.0	1960.0	358.0	2045.0	2076.39794921875	1993.50439453125
1891.0	1961.0	358.0	2044.0	2078.09619140625	1989.062255859375
1891.0	1979.0	357.0	2042.0	2080.328125	1978.942138671875
1891.0	1961.0	358.0	2042.0	2075.55224609375	1991.325439453125
1891.0	1967.0	357.0	2045.0	2083.172119140625	1983.47119140625
1891.0	1963.0	358.0	2045.0	2083.261962890625	1987.847412109375
1891.0	1950.0	356.0	2044.0	2080.0361328125	1999.9439697265625
1894.0	1951.0	357.0	2045.0	2071.274658203125	2026.9068603515625
1892.0	1948.0	356.0	2044.0	2081.801025390625	2027.90673828125
1892.0	1950.0	355.0	2045.0	2082.58837890625	2023.864501953125
1893.0	1950.0	358.0	2044.0	2083.60986328125	2020.7752685546875
1890.0	1945.0	355.0	2044.0	2084.11962890625	2022.4788818359375
1893.0	1948.0	355.0	2044.0	2079.873046875	2020.1170654296875
1891.0	1953.0	357.0	2045.0	2080.2861328125	2010.572265625
1890.0	1950.0	355.0	2043.0	2085.07373046875	2012.5047607421875
1891.0	1950.0	357.0	2043.0	2085.997314453125	2010.841552734375
1895.0	1948.0	356.0	2044.0	2082.099609375	2009.82421875
1892.0	1949.0	356.0	2043.0	2082.099609375	2011.4075927734375
1891.0	1951.0	357.0	2045.0	2085.4404296875	2002.9473876953125
1892.0	1950.0	356.0	2044.0	2083.119140625	2005.605712890625
1894.0	1939.0	357.0	2045.0	2083.731689453125	2040.105712890625
1891.0	1936.0	356.0	2044.0	2087.447509765625	2046.3790283203125
1892.0	1934.0	357.0	2045.0	2087.83447265625	2043.661376953125
1892.0	1936.0	356.0	2043.0	2088.99462890625	2039.12158203125
1892.0	1939.0	358.0	2045.0	2088.236328125	2031.370849609375
1891.0	1936.0	357.0	2045.0	2093.103271484375	2032.7513427734375
1894.0	1937.0	358.0	2043.0	2084.887939453125	2026.561767578125
1894.0	1932.0	357.0	2045.0	2085.32958984375	2024.340087890625
1895.0	1936.0	354.0	2044.0	2084.6689453125	2022.483642578125
1891.0	1938.0	357.0	2043.0	2084.743896484375	2015.985107421875
1891.0	1936.0	357.0	2042.0	2088.169189453125	2018.3507080078125
1891.0	1937.0	358.0	2043.0	2089.939697265625	2015.8199462890625
1893.0	1936.0	357.0	2046.0	2085.25732421875	2017.9119873046875
1892.0	1937.0	355.0	2043.0	2088.79638671875	2012.84375
1894.0	1934.0	356.0	2045.0	2080.679443359375	2015.4168701171875
1891.0	1938.0	357.0	2045.0	2094.817626953125	2010.361083984375
1892.0	1939.0	357.0	2044.0	2091.05517578125	2010.06787109375
1891.0	1935.0	358.0	2044.0	2095.12158203125	2013.0172119140625
1892.0	1939.0	357.0	2045.0	2090.261474609375	2000.9007568359375
1890.0	1935.0	357.0	2043.0	2090.451416015625	2007.9344482421875
1892.0	1938.0	357.0	2045.0	2090.92822265625	2003.6607666015625
1893.0	1938.0	354.0	2045.0	2086.875732421875	2011.184814453125
1892.0	1938.0	356.0	2045.0	2090.935302734375	2002.8040771484375
1894.0	1944.0	357.0	2045.0	2120.723388671875	2034.7705078125
1892.0	1937.0	357.0	2041.0	2161.67333984375	2075.720458984375
1890.0	1939.0	356.0	2042.0	2202.623291015625	2116.67041015625
1893.0	1935.0	355.0	2042.0	2243.5732421875	2157.620361328125
1890.0	1936.0	356.0	2043.0	2284.523193359375	2198.570556640625
1892.0	1937.0	355.0	2044.0	2325.473388671875	2239.5205078125
1891.0	1935.0	356.0	2045.0	2366.42333984375	2280.470458984375
1897.0	1935.0	357.0	2045.0	2407.373291015625	2321.42041015625
1893.0	1934.0	354.0	2043.0	2448.3232421875	2362.370361328125
1894.0	1941.0	355.0	2042.0	2489.273193359375	2403.320556640625
1890.0	1938.0	355.0	2043.0	2530.223388671875	2444.2705078125
1890.0	1929.0	357.0	2045.0	2571.17333984375	2485.220458984375
1892.0	1924.0	354.0	2043.0	2612.123291015625	2526.17041015625
1891.0	1924.0	358.0	2045.0	2653.0732421875	2567.120361328125
1890.0	1924.0	354.0	2044.0	2694.023193359375	2608.070556640625
1891.0	1924.0	357.0	2045.0	2734.973388671875	2649.0205078125
1891.0	1926.0	357.0	2045.0	2775.92333984375	2689.970458984375
1891.0	1925.0	357.0	2045.0	2816.873291015625	2730.92041015625
1893.0	1920.0	357.0	2045.0	2857.8232421875	2771.870361328125
1881.0	1923.0	356.0	2044.0	2898.773193359375	2748.415771484375
1882.0	1919.0	357.0	2045.0	2939.723388671875	2712.02734375
1882.0	1925.0	356.0	2045.0	2946.017578125	2671.077392578125
1882.0	1931.0	357.0	2044.0	2905.067626953125	2630.127197265625
1882.0	1926.0	354.0	2043.0	2868.55322265625	2596.604736328125
1882.0	1924.0	355.0	2043.0	2827.603271484375	2560.55322265625
1891.0	1925.0	355.0	2042.0	2786.6533203125	2537.123291015625
1892.0	1922.0	357.0	2045.0	2745.703369140625	2518.719970703125
1892.0	1923.0	357.0	2044.0	2704.753173828125	2494.193115234375
1894.0	1925.0	355.0	2045.0	2671.9931640625	2469.41748046875
1903.0	1937.0	355.0	2042.0	2639.937255859375	2443.639404296875
1903.0	1948.0	355.0	2046.0	2598.9873046875	2402.689453125
1906.0	1947.0	357.0	2043.0	2573.922607421875	2361.7392578125
1910.0	1952.0	356.0	2044.0	2532.97265625	2343.842041015625
1924.0	1961.0	357.0	2046.0	2492.022705078125	2302.89208984375
1929.0	1988.0	358.0	2043.0	2451.072509765625	2261.942138671875
1938.0	2003.0	358.0	2045.0	2410.12255859375	2220.9921875
1950.0	2012.0	355.0	2044.0	2369.172607421875	2180.042236328125
1969.0	2036.0	355.0	2044.0	2329.242431640625	2139.092041015625
1980.0	2053.0	356.0	2043.0	2288.29248046875	2098.14208984375
1988.0	2079.0	356.0	2043.0	2247.342529296875	2057.192138671875
2005.0	2092.0	357.0	2045.0	2213.274658203125	2016.2421875
2015.0	2119.0	357.0	2044.0	2172.32470703125	1975.2921142578125
2016.0	2113.0	358.0	2045.0	2144.319091796875	1934.3421630859375
2036.0	2132.0	356.0	2043.0	2103.369140625	1901.5821533203125
2046.0	2149.0	358.0	2044.0	2071.707763671875	1877.0120849609375
2066.0	2186.0	355.0	2043.0	2030.7578125	1836.0621337890625
2084.0	2196.0	357.0	2044.0	1994.6849365234375	1795.1121826171875
2093.0	2225.0	358.0	2045.0	1971.7303466796875	1778.732177734375
2113.0	2249.0	358.0	2044.0	1975.4739990234375	1746.99658203125
2133.0	2275.0	357.0	2042.0	1946.42822265625	1714.236572265625
2152.0	2301.0	356.0	2044.0	1905.478271484375	1673.28662109375
2171.0	2324.0	357.0	2045.0	1864.5281982421875	1632.3365478515625
2171.0	2328.0	357.0	2043.0	1838.878173828125	1608.366943359375
2191.0	2342.0	356.0	2046.0	1805.82177734375	1615.4381103515625
2210.0	2366.0	357.0	2043.0	1773.571044921875	1595.1898193359375
2221.0	2393.0	358.0	2044.0	1776.410400390625	1585.6680908203125
2236.0	2417.0	357.0	2045.0	1760.0303955078125	1544.7181396484375
2260.0	2443.0	357.0	2044.0	1743.6505126953125	1520.148193359375
2278.0	2455.0	356.0	2044.0	1727.2705078125	1512.6806640625
2288.0	2483.0	357.0	2044.0	1718.6590576171875	1529.349365234375
2287.0	2493.0	356.0	2044.0	1735.0390625	1518.2825927734375
2317.0	2536.0	355.0	2046.0	1694.0889892578125	1485.5225830078125
2317.0	2531.0	357.0	2043.0	1721.969970703125	1468.211181640625
2337.0	2549.0	356.0	2042.0	1699.486328125	1476.588623046875
2356.0	2579.0	357.0	2043.0	1679.326171875	1453.1649169921875
2375.0	2588.0	356.0	2044.0	1655.37060546875	1461.35498046875
2385.0	2616.0	357.0	2043.0	1659.658203125	1469.544921875
2404.0	2627.0	357.0	2045.0	1651.46826171875	1457.7734375
2424.0	2655.0	357.0	2044.0	1631.83203125	1465.9635009765625
2443.0	2667.0	356.0	2043.0	1640.4896240234375	1465.782958984375
2445.0	2668.0	358.0	2042.0	1632.299560546875	1480.6339111328125
2481.0	2691.0	358.0	2044.0	1591.6470947265625	1488.2210693359375
2483.0	2693.0	356.0	2043.0	1580.6416015625	1504.60107421875
2500.0	2706.0	358.0	2045.0	1554.7008056640625	1516.1312255859375
2524.0	2718.0	357.0	2042.0	1538.32080078125	1525.8370361328125
2526.0	2731.0	357.0	2043.0	1546.5107421875	1532.75341796875
2552.0	2744.0	356.0	2045.0	1554.7008056640625	1535.3035888671875
2561.0	2757.0	357.0	2043.0	1550.859130859375	1535.3035888671875
2581.0	2755.0	358.0	2045.0	1559.049072265625	1568.5086669921875
2589.0	2772.0	358.0	2044.0	1558.275146484375	1593.0787353515625
2590.0	2770.0	357.0	2046.0	1580.8271484375	1609.20703125
2601.0	2784.0	357.0	2045.0	1609.6900634765625	1593.9827880859375
2620.0	2800.0	357.0	2044.0	1593.486083984375	1591.9951171875
2630.0	2798.0	356.0	2045.0	1586.280517578125	1629.855712890625
2639.0	2809.0	357.0	2044.0	1610.8504638671875	1633.446044921875
2660.0	2812.0	357.0	2044.0	1602.6605224609375	1658.01611328125
2669.0	2809.0	357.0	2042.0	1596.677734375	1690.776123046875
2679.0	2821.0	357.0	2045.0	1621.2476806640625	1715.3460693359375
2679.0	2823.0	356.0	2042.0	1645.299560546875	1720.0731201171875
2689.0	2822.0	357.0	2044.0	1667.54541015625	1753.9306640625
2689.0	2823.0	357.0	2045.0	1700.305419921875	1776.81689453125
2699.0	2822.0	357.0	2045.0	1705.3568115234375	1802.9886474609375
2708.0	2822.0	356.0	2045.0	1708.6033935546875	1827.035400390625
2717.0	2820.0	358.0	2044.0	1706.1365966796875	1845.59521484375
2720.0	2820.0	357.0	2044.0	1744.0601806640625	1869.3404541015625
2727.0	2823.0	355.0	2045.0	1747.6607666015625	1877.714599609375
2737.0	2821.0	357.0	2045.0	1744.7884521484375	1892.4114990234375
2736.0	2824.0	357.0	2045.0	1767.6988525390625	1901.935546875
2745.0	2822.0	357.0	2042.0	1783.239013671875	1921.083984375
2746.0	2807.0	357.0	2044.0	1800.6937255859375	1939.14013671875
2746.0	2808.0	358.0	2045.0	1831.543701171875	1980.090087890625
2756.0	2810.0	355.0	2044.0	1824.46630859375	1991.1060791015625
2757.0	2810.0	357.0	2044.0	1850.501220703125	1995.611572265625
2756.0	2801.0	358.0	2045.0	1888.4541015625	2025.48583984375
2768.0	2796.0	357.0	2045.0	1863.8841552734375	2048.483642578125
2767.0	2780.0	356.0	2045.0	1887.15771484375	2072.5615234375
2766.0	2784.0	359.0	2044.0	1909.2684326171875	2092.460693359375
2773.0	2785.0	357.0	2042.0	1932.53955078125	2084.4873046875
2765.0	2783.0	357.0	2046.0	1955.6485595703125	2087.85009765625
2776.0	2770.0	356.0	2044.0	1966.9892578125	2128.80029296875
2777.0	2771.0	356.0	2044.0	1949.2857666015625	2122.105224609375
2776.0	2756.0	357.0	2043.0	1960.3800048828125	2163.055419921875
2777.0	2756.0	357.0	2045.0	1984.2001953125	2157.9482421875
2777.0	2757.0	357.0	2045.0	2000.9722900390625	2149.78857421875
2778.0	2741.0	357.0	2045.0	2007.6427001953125	2164.87451171875
2777.0	2743.0	357.0	2046.0	2022.878173828125	2180.35009765625
2776.0	2728.0	356.0	2044.0	2038.791015625	2194.000732421875
2776.0	2731.0	357.0	2044.0	2046.98095703125	2202.256591796875
2777.0	2727.0	358.0	2045.0	2053.8056640625	2191.956787109375
2776.0	2730.0	358.0	2045.0	2067.25927734375	2181.7392578125
2783.0	2727.0	355.0	2044.0	2042.689208984375	2167.127197265625
2784.0	2718.0	356.0	2043.0	2045.6611328125	2205.516357421875
2803.0	2718.0	357.0	2044.0	2041.1082763671875	2192.693115234375
2786.0	2720.0	357.0	2044.0	2059.518310546875	2179.19677734375
2785.0	2716.0	355.0	2044.0	2070.728515625	2177.240478515625
2785.0	2718.0	357.0	2045.0	2077.14990234375	2161.586181640625
2785.0	2719.0	356.0	2045.0	2083.028564453125	2157.175537109375
2784.0	2717.0	357.0	2045.0	2090.082275390625	2147.4130859375
2785.0	2717.0	357.0	2044.0	2095.15185546875	2142.659423828125
2785.0	2714.0	357.0	2045.0	2095.611083984375	2137.5126953125
2786.0	2719.0	357.0	2044.0	2099.78857421875	2126.84814453125
2786.0	2717.0	355.0	2046.0	2099.35546875	2124.873046875
2785.0	2718.0	357.0	2045.0	2112.958984375	2116.15869140625
2786.0	2717.0	358.0	2044.0	2111.0244140625	2116.051025390625
2785.0	2717.0	357.0	2044.0	2117.88623046875	2108.7470703125
2787.0	2716.0	357.0	2045.0	2112.615478515625	2105.59423828125
2784.0	2718.0	357.0	2043.0	2119.00244140625	2101.66455078125
2788.0	2718.0	357.0	2043.0	2117.78515625	2099.2578125
2786.0	2718.0	355.0	2042.0	2123.3642578125	2096.29736328125
2784.0	2717.0	357.0	2044.0	2124.919677734375	2097.98388671875
2784.0	2730.0	357.0	2046.0	2136.1748046875	2060.673095703125
2785.0	2731.0	355.0	2044.0	2127.884033203125	2045.759521484375
2796.0	2730.0	357.0	2043.0	2095.1240234375	2047.953125
2796.0	2730.0	358.0	2045.0	2087.53173828125	2053.815673828125
2797.0	2743.0	356.0	2045.0	2089.5595703125	2038.59033203125
2797.0	2742.0	358.0	2044.0	2093.972412109375	2014.0203857421875
2796.0	2748.0	357.0	2045.0	2096.751220703125	2012.029296875
2796.0	2758.0	357.0	2044.0	2106.2421875	2008.31787109375
2798.0	2762.0	355.0	2045.0	2100.591796875	1974.1405029296875
2797.0	2756.0	355.0	2043.0	2108.3310546875	1982.578369140625
2809.0	2756.0	355.0	2043.0	2075.571044921875	1990.0908203125
2806.0	2773.0	355.0	2043.0	2074.605224609375	1965.0938720703125
2804.0	2771.0	354.0	2043.0	2088.798095703125	1955.037353515625
2807.0	2783.0	355.0	2043.0	2081.753662109375	1936.4849853515625
2808.0	2783.0	355.0	2045.0	2082.12109375	1932.34716796875
2806.0	2797.0	358.0	2045.0	2094.1962890625	1933.468505859375
2808.0	2799.0	357.0	2043.0	2098.4736328125	1906.1336669921875
2815.0	2813.0	357.0	2045.0	2063.069091796875	1897.4266357421875
2816.0	2810.0	357.0	2044.0	2065.2529296875	1883.6224365234375
2818.0	2814.0	357.0	2044.0	2065.7919921875	1897.35791015625
2816.0	2822.0	357.0	2045.0	2077.3193359375	1869.014892578125
2840.0	2822.0	357.0	2045.0	2052.749267578125	1881.432373046875
2825.0	2824.0	358.0	2042.0	2048.82080078125	1891.7147216796875
2824.0	2834.0	356.0	2045.0	2060.099365234375	1875.334716796875
2825.0	2837.0	360.0	2043.0	2062.337158203125	1873.18798828125
2833.0	2850.0	357.0	2043.0	2057.482421875	1879.9378662109375
2834.0	2854.0	357.0	2045.0	2038.7777099609375	1852.565185546875
2834.0	2852.0	355.0	2045.0	2043.634521484375	1863.3109130859375
2841.0	2864.0	358.0	2045.0	2042.695068359375	1846.930908203125
2845.0	2861.0	356.0	2045.0	2020.5546875	1863.053955078125
2844.0	2862.0	357.0	2044.0	2029.505126953125	1872.3221435546875
2847.0	2875.0	357.0	2041.0	2032.654541015625	1855.3499755859375
2854.0	2875.0	357.0	2046.0	2027.56591796875	1856.071044921875
2855.0	2889.0	358.0	2045.0	2018.6256103515625	1858.5115966796875
2854.0	2890.0	356.0	2043.0	2031.2255859375	1833.941650390625
2864.0	2886.0	357.0	2045.0	2030.7606201171875	1856.8233642578125
2863.0	2890.0	357.0	2045.0	2014.63818359375	1874.9097900390625
2864.0	2890.0	356.0	2044.0	2017.06640625	1883.23828125
2873.0	2901.0	355.0	2043.0	1998.5299072265625	1854.5843505859375
2874.0	2902.0	355.0	2044.0	2006.0030517578125	1862.661865234375
2884.0	2900.0	357.0	2046.0	1981.4329833984375	1884.785888671875
2884.0	2913.0	355.0	2044.0	1990.6571044921875	1861.611328125
2886.0	2916.0	356.0	2043.0	1995.0966796875	1852.560302734375
2894.0	2915.0	357.0	2045.0	2002.4310302734375	1869.755615234375
2893.0	2912.0	356.0	2045.0	1981.7147216796875	1891.4991455078125
2893.0	2916.0	357.0	2045.0	1998.9520263671875	1892.4693603515625
2893.0	2920.0	357.0	2046.0	2007.7373046875	1901.6904296875
2901.0	2927.0	357.0	2045.0	1991.002197265625	1874.10400390625
2903.0	2927.0	355.0	2043.0	1992.033935546875	1886.3458251953125
2902.0	2930.0	355.0	2043.0	2007.6651611328125	1888.5535888671875
2913.0	2928.0	356.0	2044.0	1980.027587890625	1905.438232421875
2913.0	2932.0	356.0	2045.0	1990.865966796875	1908.040283203125
2913.0	2927.0	358.0	2045.0	2001.3502197265625	1922.87841796875
2924.0	2926.0	356.0	2045.0	1998.0687255859375	1939.4610595703125
2937.0	2928.0	358.0	2045.0	1971.9661865234375	1938.1612548828125
2923.0	2943.0	357.0	2042.0	1994.02197265625	1938.8641357421875
2925.0	2943.0	357.0	2044.0	1997.9202880859375	1903.61767578125
2932.0	2943.0	355.0	2044.0	1979.5380859375	1909.106201171875
2935.0	2941.0	357.0	2046.0	1980.969970703125	1922.5982666015625
2936.0	2939.0	357.0	2045.0	1988.9654541015625	1931.3616943359375
2931.0	2943.0	357.0	2042.0	2006.753173828125	1929.2449951171875
2945.0	2946.0	356.0	2042.0	1989.6341552734375	1930.1629638671875
2943.0	2941.0	358.0	2045.0	1988.510986328125	1948.8533935546875
2942.0	2940.0	358.0	2045.0	1995.469482421875	1949.0206298828125
2944.0	2942.0	357.0	2043.0	2006.4024658203125	1954.6331787109375
2942.0	2941.0	356.0	2044.0	2013.764404296875	1965.0006103515625
2951.0	2939.0	355.0	2044.0	1992.5911865234375	1966.5821533203125
2951.0	2939.0	357.0	2045.0	2001.185546875	1973.509765625
2952.0	2939.0	356.0	2045.0	2008.523193359375	1981.73095703125
2951.0	2940.0	356.0	2042.0	2014.7750244140625	1980.7816162109375
2952.0	2942.0	356.0	2043.0	2023.3175048828125	1972.5916748046875
2962.0	2941.0	354.0	2042.0	1997.492431640625	1981.7884521484375
2962.0	2941.0	358.0	2044.0	2000.1431884765625	1983.5653076171875
2962.0	2927.0	355.0	2043.0	2006.9063720703125	1984.8863525390625
2962.0	2926.0	358.0	2045.0	2016.38525390625	2019.4453125
2963.0	2928.0	358.0	2044.0	2019.470458984375	2030.880859375
2971.0	2930.0	356.0	2042.0	1996.031494140625	2033.0517578125
2973.0	2928.0	357.0	2044.0	1996.7730712890625	2026.347900390625
2971.0	2928.0	356.0	2045.0	2009.6484375	2032.9593505859375
2972.0	2927.0	357.0	2045.0	2015.656005859375	2026.5224609375
2971.0	2927.0	355.0	2044.0	2024.5966796875	2024.9913330078125
2984.0	2927.0	355.0	2043.0	2014.518310546875	2023.5130615234375
2982.0	2929.0	354.0	2043.0	1995.4466552734375	2018.3406982421875
2981.0	2929.0	357.0	2045.0	2005.8828125	2013.3961181640625
2982.0	2930.0	357.0	2045.0	2012.2012939453125	2008.4183349609375
2984.0	2927.0	357.0	2045.0	2010.764404296875	2019.523681640625
2983.0	2936.0	356.0	2042.0	2020.5684814453125	2006.7322998046875
2982.0	2917.0	357.0	2045.0	2029.7301025390625	2034.795166015625
2990.0	2914.0	356.0	2043.0	2004.90478515625	2059.365234375
2994.0	2915.0	355.0	2044.0	1999.329833984375	2054.277587890625
2991.0	2915.0	357.0	2042.0	2013.4456787109375	2050.53271484375
2992.0	2919.0	358.0	2045.0	2016.7545166015625	2042.74609375
2992.0	2913.0	355.0	2042.0	2022.17236328125	2041.1993408203125
2991.0	2915.0	357.0	2042.0	2031.042724609375	2040.6065673828125
2999.0	2915.0	357.0	2044.0	2026.57177734375	2037.72216796875
2990.0	2916.0	357.0	2045.0	2043.0350341796875	2031.4307861328125
2991.0	2915.0	356.0	2045.0	2043.345947265625	2030.6717529296875
3005.0	2914.0	354.0	2043.0	2024.1495361328125	2031.5020751953125
3002.0	2912.0	357.0	2043.0	2011.5531005859375	2029.5001220703125
2994.0	2915.0	356.0	2045.0	2015.5941162109375	2031.3582763671875
3001.0	2915.0	357.0	2045.0	2026.194580078125	2025.9376220703125
3001.0	2920.0	357.0	2045.0	2030.3515625	2024.807373046875
3001.0	2916.0	358.0	2043.0	2033.5953369140625	2019.2713623046875
3011.0	2915.0	356.0	2043.0	2029.7825927734375	2026.1092529296875
3011.0	2916.0	358.0	2042.0	2005.4976806640625	2017.172119140625
3012.0	2925.0	357.0	2044.0	2007.8258056640625	1984.0706787109375
3009.0	2924.0	355.0	2044.0	2016.75146484375	1986.38525390625
3010.0	2927.0	357.0	2044.0	2025.760498046875	1982.0506591796875
3013.0	2926.0	356.0	2043.0	2018.656005859375	1988.7303466796875
3012.0	2930.0	356.0	2043.0	2026.86083984375	1982.621826171875
3010.0	2927.0	357.0	2045.0	2038.3114013671875	1989.30859375
3011.0	2926.0	358.0	2044.0	2037.3994140625	1995.2562255859375
3009.0	2926.0	357.0	2044.0	2044.365234375	1992.8134765625
3010.0	2927.0	357.0	2042.0	2046.986083984375	1994.956298828125
3021.0	2944.0	355.0	2044.0	2008.4674072265625	1962.1962890625
3021.0	2942.0	358.0	2044.0	2013.8941650390625	1948.37890625
3021.0	2940.0	355.0	2043.0	2018.967529296875	1957.8970947265625
3018.0	2940.0	357.0	2045.0	2023.2322998046875	1961.8251953125
3021.0	2940.0	356.0	2043.0	2027.8563232421875	1966.70263671875
3021.0	2959.0	357.0	2042.0	2031.279052734375	1961.0203857421875
3022.0	2953.0	357.0	2045.0	2030.6165771484375	1926.7548828125
3021.0	2953.0	355.0	2044.0	2037.484375	1933.615234375
3021.0	2951.0	355.0	2043.0	2039.822998046875	1934.740478515625
3031.0	2953.0	355.0	2043.0	2006.1387939453125	1945.4986572265625
3032.0	2952.0	357.0	2044.0	2008.9173583984375	1950.8367919921875
3034.0	2952.0	355.0	2042.0	2007.103759765625	1959.76904296875
3030.0	2966.0	357.0	2044.0	2020.2525634765625	1927.009033203125
3030.0	2971.0	357.0	2041.0	2028.374267578125	1911.786376953125
3031.0	2966.0	355.0	2042.0	2028.6407470703125	1926.647705078125
3030.0	2966.0	354.0	2043.0	2031.9644775390625	1931.73876953125
3030.0	2964.0	357.0	2045.0	2038.644287109375	1943.094970703125
3041.0	2965.0	357.0	2044.0	2024.74658203125	1944.25439453125
3041.0	2964.0	357.0	2045.0	1999.9739990234375	1948.7171630859375
3043.0	2967.0	356.0	2044.0	2001.3311767578125	1950.1109619140625
3042.0	2977.0	357.0	2045.0	2010.075927734375	1917.3509521484375
3040.0	2982.0	355.0	2042.0	2022.28662109375	1908.025634765625
3041.0	2979.0	357.0	2043.0	2022.4256591796875	1924.55908203125
3041.0	2978.0	355.0	2043.0	2025.815673828125	1925.1058349609375
3040.0	2976.0	355.0	2043.0	2028.4952392578125	1938.6356201171875
3040.0	2978.0	356.0	2045.0	2035.4317626953125	1937.8675537109375
3042.0	2977.0	356.0	2045.0	2030.0269775390625	1950.1595458984375
3039.0	2994.0	356.0	2044.0	2038.2169189453125	1933.527587890625
3041.0	2994.0	358.0	2043.0	2038.3846435546875	1900.59814453125
3041.0	2992.0	357.0	2045.0	2040.1937255859375	1911.8992919921875
3043.0	2992.0	358.0	2045.0	2037.43896484375	1922.6427001953125
3040.0	2994.0	356.0	2044.0	2043.2904052734375	1924.7476806640625
3040.0	2994.0	357.0	2045.0	2048.22412109375	1928.4385986328125
3040.0	2993.0	356.0	2045.0	2046.046875	1937.566162109375
3040.0	2992.0	357.0	2043.0	2046.9501953125	1945.6744384765625
3048.0	2993.0	358.0	2044.0	2039.421142578125	1946.40283203125
3053.0	2993.0	357.0	2044.0	2008.0716552734375	1950.3951416015625
3050.0	2991.0	356.0	2042.0	2016.3125	1953.9915771484375
3052.0	2995.0	358.0	2044.0	2016.1875	1952.5128173828125
3051.0	2993.0	356.0	2045.0	2023.399658203125	1959.3448486328125
3049.0	2986.0	355.0	2042.0	2030.1785888671875	1971.07568359375
3052.0	2993.0	356.0	2044.0	2024.978759765625	1965.389404296875
3050.0	2992.0	356.0	2043.0	2035.2154541015625	1971.3199462890625
3060.0	2993.0	357.0	2044.0	2010.6453857421875	1969.285888671875
3059.0	2995.0	358.0	2044.0	2007.470703125	1963.3958740234375
3062.0	2992.0	357.0	2042.0	2001.57470703125	1977.0596923828125
3062.0	2991.0	358.0	2045.0	2010.9400634765625	1978.3187255859375
3060.0	2992.0	356.0	2042.0	2013.6231689453125	1979.57958984375
3060.0	3002.0	355.0	2043.0	2016.54248046875	1976.765869140625
3063.0	2992.0	358.0	2044.0	2015.12548828125	1977.796875
3063.0	2994.0	357.0	2043.0	2022.24658203125	1975.153076171875
3062.0	2990.0	357.0	2043.0	2028.6444091796875	1980.03857421875
3073.0	2993.0	356.0	2045.0	2018.1343994140625	1980.95703125
3072.0	2993.0	357.0	2044.0	1990.3466796875	1981.5516357421875
3068.0	2995.0	356.0	2044.0	1999.0455322265625	1977.839111328125
3069.0	2994.0	358.0	2043.0	2011.1353759765625	1978.592529296875
3069.0	2993.0	357.0	2045.0	2015.3345947265625	1983.2166748046875
3067.0	2993.0	354.0	2043.0	2018.6165771484375	1983.5780029296875
3069.0	2993.0	356.0	2045.0	2020.9085693359375	1983.854248046875
3070.0	3020.0	357.0	2044.0	2021.401611328125	1959.3394775390625
3073.0	3006.0	358.0	2046.0	2019.6529541015625	1939.068359375
3071.0	3006.0	355.0	2042.0	2022.3472900390625	1941.632568359375
3070.0	3009.0	357.0	2044.0	2028.4769287109375	1938.74755859375
3077.0	3004.0	356.0	2042.0	2022.1810302734375	1954.2696533203125
3078.0	3006.0	354.0	2043.0	1999.51025390625	1953.7923583984375
3080.0	3007.0	356.0	2045.0	2000.389404296875	1958.61376953125
3078.0	3006.0	357.0	2045.0	2007.8240966796875	1959.265625
3082.0	3007.0	357.0	2045.0	2003.6619873046875	1956.940673828125
3078.0	3009.0	358.0	2043.0	2011.0970458984375	1958.6011962890625
3079.0	3009.0	357.0	2045.0	2013.6103515625	1956.9765625
3078.0	3005.0	357.0	2045.0	2024.5474853515625	1966.6478271484375
3084.0	3007.0	357.0	2044.0	2001.3359375	1964.3363037109375
3089.0	3008.0	356.0	2044.0	1990.6380615234375	1965.4537353515625
3093.0	3005.0	357.0	2044.0	1983.729736328125	1970.837646484375
3097.0	3008.0	357.0	2043.0	1984.700439453125	1963.796630859375
3092.0	3009.0	356.0	2046.0	1996.3209228515625	1960.7598876953125
3089.0	3005.0	357.0	2044.0	2008.7052001953125	1977.4105224609375
3091.0	3005.0	357.0	2044.0	2004.34521484375	1977.615478515625
3090.0	3006.0	358.0	2043.0	2011.1663818359375	1974.64111328125
3089.0	3003.0	356.0	2045.0	2018.3673095703125	1979.3536376953125
3089.0	3009.0	357.0	2043.0	2020.3900146484375	1971.652099609375
3093.0	3007.0	357.0	2045.0	2014.390869140625	1972.66162109375
3091.0	3010.0	354.0	2044.0	2017.0587158203125	1972.920654296875
3101.0	3007.0	357.0	2045.0	2018.2327880859375	1973.3477783203125
3100.0	3005.0	357.0	2044.0	1988.5782470703125	1973.705322265625
3099.0	3010.0	357.0	2042.0	1996.966796875	1969.88916015625
3101.0	3008.0	355.0	2043.0	1992.7548828125	1970.57958984375
3099.0	3004.0	357.0	2045.0	2004.0576171875	1986.819580078125
3098.0	3007.0	356.0	2045.0	2010.4495849609375	1975.027587890625
3099.0	3007.0	357.0	2044.0	2009.2296142578125	1975.1990966796875
3099.0	3004.0	356.0	2045.0	2012.4825439453125	1983.65234375
3096.0	3005.0	355.0	2046.0	2014.7767333984375	1983.423828125
3111.0	3006.0	357.0	2045.0	1999.7427978515625	1979.3677978515625
3111.0	3006.0	356.0	2042.0	1975.782470703125	1975.766845703125
3126.0	3006.0	353.0	2046.0	1980.108154296875	1979.7760009765625
3109.0	3004.0	357.0	2045.0	1993.1485595703125	1984.531982421875
3110.0	3006.0	354.0	2044.0	1992.8656005859375	1980.52197265625
3125.0	3007.0	357.0	2041.0	1965.610595703125	1976.614013671875
3119.0	3007.0	356.0	2044.0	1968.9224853515625	1976.7711181640625
3119.0	3004.0	355.0	2043.0	1975.1837158203125	1980.8270263671875
3119.0	3006.0	357.0	2044.0	1980.3431396484375	1980.720947265625
3117.0	3008.0	359.0	2045.0	1988.36181640625	1976.78515625
3120.0	3000.0	356.0	2045.0	1988.4539794921875	1985.0267333984375
3119.0	3009.0	357.0	2045.0	1992.5814208984375	1980.68701171875
3119.0	3008.0	355.0	2043.0	1995.91064453125	1973.0281982421875
3118.0	3015.0	357.0	2044.0	2002.7310791015625	1977.236328125
3124.0	3006.0	357.0	2045.0	1997.262939453125	1977.2421875
3118.0	3006.0	358.0	2045.0	2007.876220703125	1980.8857421875
3128.0	2998.0	356.0	2044.0	1975.5885009765625	1988.935302734375
3128.0	3007.0	357.0	2045.0	1974.223388671875	1976.9400634765625
3130.0	3007.0	357.0	2043.0	1975.50244140625	1976.828857421875
3131.0	3011.0	355.0	2043.0	1975.9375	1969.201171875
3130.0	3008.0	355.0	2044.0	1983.8023681640625	1977.516357421875
3131.0	3008.0	355.0	2042.0	1983.4189453125	1973.4403076171875
3129.0	3007.0	358.0	2044.0	1994.5028076171875	1977.3404541015625
3130.0	3007.0	357.0	2043.0	1993.3616943359375	1977.2115478515625
3129.0	3007.0	357.0	2045.0	1999.86865234375	1977.4871826171875
3128.0	3007.0	357.0	2045.0	2005.8553466796875	1977.2059326171875
3130.0	3007.0	357.0	2046.0	2000.6827392578125	1977.4703369140625
3128.0	3006.0	358.0	2044.0	2010.299072265625	1981.1163330078125
3128.0	3005.0	355.0	2044.0	2007.765625	1984.805908203125
3128.0	3007.0	356.0	2045.0	2013.4219970703125	1976.7178955078125
3127.0	3008.0	357.0	2045.0	2014.989013671875	1972.715576171875
3128.0	3009.0	356.0	2042.0	2016.2806396484375	1976.9638671875
3129.0	3010.0	357.0	2045.0	2013.54638671875	1968.9779052734375
3128.0	3007.0	357.0	2045.0	2018.328125	1985.259521484375
3126.0	3005.0	358.0	2045.0	2015.0869140625	1985.0286865234375
3127.0	3005.0	357.0	2044.0	2016.294921875	1981.1246337890625
3127.0	2999.0	356.0	2045.0	2021.0189208984375	1977.10009765625
3141.0	3006.0	357.0	2045.0	2013.5994873046875	1981.190673828125
3128.0	3005.0	356.0	2044.0	2022.227294921875	1984.987060546875
3129.0	3006.0	357.0	2045.0	2018.93603515625	1980.7200927734375
3132.0	3006.0	357.0	2042.0	2011.1932373046875	1980.4375
3129.0	3007.0	357.0	2044.0	2019.3739013671875	1976.3905029296875
3128.0	3006.0	355.0	2042.0	2023.9345703125	1980.1202392578125
3131.0	3007.0	357.0	2042.0	2015.885009765625	1975.9373779296875
3129.0	3010.0	357.0	2045.0	2020.5556640625	1975.7091064453125
3130.0	3013.0	357.0	2045.0	2016.779052734375	1980.0438232421875
3135.0	3007.0	357.0	2045.0	2016.641357421875	1975.7266845703125
3128.0	3005.0	357.0	2043.0	2025.083740234375	1983.7415771484375
3128.0	3002.0	357.0	2045.0	2025.1383056640625	1991.78076171875
3131.0	3006.0	356.0	2043.0	2017.314453125	1979.3511962890625
3129.0	3006.0	356.0	2045.0	2021.5648193359375	1979.259521484375
3129.0	3006.0	357.0	2043.0	2021.5882568359375	1979.4124755859375
3129.0	3007.0	355.0	2043.0	2021.627197265625	1975.2203369140625
3119.0	3007.0	358.0	2045.0	2046.1865234375	1979.0198974609375
3117.0	3019.0	355.0	2044.0	2060.5732421875	1966.9896240234375
3120.0	3008.0	358.0	2044.0	2049.06396484375	1971.2047119140625
3119.0	3008.0	355.0	2042.0	2050.335693359375	1975.2886962890625
3121.0	3000.0	356.0	2043.0	2047.74853515625	1979.01513671875
3118.0	3007.0	355.0	2043.0	2049.24853515625	1978.867431640625
3119.0	3006.0	357.0	2045.0	2043.169677734375	1982.9940185546875
3118.0	3006.0	356.0	2045.0	2045.2708740234375	1978.9656982421875
3120.0	3006.0	357.0	2043.0	2035.894287109375	1979.1876220703125
3118.0	3008.0	358.0	2043.0	2042.18798828125	1970.867919921875
3118.0	3000.0	357.0	2044.0	2041.096435546875	1979.126708984375
3117.0	3008.0	355.0	2044.0	2040.1695556640625	1978.739990234375
3118.0	3005.0	357.0	2046.0	2038.7320556640625	1978.921142578125
3119.0	3008.0	357.0	2043.0	2033.541748046875	1978.5819091796875
3118.0	3003.0	357.0	2045.0	2036.6585693359375	1986.6275634765625
3119.0	3004.0	357.0	2045.0	2027.898193359375	1982.6527099609375
3118.0	3008.0	357.0	2045.0	2034.7777099609375	1970.526611328125
3119.0	3006.0	357.0	2045.0	2029.900390625	1978.630859375
3119.0	3006.0	357.0	2043.0	2029.5733642578125	1978.670654296875
3117.0	3008.0	357.0	2046.0	2036.7852783203125	1970.54638671875
3118.0	3006.0	355.0	2046.0	2032.1685791015625	1978.5574951171875
3120.0	3005.0	357.0	2045.0	2023.6378173828125	1974.6285400390625
3117.0	3009.0	355.0	2044.0	2027.341796875	1970.24365234375
3121.0	3004.0	357.0	2044.0	2018.7921142578125	1978.9288330078125
3117.0	3004.0	355.0	2043.0	2030.449462890625	1986.7147216796875
3117.0	3007.0	356.0	2044.0	2033.9248046875	1974.41259765625
3119.0	3004.0	357.0	2044.0	2025.551513671875	1982.3134765625
3118.0	3008.0	355.0	2044.0	2029.313232421875	1978.0692138671875
3118.0	3009.0	358.0	2045.0	2024.9642333984375	1974.0997314453125
3119.0	3005.0	358.0	2043.0	2024.7392578125	1981.8211669921875
3119.0	3005.0	358.0	2045.0	2024.4427490234375	1985.5025634765625
3118.0	3006.0	357.0	2044.0	2028.392822265625	1977.6285400390625
3119.0	3005.0	358.0	2045.0	2024.15576171875	1977.9652099609375
3119.0	3004.0	358.0	2043.0	2024.0384521484375	1977.9285888671875
3117.0	3002.0	355.0	2043.0	2027.5753173828125	1982.0931396484375
3118.0	3006.0	359.0	2044.0	2027.1151123046875	1977.9364013671875
3128.0	3006.0	356.0	2045.0	1990.193115234375	1981.7646484375
3129.0	3004.0	357.0	2044.0	1988.7518310546875	1981.9296875
3128.0	3006.0	356.0	2045.0	1996.02880859375	1977.8021240234375
3129.0	3005.0	358.0	2046.0	1994.638427734375	1977.96875
3128.0	3006.0	357.0	2044.0	1996.455322265625	1977.611572265625
3128.0	3006.0	357.0	2046.0	2002.744384765625	1977.627197265625
3129.0	3005.0	358.0	2043.0	2000.4581298828125	1981.373291015625
3125.0	3007.0	354.0	2043.0	2001.8358154296875	1973.2677001953125
3127.0	3007.0	358.0	2046.0	2007.5528564453125	1972.9984130859375
3130.0	3006.0	358.0	2045.0	2001.0396728515625	1976.8277587890625
3129.0	3005.0	357.0	2045.0	2006.250732421875	1980.919921875
3128.0	3005.0	357.0	2044.0	2011.060302734375	1980.51025390625
3129.0	3007.0	357.0	2045.0	2008.172119140625	1976.282470703125
3124.0	3007.0	356.0	2045.0	2012.457275390625	1972.135009765625
3130.0	3004.0	356.0	2045.0	2005.84375	1976.1329345703125
3138.0	3006.0	356.0	2045.0	1997.9329833984375	1980.079345703125
3137.0	3005.0	357.0	2045.0	1983.073486328125	1976.2606201171875
3142.0	3007.0	358.0	2045.0	1976.34521484375	1972.2764892578125
3138.0	3004.0	356.0	2043.0	1977.6104736328125	1980.3214111328125
3133.0	3006.0	357.0	2045.0	1991.6629638671875	1976.4334716796875
3140.0	3005.0	358.0	2045.0	1983.2520751953125	1980.403076171875
3137.0	3007.0	358.0	2044.0	1997.3837890625	1972.3037109375
3139.0	3006.0	358.0	2045.0	1991.7708740234375	1976.45947265625
3137.0	3005.0	358.0	2043.0	1997.6904296875	1980.3226318359375
3138.0	3006.0	356.0	2045.0	1998.6202392578125	1976.6610107421875
3153.0	3009.0	358.0	2043.0	2000.248779296875	1972.5155029296875
3148.0	3006.0	356.0	2045.0	1989.5819091796875	1976.4420166015625
3147.0	3005.0	357.0	2042.0	1967.6217041015625	1980.395751953125
3147.0	3007.0	357.0	2045.0	1972.41357421875	1972.5257568359375
3150.0	3008.0	356.0	2045.0	1968.609130859375	1968.537353515625
3147.0	3006.0	356.0	2043.0	1983.4630126953125	1976.51513671875
3142.0	3006.0	357.0	2043.0	1982.046875	1980.496826171875
3150.0	3006.0	358.0	2045.0	1977.38037109375	1976.4620361328125
3147.0	3006.0	358.0	2045.0	1991.1832275390625	1976.523681640625
3146.0	3008.0	354.0	2042.0	1990.056884765625	1968.3497314453125
3149.0	3007.0	357.0	2042.0	1988.26806640625	1976.3350830078125
3148.0	3006.0	356.0	2045.0	1994.12890625	1976.2645263671875
3145.0	3008.0	357.0	2043.0	1995.292724609375	1968.388916015625
3148.0	3006.0	355.0	2044.0	1997.2733154296875	1976.4453125
3157.0	3006.0	356.0	2044.0	1965.2476806640625	1976.3641357421875
3156.0	3007.0	357.0	2044.0	1966.37939453125	1972.2965087890625
3157.0	3005.0	355.0	2045.0	1972.4317626953125	1980.196044921875
3157.0	3007.0	357.0	2044.0	1975.9566650390625	1972.11962890625
3155.0	3007.0	357.0	2045.0	1975.0758056640625	1972.1558837890625
3156.0	3004.0	357.0	2043.0	1986.14599609375	1984.28515625
3157.0	3006.0	357.0	2045.0	1984.401611328125	1971.9989013671875
3157.0	3007.0	354.0	2044.0	1987.2408447265625	1971.994140625
3161.0	3006.0	357.0	2044.0	1981.10791015625	1976.0814208984375
3159.0	3006.0	355.0	2046.0	1983.170654296875	1976.1209716796875
3157.0	3004.0	358.0	2044.0	1992.8743896484375	1972.20556640625
3160.0	3005.0	356.0	2042.0	1982.4757080078125	1976.287353515625
3159.0	3005.0	356.0	2044.0	1987.7169189453125	1971.9080810546875
3159.0	3008.0	357.0	2045.0	1989.1815185546875	1971.8277587890625
3157.0	3007.0	357.0	2045.0	1994.388671875	1972.05126953125
3167.0	3005.0	354.0	2043.0	1982.5037841796875	1980.0396728515625
3166.0	3007.0	357.0	2044.0	1964.3089599609375	1975.69189453125
3167.0	2994.0	357.0	2044.0	1968.47314453125	2016.641845703125
3167.0	2993.0	355.0	2043.0	1971.960693359375	2019.2586669921875
3168.0	2990.0	357.0	2042.0	1970.056884765625	2016.1845703125
3169.0	2996.0	358.0	2044.0	1970.250732421875	2004.758544921875
3168.0	2993.0	356.0	2042.0	1976.8736572265625	2009.339599609375
3167.0	2993.0	356.0	2043.0	1982.969970703125	2006.630615234375
3171.0	2994.0	356.0	2045.0	1972.6383056640625	2000.00244140625
3168.0	2993.0	355.0	2043.0	1982.58740234375	2001.73046875
3170.0	2997.0	357.0	2044.0	1983.8546142578125	1999.6629638671875
3168.0	2993.0	357.0	2045.0	1985.796875	1993.970947265625
3168.0	2993.0	355.0	2042.0	1987.6181640625	1995.8433837890625
3169.0	2993.0	357.0	2043.0	1984.8731689453125	1993.9971923828125
3168.0	2992.0	355.0	2042.0	1989.730224609375	1996.388916015625
3170.0	2993.0	357.0	2044.0	1990.3524169921875	1991.2835693359375
3167.0	2997.0	358.0	2045.0	1995.6005859375	1982.2991943359375
3170.0	2993.0	355.0	2045.0	1984.4578857421875	1989.35595703125
3180.0	2994.0	357.0	2045.0	1963.9193115234375	1956.595947265625
3177.0	2993.0	357.0	2045.0	1922.96923828125	1915.6458740234375
3174.0	2991.0	357.0	2045.0	1882.019287109375	1874.6959228515625
3176.0	2991.0	357.0	2045.0	1841.0693359375	1833.7459716796875
3177.0	2994.0	356.0	2044.0	1800.1192626953125	1792.7958984375
3178.0	2996.0	357.0	2045.0	1759.1693115234375	1751.845947265625
3178.0	2995.0	357.0	2042.0	1718.21923828125	1710.8958740234375
3176.0	2993.0	357.0	2043.0	1677.269287109375	1669.9459228515625
3180.0	2994.0	355.0	2045.0	1636.3193359375	1628.9959716796875
3178.0	2992.0	355.0	2043.0	1595.3692626953125	1588.0458984375
3177.0	2994.0	355.0	2043.0	1554.4193115234375	1547.095947265625
3184.0	2995.0	357.0	2045.0	1513.46923828125	1506.1458740234375
3177.0	3004.0	357.0	2044.0	1472.519287109375	1465.1959228515625
3177.0	3006.0	357.0	2044.0	1431.5693359375	1424.2459716796875
3188.0	3015.0	357.0	2045.0	1390.6192626953125	1383.2958984375
3177.0	3005.0	357.0	2045.0	1349.6693115234375	1342.345947265625
3176.0	3007.0	357.0	2045.0	1308.71923828125	1301.3958740234375
3175.0	3007.0	356.0	2044.0	1267.769287109375	1260.4459228515625
3176.0	3022.0	356.0	2044.0	1226.8193359375	1219.4959716796875
3177.0	3020.0	357.0	2043.0	1185.8692626953125	1196.0013427734375
3177.0	3019.0	356.0	2044.0	1144.9193115234375	1232.3431396484375
3179.0	3015.0	356.0	2044.0	1173.380126953125	1265.1031494140625
3176.0	3017.0	357.0	2044.0	1214.330078125	1306.05322265625
3180.0	3019.0	357.0	2045.0	1252.7027587890625	1347.003173828125
3182.0	3021.0	356.0	2045.0	1285.4627685546875	1384.6324462890625
3176.0	3017.0	356.0	2045.0	1325.62939453125	1416.59228515625
3179.0	3007.0	356.0	2042.0	1345.236572265625	1457.542236328125
3172.0	3003.0	356.0	2044.0	1386.1865234375	1498.4923095703125
3176.0	3005.0	355.0	2043.0	1403.1282958984375	1529.4068603515625
3177.0	2993.0	358.0	2045.0	1428.5634765625	1556.94580078125
3167.0	2979.0	357.0	2042.0	1456.26171875	1597.895751953125
3168.0	2980.0	356.0	2043.0	1497.211669921875	1638.845703125
3160.0	2967.0	355.0	2042.0	1507.6544189453125	1679.7957763671875
3157.0	2967.0	357.0	2045.0	1548.6044921875	1711.0233154296875
3148.0	2956.0	356.0	2044.0	1589.554443359375	1749.652099609375
3139.0	2929.0	356.0	2042.0	1630.5045166015625	1782.412109375
3130.0	2913.0	357.0	2042.0	1668.5797119140625	1823.362060546875
3120.0	2903.0	357.0	2042.0	1695.058837890625	1864.3121337890625
3109.0	2877.0	356.0	2045.0	1736.0087890625	1905.2620849609375
3084.0	2877.0	359.0	2042.0	1756.9764404296875	1946.2120361328125
3079.0	2835.0	357.0	2045.0	1797.9263916015625	1987.162109375
3080.0	2835.0	355.0	2043.0	1813.905517578125	2028.112060546875
3067.0	2803.0	357.0	2045.0	1834.768798828125	2069.06201171875
3061.0	2797.0	355.0	2046.0	1853.756591796875	2110.01220703125
3040.0	2769.0	357.0	2045.0	1892.410888671875	2150.962158203125
3034.0	2746.0	356.0	2042.0	1915.8037109375	2191.912109375
3021.0	2730.0	357.0	2043.0	1933.7220458984375	2232.862060546875
3000.0	2709.0	356.0	2045.0	1939.4451904296875	2257.43212890625
2991.0	2679.0	357.0	2044.0	1972.2052001953125	2290.192138671875
2970.0	2663.0	356.0	2045.0	1993.3817138671875	2331.14208984375
2962.0	2642.0	355.0	2042.0	2034.3316650390625	2341.2041015625
2963.0	2638.0	355.0	2043.0	2011.9456787109375	2349.033935546875
2946.0	2608.0	356.0	2044.0	2044.7056884765625	2389.984130859375
2933.0	2586.0	357.0	2044.0	2054.154052734375	2410.67431640625
2914.0	2574.0	356.0	2044.0	2086.9140625	2413.015869140625
2904.0	2548.0	357.0	2044.0	2089.510498046875	2437.5859375
2884.0	2522.0	355.0	2045.0	2103.067138671875	2453.966064453125
2866.0	2497.0	358.0	2045.0	2119.447021484375	2466.2705078125
2844.0	2482.0	355.0	2043.0	2140.66943359375	2474.39892578125
2830.0	2458.0	358.0	2045.0	2174.793212890625	2478.048095703125
2807.0	2441.0	357.0	2043.0	2215.7431640625	2501.806884765625
2804.0	2443.0	356.0	2045.0	2234.10498046875	2469.046875
2795.0	2424.0	358.0	2042.0	2229.2109375	2477.23681640625
2778.0	2405.0	357.0	2042.0	2253.781005859375	2472.250732421875
2767.0	2391.0	357.0	2045.0	2258.468994140625	2455.87060546875
2747.0	2364.0	353.0	2044.0	2285.617431640625	2480.440673828125
2729.0	2351.0	356.0	2042.0	2304.3388671875	2479.97412109375
2708.0	2340.0	355.0	2042.0	2325.56884765625	2466.774658203125
2678.0	2326.0	357.0	2043.0	2336.518310546875	2442.20458984375
2679.0	2327.0	357.0	2045.0	2377.468505859375	2420.11181640625
2631.0	2301.0	357.0	2044.0	2418.41845703125	2432.9580078125
2631.0	2301.0	356.0	2042.0	2459.368408203125	2402.8779296875
2609.0	2287.0	355.0	2045.0	2500.318359375	2398.185546875
2591.0	2273.0	357.0	2044.0	2518.645751953125	2391.705078125
2567.0	2262.0	355.0	2043.0	2532.724853515625	2390.201171875
2554.0	2261.0	358.0	2041.0	2532.724853515625	2352.45068359375
2541.0	2246.0	355.0	2044.0	2545.955810546875	2353.32861328125
2522.0	2234.0	357.0	2044.0	2538.10595703125	2345.138671875
2517.0	2234.0	357.0	2045.0	2533.452392578125	2324.2509765625
2513.0	2233.0	357.0	2045.0	2500.6923828125	2283.301025390625
2494.0	2225.0	356.0	2045.0	2500.6923828125	2280.1806640625
2484.0	2225.0	356.0	2043.0	2495.5966796875	2251.895751953125
2467.0	2223.0	356.0	2042.0	2511.976806640625	2214.0703125
2454.0	2209.0	355.0	2043.0	2501.47802734375	2232.527099609375
2434.0	2210.0	358.0	2043.0	2509.66796875	2209.453369140625
2425.0	2207.0	355.0	2045.0	2500.5732421875	2183.725341796875
2422.0	2208.0	355.0	2043.0	2490.7333984375	2155.642333984375
2405.0	2208.0	356.0	2043.0	2474.786865234375	2133.532958984375
2389.0	2210.0	357.0	2044.0	2450.216796875	2107.632080078125
2387.0	2208.0	357.0	2044.0	2457.208740234375	2095.3515625
2372.0	2207.0	356.0	2044.0	2458.682373046875	2081.7216796875
2366.0	2208.0	357.0	2042.0	2442.49853515625	2063.368896484375
2356.0	2207.0	356.0	2043.0	2434.30859375	2052.494140625
2348.0	2210.0	357.0	2043.0	2417.553466796875	2034.2803955078125
2338.0	2222.0	356.0	2045.0	2410.90966796875	2005.78173828125
2327.0	2222.0	356.0	2043.0	2407.6796875	1972.6834716796875
2327.0	2222.0	355.0	2045.0	2366.729736328125	1967.464111328125
2317.0	2220.0	356.0	2045.0	2364.281494140625	1963.6278076171875
2310.0	2223.0	355.0	2045.0	2356.09130859375	1955.359375
2309.0	2224.0	356.0	2045.0	2332.72216796875	1947.021728515625
2310.0	2236.0	355.0	2043.0	2291.77197265625	1906.07177734375
2301.0	2234.0	355.0	2045.0	2291.77197265625	1911.336181640625
2300.0	2237.0	357.0	2045.0	2261.786376953125	1900.73193359375
2291.0	2234.0	355.0	2046.0	2269.9765625	1911.9927978515625
2288.0	2248.0	357.0	2044.0	2238.564208984375	1883.411376953125
2279.0	2248.0	357.0	2045.0	2234.004638671875	1867.0828857421875
2280.0	2246.0	356.0	2045.0	2219.320068359375	1873.0167236328125
2279.0	2249.0	355.0	2043.0	2195.870849609375	1870.8428955078125
2269.0	2259.0	356.0	2043.0	2193.33154296875	1860.3974609375
2270.0	2260.0	357.0	2042.0	2183.0185546875	1841.4136962890625
2269.0	2259.0	358.0	2044.0	2159.340576171875	1839.0689697265625
2269.0	2262.0	356.0	2045.0	2138.921630859375	1845.822998046875
2269.0	2274.0	357.0	2044.0	2119.01220703125	1823.50390625
2268.0	2272.0	356.0	2043.0	2105.593994140625	1824.913818359375
2258.0	2278.0	357.0	2042.0	2116.1630859375	1817.3690185546875
2259.0	2274.0	357.0	2045.0	2119.221435546875	1832.3453369140625
2259.0	2270.0	355.0	2043.0	2093.49658203125	1842.049560546875
2259.0	2275.0	356.0	2045.0	2077.87939453125	1839.2811279296875
2261.0	2285.0	358.0	2044.0	2058.460693359375	1808.91748046875
2261.0	2288.0	356.0	2043.0	2041.8128662109375	1810.530029296875
2258.0	2288.0	355.0	2043.0	2042.15283203125	1817.860107421875
2258.0	2286.0	357.0	2045.0	2028.893798828125	1831.7650146484375
2260.0	2305.0	357.0	2045.0	2018.8101806640625	1800.2843017578125
2259.0	2302.0	357.0	2044.0	2011.5361328125	1791.6900634765625
2259.0	2302.0	354.0	2043.0	2003.7034912109375	1800.643798828125
2259.0	2301.0	357.0	2044.0	1994.5181884765625	1812.4398193359375
2258.0	2294.0	356.0	2042.0	1994.8905029296875	1822.8095703125
2258.0	2302.0	355.0	2044.0	1981.8759765625	1825.1065673828125
2258.0	2301.0	356.0	2044.0	1983.545166015625	1827.3958740234375
2257.0	2300.0	357.0	2045.0	1979.5120849609375	1841.229736328125
2258.0	2306.0	358.0	2045.0	1970.502685546875	1841.5531005859375
2257.0	2299.0	357.0	2046.0	1971.0943603515625	1854.2138671875
2260.0	2300.0	358.0	2044.0	1957.32568359375	1854.516357421875
2258.0	2287.0	356.0	2043.0	1955.695556640625	1880.4473876953125
2262.0	2292.0	355.0	2042.0	1948.39892578125	1903.7093505859375
2258.0	2284.0	356.0	2045.0	1958.310302734375	1911.4461669921875
2259.0	2286.0	356.0	2045.0	1951.2950439453125	1901.95458984375
2257.0	2285.0	357.0	2042.0	1953.5467529296875	1908.1248779296875
2259.0	2272.0	357.0	2044.0	1947.08447265625	1949.074951171875
2270.0	2273.0	356.0	2044.0	1941.4620361328125	1943.0589599609375
2258.0	2270.0	355.0	2045.0	1948.6451416015625	1943.48291015625
2257.0	2261.0	357.0	2044.0	1942.5382080078125	1970.9326171875
2251.0	2260.0	356.0	2043.0	1970.3966064453125	1970.435791015625
2263.0	2259.0	357.0	2045.0	1974.3870849609375	1969.724609375
2248.0	2248.0	358.0	2045.0	1980.4652099609375	1971.814453125
2252.0	2247.0	357.0	2045.0	1968.4764404296875	1995.791015625
2249.0	2249.0	357.0	2042.0	1967.1312255859375	1982.052001953125
2254.0	2248.0	358.0	2045.0	1956.221435546875	1978.0274658203125
2248.0	2234.0	357.0	2045.0	1965.2469482421875	2018.698486328125
2254.0	2236.0	358.0	2045.0	1949.08203125	2001.2872314453125
2248.0	2235.0	357.0	2045.0	1954.4345703125	1995.9014892578125
2249.0	2223.0	355.0	2044.0	1953.0313720703125	2027.4278564453125
2251.0	2222.0	356.0	2043.0	1941.2200927734375	2021.0479736328125
2245.0	2208.0	357.0	2043.0	1950.338134765625	2027.149658203125
2240.0	2208.0	356.0	2044.0	1956.3685302734375	2048.0439453125
2240.0	2208.0	357.0	2045.0	1983.885986328125	2034.91845703125
2239.0	2195.0	358.0	2045.0	1979.732177734375	2035.477783203125
2240.0	2195.0	357.0	2044.0	1974.2025146484375	2056.45361328125
2239.0	2195.0	357.0	2045.0	1971.02734375	2041.75634765625
2238.0	2195.0	357.0	2043.0	1972.0631103515625	2032.518798828125
2239.0	2184.0	357.0	2045.0	1967.730712890625	2054.8564453125
2231.0	2183.0	357.0	2043.0	1975.373779296875	2050.077880859375
2229.0	2183.0	357.0	2046.0	2004.6502685546875	2043.36865234375
2230.0	2170.0	357.0	2043.0	1994.752685546875	2051.5927734375
2233.0	2171.0	356.0	2043.0	1985.43603515625	2059.981689453125
2231.0	2170.0	357.0	2042.0	1978.1326904296875	2043.8583984375
2230.0	2158.0	356.0	2045.0	1980.359375	2076.264404296875
2220.0	2155.0	358.0	2045.0	2011.474609375	2070.17431640625
2219.0	2157.0	358.0	2045.0	2011.7802734375	2051.83154296875
2220.0	2143.0	355.0	2045.0	2001.513916015625	2076.401611328125
2221.0	2144.0	357.0	2044.0	1995.123046875	2070.578857421875
2210.0	2143.0	356.0	2043.0	2011.412353515625	2060.082763671875
2212.0	2132.0	356.0	2043.0	2025.7593994140625	2083.2685546875
2210.0	2129.0	357.0	2042.0	2022.0277099609375	2083.65966796875
2203.0	2131.0	357.0	2044.0	2025.501708984375	2062.554443359375
2201.0	2128.0	357.0	2043.0	2046.1119384765625	2053.5400390625
2202.0	2130.0	357.0	2043.0	2033.302490234375	2042.255859375
2200.0	2114.0	358.0	2045.0	2032.3544921875	2072.228515625
2202.0	2118.0	357.0	2044.0	2016.264892578125	2061.698486328125
2189.0	2118.0	357.0	2045.0	2050.823486328125	2050.113525390625
2190.0	2107.0	356.0	2043.0	2051.66357421875	2076.9228515625
2191.0	2104.0	357.0	2044.0	2037.28662109375	2074.23681640625
2180.0	2106.0	358.0	2045.0	2041.8389892578125	2056.303466796875
2181.0	2116.0	358.0	2045.0	2061.7177734375	2045.785400390625
2181.0	2093.0	355.0	2044.0	2054.043212890625	2055.460693359375
2181.0	2092.0	355.0	2042.0	2044.6669921875	2072.446044921875
2171.0	2094.0	356.0	2042.0	2079.963134765625	2057.61572265625
2172.0	2091.0	356.0	2043.0	2063.643310546875	2053.6494140625
2171.0	2093.0	357.0	2042.0	2061.49072265625	2036.8714599609375
2163.0	2100.0	354.0	2043.0	2083.678955078125	2025.666259765625
2164.0	2091.0	357.0	2045.0	2073.347412109375	2026.926513671875
2152.0	2078.0	355.0	2045.0	2089.849365234375	2036.41455078125
2153.0	2080.0	357.0	2045.0	2102.437255859375	2049.59814453125
2151.0	2084.0	357.0	2043.0	2087.17236328125	2040.526123046875
2144.0	2078.0	357.0	2043.0	2110.26904296875	2037.503173828125
2144.0	2088.0	356.0	2045.0	2094.170166015625	2022.5548095703125
2132.0	2080.0	357.0	2044.0	2134.828369140625	2015.447509765625
2132.0	2083.0	356.0	2045.0	2119.475830078125	2005.771728515625
2132.0	2068.0	358.0	2045.0	2105.535400390625	2027.8955078125
2123.0	2082.0	356.0	2043.0	2129.48388671875	2041.5712890625
2125.0	2066.0	356.0	2043.0	2115.8232421875	2035.629150390625
2123.0	2065.0	356.0	2043.0	2104.697998046875	2031.80810546875
2112.0	2067.0	358.0	2043.0	2108.417724609375	2021.7791748046875
2113.0	2064.0	357.0	2045.0	2124.18994140625	2016.631103515625
2103.0	2066.0	355.0	2044.0	2126.62158203125	2009.882568359375
2104.0	2063.0	357.0	2043.0	2136.142822265625	2005.6187744140625
2104.0	2066.0	358.0	2045.0	2121.384521484375	2000.0670166015625
2105.0	2062.0	356.0	2043.0	2103.478759765625	2000.4998779296875
2104.0	2065.0	356.0	2045.0	2095.940185546875	1993.653076171875
2093.0	2063.0	357.0	2042.0	2105.572998046875	1993.11083984375
2095.0	2067.0	356.0	2043.0	2112.435791015625	1981.685791015625
2093.0	2065.0	357.0	2045.0	2107.01904296875	1986.22802734375
2085.0	2066.0	357.0	2045.0	2110.47314453125	1979.9024658203125
2085.0	2064.0	356.0	2045.0	2121.3369140625	1974.3863525390625
2084.0	2067.0	358.0	2041.0	2108.09814453125	1975.9390869140625
2084.0	2062.0	355.0	2043.0	2101.68115234375	1974.1953125
2074.0	2067.0	357.0	2045.0	2128.32958984375	1968.130615234375
2075.0	2065.0	358.0	2042.0	2118.8203125	1966.5723876953125
2074.0	2067.0	356.0	2045.0	2108.8994140625	1965.0550537109375
2075.0	2071.0	357.0	2045.0	2093.916259765625	1963.5660400390625
2064.0	2065.0	358.0	2045.0	2103.835693359375	1970.0643310546875
2066.0	2072.0	357.0	2045.0	2113.4716796875	1960.923583984375
2065.0	2066.0	358.0	2045.0	2106.000732421875	1964.3406982421875
2066.0	2069.0	357.0	2044.0	2091.66162109375	1952.2962646484375
2065.0	2067.0	356.0	2045.0	2086.91552734375	1958.939453125
2064.0	2067.0	357.0	2045.0	2079.771240234375	1958.2298583984375
2055.0	2065.0	354.0	2045.0	2087.961181640625	1957.8505859375
2055.0	2066.0	357.0	2045.0	2105.0888671875	1961.15771484375
2055.0	2065.0	357.0	2043.0	2092.0458984375	1964.520263671875
2055.0	2064.0	357.0	2046.0	2086.08447265625	1956.7470703125
2055.0	2066.0	354.0	2043.0	2077.79052734375	1959.9141845703125
2055.0	2066.0	357.0	2044.0	2070.5126953125	1959.54345703125
2055.0	2068.0	357.0	2042.0	2063.774169921875	1955.035888671875
2045.0	2065.0	355.0	2045.0	2096.5341796875	1958.67822265625
2046.0	2065.0	358.0	2045.0	2087.496337890625	1955.0169677734375
2044.0	2052.0	356.0	2045.0	2088.578857421875	1994.47607421875
2045.0	2052.0	356.0	2045.0	2072.718505859375	2001.9517822265625
2045.0	2052.0	357.0	2046.0	2069.201416015625	1998.2425537109375
2046.0	2053.0	357.0	2045.0	2068.680908203125	1990.910888671875
2044.0	2047.0	357.0	2044.0	2058.130126953125	2000.3402099609375
2035.0	2054.0	358.0	2045.0	2063.06982421875	1981.3619384765625
2037.0	2054.0	354.0	2045.0	2081.43505859375	1982.772705078125
2035.0	2053.0	358.0	2044.0	2076.648193359375	1980.0810546875
2035.0	2047.0	357.0	2045.0	2076.754638671875	1982.437744140625
2036.0	2053.0	354.0	2044.0	2065.634521484375	1976.883544921875
2037.0	2050.0	357.0	2045.0	2055.0380859375	1974.7874755859375
2036.0	2051.0	356.0	2043.0	2055.830810546875	1977.5892333984375
2036.0	2052.0	358.0	2046.0	2049.692138671875	1972.072265625
2036.0	2052.0	357.0	2045.0	2045.570556640625	1973.7796630859375
2026.0	2057.0	355.0	2043.0	2059.702392578125	1961.1029052734375
2027.0	2053.0	357.0	2044.0	2077.23388671875	1967.7347412109375
2026.0	2045.0	358.0	2045.0	2075.296142578125	1967.0391845703125
2026.0	2053.0	356.0	2043.0	2069.139404296875	1965.8709716796875
2026.0	2060.0	357.0	2045.0	2063.365966796875	1964.79931640625
2025.0	2051.0	357.0	2045.0	2063.41455078125	1971.59716796875
2026.0	2054.0	357.0	2045.0	2053.975830078125	1959.9498291015625
2025.0	2054.0	357.0	2045.0	2053.87353515625	1959.2357177734375
2027.0	2042.0	356.0	2043.0	2040.7542724609375	1979.1114501953125
2026.0	2039.0	357.0	2046.0	2041.7347412109375	2008.2210693359375
2025.0	2054.0	355.0	2043.0	2038.927734375	1996.466796875
2028.0	2037.0	356.0	2044.0	2028.3941650390625	2004.8818359375
2026.0	2037.0	357.0	2044.0	2033.74609375	1997.7271728515625
2015.0	2040.0	357.0	2045.0	2066.8291015625	1990.308349609375
2016.0	2049.0	357.0	2043.0	2068.330810546875	1987.322265625
2016.0	2040.0	356.0	2044.0	2065.635986328125	1985.0384521484375
2016.0	2038.0	358.0	2043.0	2060.387939453125	1989.8331298828125
2016.0	2041.0	355.0	2043.0	2056.76416015625	1976.8038330078125
2017.0	2040.0	357.0	2046.0	2048.06494140625	1990.9954833984375
2016.0	2026.0	358.0	2045.0	2046.3482666015625	2021.8546142578125
2017.0	2031.0	357.0	2046.0	2041.5797119140625	2007.0712890625
2016.0	2026.0	356.0	2044.0	2042.81005859375	2012.2376708984375
2016.0	2019.0	355.0	2043.0	2040.87451171875	2008.947021484375
2016.0	2029.0	357.0	2043.0	2033.1666259765625	1996.6790771484375
2016.0	2030.0	358.0	2046.0	2035.9024658203125	1986.6710205078125
2007.0	2013.0	358.0	2045.0	2060.472412109375	2021.527099609375
2007.0	2017.0	358.0	2045.0	2070.30322265625	2033.370849609375
2007.0	2016.0	357.0	2044.0	2065.01025390625	2018.863037109375
2010.0	2014.0	358.0	2045.0	2057.882080078125	2020.940185546875
2007.0	2012.0	355.0	2044.0	2056.055419921875	2020.7459716796875
2007.0	2014.0	357.0	2046.0	2051.929443359375	2012.004638671875
2007.0	2016.0	355.0	2045.0	2048.738525390625	2001.1129150390625
2007.0	2014.0	357.0	2046.0	2045.6173095703125	2004.753662109375
2009.0	2015.0	355.0	2044.0	2040.0384521484375	1997.7962646484375
2008.0	2014.0	357.0	2045.0	2035.3670654296875	1995.5845947265625
2006.0	2012.0	357.0	2045.0	2039.87451171875	1997.4998779296875
2007.0	2014.0	357.0	2045.0	2036.40576171875	1993.1181640625
2006.0	2000.0	358.0	2044.0	2034.2835693359375	2017.6292724609375
1998.0	2002.0	356.0	2044.0	2053.9404296875	2027.0010986328125
1997.0	2001.0	356.0	2042.0	2074.5546875	2024.2774658203125
2005.0	2002.0	356.0	2043.0	2063.73876953125	2016.190673828125
1999.0	2002.0	358.0	2046.0	2058.2470703125	2011.800537109375
2001.0	1999.0	356.0	2044.0	2054.150634765625	2008.832275390625
1996.0	2002.0	357.0	2043.0	2058.729248046875	2006.745361328125
1997.0	2001.0	356.0	2045.0	2054.8515625	2005.8853759765625
1999.0	2002.0	358.0	2045.0	2043.3450927734375	1998.886474609375
1997.0	2000.0	357.0	2045.0	2049.47607421875	2002.1331787109375
1997.0	2002.0	358.0	2045.0	2046.7017822265625	1994.49462890625
1997.0	2001.0	357.0	2046.0	2039.546142578125	1995.591552734375
1999.0	2000.0	357.0	2044.0	2033.32080078125	1990.171142578125
1998.0	2001.0	358.0	2045.0	2036.3955078125	1991.76123046875
1999.0	1997.0	356.0	2045.0	2031.6839599609375	1994.6424560546875
1996.0	2002.0	356.0	2045.0	2034.4775390625	1985.331298828125
1988.0	1999.0	355.0	2044.0	2075.427490234375	1988.1007080078125
1987.0	2001.0	358.0	2046.0	2068.853271484375	1986.223876953125
1988.0	2005.0	357.0	2045.0	2067.01708984375	1984.763671875
1990.0	2001.0	356.0	2043.0	2063.752197265625	1983.9654541015625
1988.0	2001.0	358.0	2042.0	2058.7783203125	1983.0965576171875
1989.0	2000.0	355.0	2043.0	2053.277587890625	1986.0576171875
1987.0	2001.0	355.0	2043.0	2056.83203125	1981.8695068359375
1987.0	2001.0	357.0	2043.0	2054.46142578125	1981.18115234375
1987.0	2006.0	356.0	2045.0	2051.640380859375	1976.5321044921875
1987.0	2001.0	355.0	2044.0	2049.351806640625	1980.26416015625
1987.0	2002.0	357.0	2045.0	2047.8480224609375	1976.1270751953125
1988.0	2002.0	355.0	2042.0	2040.942138671875	1975.5142822265625
1987.0	2004.0	357.0	2045.0	2044.1339111328125	1971.0660400390625
1977.0	2002.0	357.0	2043.0	2054.609375	1977.3687744140625
1977.0	1996.0	354.0	2044.0	2079.94775390625	1986.19677734375
1978.0	2001.0	355.0	2043.0	2075.558837890625	1973.5081787109375
1982.0	2010.0	357.0	2045.0	2064.086669921875	1966.9439697265625
1977.0	2014.0	357.0	2043.0	2072.379150390625	1934.1839599609375
1977.0	2013.0	358.0	2043.0	2065.709228515625	1939.313720703125
1979.0	2015.0	357.0	2044.0	2055.873046875	1938.644775390625
1976.0	2015.0	357.0	2045.0	2063.379150390625	1941.2264404296875
1979.0	2013.0	355.0	2044.0	2050.726806640625	1951.25341796875
1978.0	2015.0	357.0	2044.0	2053.166015625	1946.340576171875
1978.0	2015.0	357.0	2045.0	2051.1982421875	1948.4949951171875
1981.0	2015.0	357.0	2044.0	2036.6513671875	1950.571044921875
1978.0	2014.0	358.0	2045.0	2047.6981201171875	1951.76171875
1971.0	2017.0	356.0	2044.0	2046.5872802734375	1956.4534912109375
1978.0	2014.0	356.0	2045.0	2045.0634765625	1958.1622314453125
1978.0	2015.0	357.0	2045.0	2043.5533447265625	1956.5303955078125
1979.0	2017.0	358.0	2045.0	2039.28271484375	1957.2882080078125
1977.0	2014.0	357.0	2045.0	2041.8197021484375	1961.9130859375
1978.0	2014.0	355.0	2042.0	2040.6279296875	1962.4232177734375
1978.0	2013.0	357.0	2042.0	2039.9757080078125	1967.222412109375
1978.0	2015.0	357.0	2042.0	2038.8662109375	1960.7550048828125
1979.0	2014.0	356.0	2045.0	2033.379150390625	1954.60693359375
1978.0	2009.0	356.0	2045.0	2037.8980712890625	1976.6285400390625
1978.0	2015.0	355.0	2044.0	2033.4141845703125	1965.6019287109375
1978.0	2017.0	356.0	2044.0	2036.92724609375	1958.6044921875
1978.0	2015.0	358.0	2046.0	2037.2906494140625	1963.57177734375
1978.0	2014.0	357.0	2045.0	2036.139892578125	1967.5296630859375
1978.0	2014.0	357.0	2043.0	2036.17431640625	1964.78515625
1978.0	2017.0	357.0	2044.0	2035.781494140625	1963.541259765625
1978.0	2014.0	357.0	2044.0	2035.2491455078125	1968.281494140625
1977.0	2016.0	357.0	2044.0	2039.3089599609375	1965.3375244140625
1977.0	2015.0	357.0	2043.0	2034.2283935546875	1965.56103515625
1980.0	2017.0	356.0	2045.0	2026.4901123046875	1964.8155517578125
1979.0	2013.0	357.0	2042.0	2029.5955810546875	1973.0731201171875
1980.0	2011.0	357.0	2045.0	2031.294189453125	1970.3359375
1980.0	2017.0	357.0	2043.0	2025.685791015625	1968.745849609375
1979.0	2014.0	357.0	2042.0	2030.12939453125	1966.617919921875
1979.0	2015.0	355.0	2043.0	2029.1336669921875	1966.9619140625
1978.0	2014.0	356.0	2045.0	2033.92724609375	1970.524169921875
1978.0	2013.0	355.0	2046.0	2033.5576171875	1971.0194091796875
1980.0	2013.0	355.0	2042.0	2023.9051513671875	1974.0347900390625
1977.0	2014.0	357.0	2045.0	2032.8658447265625	1970.3350830078125
1980.0	2016.0	357.0	2044.0	2029.36669921875	1963.4635009765625
1977.0	2013.0	355.0	2046.0	2037.5567626953125	1971.201904296875
1982.0	2013.0	357.0	2045.0	2024.9649658203125	1974.42041015625
1980.0	2016.0	358.0	2044.0	2023.94384765625	1963.6881103515625
1976.0	2013.0	357.0	2045.0	2028.3216552734375	1974.37890625
1967.0	2013.0	356.0	2045.0	2057.833251953125	1967.3135986328125
1966.0	2003.0	357.0	2044.0	2074.213134765625	1983.9439697265625
1969.0	2004.0	358.0	2045.0	2067.331298828125	2005.4202880859375
1967.0	2002.0	357.0	2043.0	2069.443115234375	2005.8658447265625
1969.0	2001.0	355.0	2042.0	2060.8515625	2006.29296875
1968.0	2001.0	356.0	2042.0	2062.965576171875	2003.496337890625
1967.0	2002.0	358.0	2042.0	2061.842041015625	1997.3114013671875
1968.0	2002.0	355.0	2045.0	2058.485107421875	1994.9964599609375
1970.0	2001.0	358.0	2044.0	2048.587158203125	1993.6988525390625
1966.0	2003.0	355.0	2045.0	2050.910888671875	1991.588134765625
1966.0	2003.0	356.0	2042.0	2057.158447265625	1989.0247802734375
1967.0	2002.0	355.0	2043.0	2056.35498046875	1990.65087890625
1967.0	2002.0	356.0	2042.0	2055.14208984375	1986.292236328125
1968.0	2002.0	357.0	2046.0	2049.64697265625	1985.1080322265625
1968.0	1987.0	356.0	2045.0	2048.4150390625	2026.05810546875
1970.0	1987.0	357.0	2045.0	2037.5791015625	2028.3087158203125
1969.0	1990.0	357.0	2045.0	2041.7091064453125	2013.3887939453125
1968.0	1989.0	357.0	2045.0	2045.7332763671875	2012.7882080078125
1968.0	1991.0	356.0	2045.0	2045.0762939453125	2005.368408203125
1969.0	1986.0	357.0	2044.0	2040.7769775390625	2010.1300048828125
1969.0	1986.0	356.0	2045.0	2038.7117919921875	2010.673828125
1968.0	1989.0	356.0	2045.0	2042.8170166015625	1999.6639404296875
1967.0	1993.0	357.0	2044.0	2041.7899169921875	1993.1793212890625
1967.0	1988.0	355.0	2044.0	2041.86767578125	1995.881103515625
1971.0	1990.0	357.0	2043.0	2033.2698974609375	1996.2161865234375
1971.0	1988.0	359.0	2044.0	2031.5255126953125	1994.993896484375
1973.0	1988.0	357.0	2046.0	2032.13720703125	1996.4652099609375
1968.0	1987.0	356.0	2044.0	2040.7509765625	1991.798583984375
1962.0	1985.0	356.0	2044.0	2040.5496826171875	1998.3211669921875
1970.0	1974.0	357.0	2045.0	2032.33544921875	2005.6116943359375
1967.0	1975.0	358.0	2046.0	2043.898681640625	2029.0242919921875
1968.0	1976.0	358.0	2043.0	2040.0855712890625	2021.0809326171875
1970.0	1975.0	358.0	2044.0	2029.94580078125	2020.774658203125
1968.0	1974.0	356.0	2044.0	2035.6190185546875	2020.70458984375
1967.0	1974.0	357.0	2045.0	2034.5985107421875	2017.578369140625
1967.0	1976.0	356.0	2045.0	2039.5213623046875	2007.45166015625
1969.0	1975.0	357.0	2045.0	2035.5152587890625	2008.3714599609375
1967.0	1979.0	358.0	2044.0	2039.7196044921875	1998.3262939453125
1969.0	1975.0	356.0	2044.0	2035.6162109375	2001.5067138671875
1980.0	1975.0	356.0	2045.0	2023.2418212890625	2001.949462890625
1979.0	1976.0	358.0	2044.0	1992.5213623046875	1996.701416015625
1978.0	1983.0	357.0	2043.0	1995.794189453125	2001.841064453125
1978.0	1974.0	355.0	2043.0	2003.2669677734375	2000.853759765625
1978.0	1981.0	357.0	2044.0	2007.4080810546875	1987.5057373046875
1979.0	1977.0	357.0	2043.0	2005.083984375	1987.7474365234375
1977.0	1974.0	356.0	2045.0	2007.5145263671875	1993.912841796875
1979.0	1974.0	357.0	2043.0	2009.381591796875	1993.008544921875
1981.0	1975.0	357.0	2044.0	2007.5594482421875	1992.0013427734375
1979.0	1975.0	358.0	2042.0	2012.7918701171875	1991.3701171875
1978.0	1974.0	357.0	2043.0	2018.552734375	1987.350830078125
1977.0	1975.0	357.0	2046.0	2019.5943603515625	1987.5543212890625
1982.0	1976.0	356.0	2045.0	2013.837890625	1986.2401123046875
1969.0	1975.0	355.0	2044.0	2030.1722412109375	1989.2911376953125
1966.0	1975.0	357.0	2043.0	2068.0654296875	1988.6005859375
1968.0	1977.0	355.0	2044.0	2065.505126953125	1987.5430908203125
1969.0	1978.0	355.0	2043.0	2055.64013671875	1990.771728515625
1968.0	1976.0	358.0	2045.0	2057.16064453125	1986.5377197265625
1971.0	1974.0	355.0	2045.0	2046.7086181640625	1987.7498779296875
1969.0	1976.0	356.0	2041.0	2051.701171875	1983.259765625
1967.0	1976.0	357.0	2045.0	2041.5987548828125	1982.7001953125
1970.0	1971.0	355.0	2043.0	2045.6988525390625	1993.808837890625
1968.0	1976.0	357.0	2045.0	2056.248291015625	1988.9539794921875
1968.0	1989.0	355.0	2043.0	2050.782958984375	1948.0040283203125
1968.0	1990.0	357.0	2045.0	2049.64794921875	1941.6573486328125
1967.0	1990.0	358.0	2045.0	2053.021484375	1947.6800537109375
1967.0	1989.0	357.0	2042.0	2048.13525390625	1948.9710693359375
1971.0	1982.0	357.0	2045.0	2043.646240234375	1959.490966796875
1968.0	1989.0	357.0	2044.0	2045.93505859375	1954.4678955078125
1968.0	1991.0	357.0	2045.0	2045.3072509765625	1956.0953369140625
1958.0	1989.0	357.0	2044.0	2061.988525390625	1961.4892578125
1960.0	1986.0	358.0	2044.0	2078.779296875	1964.36572265625
1959.0	1988.0	357.0	2044.0	2079.753173828125	1968.018798828125
1958.0	1988.0	358.0	2045.0	2076.669677734375	1966.4520263671875
1959.0	1988.0	357.0	2044.0	2072.901611328125	1967.7864990234375
1969.0	1988.0	356.0	2045.0	2067.173095703125	1964.5015869140625
1959.0	1986.0	355.0	2045.0	2067.93359375	1977.0091552734375
1955.0	1986.0	358.0	2045.0	2071.108154296875	1977.9405517578125
1959.0	1987.0	356.0	2044.0	2063.5615234375	1975.4097900390625
1957.0	1985.0	357.0	2044.0	2066.3134765625	1976.87158203125
1949.0	1988.0	356.0	2045.0	2073.297607421875	1973.340087890625
1950.0	1986.0	357.0	2045.0	2097.15625	1977.4952392578125
1949.0	1989.0	356.0	2044.0	2096.765625	1970.89892578125
1948.0	1987.0	358.0	2045.0	2096.869873046875	1978.559326171875
1951.0	1989.0	357.0	2045.0	2080.478271484375	1972.0576171875
1949.0	1988.0	357.0	2043.0	2084.1953125	1976.1937255859375
1948.0	1984.0	357.0	2045.0	2081.343505859375	1977.181640625
1948.0	1989.0	357.0	2046.0	2076.863525390625	1973.581298828125
1952.0	1988.0	357.0	2045.0	2066.6611328125	1977.4908447265625
1949.0	1988.0	355.0	2045.0	2071.6025390625	1977.4686279296875
1950.0	1989.0	357.0	2042.0	2064.259765625	1977.155517578125
1941.0	1987.0	356.0	2045.0	2076.08154296875	1981.5164794921875
1941.0	1987.0	358.0	2045.0	2099.708251953125	1981.5440673828125
1941.0	1988.0	356.0	2044.0	2094.9150390625	1978.31005859375
1939.0	1989.0	357.0	2044.0	2096.09228515625	1974.9793701171875
1940.0	1990.0	357.0	2045.0	2091.008544921875	1973.5025634765625
1954.0	1988.0	356.0	2043.0	2078.498291015625	1982.4085693359375
1939.0	1987.0	357.0	2045.0	2085.130615234375	1982.6298828125
1938.0	1987.0	356.0	2045.0	2085.756103515625	1979.9688720703125
1940.0	1987.0	357.0	2045.0	2078.0	1983.0113525390625
1939.0	1986.0	356.0	2042.0	2076.3662109375	1983.7601318359375
1941.0	1989.0	356.0	2044.0	2068.002197265625	1976.1429443359375
1942.0	1989.0	356.0	2043.0	2061.095458984375	1976.1767578125
1939.0	1992.0	357.0	2045.0	2069.18310546875	1975.6856689453125
1940.0	1989.0	355.0	2043.0	2067.268798828125	1976.6385498046875
1940.0	1988.0	357.0	2042.0	2065.5947265625	1980.1236572265625
1939.0	1976.0	356.0	2045.0	2068.7734375	2000.1796875
1930.0	1975.0	358.0	2045.0	2093.343505859375	2021.2513427734375
1931.0	1974.0	356.0	2043.0	2099.15673828125	2021.2440185546875
1930.0	1972.0	357.0	2042.0	2100.4560546875	2015.2288818359375
1929.0	1977.0	355.0	2044.0	2099.791015625	2011.473876953125
1928.0	1971.0	357.0	2045.0	2091.486083984375	2013.327392578125
1929.0	1975.0	356.0	2044.0	2092.382080078125	2006.87109375
1930.0	1976.0	358.0	2046.0	2083.805419921875	2001.416259765625
1929.0	1976.0	358.0	2044.0	2083.551513671875	1999.423095703125
1932.0	1975.0	355.0	2045.0	2074.908203125	2001.2562255859375
1929.0	1976.0	358.0	2044.0	2081.0986328125	1999.207275390625
1928.0	1975.0	358.0	2044.0	2074.85205078125	1996.0946044921875
1928.0	1974.0	356.0	2044.0	2075.80029296875	2000.8826904296875
1929.0	1976.0	354.0	2042.0	2071.370361328125	1992.5726318359375
1932.0	1976.0	355.0	2043.0	2059.93408203125	1991.4031982421875
1930.0	1978.0	358.0	2044.0	2068.373046875	1986.2786865234375
1930.0	1973.0	357.0	2045.0	2067.575927734375	2000.7615966796875
1929.0	1975.0	355.0	2043.0	2072.264892578125	1992.6337890625
1929.0	1978.0	358.0	2044.0	2069.646728515625	1988.6226806640625
1929.0	1976.0	356.0	2044.0	2064.890625	1987.900390625
1931.0	1978.0	355.0	2044.0	2059.850830078125	1980.04736328125
1932.0	1977.0	358.0	2045.0	2054.103271484375	1983.0015869140625
1929.0	1981.0	357.0	2042.0	2062.422607421875	1989.2149658203125
1930.0	1977.0	356.0	2042.0	2067.1708984375	1982.1334228515625
1934.0	1973.0	358.0	2045.0	2049.729248046875	1985.9864501953125
1930.0	1975.0	356.0	2044.0	2061.17529296875	1989.1251220703125
1932.0	1976.0	357.0	2043.0	2052.62353515625	1985.1373291015625
1930.0	1978.0	357.0	2045.0	2057.238037109375	1978.0595703125
1931.0	1973.0	357.0	2045.0	2055.018310546875	1989.037109375
1931.0	1975.0	355.0	2042.0	2054.769775390625	1988.18896484375
1927.0	1975.0	357.0	2044.0	2063.53271484375	1989.06689453125
1932.0	1975.0	356.0	2043.0	2055.21142578125	1987.4320068359375
1929.0	1978.0	357.0	2045.0	2059.173095703125	1987.0411376953125
1941.0	1975.0	357.0	2045.0	2042.094970703125	1987.2557373046875
1940.0	1975.0	356.0	2045.0	2009.3349609375	1987.067626953125
1941.0	1972.0	357.0	2044.0	2014.268798828125	1991.740966796875
1939.0	1974.0	357.0	2045.0	2027.8436279296875	1990.7119140625
1940.0	1973.0	357.0	2043.0	2024.9002685546875	1991.3800048828125
1940.0	1988.0	355.0	2043.0	2028.2403564453125	1974.9014892578125
1939.0	1985.0	357.0	2043.0	2030.4146728515625	1949.5045166015625
1940.0	1990.0	358.0	2045.0	2027.73876953125	1944.792724609375
1938.0	2001.0	357.0	2045.0	2039.4068603515625	1951.6571044921875
1940.0	1987.0	356.0	2044.0	2032.09326171875	1958.8499755859375
1939.0	1990.0	355.0	2043.0	2038.2059326171875	1951.023193359375
1940.0	1991.0	356.0	2045.0	2039.2005615234375	1956.0506591796875
1942.0	1987.0	358.0	2043.0	2038.3271484375	1966.0775146484375
1940.0	1988.0	357.0	2045.0	2043.19775390625	1964.2452392578125
1944.0	1986.0	357.0	2045.0	2040.8089599609375	1962.4451904296875
1943.0	1986.0	356.0	2044.0	2036.30615234375	1971.47509765625
1939.0	1989.0	357.0	2042.0	2049.330322265625	1965.36083984375
1941.0	1988.0	357.0	2042.0	2042.3321533203125	1970.16943359375
1929.0	1989.0	357.0	2045.0	2055.742431640625	1967.7379150390625
1930.0	1987.0	355.0	2044.0	2091.5068359375	1968.533203125
1932.0	1989.0	355.0	2045.0	2081.39404296875	1969.6988525390625
1929.0	1987.0	355.0	2044.0	2081.54443359375	1974.6339111328125
1929.0	1986.0	356.0	2045.0	2084.680908203125	1979.2462158203125
1929.0	1989.0	356.0	2042.0	2085.67626953125	1971.982177734375
1930.0	1989.0	358.0	2043.0	2078.8564453125	1976.2392578125
1931.0	1982.0	357.0	2043.0	2072.07861328125	1985.2091064453125
1929.0	1991.0	358.0	2043.0	2079.73486328125	1980.3328857421875
1932.0	1987.0	357.0	2044.0	2066.71630859375	1974.03662109375
1930.0	1988.0	358.0	2044.0	2072.2421875	1978.216796875
1933.0	1988.0	355.0	2042.0	2067.615234375	1978.5926513671875
1922.0	1986.0	357.0	2045.0	2105.467041015625	1985.90283203125
1922.0	1988.0	358.0	2044.0	2103.27197265625	1978.4327392578125
1921.0	1989.0	355.0	2043.0	2101.376708984375	1975.8427734375
1920.0	1988.0	355.0	2045.0	2099.19140625	1979.7528076171875
1920.0	1989.0	357.0	2043.0	2099.052978515625	1976.4263916015625
1920.0	1987.0	357.0	2043.0	2096.20751953125	1983.8492431640625
1921.0	1991.0	356.0	2045.0	2089.0341796875	1976.1650390625
1920.0	1987.0	357.0	2044.0	2090.891845703125	1984.2247314453125
1919.0	1990.0	357.0	2045.0	2089.228271484375	1980.121826171875
1922.0	1989.0	358.0	2044.0	2077.8544921875	1977.24658203125
1920.0	1995.0	355.0	2045.0	2081.246337890625	1976.884521484375
1921.0	1988.0	356.0	2044.0	2078.39013671875	1981.3565673828125
1923.0	2000.0	356.0	2044.0	2072.772705078125	1980.8291015625
1921.0	1990.0	357.0	2043.0	2075.54296875	1980.8963623046875
1921.0	1988.0	356.0	2043.0	2074.26318359375	1981.435546875
1920.0	1988.0	357.0	2044.0	2073.648193359375	1981.5765380859375
1920.0	1988.0	357.0	2043.0	2071.676513671875	1981.6888427734375
1921.0	1988.0	357.0	2044.0	2071.328857421875	1981.7901611328125
1920.0	1987.0	357.0	2045.0	2071.0087890625	1985.4559326171875
1921.0	1990.0	356.0	2045.0	2070.252197265625	1974.76220703125
1922.0	1988.0	357.0	2045.0	2066.23291015625	1981.94091796875
1921.0	1985.0	357.0	2044.0	2068.829345703125	1989.5966796875
1920.0	1988.0	357.0	2045.0	2073.34423828125	1981.729248046875
1920.0	1992.0	357.0	2045.0	2072.06005859375	1970.590576171875
1922.0	1988.0	357.0	2043.0	2064.17138671875	1982.2974853515625
1921.0	1990.0	354.0	2044.0	2066.864013671875	1981.7626953125
1921.0	1988.0	356.0	2044.0	2066.660888671875	1982.190185546875
1921.0	1988.0	357.0	2044.0	2066.441162109375	1982.2757568359375
1920.0	1988.0	355.0	2044.0	2070.36083984375	1982.131591796875
