1960.0	2130.0	2047.5
1958.0	2131.0	2047.5
1973.0	2118.0	2047.5
1969.0	2118.0	2047.5
1968.0	2120.0	2047.5
1974.0	2118.0	2047.5
1969.0	2125.0	2047.5
1969.0	2123.0	2047.5
1970.0	2117.0	2047.5
1968.0	2118.0	2047.5
1970.0	2119.0	2047.5
1971.0	2118.0	2047.5
1967.0	2117.0	2047.5
1969.0	2118.0	2047.5
1972.0	2115.0	2047.5
1968.0	2113.0	2047.5
1968.0	2118.0	2047.5
1969.0	2121.0	2047.5
1968.0	2117.0	2047.5
1969.0	2121.0	2047.5
1967.0	2118.0	2047.5
1971.0	2119.0	2047.5
1969.0	2118.0	2047.5
1970.0	2125.0	2047.5
1970.0	2117.0	2047.5
1968.0	2116.0	2047.5
1971.0	2120.0	2047.5
1968.0	2119.0	2047.5
1971.0	2120.0	2047.5
1969.0	2117.0	2047.5
1967.0	2116.0	2047.5
1969.0	2120.0	2047.5
1968.0	2120.0	2047.5
1969.0	2118.0	2047.5
1969.0	2119.0	2047.5
1970.0	2120.0	2047.5
1968.0	2118.0	2047.5
1969.0	2118.0	2047.5
1968.0	2115.0	2047.5
1967.0	2116.0	2047.5
1969.0	2118.0	2047.5
1968.0	2117.0	2047.5
1968.0	2119.0	2047.5
1969.0	2119.0	2047.5
1968.0	2119.0	2047.5
1982.0	2118.0	2047.5
1968.0	2124.0	2047.5
1970.0	2121.0	2047.5
1969.0	2119.0	2047.5
1969.0	2119.0	2047.5
1969.0	2119.0	2047.5
1968.0	2119.0	2047.5
1970.0	2119.0	2047.5
1973.0	2119.0	2047.5
1967.0	2124.0	2047.5
1970.0	2115.0	2047.5
1970.0	2117.0	2047.5
1970.0	2117.0	2047.5
1969.0	2120.0	2047.5
1969.0	2117.0	2047.5
1969.0	2119.0	2047.5
1964.0	2119.0	2047.5
1969.0	2117.0	2047.5
1969.0	2118.0	2047.5
1969.0	2117.0	2047.5
1969.0	2120.0	2047.5
1967.0	2118.0	2047.5
1970.0	2118.0	2047.5
1969.0	2118.0	2047.5
1967.0	2121.0	2047.5
1968.0	2123.0	2047.5
1969.0	2111.0	2047.5
1971.0	2118.0	2047.5
1968.0	2119.0	2047.5
1969.0	2116.0	2047.5
1970.0	2119.0	2047.5
1970.0	2117.0	2047.5
1967.0	2119.0	2047.5
1968.0	2117.0	2047.5
1968.0	2121.0	2047.5
1968.0	2121.0	2047.5
1969.0	2118.0	2047.5
1972.0	2119.0	2047.5
1969.0	2118.0	2047.5
1969.0	2119.0	2047.5
1969.0	2121.0	2047.5
1973.0	2118.0	2047.5
1967.0	2124.0	2047.5
1970.0	2119.0	2047.5
1968.0	2119.0	2047.5
1969.0	2118.0	2047.5
1970.0	2118.0	2047.5
1969.0	2119.0	2047.5
1970.0	2119.0	2047.5
1971.0	2118.0	2047.5
1968.0	2135.0	2047.5
1970.0	2119.0	2047.5
1972.0	2121.0	2047.5
1969.0	2119.0	2047.5
1970.0	2118.0	2047.5
1966.0	2119.0	2047.5
1970.0	2119.0	2047.5
1973.0	2118.0	2047.5
1970.0	2123.0	2047.5
1970.0	2117.0	2047.5
1969.0	2117.0	2047.5
1968.0	2118.0	2047.5
1971.0	2113.0	2047.5
1967.0	2117.0	2047.5
1969.0	2119.0	2047.5
1968.0	2116.0	2047.5
1969.0	2113.0	2047.5
1968.0	2119.0	2047.5
1969.0	2116.0	2047.5
1970.0	2118.0	2047.5
1971.0	2119.0	2047.5
1970.0	2118.0	2047.5
1968.0	2119.0	2047.5
1970.0	2117.0	2047.5
1971.0	2119.0	2047.5
1968.0	2117.0	2047.5
1969.0	2117.0	2047.5
1970.0	2118.0	2047.5
1960.0	2118.0	2047.5
1978.0	2118.0	2047.5
1967.0	2118.0	2047.5
1966.0	2116.0	2047.5
1969.0	2127.0	2047.5
1968.0	2125.0	2047.5
1967.0	2117.0	2047.5
1969.0	2120.0	2047.5
1966.0	2119.0	2047.5
1968.0	2117.0	2047.5
1968.0	2117.0	2047.5
1968.0	2119.0	2047.5
1968.0	2119.0	2047.5
1970.0	2110.0	2047.5
1970.0	2120.0	2047.5
1970.0	2120.0	2047.5
1968.0	2117.0	2047.5
1969.0	2119.0	2047.5
1970.0	2117.0	2047.5
1969.0	2119.0	2047.5
1968.0	2118.0	2047.5
1971.0	2112.0	2047.5
1968.0	2118.0	2047.5
1970.0	2118.0	2047.5
1968.0	2118.0	2047.5
1969.0	2117.0	2047.5
1968.0	2117.0	2047.5
1969.0	2118.0	2047.5
1970.0	2119.0	2047.5
1968.0	2118.0	2047.5
1969.0	2113.0	2047.5
1968.0	2116.0	2047.5
1969.0	2121.0	2047.5
1968.0	2122.0	2047.5
1969.0	2117.0	2047.5
1969.0	2105.0	2047.5
1970.0	2106.0	2047.5
1974.0	2106.0	2047.5
1967.0	2103.0	2047.5
1971.0	2107.0	2047.5
1968.0	2106.0	2047.5
1968.0	2104.0	2047.5
1968.0	2105.0	2047.5
1969.0	2105.0	2047.5
1958.0	2095.0	2047.5
1960.0	2092.0	2047.5
1959.0	2110.0	2047.5
1960.0	2090.0	2047.5
1958.0	2092.0	2047.5
1959.0	2090.0	2047.5
1959.0	2093.0	2047.5
1960.0	2089.0	2047.5
1960.0	2094.0	2047.5
1959.0	2093.0	2047.5
1958.0	2092.0	2047.5
1960.0	2091.0	2047.5
1969.0	2093.0	2047.5
1968.0	2090.0	2047.5
1968.0	2092.0	2047.5
1969.0	2088.0	2047.5
1968.0	2095.0	2047.5
1968.0	2095.0	2047.5
1970.0	2094.0	2047.5
1973.0	2094.0	2047.5
1968.0	2092.0	2047.5
1969.0	2097.0	2047.5
1968.0	2094.0	2047.5
1969.0	2092.0	2047.5
1981.0	2092.0	2047.5
1977.0	2095.0	2047.5
1980.0	2092.0	2047.5
1977.0	2091.0	2047.5
1979.0	2091.0	2047.5
1979.0	2106.0	2047.5
1979.0	2098.0	2047.5
1979.0	2090.0	2047.5
1979.0	2092.0	2047.5
1989.0	2094.0	2047.5
1990.0	2095.0	2047.5
1987.0	2090.0	2047.5
1991.0	2093.0	2047.5
1989.0	2091.0	2047.5
1989.0	2090.0	2047.5
1988.0	2093.0	2047.5
1988.0	2091.0	2047.5
1987.0	2094.0	2047.5
1987.0	2091.0	2047.5
1987.0	2091.0	2047.5
1986.0	2092.0	2047.5
1991.0	2094.0	2047.5
1990.0	2085.0	2047.5
1988.0	2089.0	2047.5
1989.0	2097.0	2047.5
1988.0	2094.0	2047.5
1986.0	2093.0	2047.5
1987.0	2095.0	2047.5
1987.0	2093.0	2047.5
1993.0	2091.0	2047.5
1990.0	2089.0	2047.5
1990.0	2098.0	2047.5
1987.0	2093.0	2047.5
1988.0	2091.0	2047.5
1987.0	2093.0	2047.5
1986.0	2092.0	2047.5
1989.0	2095.0	2047.5
2003.0	2092.0	2047.5
1989.0	2092.0	2047.5
1988.0	2093.0	2047.5
1987.0	2091.0	2047.5
1988.0	2093.0	2047.5
1988.0	2093.0	2047.5
1989.0	2095.0	2047.5
1987.0	2094.0	2047.5
1987.0	2092.0	2047.5
1993.0	2093.0	2047.5
1979.0	2098.0	2047.5
1980.0	2099.0	2047.5
1979.0	2093.0	2047.5
1979.0	2093.0	2047.5
1979.0	2097.0	2047.5
1979.0	2092.0	2047.5
1979.0	2092.0	2047.5
1990.0	2092.0	2047.5
1977.0	2107.0	2047.5
1980.0	2098.0	2047.5
1979.0	2088.0	2047.5
1979.0	2091.0	2047.5
1977.0	2091.0	2047.5
1980.0	2094.0	2047.5
1988.0	2093.0	2047.5
1987.0	2091.0	2047.5
1993.0	2092.0	2047.5
1990.0	2098.0	2047.5
1988.0	2094.0	2047.5
1988.0	2092.0	2047.5
1987.0	2093.0	2047.5
1988.0	2092.0	2047.5
1987.0	2096.0	2047.5
1987.0	2092.0	2047.5
1984.0	2093.0	2047.5
1988.0	2104.0	2047.5
1989.0	2094.0	2047.5
1989.0	2088.0	2047.5
1988.0	2095.0	2047.5
1987.0	2092.0	2047.5
1989.0	2093.0	2047.5
1987.0	2092.0	2047.5
1988.0	2092.0	2047.5
1994.0	2095.0	2047.5
1990.0	2094.0	2047.5
1987.0	2092.0	2047.5
1988.0	2092.0	2047.5
1988.0	2093.0	2047.5
1987.0	2092.0	2047.5
1987.0	2094.0	2047.5
1987.0	2094.0	2047.5
1988.0	2093.0	2047.5
1988.0	2094.0	2047.5
1989.0	2091.0	2047.5
1987.0	2094.0	2047.5
1988.0	2092.0	2047.5
1987.0	2092.0	2047.5
1987.0	2094.0	2047.5
1987.0	2095.0	2047.5
1990.0	2094.0	2047.5
1988.0	2095.0	2047.5
1990.0	2095.0	2047.5
1990.0	2088.0	2047.5
1988.0	2092.0	2047.5
1989.0	2093.0	2047.5
1988.0	2093.0	2047.5
1989.0	2093.0	2047.5
1989.0	2095.0	2047.5
1988.0	2095.0	2047.5
1996.0	2090.0	2047.5
1989.0	2083.0	2047.5
1990.0	2076.0	2047.5
1989.0	2082.0	2047.5
1987.0	2080.0	2047.5
1987.0	2078.0	2047.5
1987.0	2081.0	2047.5
1990.0	2082.0	2047.5
1988.0	2080.0	2047.5
1989.0	2079.0	2047.5
1989.0	2080.0	2047.5
1982.0	2078.0	2047.5
1989.0	2083.0	2047.5
1989.0	2082.0	2047.5
1986.0	2079.0	2047.5
1978.0	2081.0	2047.5
1979.0	2079.0	2047.5
1979.0	2080.0	2047.5
1977.0	2080.0	2047.5
1981.0	2079.0	2047.5
1979.0	2080.0	2047.5
1978.0	2086.0	2047.5
1978.0	2095.0	2047.5
1978.0	2094.0	2047.5
1975.0	2093.0	2047.5
1978.0	2090.0	2047.5
1968.0	2094.0	2047.5
1968.0	2092.0	2047.5
1972.0	2093.0	2047.5
1969.0	2101.0	2047.5
1968.0	2097.0	2047.5
1970.0	2092.0	2047.5
1971.0	2092.0	2047.5
1968.0	2091.0	2047.5
1968.0	2092.0	2047.5
1970.0	2094.0	2047.5
1965.0	2093.0	2047.5
1969.0	2091.0	2047.5
1960.0	2095.0	2047.5
1960.0	2093.0	2047.5
1960.0	2093.0	2047.5
1958.0	2092.0	2047.5
1960.0	2094.0	2047.5
1961.0	2092.0	2047.5
1958.0	2092.0	2047.5
1962.0	2091.0	2047.5
1948.0	2096.0	2047.5
1949.0	2089.0	2047.5
1950.0	2095.0	2047.5
1952.0	2093.0	2047.5
1950.0	2106.0	2047.5
1950.0	2104.0	2047.5
1949.0	2106.0	2047.5
1941.0	2106.0	2047.5
1940.0	2106.0	2047.5
1941.0	2102.0	2047.5
1943.0	2107.0	2047.5
1940.0	2104.0	2047.5
1941.0	2104.0	2047.5
1929.0	2106.0	2047.5
1930.0	2108.0	2047.5
1931.0	2106.0	2047.5
1928.0	2107.0	2047.5
1931.0	2106.0	2047.5
1931.0	2112.0	2047.5
1929.0	2097.0	2047.5
1920.0	2106.0	2047.5
1922.0	2104.0	2047.5
1922.0	2106.0	2047.5
1921.0	2107.0	2047.5
1921.0	2106.0	2047.5
1931.0	2106.0	2047.5
1924.0	2102.0	2047.5
1922.0	2107.0	2047.5
1920.0	2103.0	2047.5
1920.0	2104.0	2047.5
1922.0	2103.0	2047.5
1930.0	2107.0	2047.5
1930.0	2106.0	2047.5
1929.0	2105.0	2047.5
1930.0	2104.0	2047.5
1930.0	2112.0	2047.5
1932.0	2105.0	2047.5
1932.0	2106.0	2047.5
1930.0	2108.0	2047.5
1930.0	2107.0	2047.5
1930.0	2108.0	2047.5
1932.0	2104.0	2047.5
1935.0	2107.0	2047.5
1933.0	2108.0	2047.5
1932.0	2102.0	2047.5
1930.0	2106.0	2047.5
1929.0	2105.0	2047.5
1930.0	2103.0	2047.5
1930.0	2106.0	2047.5
1930.0	2107.0	2047.5
1928.0	2107.0	2047.5
1932.0	2103.0	2047.5
1930.0	2098.0	2047.5
1931.0	2106.0	2047.5
1931.0	2106.0	2047.5
1940.0	2105.0	2047.5
1941.0	2105.0	2047.5
1940.0	2105.0	2047.5
1939.0	2104.0	2047.5
1943.0	2104.0	2047.5
1943.0	2121.0	2047.5
1940.0	2109.0	2047.5
1933.0	2110.0	2047.5
1940.0	2106.0	2047.5
1942.0	2104.0	2047.5
1940.0	2107.0	2047.5
1941.0	2105.0	2047.5
1947.0	2105.0	2047.5
1944.0	2104.0	2047.5
1934.0	2108.0	2047.5
1939.0	2105.0	2047.5
1940.0	2105.0	2047.5
1940.0	2105.0	2047.5
1941.0	2107.0	2047.5
1940.0	2108.0	2047.5
1935.0	2105.0	2047.5
1941.0	2109.0	2047.5
1940.0	2108.0	2047.5
1941.0	2103.0	2047.5
1941.0	2106.0	2047.5
1940.0	2107.0	2047.5
1940.0	2107.0	2047.5
1939.0	2105.0	2047.5
1939.0	2105.0	2047.5
1938.0	2106.0	2047.5
1942.0	2112.0	2047.5
1942.0	2109.0	2047.5
1942.0	2104.0	2047.5
1940.0	2104.0	2047.5
1940.0	2107.0	2047.5
1941.0	2105.0	2047.5
1940.0	2105.0	2047.5
1939.0	2106.0	2047.5
1950.0	2106.0	2047.5
1951.0	2103.0	2047.5
1949.0	2103.0	2047.5
1950.0	2106.0	2047.5
1950.0	2105.0	2047.5
1949.0	2106.0	2047.5
1949.0	2104.0	2047.5
1963.0	2106.0	2047.5
1959.0	2102.0	2047.5
1959.0	2108.0	2047.5
1961.0	2105.0	2047.5
1959.0	2104.0	2047.5
1960.0	2105.0	2047.5
1959.0	2104.0	2047.5
1969.0	2108.0	2047.5
1961.0	2106.0	2047.5
1968.0	2105.0	2047.5
1968.0	2107.0	2047.5
1969.0	2106.0	2047.5
1960.0	2105.0	2047.5
1959.0	2108.0	2047.5
1960.0	2104.0	2047.5
1960.0	2106.0	2047.5
1956.0	2105.0	2047.5
1963.0	2102.0	2047.5
1958.0	2100.0	2047.5
1959.0	2104.0	2047.5
1959.0	2106.0	2047.5
1960.0	2107.0	2047.5
1960.0	2106.0	2047.5
1958.0	2108.0	2047.5
1959.0	2105.0	2047.5
1960.0	2103.0	2047.5
1960.0	2107.0	2047.5
1960.0	2104.0	2047.5
1961.0	2105.0	2047.5
1950.0	2107.0	2047.5
1949.0	2106.0	2047.5
1949.0	2106.0	2047.5
1949.0	2107.0	2047.5
1947.0	2114.0	2047.5
1949.0	2123.0	2047.5
1949.0	2118.0	2047.5
1949.0	2118.0	2047.5
1950.0	2121.0	2047.5
1939.0	2118.0	2047.5
1943.0	2118.0	2047.5
1940.0	2118.0	2047.5
1944.0	2119.0	2047.5
1940.0	2128.0	2047.5
1942.0	2120.0	2047.5
1941.0	2122.0	2047.5
1940.0	2117.0	2047.5
1941.0	2119.0	2047.5
1940.0	2117.0	2047.5
1949.0	2120.0	2047.5
1953.0	2118.0	2047.5
1950.0	2123.0	2047.5
1949.0	2119.0	2047.5
1949.0	2117.0	2047.5
1961.0	2118.0	2047.5
1960.0	2119.0	2047.5
1959.0	2118.0	2047.5
1958.0	2119.0	2047.5
1966.0	2117.0	2047.5
1966.0	2116.0	2047.5
1969.0	2120.0	2047.5
1968.0	2119.0	2047.5
1967.0	2115.0	2047.5
1970.0	2118.0	2047.5
1969.0	2119.0	2047.5
1972.0	2119.0	2047.5
1977.0	2120.0	2047.5
1980.0	2119.0	2047.5
1979.0	2124.0	2047.5
1977.0	2115.0	2047.5
1978.0	2107.0	2047.5
1980.0	2105.0	2047.5
1987.0	2108.0	2047.5
1988.0	2106.0	2047.5
1986.0	2106.0	2047.5
1991.0	2105.0	2047.5
1987.0	2121.0	2047.5
1988.0	2111.0	2047.5
1987.0	2103.0	2047.5
1979.0	2106.0	2047.5
1978.0	2104.0	2047.5
1979.0	2105.0	2047.5
1978.0	2107.0	2047.5
1980.0	2105.0	2047.5
1969.0	2109.0	2047.5
1970.0	2109.0	2047.5
1969.0	2104.0	2047.5
1968.0	2105.0	2047.5
1970.0	2106.0	2047.5
1969.0	2105.0	2047.5
1968.0	2104.0	2047.5
1969.0	2101.0	2047.5
1979.0	2112.0	2047.5
1979.0	2110.0	2047.5
1979.0	2106.0	2047.5
1978.0	2107.0	2047.5
1988.0	2106.0	2047.5
1988.0	2093.0	2047.5
1988.0	2094.0	2047.5
1997.0	2094.0	2047.5
1997.0	2094.0	2047.5
2008.0	2097.0	2047.5
2008.0	2088.0	2047.5
2008.0	2094.0	2047.5
2008.0	2095.0	2047.5
2016.0	2093.0	2047.5
2017.0	2105.0	2047.5
2016.0	2093.0	2047.5
2028.0	2091.0	2047.5
2027.0	2093.0	2047.5
2027.0	2091.0	2047.5
2035.0	2093.0	2047.5
2036.0	2094.0	2047.5
2036.0	2093.0	2047.5
2043.0	2093.0	2047.5
2037.0	2096.0	2047.5
2036.0	2094.0	2047.5
2035.0	2091.0	2047.5
2035.0	2093.0	2047.5
2045.0	2095.0	2047.5
2044.0	2093.0	2047.5
2046.0	2093.0	2047.5
2046.0	2091.0	2047.5
2048.0	2092.0	2047.5
2044.0	2090.0	2047.5
2057.0	2085.0	2047.5
2055.0	2078.0	2047.5
2056.0	2080.0	2047.5
2054.0	2080.0	2047.5
2057.0	2082.0	2047.5
2057.0	2082.0	2047.5
2057.0	2082.0	2047.5
2055.0	2079.0	2047.5
2055.0	2078.0	2047.5
2068.0	2081.0	2047.5
2065.0	2078.0	2047.5
2071.0	2091.0	2047.5
2064.0	2091.0	2047.5
2066.0	2088.0	2047.5
2066.0	2095.0	2047.5
2066.0	2094.0	2047.5
2066.0	2091.0	2047.5
2066.0	2093.0	2047.5
2065.0	2090.0	2047.5
2065.0	2092.0	2047.5
2067.0	2094.0	2047.5
2065.0	2090.0	2047.5
2067.0	2092.0	2047.5
2065.0	2091.0	2047.5
2065.0	2092.0	2047.5
2066.0	2094.0	2047.5
2066.0	2094.0	2047.5
2065.0	2093.0	2047.5
2064.0	2090.0	2047.5
2066.0	2098.0	2047.5
2065.0	2094.0	2047.5
2067.0	2092.0	2047.5
2065.0	2092.0	2047.5
2064.0	2094.0	2047.5
2067.0	2093.0	2047.5
2064.0	2091.0	2047.5
2069.0	2093.0	2047.5
2065.0	2104.0	2047.5
2067.0	2093.0	2047.5
2065.0	2093.0	2047.5
2066.0	2093.0	2047.5
2066.0	2092.0	2047.5
2066.0	2093.0	2047.5
2065.0	2093.0	2047.5
2070.0	2091.0	2047.5
2068.0	2100.0	2047.5
2066.0	2091.0	2047.5
2067.0	2093.0	2047.5
2065.0	2091.0	2047.5
2065.0	2094.0	2047.5
2065.0	2090.0	2047.5
2066.0	2094.0	2047.5
2070.0	2095.0	2275.8505859375
2063.0	2088.0	2282.3994140625
2066.0	2092.0	2279.765380859375
2066.0	2092.0	2279.886962890625
2068.0	2090.0	2278.170654296875
2065.0	2092.0	2281.04638671875
2066.0	2093.0	2280.247314453125
2068.0	2079.0	2278.530029296875
2063.0	2081.0	2283.2421875
2064.0	2078.0	2282.44482421875
2066.0	2073.0	2280.729248046875
2068.0	2083.0	2279.013671875
2065.0	2079.0	2281.889892578125
2074.0	2080.0	2273.73583984375
2075.0	2069.0	2272.92529296875
2073.0	2068.0	2274.868896484375
2070.0	2067.0	2277.7314453125
2085.0	2066.0	2264.05859375
2085.0	2067.0	2264.150146484375
2094.0	2066.0	2255.97802734375
2094.0	2065.0	2256.0556640625
2095.0	2053.0	2255.21435546875
2096.0	2054.0	2254.373046875
2105.0	2052.0	2246.173583984375
2102.0	2054.0	2248.989990234375
2115.0	2053.0	2237.108154296875
2113.0	2045.0	2238.99267578125
2113.0	2054.0	2239.04052734375
2125.0	2052.0	2228.06689453125
2124.0	2056.0	2229.01806640625
2124.0	2054.0	2229.051025390625
2133.0	2053.0	2220.807861328125
2135.0	2053.0	2218.989013671875
2140.0	2066.0	2214.40380859375
2144.0	2066.0	2210.734130859375
2153.0	2066.0	2202.4677734375
2152.0	2067.0	2203.374267578125
2153.0	2067.0	2202.445068359375
2162.0	2066.0	2194.165771484375
2160.0	2067.0	2195.9755859375
2165.0	2067.0	2191.35693359375
2161.0	2069.0	2195.003173828125
2171.0	2062.0	2185.786376953125
2170.0	2066.0	2186.663330078125
2173.0	2066.0	2183.866455078125
2182.0	2066.0	2175.55419921875
2185.0	2066.0	2172.7431640625
2182.0	2066.0	2175.441162109375
2183.0	2065.0	2174.465087890625
2182.0	2057.0	2175.32666015625
2179.0	2069.0	2178.024658203125
2182.0	2067.0	2175.212646484375
2191.0	2068.0	2166.882568359375
2189.0	2065.0	2168.648193359375
2191.0	2066.0	2166.741455078125
2190.0	2066.0	2167.588623046875
2188.0	2066.0	2169.35546875
2192.0	2059.0	2165.61279296875
2191.0	2066.0	2166.46142578125
2191.0	2051.0	2166.39111328125
2191.0	2066.0	2166.322021484375
2190.0	2067.0	2167.169677734375
2191.0	2067.0	2166.181396484375
2186.0	2067.0	2170.70263671875
2190.0	2060.0	2166.959716796875
2192.0	2066.0	2165.052001953125
2191.0	2067.0	2165.900146484375
2192.0	2068.0	2164.91162109375
2192.0	2065.0	2164.842529296875
2193.0	2066.0	2163.854736328125
2190.0	2067.0	2166.539306640625
2196.0	2065.0	2160.958740234375
2192.0	2071.0	2164.560791015625
2192.0	2071.0	2164.490966796875
2191.0	2069.0	2165.33740234375
2191.0	2066.0	2165.266845703125
2191.0	2064.0	2165.1962890625
2191.0	2067.0	2165.126708984375
2189.0	2067.0	2166.893798828125
2193.0	2059.0	2163.150390625
2194.0	2066.0	2162.160888671875
2189.0	2068.0	2166.68017578125
2190.0	2066.0	2165.691162109375
2182.0	2067.0	2172.971435546875
2182.0	2067.0	2172.914306640625
2183.0	2068.0	2171.938232421875
2181.0	2067.0	2173.71826171875
2182.0	2073.0	2172.744873046875
2182.0	2069.0	2172.689453125
2180.0	2066.0	2174.469482421875
2182.0	2068.0	2172.57568359375
2181.0	2065.0	2173.4375
2182.0	2066.0	2172.462646484375
2181.0	2067.0	2173.3251953125
2180.0	2066.0	2174.18701171875
2182.0	2068.0	2172.2939453125
2181.0	2070.0	2173.154296875
2181.0	2068.0	2173.09765625
2182.0	2066.0	2172.12353515625
2184.0	2068.0	2170.2294921875
2184.0	2067.0	2170.17236328125
2180.0	2065.0	2173.78759765625
2179.0	2066.0	2174.6494140625
2182.0	2066.0	2171.838134765625
2182.0	2068.0	2171.7802734375
2182.0	2068.0	2171.7236328125
2183.0	2065.0	2170.748046875
2182.0	2065.0	2171.60986328125
2182.0	2067.0	2171.55322265625
2195.0	2066.0	2159.5576171875
2184.0	2081.0	2169.6015625
2181.0	2068.0	2172.299560546875
2181.0	2066.0	2172.242919921875
2182.0	2065.0	2171.268310546875
2181.0	2066.0	2172.13037109375
2182.0	2066.0	2171.155517578125
2181.0	2069.0	2172.016845703125
2187.0	2065.0	2166.450439453125
2182.0	2071.0	2170.985595703125
2182.0	2064.0	2170.9287109375
2184.0	2066.0	2169.0361328125
2182.0	2066.0	2170.8154296875
2182.0	2066.0	2170.75927734375
2182.0	2066.0	2170.7041015625
2179.0	2068.0	2173.40283203125
2183.0	2065.0	2169.673828125
2181.0	2066.0	2171.453857421875
2182.0	2067.0	2170.47900390625
2182.0	2064.0	2170.42236328125
2182.0	2065.0	2170.36572265625
2182.0	2067.0	2170.309814453125
2183.0	2068.0	2169.335205078125
2184.0	2068.0	2168.35986328125
2182.0	2062.0	2170.140625
2182.0	2071.0	2170.083984375
2181.0	2067.0	2170.947265625
2181.0	2066.0	2170.89208984375
2181.0	2065.0	2170.836181640625
2183.0	2066.0	2168.94287109375
2183.0	2066.0	2168.885498046875
2182.0	2068.0	2169.748046875
2191.0	2067.0	2161.421142578125
2191.0	2069.0	2161.3505859375
2191.0	2075.0	2161.28125
2191.0	2071.0	2161.21142578125
2193.0	2065.0	2159.30419921875
2194.0	2068.0	2158.314208984375
2189.0	2067.0	2162.8330078125
2190.0	2066.0	2161.84375
2190.0	2065.0	2161.7734375
2191.0	2068.0	2160.784912109375
2189.0	2066.0	2162.55029296875
2190.0	2068.0	2161.56201171875
2193.0	2065.0	2158.7353515625
2190.0	2067.0	2161.419677734375
2204.0	2065.0	2148.4921875
2188.0	2066.0	2163.114990234375
2190.0	2065.0	2161.20849609375
2190.0	2080.0	2161.138916015625
2191.0	2066.0	2160.1494140625
2192.0	2068.0	2159.15966796875
2190.0	2066.0	2160.925048828125
2191.0	2068.0	2159.936279296875
2188.0	2066.0	2162.62060546875
2190.0	2071.0	2160.713623046875
2190.0	2063.0	2160.641357421875
2193.0	2066.0	2157.815673828125
2190.0	2068.0	2160.5
2192.0	2066.0	2158.591552734375
2193.0	2063.0	2157.603515625
2184.0	2067.0	2165.797119140625
2190.0	2070.0	2160.21728515625
2190.0	2068.0	2160.14697265625
2193.0	2066.0	2157.322265625
2193.0	2067.0	2157.251953125
2191.0	2066.0	2159.01904296875
2191.0	2068.0	2158.9482421875
2193.0	2067.0	2157.041748046875
2196.0	2067.0	2154.21728515625
2192.0	2073.0	2157.81982421875
2191.0	2070.0	2158.66796875
2191.0	2066.0	2158.59716796875
2192.0	2066.0	2157.607421875
2190.0	2066.0	2159.373046875
2192.0	2066.0	2157.46484375
2191.0	2068.0	2158.3115234375
2189.0	2065.0	2160.0771484375
2193.0	2068.0	2156.333251953125
2191.0	2069.0	2158.0986328125
2190.0	2068.0	2158.9462890625
2192.0	2068.0	2157.03955078125
2192.0	2066.0	2156.96728515625
2191.0	2066.0	2157.81494140625
2190.0	2064.0	2158.661376953125
2192.0	2067.0	2156.754638671875
2191.0	2066.0	2157.602783203125
2191.0	2067.0	2157.53125
2192.0	2068.0	2156.542236328125
2191.0	2067.0	2157.3896484375
2191.0	2066.0	2157.318115234375
2195.0	2066.0	2153.573974609375
2195.0	2068.0	2153.5029296875
2192.0	2067.0	2156.187744140625
2193.0	2069.0	2155.198974609375
2190.0	2067.0	2157.883544921875
2191.0	2067.0	2156.894287109375
2192.0	2067.0	2155.906005859375
2188.0	2067.0	2159.509521484375
2190.0	2065.0	2157.6015625
2189.0	2065.0	2158.4501953125
2193.0	2059.0	2154.70751953125
2191.0	2067.0	2156.47412109375
2192.0	2064.0	2155.486572265625
2191.0	2064.0	2156.33447265625
2190.0	2066.0	2157.18212890625
2192.0	2066.0	2155.275634765625
2194.0	2067.0	2153.36865234375
2194.0	2068.0	2153.29736328125
2191.0	2071.0	2155.9814453125
2191.0	2064.0	2155.91064453125
2192.0	2067.0	2154.9208984375
2193.0	2065.0	2153.932373046875
2191.0	2069.0	2155.69775390625
2189.0	2067.0	2157.46337890625
2194.0	2074.0	2152.80126953125
2191.0	2071.0	2155.485107421875
2190.0	2066.0	2156.33154296875
2192.0	2067.0	2154.423583984375
2203.0	2065.0	2144.24853515625
2202.0	2066.0	2145.0810546875
2201.0	2067.0	2145.913330078125
2207.0	2065.0	2140.317626953125
2200.0	2061.0	2146.657470703125
2203.0	2067.0	2143.81591796875
2203.0	2067.0	2143.729736328125
2202.0	2067.0	2144.562255859375
2203.0	2069.0	2143.558349609375
2201.0	2066.0	2145.308837890625
2204.0	2066.0	2142.467529296875
2202.0	2070.0	2144.217529296875
2204.0	2069.0	2142.29443359375
2201.0	2067.0	2144.963623046875
2200.0	2066.0	2145.794921875
2200.0	2069.0	2145.708984375
2201.0	2066.0	2144.705078125
2198.0	2066.0	2147.373291015625
2199.0	2062.0	2146.36865234375
2202.0	2066.0	2143.52880859375
2203.0	2070.0	2142.524658203125
2201.0	2065.0	2144.275634765625
2201.0	2067.0	2144.189208984375
2202.0	2068.0	2143.185546875
2201.0	2066.0	2144.017822265625
2200.0	2066.0	2144.849853515625
2200.0	2063.0	2144.763916015625
2201.0	2066.0	2143.759765625
2203.0	2064.0	2141.837646484375
2201.0	2065.0	2143.587890625
2201.0	2069.0	2143.50146484375
2200.0	2068.0	2144.33349609375
2200.0	2066.0	2144.248291015625
2203.0	2069.0	2141.40966796875
2199.0	2068.0	2144.995361328125
2200.0	2067.0	2143.99169921875
2202.0	2065.0	2142.06884765625
2200.0	2066.0	2143.8203125
2200.0	2067.0	2143.734619140625
2201.0	2065.0	2142.72998046875
2204.0	2064.0	2139.887939453125
2200.0	2065.0	2143.475341796875
2202.0	2068.0	2141.552734375
2202.0	2066.0	2141.467041015625
2200.0	2066.0	2143.217529296875
2203.0	2066.0	2140.376708984375
2200.0	2068.0	2143.045654296875
2204.0	2065.0	2139.2861328125
2202.0	2068.0	2141.0361328125
2203.0	2068.0	2140.032470703125
2201.0	2069.0	2141.781982421875
2201.0	2067.0	2141.696533203125
2192.0	2068.0	2149.88427734375
2189.0	2066.0	2152.56884765625
2189.0	2062.0	2152.498046875
2192.0	2076.0	2149.6728515625
2191.0	2068.0	2150.520263671875
2192.0	2067.0	2149.53173828125
2206.0	2069.0	2136.605224609375
2191.0	2067.0	2150.30859375
2190.0	2067.0	2151.156005859375
2205.0	2068.0	2137.31201171875
2193.0	2080.0	2148.260986328125
2193.0	2069.0	2148.190185546875
2191.0	2068.0	2149.955078125
2190.0	2068.0	2150.802734375
2191.0	2068.0	2149.814208984375
2193.0	2068.0	2147.905517578125
2190.0	2067.0	2150.58837890625
2192.0	2071.0	2148.681884765625
2191.0	2066.0	2149.52880859375
2190.0	2068.0	2150.375244140625
2191.0	2068.0	2149.385986328125
2191.0	2066.0	2149.31640625
2191.0	2066.0	2149.245361328125
2192.0	2062.0	2148.256103515625
2190.0	2068.0	2150.02197265625
2191.0	2066.0	2149.03271484375
2191.0	2064.0	2148.961669921875
2191.0	2067.0	2148.890625
2191.0	2067.0	2148.8203125
2193.0	2070.0	2146.9130859375
2191.0	2066.0	2148.677978515625
2191.0	2066.0	2148.607177734375
2192.0	2067.0	2147.62060546875
2192.0	2062.0	2147.549560546875
2203.0	2065.0	2137.377685546875
2189.0	2066.0	2150.162841796875
2191.0	2066.0	2148.255859375
2191.0	2068.0	2148.185546875
2191.0	2066.0	2148.1162109375
2206.0	2067.0	2134.270751953125
2192.0	2074.0	2147.056884765625
2190.0	2068.0	2148.822021484375
2191.0	2065.0	2147.832275390625
2192.0	2064.0	2146.841552734375
2192.0	2068.0	2146.771484375
2192.0	2066.0	2146.701416015625
2191.0	2066.0	2147.550048828125
2188.0	2066.0	2150.234375
2191.0	2059.0	2147.408935546875
2191.0	2067.0	2147.33837890625
2191.0	2067.0	2147.268310546875
2190.0	2068.0	2148.115478515625
2191.0	2065.0	2147.12744140625
2192.0	2067.0	2146.14111328125
2192.0	2068.0	2146.0703125
2189.0	2064.0	2148.7548828125
2191.0	2067.0	2146.848388671875
2191.0	2067.0	2146.776123046875
2190.0	2066.0	2147.624267578125
2191.0	2066.0	2146.635986328125
2190.0	2067.0	2147.484619140625
2190.0	2066.0	2147.414306640625
2198.0	2067.0	2139.997802734375
2190.0	2073.0	2147.2734375
2192.0	2065.0	2145.366943359375
2194.0	2067.0	2143.45947265625
2192.0	2067.0	2145.22509765625
2190.0	2068.0	2146.990478515625
2192.0	2068.0	2145.08349609375
2190.0	2066.0	2146.84912109375
2193.0	2066.0	2144.024169921875
2188.0	2068.0	2148.54541015625
2193.0	2063.0	2143.882568359375
2187.0	2069.0	2149.322021484375
2190.0	2066.0	2146.4970703125
2192.0	2066.0	2144.58984375
2190.0	2068.0	2146.35595703125
2189.0	2066.0	2147.203857421875
2195.0	2065.0	2141.6240234375
2191.0	2073.0	2145.228759765625
2191.0	2068.0	2145.156982421875
2191.0	2066.0	2145.0859375
2191.0	2065.0	2145.015380859375
2190.0	2066.0	2145.86279296875
2190.0	2066.0	2145.79248046875
2192.0	2068.0	2143.885009765625
2191.0	2062.0	2144.732177734375
2193.0	2068.0	2142.82568359375
2193.0	2068.0	2142.75390625
2191.0	2068.0	2144.5205078125
2192.0	2068.0	2143.53271484375
2192.0	2067.0	2143.46240234375
2191.0	2066.0	2144.31005859375
2189.0	2065.0	2146.07666015625
2190.0	2072.0	2145.087890625
2192.0	2070.0	2143.179931640625
2190.0	2065.0	2144.945068359375
2192.0	2067.0	2143.038330078125
2192.0	2065.0	2142.9677734375
2191.0	2067.0	2143.8154296875
2189.0	2068.0	2145.580322265625
2189.0	2065.0	2145.511474609375
2190.0	2071.0	2144.52294921875
2191.0	2066.0	2143.53369140625
2192.0	2065.0	2142.545166015625
2189.0	2065.0	2145.229736328125
2191.0	2068.0	2143.323486328125
2190.0	2066.0	2144.169189453125
2190.0	2065.0	2144.098876953125
2192.0	2064.0	2142.19189453125
2191.0	2069.0	2143.03955078125
2192.0	2065.0	2142.050048828125
2192.0	2067.0	2141.979248046875
2190.0	2067.0	2143.743896484375
2189.0	2066.0	2144.591064453125
2190.0	2068.0	2143.602783203125
2190.0	2065.0	2143.532958984375
2194.0	2080.0	2139.7880859375
2192.0	2067.0	2141.553955078125
2193.0	2067.0	2140.565185546875
2193.0	2066.0	2140.49462890625
2192.0	2067.0	2141.342529296875
2192.0	2064.0	2141.27197265625
2190.0	2065.0	2143.0380859375
2198.0	2067.0	2135.621826171875
2192.0	2073.0	2141.060791015625
2190.0	2065.0	2142.8251953125
2191.0	2066.0	2141.836181640625
2191.0	2071.0	2141.7666015625
2193.0	2069.0	2139.860107421875
2192.0	2067.0	2140.708984375
2189.0	2067.0	2143.3916015625
2192.0	2064.0	2140.567138671875
2191.0	2068.0	2141.41552734375
2193.0	2068.0	2139.50830078125
2191.0	2064.0	2141.2734375
2193.0	2069.0	2139.3662109375
2191.0	2068.0	2141.132568359375
2191.0	2064.0	2141.062255859375
2185.0	2067.0	2146.50048828125
2193.0	2064.0	2139.08349609375
2191.0	2068.0	2140.848388671875
2191.0	2069.0	2140.77734375
2193.0	2067.0	2138.870849609375
2192.0	2066.0	2139.719482421875
2190.0	2066.0	2141.486572265625
2191.0	2069.0	2140.499267578125
2203.0	2066.0	2129.41162109375
2193.0	2076.0	2138.5244140625
2191.0	2069.0	2140.289794921875
2186.0	2067.0	2144.810791015625
2191.0	2070.0	2140.147705078125
2190.0	2067.0	2140.99560546875
2193.0	2066.0	2138.17041015625
2190.0	2068.0	2140.857421875
2197.0	2066.0	2134.359130859375
2190.0	2069.0	2140.717041015625
2194.0	2063.0	2136.97216796875
2191.0	2065.0	2139.656494140625
2191.0	2066.0	2139.58642578125
2191.0	2068.0	2139.51611328125
2191.0	2067.0	2139.443115234375
2190.0	2067.0	2140.28955078125
2192.0	2084.0	2138.383056640625
2192.0	2066.0	2138.312255859375
2192.0	2071.0	2138.2421875
2191.0	2065.0	2139.090087890625
2192.0	2067.0	2138.102294921875
2191.0	2068.0	2138.94970703125
2191.0	2066.0	2138.879638671875
2192.0	2064.0	2137.89111328125
2190.0	2062.0	2139.658203125
2191.0	2072.0	2138.670654296875
2191.0	2068.0	2138.598876953125
2192.0	2067.0	2137.611328125
2188.0	2065.0	2141.21435546875
2191.0	2066.0	2138.388671875
2190.0	2070.0	2139.235107421875
2194.0	2065.0	2135.49365234375
2193.0	2067.0	2136.341796875
2192.0	2067.0	2137.190185546875
2191.0	2068.0	2138.037109375
2190.0	2068.0	2138.88525390625
2191.0	2068.0	2137.896240234375
2191.0	2066.0	2137.82421875
2189.0	2067.0	2139.58984375
2192.0	2066.0	2136.764404296875
2193.0	2066.0	2135.77587890625
2191.0	2065.0	2137.541748046875
2191.0	2067.0	2137.471435546875
2191.0	2066.0	2137.40087890625
2191.0	2067.0	2137.3310546875
2193.0	2066.0	2135.423828125
2205.0	2065.0	2124.334228515625
2190.0	2076.0	2138.0380859375
2190.0	2069.0	2137.9677734375
2194.0	2070.0	2134.224609375
2192.0	2069.0	2135.990478515625
2191.0	2064.0	2136.8388671875
2191.0	2069.0	2136.76806640625
2190.0	2065.0	2137.61572265625
2194.0	2068.0	2133.872802734375
2192.0	2073.0	2135.6396484375
2190.0	2064.0	2137.406005859375
2191.0	2067.0	2136.417236328125
2191.0	2068.0	2136.346923828125
2192.0	2066.0	2135.357177734375
2190.0	2066.0	2137.123046875
2190.0	2065.0	2137.052001953125
2194.0	2066.0	2133.30908203125
2191.0	2062.0	2135.993408203125
2191.0	2068.0	2135.92333984375
2191.0	2068.0	2135.852294921875
2190.0	2069.0	2136.69970703125
2192.0	2065.0	2134.79345703125
2193.0	2067.0	2133.804931640625
2189.0	2066.0	2137.40771484375
2190.0	2069.0	2136.418701171875
2216.0	2061.0	2112.471923828125
2192.0	2057.0	2134.438720703125
2191.0	2068.0	2135.28564453125
2190.0	2067.0	2136.135009765625
2193.0	2067.0	2133.3095703125
2191.0	2068.0	2135.075927734375
2189.0	2067.0	2136.842041015625
2193.0	2078.0	2133.098388671875
2193.0	2069.0	2133.0302734375
2193.0	2067.0	2132.95947265625
2191.0	2068.0	2134.725830078125
2192.0	2068.0	2133.735595703125
2192.0	2066.0	2133.66552734375
2191.0	2066.0	2134.51318359375
2194.0	2067.0	2131.68701171875
2191.0	2070.0	2134.37158203125
2189.0	2070.0	2136.137451171875
2191.0	2065.0	2134.230224609375
2191.0	2068.0	2134.159912109375
2191.0	2069.0	2134.08935546875
2189.0	2066.0	2135.85546875
2190.0	2065.0	2134.866943359375
2193.0	2063.0	2132.043701171875
2190.0	2070.0	2134.72802734375
2192.0	2065.0	2132.8203125
2191.0	2065.0	2133.667724609375
2192.0	2068.0	2132.679443359375
2191.0	2065.0	2133.526123046875
2191.0	2067.0	2133.455810546875
2193.0	2068.0	2131.549072265625
2192.0	2066.0	2132.396728515625
2191.0	2067.0	2133.2451171875
2201.0	2067.0	2123.989013671875
2201.0	2068.0	2123.904296875
2201.0	2066.0	2123.817138671875
2202.0	2067.0	2122.812744140625
2199.0	2065.0	2125.481201171875
2202.0	2062.0	2122.640380859375
2200.0	2069.0	2124.39111328125
2200.0	2066.0	2124.304443359375
2202.0	2064.0	2122.382080078125
2204.0	2067.0	2120.4599609375
2201.0	2065.0	2123.126953125
2200.0	2066.0	2123.959716796875
2198.0	2068.0	2125.7099609375
2202.0	2065.0	2121.95068359375
2201.0	2070.0	2122.783447265625
2201.0	2067.0	2122.69775390625
2201.0	2067.0	2122.61181640625
2201.0	2068.0	2122.52587890625
2201.0	2066.0	2122.43994140625
2200.0	2067.0	2123.271728515625
2202.0	2074.0	2121.349365234375
2201.0	2060.0	2122.1806640625
2201.0	2062.0	2122.093017578125
2201.0	2066.0	2122.007080078125
2201.0	2067.0	2121.921142578125
2201.0	2065.0	2121.834716796875
2202.0	2068.0	2120.83251953125
2199.0	2068.0	2123.501220703125
2204.0	2073.0	2118.82421875
2200.0	2070.0	2122.411376953125
2191.0	2068.0	2130.591552734375
2190.0	2068.0	2131.4384765625
2190.0	2066.0	2131.3681640625
2193.0	2066.0	2128.54248046875
2191.0	2067.0	2130.308349609375
2191.0	2069.0	2130.237548828125
2194.0	2069.0	2127.412841796875
2191.0	2072.0	2130.09814453125
2191.0	2065.0	2130.02685546875
2191.0	2066.0	2129.957275390625
2191.0	2067.0	2129.886474609375
2192.0	2069.0	2128.896728515625
2190.0	2066.0	2130.66259765625
2191.0	2066.0	2129.674560546875
2193.0	2063.0	2127.7685546875
2192.0	2066.0	2128.61669921875
2191.0	2067.0	2129.465576171875
2194.0	2066.0	2126.6396484375
2190.0	2069.0	2130.241455078125
2189.0	2066.0	2131.089111328125
2202.0	2067.0	2119.0810546875
2193.0	2067.0	2127.275390625
2190.0	2066.0	2129.959228515625
2191.0	2067.0	2128.970703125
2191.0	2068.0	2128.900146484375
2180.0	2066.0	2138.937255859375
2182.0	2066.0	2137.044677734375
2182.0	2066.0	2136.988525390625
2188.0	2079.0	2131.42236328125
2182.0	2084.0	2136.877197265625
2183.0	2079.0	2135.901611328125
2183.0	2079.0	2135.845947265625
2181.0	2078.0	2137.626953125
2174.0	2077.0	2144.010498046875
2171.0	2079.0	2146.724609375
2170.0	2080.0	2147.601806640625
2172.0	2079.0	2145.724609375
2174.0	2080.0	2143.8466796875
2172.0	2078.0	2145.642822265625
2173.0	2079.0	2144.68310546875
2173.0	2079.0	2144.642578125
2172.0	2081.0	2145.520263671875
2172.0	2078.0	2145.47900390625
2176.0	2079.0	2141.765380859375
2174.0	2085.0	2143.5615234375
2171.0	2082.0	2146.275390625
2174.0	2081.0	2143.4794921875
2172.0	2080.0	2145.275390625
2171.0	2078.0	2146.15283203125
2171.0	2080.0	2146.1123046875
2173.0	2078.0	2144.233642578125
2175.0	2077.0	2142.35595703125
2173.0	2080.0	2144.151123046875
2172.0	2081.0	2145.028076171875
2171.0	2080.0	2145.903564453125
2172.0	2080.0	2144.944580078125
2172.0	2078.0	2144.9013671875
2171.0	2080.0	2145.778564453125
2176.0	2080.0	2141.146484375
2176.0	2083.0	2141.10498046875
2171.0	2083.0	2145.655029296875
2172.0	2080.0	2144.69580078125
2174.0	2079.0	2142.817626953125
2172.0	2080.0	2144.61376953125
2174.0	2079.0	2142.736083984375
2169.0	2079.0	2147.286376953125
2175.0	2096.0	2141.736328125
2174.0	2081.0	2142.614013671875
2172.0	2080.0	2144.408935546875
2174.0	2078.0	2142.531494140625
2172.0	2080.0	2144.325439453125
2171.0	2078.0	2145.20361328125
2172.0	2078.0	2144.244384765625
2176.0	2080.0	2140.53076171875
2172.0	2073.0	2144.1630859375
2171.0	2069.0	2145.040771484375
2171.0	2066.0	2145.000244140625
2173.0	2067.0	2143.122314453125
2171.0	2067.0	2144.917236328125
2161.0	2064.0	2154.071044921875
2156.0	2065.0	2158.635986328125
2162.0	2062.0	2153.099609375
2162.0	2065.0	2153.073486328125
2155.0	2069.0	2159.481689453125
2152.0	2067.0	2162.224853515625
2153.0	2066.0	2161.293212890625
2143.0	2067.0	2170.4677734375
2142.0	2067.0	2171.38916015625
2139.0	2065.0	2174.147705078125
2134.0	2067.0	2178.753662109375
2134.0	2067.0	2178.771728515625
2133.0	2067.0	2179.708740234375
2124.0	2069.0	2188.000732421875
2125.0	2066.0	2187.114990234375
2122.0	2070.0	2189.902099609375
2115.0	2066.0	2196.36376953125
2114.0	2061.0	2197.329833984375
2114.0	2048.0	2197.376953125
2114.0	2053.0	2197.425048828125
2104.0	2054.0	2206.668212890625
2104.0	2052.0	2206.730712890625
2102.0	2052.0	2208.629150390625
2109.0	2040.0	2202.263427734375
2096.0	2039.0	2214.2705078125
2094.0	2039.0	2216.18505859375
2084.0	2041.0	2225.44775390625
2087.0	2040.0	2222.7841796875
2087.0	2039.0	2222.877197265625
2077.0	2042.0	2232.16162109375
2061.0	2040.0	2246.973388671875
2066.0	2041.0	2242.503173828125
2048.0	2041.0	2259.1611328125
2058.0	2053.0	2250.115234375
2046.0	2052.0	2261.27392578125
2048.0	2054.0	2259.589111328125
2037.0	2053.0	2269.843994140625
2037.0	2054.0	2270.01025390625
2040.0	2054.0	2267.42041015625
2036.0	2057.0	2271.26123046875
2028.0	2052.0	2278.781005859375
2029.0	2053.0	2278.04443359375
2016.0	2054.0	2290.17041015625
2017.0	2042.0	2289.4482421875
2018.0	2042.0	2288.724853515625
2030.0	2041.0	2277.901611328125
2008.0	2035.0	2298.300048828125
2006.0	2038.0	2300.34765625
2007.0	2040.0	2299.640625
2006.0	2041.0	2300.76953125
2007.0	2039.0	2300.0625
2008.0	2042.0	2299.35546875
2008.0	2027.0	2299.56591796875
2008.0	2028.0	2299.77734375
2007.0	2033.0	2300.906005859375
2007.0	2027.0	2301.1171875
2010.0	2015.0	2298.572509765625
2008.0	2015.0	2300.619873046875
1998.0	2016.0	2310.025390625
2001.0	2013.0	2307.49560546875
2001.0	2013.0	2307.7197265625
1996.0	2013.0	2312.536376953125
1998.0	2002.0	2310.925048828125
1997.0	2002.0	2312.068359375
1997.0	2001.0	2312.29296875
1999.0	2003.0	2310.681640625
2008.0	2000.0	2302.630615234375
2007.0	2003.0	2303.759765625
2014.0	1989.0	2297.543212890625
1981.0	1994.0	2328.05908203125
2007.0	1993.0	2304.393798828125
2007.0	1989.0	2304.6044921875
2008.0	1988.0	2303.898681640625
2007.0	1991.0	2305.029296875
2007.0	1990.0	2305.24072265625
2007.0	1990.0	2305.45166015625
2009.0	1987.0	2303.825927734375
2008.0	1983.0	2304.955078125
2008.0	1989.0	2305.16455078125
2016.0	1989.0	2298.018310546875
2018.0	1988.0	2296.376953125
2018.0	1988.0	2296.5732421875
2017.0	1989.0	2297.685546875
2015.0	1988.0	2299.717529296875
2017.0	1985.0	2298.077392578125
2017.0	1991.0	2298.272216796875
2018.0	1987.0	2297.5498046875
2016.0	1990.0	2299.58203125
2017.0	1988.0	2298.859619140625
2017.0	1989.0	2299.0546875
2016.0	1987.0	2300.168701171875
2018.0	1977.0	2298.52783203125
2018.0	1971.0	2298.723876953125
2017.0	1975.0	2299.838623046875
2017.0	1976.0	2300.03466796875
2017.0	1975.0	2300.229736328125
2017.0	1976.0	2300.426025390625
2017.0	1976.0	2300.621826171875
2017.0	1962.0	2300.81689453125
2021.0	1961.0	2297.338623046875
2016.0	1965.0	2302.125244140625
2016.0	1963.0	2302.321533203125
2006.0	1965.0	2311.70166015625
2006.0	1963.0	2311.913330078125
2008.0	1963.0	2310.28662109375
2007.0	1951.0	2311.416259765625
2006.0	1949.0	2312.546142578125
2009.0	1951.0	2310.00244140625
2007.0	1966.0	2312.050048828125
2008.0	1941.0	2311.341552734375
2007.0	1940.0	2312.47216796875
2006.0	1939.0	2313.601806640625
2008.0	1935.0	2311.9775390625
2007.0	1938.0	2313.106689453125
2005.0	1935.0	2315.154296875
2004.0	1934.0	2316.28466796875
2007.0	1940.0	2313.7412109375
2007.0	1941.0	2313.95166015625
2017.0	1936.0	2304.97216796875
2019.0	1936.0	2303.33154296875
2017.0	1937.0	2305.363525390625
2017.0	1937.0	2305.559326171875
2017.0	1939.0	2305.755126953125
2019.0	1933.0	2304.11474609375
2016.0	1935.0	2307.064697265625
2017.0	1938.0	2306.34130859375
2016.0	1938.0	2307.4541015625
2018.0	1936.0	2305.812744140625
2016.0	1937.0	2307.8447265625
2018.0	1940.0	2306.20361328125
2016.0	1938.0	2308.235595703125
2018.0	1937.0	2306.59423828125
2018.0	1942.0	2306.79052734375
2019.0	1939.0	2306.06689453125
2044.0	1937.0	2283.303466796875
2017.0	1936.0	2308.2919921875
2016.0	1953.0	2309.404541015625
2017.0	1947.0	2308.681884765625
2016.0	1950.0	2309.79541015625
2020.0	1936.0	2306.318359375
2019.0	1939.0	2307.4306640625
2017.0	1936.0	2309.463134765625
2017.0	1938.0	2309.657958984375
2018.0	1939.0	2308.93603515625
2018.0	1938.0	2309.13134765625
2017.0	1937.0	2310.24462890625
2017.0	1936.0	2310.43994140625
2015.0	1937.0	2312.47216796875
2018.0	1943.0	2309.91357421875
2017.0	1937.0	2311.028076171875
2019.0	1937.0	2309.38671875
2018.0	1936.0	2310.499755859375
2017.0	1940.0	2311.614013671875
2017.0	1937.0	2311.8095703125
2016.0	1939.0	2312.923828125
2018.0	1935.0	2311.282958984375
2017.0	1942.0	2312.396728515625
2019.0	1938.0	2310.756591796875
2019.0	1938.0	2310.951904296875
2017.0	1938.0	2312.98388671875
2015.0	1937.0	2315.01611328125
2016.0	1937.0	2314.29345703125
2017.0	1938.0	2313.571533203125
2016.0	1937.0	2314.68505859375
2017.0	1942.0	2313.96240234375
2018.0	1939.0	2313.239013671875
2017.0	1941.0	2314.353515625
2018.0	1938.0	2313.630126953125
2017.0	1938.0	2314.744140625
2017.0	1939.0	2314.939697265625
2016.0	1937.0	2316.052978515625
2019.0	1936.0	2313.494384765625
2017.0	1937.0	2315.526123046875
2016.0	1938.0	2316.640380859375
2018.0	1939.0	2314.9970703125
2016.0	1937.0	2317.029541015625
2017.0	1934.0	2316.306884765625
2017.0	1938.0	2316.501953125
2017.0	1936.0	2316.6982421875
2017.0	1936.0	2316.89404296875
2016.0	1940.0	2318.00732421875
2019.0	1941.0	2315.448974609375
2017.0	1937.0	2317.481689453125
2018.0	1938.0	2316.759765625
2017.0	1935.0	2317.8740234375
2017.0	1936.0	2318.070556640625
2016.0	1937.0	2319.184814453125
2018.0	1935.0	2317.544677734375
2016.0	1942.0	2319.577392578125
2016.0	1942.0	2319.77294921875
2015.0	1938.0	2320.88720703125
2017.0	1938.0	2319.246337890625
2019.0	1940.0	2317.605712890625
2017.0	1937.0	2319.6376953125
2025.0	1936.0	2312.48046875
2024.0	1935.0	2313.580810546875
2026.0	1942.0	2311.925048828125
2029.0	1940.0	2309.3505859375
2025.0	1936.0	2313.205078125
2027.0	1939.0	2311.55078125
2026.0	1939.0	2312.649658203125
2026.0	1937.0	2312.8310546875
2026.0	1938.0	2313.01220703125
2028.0	1938.0	2311.3564453125
2026.0	1953.0	2313.374755859375
2028.0	1936.0	2311.719482421875
2027.0	1938.0	2312.820068359375
2026.0	1938.0	2313.919921875
2027.0	1938.0	2313.183349609375
2024.0	1939.0	2316.118408203125
2025.0	1939.0	2315.38134765625
2034.0	1939.0	2307.298828125
2027.0	1944.0	2313.907470703125
2026.0	1939.0	2315.00732421875
2025.0	1923.0	2316.107666015625
2027.0	1937.0	2314.452392578125
2026.0	1938.0	2315.55029296875
2027.0	1935.0	2314.814208984375
2025.0	1937.0	2316.83203125
2029.0	1937.0	2313.34033203125
2026.0	1935.0	2316.276123046875
2027.0	1944.0	2315.5390625
2026.0	1937.0	2316.63916015625
2038.0	1936.0	2305.79736328125
2036.0	1940.0	2307.80029296875
2037.0	1939.0	2307.04833984375
2035.0	1939.0	2309.051025390625
2043.0	1939.0	2301.87109375
2037.0	1943.0	2307.546142578125
2036.0	1941.0	2308.630859375
2036.0	1950.0	2308.797119140625
2036.0	1953.0	2308.964111328125
2036.0	1949.0	2309.13037109375
2036.0	1949.0	2309.297119140625
2036.0	1950.0	2309.462158203125
2038.0	1951.0	2307.792236328125
2026.0	1961.0	2318.97998046875
2026.0	1952.0	2319.161865234375
2026.0	1949.0	2319.342529296875
2026.0	1952.0	2319.52392578125
2026.0	1952.0	2319.70556640625
2026.0	1951.0	2319.88671875
2026.0	1949.0	2320.067138671875
2030.0	1948.0	2316.57470703125
2020.0	1947.0	2325.939208984375
2016.0	1946.0	2329.806396484375
2019.0	1950.0	2327.247314453125
2017.0	1949.0	2329.27978515625
2016.0	1950.0	2330.392822265625
2017.0	1948.0	2329.670654296875
2016.0	1950.0	2330.783935546875
2025.0	1951.0	2322.714599609375
2017.0	1948.0	2330.25634765625
2014.0	1950.0	2333.206298828125
2010.0	1951.0	2337.0771484375
2008.0	1952.0	2339.12353515625
2008.0	1950.0	2339.33447265625
2007.0	1951.0	2340.463623046875
2009.0	1949.0	2338.836669921875
2007.0	1950.0	2340.884521484375
2004.0	1950.0	2343.8515625
2007.0	1956.0	2341.30859375
2007.0	1953.0	2341.52001953125
2007.0	1948.0	2341.730224609375
2008.0	1951.0	2341.024169921875
2007.0	1953.0	2342.15283203125
2008.0	1952.0	2341.4453125
2005.0	1950.0	2344.41064453125
2000.0	1950.0	2349.2197265625
1998.0	1965.0	2351.279296875
1997.0	1954.0	2352.423583984375
1998.0	1952.0	2351.73095703125
1998.0	1949.0	2351.95556640625
2000.0	1949.0	2350.34375
2000.0	1951.0	2350.568359375
1998.0	1949.0	2352.629638671875
2002.0	1949.0	2349.1806640625
1998.0	1944.0	2353.07958984375
1997.0	1936.0	2354.22216796875
2000.0	1937.0	2351.69140625
1998.0	1939.0	2353.75244140625
1999.0	1938.0	2353.059814453125
1997.0	1939.0	2355.121337890625
1998.0	1936.0	2354.428466796875
2016.0	1937.0	2338.11279296875
2006.0	1935.0	2347.506591796875
2007.0	1938.0	2346.798583984375
2006.0	1934.0	2347.927978515625
2009.0	1937.0	2345.3837890625
2007.0	1937.0	2347.4306640625
2006.0	1949.0	2348.559814453125
2007.0	1952.0	2347.851806640625
2009.0	1950.0	2346.2255859375
2007.0	1949.0	2348.274169921875
2007.0	1953.0	2348.484375
2007.0	1949.0	2348.696044921875
2007.0	1950.0	2348.904052734375
2008.0	1949.0	2348.197509765625
2007.0	1949.0	2349.32763671875
2006.0	1950.0	2350.45654296875
2012.0	1951.0	2345.15673828125
2007.0	1950.0	2349.959228515625
2008.0	1952.0	2349.253173828125
2009.0	1949.0	2348.54638671875
2008.0	1951.0	2349.67626953125
2009.0	1949.0	2348.9677734375
2007.0	1952.0	2351.015869140625
2006.0	1951.0	2352.14599609375
2005.0	1936.0	2353.275634765625
2003.0	1936.0	2355.32373046875
2009.0	1942.0	2350.025146484375
2007.0	1941.0	2352.07275390625
2009.0	1937.0	2350.44677734375
2007.0	1936.0	2352.495849609375
2007.0	1938.0	2352.70703125
2006.0	1938.0	2353.833251953125
2006.0	1937.0	2354.04541015625
2006.0	1938.0	2354.25634765625
2006.0	1939.0	2354.46875
2008.0	1940.0	2352.843017578125
2018.0	1937.0	2343.8701171875
2017.0	1936.0	2344.983154296875
2017.0	1938.0	2345.17822265625
2017.0	1939.0	2345.373291015625
2020.0	1937.0	2342.81396484375
2019.0	1939.0	2343.92822265625
2019.0	1936.0	2344.123779296875
2017.0	1940.0	2346.157958984375
2017.0	1951.0	2346.353515625
2018.0	1950.0	2345.63037109375
2018.0	1951.0	2345.828369140625
2017.0	1950.0	2346.94091796875
2016.0	1949.0	2348.054443359375
2024.0	1948.0	2340.9033203125
2027.0	1947.0	2338.33203125
2026.0	1955.0	2339.432373046875
2025.0	1950.0	2340.531982421875
2027.0	1952.0	2338.87646484375
2027.0	1949.0	2339.05859375
2027.0	1950.0	2339.2392578125
2027.0	1950.0	2339.420654296875
2030.0	1949.0	2336.846923828125
2024.0	1950.0	2342.537841796875
2030.0	1975.0	2337.20947265625
2028.0	1952.0	2339.22705078125
2027.0	1950.0	2340.327392578125
2026.0	1949.0	2341.426025390625
2028.0	1952.0	2339.771484375
2026.0	1950.0	2341.7890625
2037.0	1952.0	2331.870361328125
2030.0	1947.0	2338.478759765625
2027.0	1951.0	2341.4150390625
2026.0	1951.0	2342.5146484375
2026.0	1950.0	2342.69482421875
2027.0	1950.0	2341.9580078125
2028.0	1951.0	2341.220947265625
2027.0	1951.0	2342.32177734375
2023.0	1951.0	2346.178955078125
2022.0	1948.0	2347.292724609375
2019.0	1953.0	2350.243408203125
2019.0	1952.0	2350.4384765625
2017.0	1951.0	2352.47021484375
2016.0	1951.0	2353.583740234375
2018.0	1949.0	2351.942138671875
2016.0	1949.0	2353.97412109375
2024.0	1951.0	2346.82275390625
2019.0	1945.0	2351.61181640625
2017.0	1951.0	2353.6435546875
2017.0	1948.0	2353.838623046875
2018.0	1951.0	2353.115966796875
2016.0	1950.0	2355.147705078125
2018.0	1951.0	2353.5068359375
2017.0	1951.0	2354.6201171875
2020.0	1953.0	2352.060546875
2018.0	1950.0	2354.092529296875
2019.0	1944.0	2353.368408203125
2018.0	1950.0	2354.4814453125
2018.0	1951.0	2354.677490234375
2018.0	1950.0	2354.87255859375
2016.0	1949.0	2356.90478515625
2018.0	1953.0	2355.262451171875
2018.0	1949.0	2355.45751953125
2020.0	1950.0	2353.817138671875
2016.0	1946.0	2357.685791015625
2018.0	1949.0	2356.044921875
2019.0	1949.0	2355.322021484375
2016.0	1951.0	2358.273681640625
2017.0	1950.0	2357.55078125
2017.0	1951.0	2357.74658203125
2017.0	1950.0	2357.94287109375
2019.0	1948.0	2356.301513671875
2017.0	1950.0	2358.333740234375
2018.0	1951.0	2357.611328125
2017.0	1950.0	2358.725341796875
2016.0	1952.0	2359.839111328125
2017.0	1950.0	2359.117431640625
2017.0	1948.0	2359.31298828125
2030.0	1950.0	2347.57080078125
2019.0	1947.0	2357.86669921875
2018.0	1953.0	2358.98193359375
2017.0	1952.0	2360.095703125
2018.0	1950.0	2359.372314453125
2017.0	1950.0	2360.486328125
2018.0	1950.0	2359.76318359375
2017.0	1947.0	2360.877685546875
2022.0	1953.0	2356.481689453125
2017.0	1957.0	2361.266845703125
2017.0	1949.0	2361.462158203125
2019.0	1951.0	2359.821044921875
2017.0	1949.0	2361.8544921875
2015.0	1948.0	2363.88623046875
2019.0	1951.0	2360.408935546875
2011.0	1954.0	2367.9501953125
2017.0	1947.0	2362.63671875
2017.0	1950.0	2362.83251953125
2018.0	1950.0	2362.110107421875
2018.0	1952.0	2362.306640625
2017.0	1952.0	2363.42041015625
2019.0	1948.0	2361.778564453125
2016.0	1949.0	2364.729736328125
2018.0	1947.0	2363.087890625
2018.0	1958.0	2363.28515625
2017.0	1952.0	2364.399169921875
2016.0	1949.0	2365.513427734375
2017.0	1951.0	2364.7900390625
2016.0	1954.0	2365.902099609375
2017.0	1951.0	2365.1796875
2027.0	1951.0	2356.190673828125
2018.0	1957.0	2364.650634765625
2019.0	1952.0	2363.9267578125
2016.0	1951.0	2366.87744140625
2017.0	1952.0	2366.154052734375
2019.0	1951.0	2364.512939453125
2020.0	1951.0	2363.78955078125
2015.0	1949.0	2368.5771484375
2018.0	1952.0	2366.01806640625
2016.0	1948.0	2368.05078125
2017.0	1955.0	2367.3271484375
2016.0	1949.0	2368.441162109375
2017.0	1951.0	2367.718505859375
2019.0	1952.0	2366.078125
2015.0	1949.0	2369.947509765625
2021.0	1949.0	2364.633056640625
2016.0	1950.0	2369.419677734375
2018.0	1952.0	2367.778564453125
2017.0	1952.0	2368.89208984375
2020.0	1952.0	2366.333251953125
2018.0	1949.0	2368.36572265625
2018.0	1954.0	2368.561279296875
2016.0	1950.0	2370.59326171875
2015.0	1951.0	2371.706787109375
2018.0	1954.0	2369.147216796875
2017.0	1950.0	2370.2607421875
2017.0	1950.0	2370.455810546875
2017.0	1952.0	2370.651611328125
2015.0	1952.0	2372.684326171875
2017.0	1951.0	2371.04296875
2032.0	1951.0	2357.465087890625
2018.0	1945.0	2370.5166015625
2017.0	1948.0	2371.630859375
2017.0	1951.0	2371.826416015625
2017.0	1951.0	2372.021728515625
2018.0	1950.0	2371.299560546875
2017.0	1950.0	2372.414306640625
2018.0	1948.0	2371.69091796875
2021.0	1950.0	2369.132080078125
2016.0	1954.0	2373.919189453125
2020.0	1953.0	2370.44189453125
2042.0	1949.0	2350.435546875
2019.0	1949.0	2371.75146484375
2019.0	1950.0	2371.946533203125
2017.0	1951.0	2373.978759765625
2017.0	1949.0	2374.175048828125
2016.0	1950.0	2375.289306640625
2016.0	1952.0	2375.48486328125
2018.0	1950.0	2373.84423828125
2017.0	1948.0	2374.957763671875
2017.0	1948.0	2375.153564453125
2018.0	1951.0	2374.43115234375
2016.0	1949.0	2376.464111328125
2016.0	1950.0	2376.66162109375
2021.0	1952.0	2372.265869140625
2019.0	1952.0	2374.297607421875
2017.0	1949.0	2376.327880859375
2016.0	1951.0	2377.441650390625
2018.0	1950.0	2375.8017578125
2017.0	1951.0	2376.91552734375
2016.0	1949.0	2378.029541015625
2026.0	1951.0	2369.03515625
2028.0	1951.0	2367.380615234375
2026.0	1950.0	2369.398193359375
2028.0	1953.0	2367.741943359375
2027.0	1950.0	2368.840576171875
2028.0	1951.0	2368.104736328125
2027.0	1951.0	2369.20458984375
2028.0	1949.0	2368.468017578125
2026.0	1951.0	2370.48486328125
2030.0	1951.0	2366.9921875
2028.0	1952.0	2369.009521484375
2028.0	1948.0	2369.19140625
2028.0	1952.0	2369.37255859375
2025.0	1951.0	2372.307373046875
2025.0	1950.0	2372.488525390625
2026.0	1950.0	2371.751708984375
2027.0	1950.0	2371.015380859375
2027.0	1951.0	2371.197021484375
2027.0	1950.0	2371.378173828125
2026.0	1951.0	2372.47705078125
2026.0	1951.0	2372.6591796875
2026.0	1953.0	2372.8408203125
2026.0	1949.0	2373.02099609375
2029.0	1952.0	2370.4482421875
2023.0	1951.0	2376.13916015625
2029.0	1950.0	2370.810791015625
2025.0	1950.0	2374.6650390625
2027.0	1954.0	2373.010498046875
2026.0	1951.0	2374.10986328125
2026.0	1951.0	2374.291259765625
2027.0	1948.0	2373.554931640625
2028.0	1950.0	2372.817626953125
2027.0	1950.0	2373.917236328125
2035.0	1951.0	2366.752197265625
2027.0	1944.0	2374.2783203125
2027.0	1951.0	2374.4599609375
2026.0	1952.0	2375.559814453125
2017.0	1950.0	2384.01416015625
2018.0	1944.0	2383.291748046875
2017.0	1949.0	2384.4052734375
2017.0	1949.0	2384.60009765625
2020.0	1952.0	2382.041015625
2018.0	1947.0	2384.0732421875
2017.0	1945.0	2385.18701171875
2017.0	1952.0	2385.382080078125
2017.0	1950.0	2385.577880859375
2017.0	1951.0	2385.773681640625
2018.0	1951.0	2385.05078125
2027.0	1949.0	2376.974365234375
2039.0	1952.0	2366.13525390625
2028.0	1948.0	2376.41748046875
2026.0	1952.0	2378.435546875
2026.0	1948.0	2378.617431640625
2027.0	1949.0	2377.880859375
2027.0	1948.0	2378.0615234375
2027.0	1952.0	2378.242431640625
2027.0	1952.0	2378.423828125
2030.0	1949.0	2375.85107421875
2028.0	1953.0	2377.868408203125
2028.0	1959.0	2378.048828125
2028.0	1950.0	2378.229248046875
2028.0	1952.0	2378.4111328125
2027.0	1949.0	2379.510986328125
2026.0	1949.0	2380.6103515625
2027.0	1951.0	2379.873779296875
2025.0	1951.0	2381.891845703125
2028.0	1935.0	2379.31884765625
2026.0	1940.0	2381.3369140625
2026.0	1938.0	2381.51708984375
2017.0	1938.0	2389.96533203125
2015.0	1939.0	2391.997802734375
2018.0	1939.0	2389.438720703125
2019.0	1937.0	2388.71435546875
2022.0	1939.0	2386.155029296875
2019.0	1935.0	2389.105712890625
2018.0	1943.0	2390.2197265625
2017.0	1937.0	2391.33349609375
2019.0	1938.0	2389.692626953125
2018.0	1937.0	2390.8076171875
2017.0	1939.0	2391.921142578125
2018.0	1939.0	2391.1982421875
2026.0	1936.0	2384.047607421875
2019.0	1934.0	2390.67041015625
2016.0	1940.0	2393.621337890625
2016.0	1937.0	2393.816162109375
2019.0	1938.0	2391.2568359375
2017.0	1938.0	2393.28857421875
2018.0	1938.0	2392.56494140625
2017.0	1935.0	2393.6787109375
2019.0	1937.0	2392.0380859375
2027.0	1934.0	2384.885986328125
2026.0	1942.0	2385.9853515625
2027.0	1939.0	2385.248046875
2025.0	1939.0	2387.266357421875
2018.0	1938.0	2393.87646484375
2027.0	1937.0	2385.793701171875
2027.0	1939.0	2385.97509765625
2021.0	1939.0	2391.66650390625
2029.0	1938.0	2384.500732421875
2027.0	1943.0	2386.518798828125
2028.0	1936.0	2385.781494140625
2027.0	1939.0	2386.880859375
2027.0	1937.0	2387.0615234375
2029.0	1937.0	2385.406005859375
2026.0	1939.0	2388.341552734375
2024.0	1937.0	2390.35888671875
2028.0	1938.0	2386.867431640625
2026.0	1930.0	2388.884765625
2027.0	1937.0	2388.148193359375
2026.0	1938.0	2389.24755859375
2028.0	1950.0	2387.5927734375
2025.0	1951.0	2390.5283203125
2026.0	1948.0	2389.79052734375
2025.0	1952.0	2390.890625
1997.0	1951.0	2416.785400390625
2026.0	1950.0	2390.337158203125
2027.0	1954.0	2389.600341796875
2026.0	1953.0	2390.700439453125
2028.0	1939.0	2389.044921875
2027.0	1937.0	2390.144287109375
2028.0	1938.0	2389.407470703125
2025.0	1938.0	2392.34375
2027.0	1938.0	2390.688720703125
2027.0	1933.0	2390.8701171875
2025.0	1936.0	2392.88671875
2027.0	1936.0	2391.23193359375
2025.0	1938.0	2393.24951171875
2026.0	1937.0	2392.511962890625
2017.0	1937.0	2400.9609375
2015.0	1937.0	2402.99169921875
2016.0	1938.0	2402.270263671875
2019.0	1933.0	2399.71142578125
2020.0	1939.0	2398.988525390625
2017.0	1937.0	2401.938720703125
2018.0	1937.0	2401.216064453125
2017.0	1939.0	2402.32958984375
2017.0	1938.0	2402.525146484375
2017.0	1938.0	2402.72021484375
2016.0	1936.0	2403.834228515625
2019.0	1940.0	2401.27587890625
2018.0	1941.0	2402.390625
2016.0	1935.0	2404.422607421875
2020.0	1940.0	2400.945068359375
2017.0	1937.0	2403.895263671875
2018.0	1937.0	2403.1728515625
2018.0	1939.0	2403.369140625
2016.0	1938.0	2405.399169921875
2018.0	1936.0	2403.759033203125
2015.0	1939.0	2406.70849609375
2018.0	1939.0	2404.1484375
2018.0	1940.0	2404.34326171875
2017.0	1937.0	2405.45703125
2017.0	1937.0	2405.652587890625
2017.0	1937.0	2405.847412109375
2016.0	1939.0	2406.960693359375
2018.0	1938.0	2405.320556640625
2016.0	1938.0	2407.353515625
2018.0	1933.0	2405.712890625
2018.0	1936.0	2405.908203125
2017.0	1936.0	2407.02197265625
2018.0	1938.0	2406.2998046875
2018.0	1937.0	2406.49560546875
2018.0	1950.0	2406.691162109375
2016.0	1951.0	2408.72265625
2018.0	1947.0	2407.08056640625
2017.0	1960.0	2408.19384765625
2026.0	1951.0	2400.12255859375
2027.0	1951.0	2399.385986328125
2026.0	1949.0	2400.4853515625
2029.0	1950.0	2397.911865234375
2026.0	1952.0	2400.8486328125
2026.0	1951.0	2401.031005859375
2031.0	1949.0	2396.6201171875
2038.0	1950.0	2390.36962890625
2035.0	1962.0	2393.28955078125
2037.0	1962.0	2391.618408203125
2037.0	1963.0	2391.783935546875
2035.0	1962.0	2393.785888671875
2037.0	1964.0	2392.113037109375
2045.0	1975.0	2384.923828125
2043.0	1976.0	2386.913330078125
2046.0	1987.0	2384.311767578125
2055.0	1992.0	2376.191650390625
2055.0	1989.0	2376.327880859375
2056.0	2002.0	2375.545166015625
2055.0	2003.0	2376.599609375
2065.0	2002.0	2367.539794921875
2065.0	2015.0	2367.66064453125
2067.0	2029.0	2365.945556640625
2074.0	2039.0	2359.630615234375
2075.0	2057.0	2358.818359375
2085.0	2053.0	2349.73876953125
2087.0	2065.0	2347.99365234375
2094.0	2078.0	2341.653564453125
2093.0	2092.0	2342.650390625
2096.0	2091.0	2339.972900390625
2118.0	2091.0	2319.834716796875
2106.0	2100.0	2330.916748046875
2113.0	2114.0	2324.543212890625
2113.0	2133.0	2324.590576171875
2124.0	2146.0	2314.529296875
2132.0	2159.0	2307.21240234375
2143.0	2170.0	2297.127685546875
2142.0	2170.0	2298.04931640625
2157.0	2197.0	2284.275390625
2151.0	2198.0	2289.77392578125
2162.0	2207.0	2279.64892578125
2163.0	2223.0	2278.7041015625
2173.0	2236.0	2269.48828125
2182.0	2249.0	2261.17822265625
2190.0	2259.0	2253.768310546875
2191.0	2274.0	2252.7802734375
2203.0	2299.0	2241.689208984375
2200.0	2302.0	2244.357421875
2210.0	2312.0	2235.07470703125
2219.0	2325.0	2226.700439453125
2231.0	2340.0	2215.552001953125
2231.0	2352.0	2215.422119140625
2242.0	2377.0	2205.18408203125
2249.0	2391.0	2198.60791015625
2262.0	2403.0	2186.508056640625
2272.0	2419.0	2177.146728515625
2271.0	2433.0	2177.8740234375
2269.0	2433.0	2179.5205078125
2279.0	2458.0	2170.135009765625
2289.0	2471.0	2160.737060546875
2299.0	2482.0	2151.3203125
2307.0	2510.0	2143.73193359375
2309.0	2519.0	2141.644287109375
2316.0	2553.0	2134.9638671875
2327.0	2567.0	2124.597412109375
2336.0	2587.0	2116.04931640625
2347.0	2601.0	2105.652587890625
2346.0	2600.0	2106.261962890625
2356.0	2613.0	2096.7568359375
2366.0	2640.0	2087.2412109375
2373.0	2652.0	2080.465576171875
2388.0	2666.0	2066.327880859375
2396.0	2691.0	2058.60400390625
2415.0	2712.0	2040.766845703125
2425.0	2718.0	2031.1693115234375
2426.0	2719.0	2029.822265625
2437.0	2756.0	2019.291015625
2435.0	2758.0	2020.6849365234375
2447.0	2772.0	2009.2083740234375
2465.0	2797.0	1992.2020263671875
2475.0	2809.0	1982.522216796875
2483.0	2822.0	1974.66845703125
2494.0	2849.0	1964.041259765625
2503.0	2860.0	1955.2401123046875
2509.0	2875.0	1949.1812744140625
2516.0	2874.0	1942.1898193359375
2524.0	2887.0	1934.26708984375
2524.0	2899.0	1933.6883544921875
2531.0	2923.0	1926.6690673828125
2541.0	2938.0	1916.8841552734375
2553.0	2950.0	1905.248291015625
2561.0	2970.0	1897.2755126953125
2562.0	2976.0	1895.7188720703125
2572.0	2993.0	1885.8953857421875
2580.0	3007.0	1877.89501953125
2571.0	3007.0	1885.4927978515625
2583.0	3021.0	1873.8065185546875
2590.0	3032.0	1866.7015380859375
2601.0	3044.0	1855.9046630859375
2599.0	3056.0	1857.0430908203125
2610.0	3073.0	1846.23779296875
2620.0	3082.0	1836.3394775390625
2619.0	3098.0	1836.530029296875
2629.0	3098.0	1826.6168212890625
2640.0	3113.0	1815.7713623046875
2642.0	3110.0	1813.177001953125
2640.0	3124.0	1814.255615234375
2648.0	3123.0	1806.14208984375
2650.0	3137.0	1803.5330810546875
2650.0	3136.0	1802.7501220703125
2661.0	3152.0	1791.8599853515625
2661.0	3151.0	1791.071533203125
2669.0	3149.0	1782.9364013671875
2668.0	3153.0	1783.0528564453125
2670.0	3163.0	1780.4156494140625
2669.0	3164.0	1780.5322265625
2669.0	3161.0	1779.73046875
2680.0	3165.0	1768.8170166015625
2680.0	3177.0	1767.9986572265625
2680.0	3179.0	1767.1810302734375
2680.0	3180.0	1766.3631591796875
2679.0	3177.0	1766.4638671875
2679.0	3179.0	1765.64501953125
2679.0	3177.0	1764.826416015625
2680.0	3174.0	1763.0892333984375
2679.0	3160.0	1763.188720703125
2681.0	3160.0	1760.534423828125
2680.0	3165.0	1760.63330078125
2679.0	3167.0	1760.7333984375
2680.0	3160.0	1758.9969482421875
2669.0	3148.0	1768.2803955078125
2670.0	3149.0	1766.5606689453125
2671.0	3150.0	1764.840576171875
2669.0	3134.0	1765.875244140625
2670.0	3135.0	1764.15478515625
2663.0	3121.0	1769.79052734375
2661.0	3124.0	1770.8387451171875
2653.0	3111.0	1777.408203125
2654.0	3097.0	1775.717041015625
2652.0	3097.0	1776.78076171875
2641.0	3086.0	1786.1107177734375
2630.0	3069.0	1795.4599609375
2623.0	3058.0	1801.1470947265625
2621.0	3057.0	1802.256591796875
2621.0	3030.0	1801.5289306640625
2611.0	3034.0	1809.99365234375
2602.0	3003.0	1817.553466796875
2591.0	2994.0	1826.96533203125
2580.0	2962.0	1836.3907470703125
2571.0	2954.0	1843.990234375
2571.0	2942.0	1843.337158203125
2571.0	2942.0	1842.6834716796875
2554.0	2901.0	1857.656005859375
2551.0	2902.0	1859.7874755859375
2541.0	2888.0	1868.361083984375
2532.0	2861.0	1876.02685546875
2522.0	2851.0	1884.624267578125
2513.0	2822.0	1892.3143310546875
2496.0	2795.0	1907.377197265625
2483.0	2782.0	1918.7838134765625
2473.0	2758.0	1927.4505615234375
2473.0	2756.0	1926.9466552734375
2454.0	2731.0	1943.91748046875
2438.0	2707.0	1958.1552734375
2427.0	2676.0	1967.82666015625
2417.0	2645.0	1976.58984375
2396.0	2631.0	1995.47509765625
2376.0	2614.0	2013.464111328125
2367.0	2573.0	2021.3768310546875
2347.0	2549.0	2039.40966796875
2337.0	2521.0	2048.28515625
2337.0	2522.0	2047.991943359375
2326.0	2497.0	2057.812255859375
2308.0	2461.0	2074.078857421875
2299.0	2429.0	2082.10693359375
2279.0	2400.0	2100.2548828125
2271.0	2383.0	2107.403076171875
2250.0	2339.0	2126.5029296875
2240.0	2313.0	2135.527587890625
2220.0	2275.0	2153.75439453125
2208.0	2248.0	2164.65966796875
2210.0	2248.0	2162.72265625
2191.0	2223.0	2180.095703125
2171.0	2182.0	2198.409423828125
2164.0	2158.0	2204.802734375
2143.0	2131.0	2224.078369140625
2125.0	2092.0	2240.62548828125
2104.0	2066.0	2259.94775390625
2096.0	2026.0	2267.357666015625
2094.0	2039.0	2269.2705078125
2058.0	1966.0	2302.437744140625
2056.0	1963.0	2304.410400390625
2047.0	1926.0	2312.825439453125
2027.0	1897.0	2331.362060546875
2007.0	1860.0	2349.924072265625
1998.0	1836.0	2358.402587890625
1982.0	1796.0	2373.33544921875
1962.0	1769.0	2391.962158203125
1941.0	1735.0	2411.5341796875
1940.0	1733.0	2412.7646484375
1922.0	1707.0	2429.632568359375
1903.0	1670.0	2447.44091796875
1884.0	1646.0	2465.285888671875
1873.0	1620.0	2475.7978515625
1854.0	1583.0	2493.675537109375
1834.0	1556.0	2512.492431640625
1834.0	1520.0	2512.96630859375
1807.0	1488.0	2538.25732421875
1791.0	1466.0	2553.470947265625
1787.0	1469.0	2557.69140625
1778.0	1434.0	2566.51708984375
1759.0	1406.0	2584.544189453125
1750.0	1384.0	2593.407470703125
1731.0	1362.0	2611.477783203125
1717.0	1339.0	2624.975830078125
1703.0	1301.0	2638.486328125
1692.0	1279.0	2649.267333984375
1675.0	1253.0	2665.576416015625
1655.0	1231.0	2684.6669921875
1657.0	1231.0	2683.580078125
1646.0	1208.0	2694.444091796875
1636.0	1196.0	2704.39990234375
1619.0	1173.0	2720.804931640625
1607.0	1152.0	2732.639892578125
1599.0	1141.0	2740.81494140625
1580.0	1118.0	2759.104248046875
1570.0	1093.0	2769.15283203125
1572.0	1099.0	2768.195068359375
1551.0	1064.0	2788.370849609375
1554.0	1064.0	2786.522216796875
1544.0	1040.0	2796.62353515625
1533.0	1028.0	2807.65283203125
1525.0	1019.0	2815.939697265625
1517.0	997.0	2824.2373046875
1506.0	986.0	2835.308837890625
1499.0	976.0	2842.717041015625
1488.0	964.0	2853.810546875
1488.0	963.0	2854.81591796875
1488.0	956.0	2855.821044921875
1479.0	946.0	2865.097900390625
1476.0	943.0	2868.884033203125
1471.0	931.0	2874.508056640625
1462.0	925.0	2883.811767578125
1462.0	925.0	2884.857177734375
1453.0	912.0	2894.16943359375
1445.0	911.0	2902.5791015625
1444.0	922.0	2904.5712890625
1441.0	911.0	2908.400390625
1434.0	903.0	2915.914306640625
1433.0	902.0	2917.919921875
1435.0	902.0	2917.171142578125
1432.0	902.0	2921.013916015625
1435.0	903.0	2919.34765625
1435.0	910.0	2920.43505859375
1432.0	912.0	2924.2783203125
1435.0	913.0	2922.611083984375
1443.0	923.0	2916.35205078125
1444.0	922.0	2916.50732421875
1444.0	922.0	2917.580810546875
1454.0	933.0	2909.46240234375
1454.0	942.0	2910.5224609375
1461.0	955.0	2905.143798828125
1471.0	965.0	2897.0009765625
1469.0	974.0	2899.8701171875
1479.0	987.0	2891.718017578125
1482.0	984.0	2889.9814453125
1488.0	1008.0	2885.478515625
1488.0	1008.0	2886.484130859375
1499.0	1029.0	2877.377197265625
1507.0	1039.0	2871.011962890625
1514.0	1060.0	2865.5537109375
1525.0	1085.0	2856.41259765625
1544.0	1095.0	2839.899169921875
1552.0	1119.0	2833.469482421875
1562.0	1139.0	2825.191650390625
1564.0	1140.0	2824.246337890625
1572.0	1163.0	2817.779541015625
1590.0	1186.0	2802.1123046875
1598.0	1207.0	2795.602294921875
1618.0	1246.0	2778.052001953125
1627.0	1266.0	2770.5888671875
1646.0	1290.0	2753.92578125
1663.0	1326.0	2739.07470703125
1684.0	1361.0	2720.517333984375
1705.0	1386.0	2701.936767578125
1701.0	1386.0	2706.287353515625
1721.0	1423.0	2688.57568359375
1741.0	1460.0	2670.83837890625
1759.0	1494.0	2654.90576171875
1780.0	1533.0	2636.191162109375
1796.0	1568.0	2622.047607421875
1821.0	1604.0	2599.615234375
1836.0	1642.0	2586.341796875
1864.0	1685.0	2561.095703125
1884.0	1731.0	2543.158203125
1883.0	1733.0	2544.477783203125
1913.0	1772.0	2517.291748046875
1939.0	1825.0	2493.746337890625
1959.0	1863.0	2475.67919921875
1989.0	1911.0	2448.387451171875
2001.0	1949.0	2437.593505859375
2039.0	2003.0	2402.899658203125
2055.0	2053.0	2388.369873046875
2057.0	2054.0	2386.66943359375
2114.0	2147.0	2334.418212890625
2114.0	2144.0	2334.466552734375
2126.0	2195.0	2323.468017578125
2163.0	2238.0	2289.482666015625
2183.0	2285.0	2271.07421875
2200.0	2327.0	2255.400634765625
2211.0	2367.0	2245.206787109375
2221.0	2389.0	2235.9208984375
2230.0	2418.0	2227.539794921875
2229.0	2416.0	2228.32861328125
2230.0	2442.0	2227.2802734375
2229.0	2469.0	2228.068359375
2252.0	2483.0	2206.802978515625
2241.0	2493.0	2216.75830078125
2239.0	2512.0	2218.4482421875
2248.0	2523.0	2210.033203125
2251.0	2535.0	2207.11767578125
2250.0	2548.0	2207.874267578125
2259.0	2547.0	2199.44775390625
2259.0	2548.0	2199.271484375
2259.0	2548.0	2199.09619140625
2268.0	2550.0	2190.65771484375
2269.0	2544.0	2189.5556640625
2271.0	2550.0	2187.52783203125
2268.0	2535.0	2190.093017578125
2259.0	2522.0	2198.166748046875
2258.0	2523.0	2198.896484375
2259.0	2509.0	2197.802734375
2260.0	2496.0	2196.70849609375
2260.0	2495.0	2196.534912109375
2252.0	2496.0	2203.71923828125
2248.0	2480.0	2207.23193359375
2239.0	2467.0	2215.343017578125
2241.0	2456.0	2213.360107421875
2229.0	2443.0	2224.241943359375
2231.0	2432.0	2222.274658203125
2220.0	2418.0	2232.245361328125
2220.0	2417.0	2232.12939453125
2207.0	2380.0	2243.953125
2211.0	2371.0	2240.179931640625
2212.0	2365.0	2239.161376953125
2202.0	2351.0	2248.251953125
2191.0	2327.0	2258.2744140625
2189.0	2314.0	2260.03955078125
2183.0	2289.0	2265.48583984375
2171.0	2263.0	2276.451171875
2165.0	2247.0	2281.921630859375
2163.0	2248.0	2283.731201171875
2152.0	2224.0	2293.818603515625
2141.0	2208.0	2303.915283203125
2130.0	2184.0	2314.03271484375
2124.0	2162.0	2319.569580078125
2112.0	2146.0	2330.629150390625
2104.0	2130.0	2338.02685546875
2094.0	2117.0	2347.272705078125
2094.0	2101.0	2347.35009765625
2086.0	2093.0	2354.773681640625
2087.0	2093.0	2353.9453125
2074.0	2092.0	2365.98974609375
2066.0	2080.0	2373.451171875
2065.0	2074.0	2374.49072265625
2068.0	2065.0	2371.866455078125
2057.0	2066.0	2382.103271484375
2044.0	2068.0	2394.180908203125
2045.0	2070.0	2393.414794921875
2046.0	2051.0	2392.647705078125
2037.0	2055.0	2401.065673828125
2039.0	2053.0	2399.39501953125
2036.0	2053.0	2402.31591796875
2040.0	2052.0	2398.809326171875
2037.0	2053.0	2401.729736328125
2036.0	2057.0	2402.814697265625
2036.0	2053.0	2402.98095703125
2040.0	2052.0	2399.474609375
2029.0	2054.0	2409.74365234375
2026.0	2050.0	2412.6796875
2025.0	2041.0	2413.77978515625
2030.0	2038.0	2409.3701171875
2029.0	2034.0	2410.47021484375
2027.0	2041.0	2412.48828125
2026.0	2041.0	2413.58935546875
2027.0	2030.0	2412.852294921875
2028.0	2015.0	2412.115478515625
2028.0	2016.0	2412.296875
2026.0	2003.0	2414.31494140625
2028.0	2004.0	2412.66015625
2029.0	2001.0	2411.923095703125
2017.0	1999.0	2423.13330078125
2017.0	2002.0	2423.328857421875
2017.0	1988.0	2423.524169921875
2019.0	1987.0	2421.88330078125
2017.0	1989.0	2423.914794921875
2017.0	1987.0	2424.10986328125
2021.0	1976.0	2420.6328125
2017.0	1983.0	2424.501708984375
2016.0	1977.0	2425.615478515625
2018.0	1976.0	2423.974365234375
2017.0	1977.0	2425.087158203125
2017.0	1965.0	2425.283203125
2017.0	1963.0	2425.47900390625
2016.0	1962.0	2426.593505859375
2016.0	1961.0	2426.788818359375
2019.0	1964.0	2424.2294921875
2019.0	1957.0	2424.425048828125
2017.0	1963.0	2426.457275390625
2019.0	1963.0	2424.816162109375
2018.0	1963.0	2425.93017578125
2018.0	1965.0	2426.12451171875
2017.0	1962.0	2427.23828125
2018.0	1964.0	2426.515869140625
2018.0	1962.0	2426.71142578125
2017.0	1966.0	2427.825439453125
2018.0	1965.0	2427.10205078125
2018.0	1964.0	2427.29736328125
2027.0	1961.0	2419.215576171875
2027.0	1962.0	2419.397216796875
2027.0	1965.0	2419.57763671875
2026.0	1964.0	2420.676025390625
2026.0	1963.0	2420.857666015625
2028.0	1965.0	2419.202392578125
2027.0	1961.0	2420.3017578125
2026.0	1965.0	2421.401611328125
2027.0	1963.0	2420.6650390625
2026.0	1964.0	2421.764892578125
2025.0	1963.0	2422.86474609375
2026.0	1962.0	2422.128173828125
2028.0	1966.0	2420.473876953125
2039.0	1966.0	2410.543701171875
2038.0	1964.0	2411.6279296875
2036.0	1963.0	2413.6298828125
2036.0	1964.0	2413.796630859375
2040.0	1963.0	2410.288818359375
2038.0	1962.0	2412.29150390625
2036.0	1964.0	2414.2939453125
2037.0	1962.0	2413.5419921875
2036.0	1966.0	2414.62646484375
2036.0	1957.0	2414.792724609375
2036.0	1964.0	2414.958740234375
2036.0	1962.0	2415.125732421875
2035.0	1963.0	2416.2099609375
2036.0	1965.0	2415.45751953125
2037.0	1965.0	2414.70458984375
2029.0	1963.0	2422.217529296875
2037.0	1962.0	2415.036865234375
2037.0	1963.0	2415.202392578125
2035.0	1960.0	2417.20556640625
2036.0	1963.0	2416.454345703125
2036.0	1962.0	2416.62060546875
2038.0	1963.0	2414.949951171875
2037.0	1963.0	2416.034423828125
2024.0	1962.0	2428.13916015625
2025.0	1964.0	2427.403076171875
2028.0	1966.0	2424.82958984375
2027.0	1966.0	2425.9287109375
2026.0	1963.0	2427.028564453125
2026.0	1963.0	2427.209228515625
2026.0	1964.0	2427.390869140625
2029.0	1963.0	2424.81689453125
2026.0	1964.0	2427.75341796875
2031.0	1949.0	2423.34326171875
2018.0	1958.0	2435.464111328125
2015.0	1949.0	2438.4150390625
2017.0	1953.0	2436.77490234375
2017.0	1951.0	2436.970947265625
2017.0	1949.0	2437.16845703125
2018.0	1951.0	2436.44677734375
2016.0	1949.0	2438.480712890625
2019.0	1951.0	2435.922607421875
2016.0	1948.0	2438.872802734375
2016.0	1943.0	2439.068603515625
2018.0	1950.0	2437.427001953125
2016.0	1950.0	2439.458740234375
2018.0	1951.0	2437.8173828125
2017.0	1949.0	2438.92919921875
2018.0	1951.0	2438.2060546875
2016.0	1951.0	2440.23828125
2018.0	1949.0	2438.5966796875
2017.0	1951.0	2439.711669921875
2016.0	1952.0	2440.825927734375
2017.0	1950.0	2440.103271484375
2018.0	1950.0	2439.380126953125
2017.0	1952.0	2440.494140625
2019.0	1949.0	2438.851806640625
2016.0	1950.0	2441.802978515625
2016.0	1950.0	2441.998779296875
2017.0	1953.0	2441.276123046875
2018.0	1950.0	2440.55224609375
2016.0	1953.0	2442.58447265625
2018.0	1951.0	2440.9443359375
2015.0	1951.0	2443.89501953125
2017.0	1950.0	2442.254638671875
2019.0	1952.0	2440.6142578125
2018.0	1949.0	2441.7275390625
2006.0	1952.0	2452.952880859375
2010.0	1951.0	2449.49072265625
2008.0	1950.0	2451.5390625
2008.0	1950.0	2451.74853515625
2008.0	1951.0	2451.958740234375
2008.0	1948.0	2452.168212890625
2007.0	1949.0	2453.296630859375
2005.0	1951.0	2455.34423828125
2008.0	1950.0	2452.800537109375
1995.0	1948.0	2464.96142578125
1999.0	1946.0	2461.513671875
1997.0	1954.0	2463.5751953125
1997.0	1949.0	2463.7998046875
1998.0	1950.0	2463.106689453125
1997.0	1953.0	2464.2509765625
1988.0	1948.0	2472.7421875
1991.0	1950.0	2470.22705078125
1987.0	1950.0	2474.140625
1988.0	1950.0	2473.462646484375
1987.0	1951.0	2474.62109375
1988.0	1951.0	2473.943359375
1988.0	1950.0	2474.184326171875
1989.0	1950.0	2473.506591796875
1978.0	1953.0	2483.8486328125
1981.0	1945.0	2481.34814453125
1979.0	1956.0	2483.439697265625
1979.0	1943.0	2483.69287109375
1980.0	1950.0	2483.029052734375
1981.0	1950.0	2482.36572265625
1978.0	1949.0	2485.375732421875
1979.0	1950.0	2484.711669921875
1978.0	1951.0	2485.884521484375
1978.0	1951.0	2486.1396484375
1979.0	1945.0	2485.475830078125
1980.0	1948.0	2484.81201171875
1980.0	1954.0	2485.06591796875
1979.0	1953.0	2486.23876953125
1979.0	1950.0	2486.4931640625
1979.0	1951.0	2486.748291015625
1977.0	1950.0	2488.8388671875
1980.0	1950.0	2486.339111328125
1983.0	1953.0	2483.8388671875
1980.0	1960.0	2486.847412109375
1977.0	1968.0	2489.861328125
1980.0	1963.0	2487.360107421875
1980.0	1965.0	2487.614501953125
1977.0	1962.0	2490.623779296875
1978.0	1963.0	2489.958984375
1971.0	1964.0	2496.65234375
1969.0	1963.0	2498.758544921875
1971.0	1964.0	2497.192138671875
1971.0	1961.0	2497.4599609375
1970.0	1958.0	2498.646484375
1960.0	1963.0	2508.099609375
1961.0	1961.0	2507.46484375
1960.0	1963.0	2508.665771484375
1962.0	1961.0	2507.11376953125
1959.0	1951.0	2510.15283203125
1964.0	1950.0	2505.844970703125
1960.0	1950.0	2509.801025390625
1960.0	1947.0	2510.08544921875
1959.0	1949.0	2511.287353515625
1960.0	1949.0	2510.65185546875
1961.0	1948.0	2510.017822265625
1962.0	1951.0	2509.3837890625
1968.0	1953.0	2504.14599609375
1964.0	1951.0	2508.0888671875
1969.0	1951.0	2503.767578125
1969.0	1951.0	2504.037353515625
1969.0	1950.0	2504.306640625
1968.0	1952.0	2505.494384765625
1979.0	1950.0	2495.660400390625
1978.0	1952.0	2496.83349609375
1979.0	1949.0	2496.16943359375
1978.0	1950.0	2497.342529296875
1977.0	1948.0	2498.51611328125
1979.0	1953.0	2496.933349609375
1978.0	1962.0	2498.10546875
1979.0	1961.0	2497.442138671875
1977.0	1963.0	2499.53369140625
1978.0	1963.0	2498.8701171875
1979.0	1961.0	2498.205810546875
1974.0	1964.0	2503.052490234375
1979.0	1964.0	2498.715576171875
1981.0	1957.0	2497.1337890625
1979.0	1965.0	2499.224609375
1979.0	1962.0	2499.479248046875
1961.0	1962.0	2516.262939453125
1981.0	1976.0	2498.15234375
1979.0	1975.0	2500.242919921875
1978.0	1978.0	2501.415771484375
1976.0	1974.0	2503.506591796875
1979.0	1976.0	2501.006103515625
1979.0	1976.0	2501.259765625
1980.0	1963.0	2500.595947265625
1969.0	1963.0	2510.95947265625
1969.0	1964.0	2511.228515625
1968.0	1963.0	2512.417236328125
1969.0	1966.0	2511.769287109375
1968.0	1962.0	2512.95751953125
1970.0	1962.0	2511.390380859375
1968.0	1970.0	2513.496337890625
1971.0	1965.0	2511.0107421875
1969.0	1961.0	2513.11669921875
1968.0	1963.0	2514.30419921875
1968.0	1961.0	2514.574462890625
1971.0	1963.0	2512.089599609375
1967.0	1961.0	2516.032470703125
1972.0	1963.0	2511.711181640625
1971.0	1962.0	2512.8994140625
1969.0	1963.0	2515.00439453125
1968.0	1962.0	2516.193115234375
1963.0	1962.0	2521.053955078125
1970.0	1962.0	2514.8955078125
1968.0	1962.0	2517.001708984375
1968.0	1963.0	2517.271240234375
1977.0	1962.0	2509.27490234375
1971.0	1959.0	2515.0546875
1968.0	1965.0	2518.079833984375
1980.0	1964.0	2507.328125
1979.0	1964.0	2508.499755859375
1979.0	1963.0	2508.75341796875
1980.0	1963.0	2508.090087890625
1978.0	1962.0	2510.180908203125
1977.0	1964.0	2511.35302734375
1978.0	1961.0	2510.69140625
1979.0	1956.0	2510.027587890625
1978.0	1963.0	2511.2001953125
1980.0	1962.0	2509.61865234375
1978.0	1966.0	2511.708984375
1978.0	1962.0	2511.962646484375
1979.0	1962.0	2511.299072265625
1973.0	1964.0	2517.062744140625
1980.0	1964.0	2510.88916015625
1980.0	1962.0	2511.144287109375
1988.0	1963.0	2504.045166015625
1986.0	1962.0	2506.121337890625
1986.0	1961.0	2506.3623046875
1988.0	1963.0	2504.76611328125
1989.0	1963.0	2504.088134765625
1987.0	1964.0	2506.16552734375
1985.0	1962.0	2508.242431640625
1989.0	1965.0	2504.81005859375
1989.0	1967.0	2505.050537109375
1998.0	1963.0	2497.0166015625
1997.0	1964.0	2498.16015625
1998.0	1963.0	2497.467529296875
1999.0	1964.0	2496.774169921875
1997.0	1962.0	2498.8349609375
1999.0	1963.0	2497.223876953125
1999.0	1969.0	2497.44970703125
1998.0	1964.0	2498.592529296875
2000.0	1963.0	2496.980224609375
1997.0	1964.0	2499.9609375
2000.0	1964.0	2497.431640625
1999.0	1964.0	2498.574951171875
1997.0	1962.0	2500.635498046875
2003.0	1965.0	2495.350341796875
1997.0	1963.0	2501.085205078125
1998.0	1969.0	2500.393310546875
2001.0	1964.0	2497.862548828125
1998.0	1961.0	2500.842529296875
1998.0	1962.0	2501.06787109375
1997.0	1964.0	2502.2109375
1999.0	1960.0	2500.599609375
2021.0	1961.0	2480.62060546875
2010.0	1958.0	2490.932373046875
2007.0	1962.0	2493.898681640625
2007.0	1961.0	2494.1103515625
2006.0	1964.0	2495.240234375
2006.0	1964.0	2495.450927734375
2010.0	1961.0	2491.9873046875
2007.0	1964.0	2494.953369140625
2004.0	1964.0	2497.91943359375
2011.0	1963.0	2491.702880859375
2008.0	1962.0	2494.6669921875
2007.0	1966.0	2495.795654296875
2007.0	1961.0	2496.0068359375
2006.0	1964.0	2497.13671875
2007.0	1962.0	2496.428466796875
2007.0	1965.0	2496.64013671875
2006.0	1964.0	2497.770263671875
2007.0	1962.0	2497.062255859375
2008.0	1962.0	2496.35498046875
2008.0	1962.0	2496.56689453125
2007.0	1963.0	2497.696533203125
2008.0	1961.0	2496.98974609375
2007.0	1962.0	2498.118408203125
2007.0	1964.0	2498.330810546875
2008.0	1961.0	2497.623046875
2013.0	1963.0	2493.24169921875
2007.0	1968.0	2498.9619140625
2006.0	1966.0	2500.092041015625
2009.0	1963.0	2497.548583984375
2010.0	1963.0	2496.8408203125
2005.0	1962.0	2501.64306640625
2008.0	1964.0	2499.09912109375
2006.0	1963.0	2501.146484375
2002.0	1962.0	2505.03076171875
2008.0	1962.0	2499.731689453125
2007.0	1965.0	2500.861328125
2007.0	1964.0	2501.07275390625
2008.0	1962.0	2500.365234375
2007.0	1963.0	2501.494140625
2007.0	1962.0	2501.705078125
2007.0	1962.0	2501.91650390625
2007.0	1961.0	2502.1279296875
2003.0	1964.0	2506.01171875
2006.0	1966.0	2503.468505859375
2007.0	1968.0	2502.760498046875
2006.0	1961.0	2503.888427734375
2007.0	1962.0	2503.1806640625
2009.0	1963.0	2501.5546875
2006.0	1964.0	2504.5205078125
2009.0	1963.0	2501.97705078125
2010.0	1962.0	2501.27001953125
2008.0	1969.0	2503.316162109375
2007.0	1964.0	2504.4453125
2006.0	1964.0	2505.575439453125
2008.0	1964.0	2503.949951171875
2007.0	1963.0	2505.0791015625
2006.0	1965.0	2506.20849609375
2007.0	1964.0	2505.50146484375
2010.0	1977.0	2502.957763671875
2007.0	1976.0	2505.923828125
2007.0	1975.0	2506.13525390625
2009.0	1975.0	2504.50927734375
2009.0	1976.0	2504.720703125
2009.0	1977.0	2504.932861328125
2007.0	1973.0	2506.981201171875
2007.0	1975.0	2507.1923828125
2003.0	1977.0	2511.076171875
2008.0	1976.0	2506.696044921875
1998.0	1974.0	2516.091552734375
1998.0	1974.0	2516.315673828125
1998.0	1975.0	2516.541015625
1998.0	1976.0	2516.765380859375
1997.0	1975.0	2517.90869140625
1998.0	1976.0	2517.2158203125
1997.0	1978.0	2518.35888671875
1995.0	1977.0	2520.424072265625
1987.0	1969.0	2528.010986328125
1987.0	1979.0	2528.24951171875
1989.0	1976.0	2526.653564453125
1988.0	1976.0	2527.8115234375
1989.0	1976.0	2527.1337890625
1988.0	1959.0	2528.29345703125
1982.0	1976.0	2534.05126953125
1977.0	1975.0	2538.8974609375
1981.0	1971.0	2535.47900390625
1981.0	1978.0	2535.733154296875
1978.0	1975.0	2538.7412109375
1978.0	1976.0	2538.99560546875
1979.0	1976.0	2538.33349609375
1979.0	1977.0	2538.58740234375
1978.0	1977.0	2539.759765625
1976.0	1976.0	2541.8505859375
1989.0	1977.0	2530.16015625
1987.0	1978.0	2532.23681640625
1987.0	1976.0	2532.4765625
1989.0	1977.0	2530.87939453125
1987.0	1977.0	2532.95703125
1988.0	1976.0	2532.27783203125
1988.0	1989.0	2532.518310546875
1988.0	1989.0	2532.75927734375
1987.0	1988.0	2533.917236328125
1997.0	2003.0	2524.964599609375
1998.0	1992.0	2524.271728515625
1998.0	1990.0	2524.49755859375
1997.0	1988.0	2525.641357421875
1999.0	1987.0	2524.0302734375
1999.0	1989.0	2524.255126953125
1999.0	1986.0	2524.48046875
2001.0	1987.0	2522.869140625
2006.0	1986.0	2518.49365234375
2007.0	1992.0	2517.785888671875
2007.0	1989.0	2517.996826171875
2006.0	1991.0	2519.1259765625
2009.0	1989.0	2516.58251953125
2006.0	1988.0	2519.5478515625
2007.0	1988.0	2518.83984375
2004.0	1988.0	2521.806396484375
2008.0	1988.0	2518.344482421875
2009.0	1989.0	2517.63623046875
2008.0	1986.0	2518.764892578125
2010.0	1987.0	2517.139892578125
2006.0	1988.0	2521.024169921875
2008.0	1988.0	2519.399169921875
2008.0	1989.0	2519.6103515625
2005.0	1989.0	2522.574951171875
2004.0	1987.0	2523.704833984375
2006.0	1993.0	2522.0791015625
2007.0	1990.0	2521.3720703125
2008.0	1989.0	2520.664794921875
2009.0	1991.0	2519.9580078125
2007.0	1988.0	2522.00634765625
2005.0	1988.0	2524.05322265625
2006.0	1988.0	2523.345947265625
2010.0	1991.0	2519.884033203125
2008.0	1985.0	2521.930908203125
2006.0	1981.0	2523.978759765625
2008.0	1976.0	2522.353515625
2007.0	1976.0	2523.481201171875
2008.0	1975.0	2522.774169921875
2006.0	1976.0	2524.8212890625
2006.0	1975.0	2525.03271484375
2011.0	1974.0	2520.65234375
2010.0	1980.0	2521.78173828125
2006.0	1982.0	2525.666748046875
2007.0	1978.0	2524.959716796875
2007.0	1976.0	2525.169921875
2008.0	1976.0	2524.462890625
2006.0	1977.0	2526.510498046875
2005.0	1989.0	2527.64013671875
2005.0	1987.0	2527.850830078125
2009.0	1982.0	2524.388916015625
2007.0	1986.0	2526.4365234375
2007.0	1992.0	2526.646728515625
2007.0	1987.0	2526.857177734375
2001.0	1990.0	2532.577880859375
2007.0	1989.0	2527.278564453125
2008.0	1987.0	2526.572021484375
2004.0	1989.0	2530.45654296875
2009.0	1988.0	2526.075927734375
2008.0	1985.0	2527.205322265625
2008.0	1988.0	2527.416259765625
2006.0	1987.0	2529.4638671875
2007.0	1989.0	2528.757080078125
1997.0	1990.0	2538.155517578125
1997.0	1988.0	2538.380615234375
1993.0	1987.0	2542.278564453125
1999.0	1987.0	2536.995361328125
2022.0	1988.0	2516.098876953125
1997.0	1988.0	2539.279541015625
1996.0	1989.0	2540.42333984375
1999.0	1987.0	2537.892578125
1998.0	1990.0	2539.0361328125
1998.0	1987.0	2539.2607421875
1997.0	1988.0	2540.404541015625
1998.0	1988.0	2539.71142578125
1997.0	1994.0	2540.85400390625
1999.0	1991.0	2539.2392578125
2000.0	1989.0	2538.545654296875
1999.0	1990.0	2539.6884765625
1998.0	1987.0	2540.83154296875
1998.0	1988.0	2541.05615234375
1997.0	1989.0	2542.19970703125
1998.0	1988.0	2541.506103515625
1998.0	2003.0	2541.73095703125
2000.0	1990.0	2540.1201171875
1997.0	1990.0	2543.09765625
1998.0	1990.0	2542.404296875
1998.0	1989.0	2542.629638671875
1998.0	1989.0	2542.85498046875
1997.0	1990.0	2544.0
2002.0	1989.0	2539.633056640625
1998.0	1985.0	2543.530029296875
1998.0	1990.0	2543.75390625
1998.0	1989.0	2543.979248046875
1998.0	1988.0	2544.204345703125
1998.0	1987.0	2544.4296875
1997.0	1988.0	2545.57373046875
1999.0	1988.0	2543.96240234375
2011.0	1987.0	2533.166748046875
1998.0	1987.0	2545.32958984375
1998.0	1990.0	2545.553955078125
1997.0	1989.0	2546.697021484375
1997.0	1988.0	2546.922607421875
1998.0	1989.0	2546.229248046875
1998.0	1988.0	2546.453369140625
1984.0	1990.0	2559.533203125
1998.0	1988.0	2546.90185546875
1998.0	1990.0	2547.125732421875
2000.0	1991.0	2545.51318359375
1997.0	1989.0	2548.493408203125
1999.0	1987.0	2546.881103515625
1999.0	1990.0	2547.106201171875
1998.0	1987.0	2548.247802734375
1998.0	1990.0	2548.4736328125
1993.0	1987.0	2553.2900390625
2000.0	1988.0	2547.0869140625
1998.0	1991.0	2549.1484375
1999.0	1991.0	2548.45556640625
1998.0	1988.0	2549.598876953125
1998.0	1989.0	2549.823974609375
1997.0	1988.0	2550.96728515625
1998.0	1990.0	2550.274169921875
1996.0	1987.0	2552.33544921875
1998.0	1990.0	2550.724365234375
2001.0	1993.0	2548.193603515625
1998.0	1985.0	2551.172607421875
1998.0	1988.0	2551.3974609375
1998.0	1987.0	2551.62255859375
1998.0	1987.0	2551.84765625
1998.0	1988.0	2552.073486328125
2000.0	1990.0	2550.461181640625
1999.0	1988.0	2551.604736328125
2000.0	1991.0	2550.910888671875
1998.0	1980.0	2552.97314453125
1998.0	1990.0	2553.19873046875
1998.0	1987.0	2553.423583984375
1999.0	1986.0	2552.730712890625
2007.0	1988.0	2545.605224609375
2004.0	1987.0	2548.57080078125
2007.0	1988.0	2546.02685546875
2008.0	1987.0	2545.319091796875
2006.0	1986.0	2547.367431640625
2009.0	1987.0	2544.822998046875
2022.0	1989.0	2533.095703125
2008.0	1988.0	2546.1630859375
2007.0	1987.0	2547.29248046875
2010.0	1987.0	2544.7412109375
2018.0	1989.0	2537.5908203125
2017.0	1990.0	2538.705078125
2016.0	1987.0	2539.8193359375
2017.0	1991.0	2539.096923828125
2018.0	1989.0	2538.373779296875
2018.0	1989.0	2538.570068359375
2016.0	1990.0	2540.603271484375
2005.0	1989.0	2550.908447265625
2008.0	1992.0	2548.364013671875
2004.0	1985.0	2552.248046875
2007.0	1990.0	2549.703857421875
2006.0	1990.0	2550.832763671875
2007.0	1989.0	2550.126220703125
2009.0	1988.0	2548.499755859375
2006.0	1989.0	2551.46533203125
2003.0	1986.0	2554.431396484375
2008.0	1988.0	2550.05078125
2007.0	1987.0	2551.1806640625
2006.0	1985.0	2552.31103515625
2008.0	1988.0	2550.686767578125
2008.0	1985.0	2550.898193359375
2007.0	1990.0	2552.027587890625
2009.0	1988.0	2550.402099609375
2006.0	1988.0	2553.368896484375
2008.0	1989.0	2551.74365234375
2007.0	1997.0	2552.872802734375
2006.0	1988.0	2554.000732421875
2008.0	1989.0	2552.37548828125
2007.0	1990.0	2553.50537109375
2007.0	1989.0	2553.716064453125
2007.0	1989.0	2553.927734375
2006.0	1990.0	2555.055908203125
2007.0	1984.0	2554.348388671875
2008.0	2004.0	2553.640380859375
2007.0	1987.0	2554.768798828125
2006.0	1990.0	2555.89697265625
2008.0	1988.0	2554.271728515625
2007.0	1988.0	2555.400634765625
2006.0	1987.0	2556.529296875
2005.0	1990.0	2557.65869140625
2008.0	1988.0	2555.115478515625
2007.0	1992.0	2556.244873046875
2006.0	1988.0	2557.37451171875
2007.0	1991.0	2556.66748046875
2009.0	1989.0	2555.041748046875
2007.0	1989.0	2557.089111328125
2007.0	1991.0	2557.300048828125
2006.0	1989.0	2558.4287109375
2008.0	1987.0	2556.8037109375
2018.0	1983.0	2547.83154296875
2017.0	1986.0	2548.94384765625
2017.0	1989.0	2549.139404296875
2017.0	1988.0	2549.3349609375
2016.0	1987.0	2550.447998046875
2017.0	1987.0	2549.72509765625
2014.0	1988.0	2552.675048828125
2013.0	1985.0	2553.789306640625
1986.0	1992.0	2578.779541015625
2017.0	1991.0	2550.508544921875
2017.0	1989.0	2550.703369140625
2017.0	1990.0	2550.901123046875
2017.0	1989.0	2551.09619140625
2025.0	1989.0	2543.935546875
2027.0	1989.0	2542.280029296875
2027.0	1989.0	2542.461669921875
2026.0	1990.0	2543.56103515625
2027.0	1991.0	2542.824462890625
2026.0	1990.0	2543.92333984375
2025.0	1991.0	2545.02294921875
2027.0	1988.0	2543.367919921875
2025.0	1989.0	2545.38525390625
2026.0	1988.0	2544.648193359375
2025.0	1989.0	2545.74853515625
2025.0	1993.0	2545.9296875
2025.0	1994.0	2546.111328125
2028.0	1987.0	2543.53857421875
2027.0	1989.0	2544.638671875
2017.0	1989.0	2554.005126953125
2017.0	1989.0	2554.201171875
2017.0	1988.0	2554.396484375
2021.0	1987.0	2550.91796875
2018.0	1999.0	2553.86865234375
2017.0	1993.0	2554.982421875
2019.0	1990.0	2553.34130859375
2017.0	1990.0	2555.373291015625
2017.0	1987.0	2555.568359375
2017.0	1987.0	2555.7646484375
2015.0	1988.0	2557.796142578125
2014.0	1986.0	2558.90966796875
2017.0	1993.0	2556.35009765625
2017.0	1993.0	2556.544921875
2020.0	1988.0	2553.985107421875
2017.0	1989.0	2556.93603515625
2018.0	1988.0	2556.213134765625
2017.0	1989.0	2557.326416015625
2018.0	1988.0	2556.603515625
2018.0	1989.0	2556.79833984375
2027.0	1984.0	2548.726806640625
2026.0	1990.0	2549.826416015625
2026.0	1988.0	2550.0068359375
2027.0	1989.0	2549.26953125
2027.0	1991.0	2549.44970703125
2026.0	1988.0	2550.548828125
2025.0	1990.0	2551.648681640625
2027.0	1989.0	2549.993408203125
2028.0	1991.0	2549.256591796875
2029.0	1987.0	2548.51953125
2028.0	1989.0	2549.620361328125
2028.0	1988.0	2549.802978515625
2026.0	1989.0	2551.821044921875
2025.0	1989.0	2552.921142578125
2025.0	1989.0	2553.101806640625
2037.0	1987.0	2542.25439453125
2036.0	1987.0	2543.338623046875
2037.0	1987.0	2542.5849609375
2037.0	1992.0	2542.751220703125
2036.0	1990.0	2543.83642578125
2036.0	1989.0	2544.00244140625
2036.0	1990.0	2544.1689453125
2037.0	1989.0	2543.415771484375
2038.0	1988.0	2542.6630859375
2037.0	1990.0	2543.7470703125
2036.0	1975.0	2544.82958984375
2036.0	1975.0	2544.996337890625
2034.0	1976.0	2546.998046875
2038.0	1975.0	2543.49169921875
2036.0	1978.0	2545.494384765625
2041.0	1974.0	2541.068115234375
2033.0	1990.0	2548.58154296875
2038.0	1975.0	2544.156005859375
2035.0	1974.0	2547.0771484375
2035.0	1976.0	2547.24365234375
2036.0	1974.0	2546.4912109375
2037.0	1975.0	2545.73974609375
2036.0	1975.0	2546.82470703125
2033.0	1975.0	2549.74560546875
2038.0	1976.0	2545.319580078125
2036.0	1977.0	2547.32177734375
2036.0	1977.0	2547.486572265625
2036.0	1974.0	2547.65185546875
2037.0	1973.0	2546.89990234375
2036.0	1977.0	2547.98486328125
2036.0	1976.0	2548.150390625
2045.0	1973.0	2540.052001953125
2036.0	1975.0	2548.482177734375
2035.0	1977.0	2549.566162109375
2037.0	1976.0	2547.8955078125
2038.0	1975.0	2547.14306640625
2036.0	1976.0	2549.14599609375
2038.0	1976.0	2547.474853515625
2036.0	1975.0	2549.47802734375
2039.0	1979.0	2546.888671875
2036.0	1974.0	2549.810302734375
2037.0	1975.0	2549.05810546875
2037.0	1976.0	2549.223876953125
2038.0	1976.0	2548.470703125
2036.0	1973.0	2550.473388671875
2022.0	1976.0	2563.49609375
2036.0	1977.0	2550.80712890625
2049.0	1975.0	2539.03369140625
2038.0	1975.0	2549.301025390625
2037.0	1976.0	2550.385986328125
2036.0	1976.0	2551.469482421875
2037.0	1978.0	2550.7177734375
2037.0	1973.0	2550.88427734375
2036.0	1975.0	2551.968505859375
2036.0	1975.0	2552.1337890625
2038.0	1977.0	2550.46337890625
2039.0	1972.0	2549.711669921875
2037.0	1973.0	2551.714599609375
2037.0	1977.0	2551.880615234375
2035.0	1974.0	2553.884521484375
2037.0	1975.0	2552.21484375
2037.0	1976.0	2552.380126953125
2035.0	1976.0	2554.38134765625
2044.0	1977.0	2546.283447265625
2034.0	1973.0	2555.633056640625
2036.0	1979.0	2553.963623046875
2034.0	1976.0	2555.966796875
