2055.0	891.0
2056.0	883.0
2056.0	883.0
2055.0	883.0
2057.0	880.0
2054.0	883.0
2054.0	881.0
2056.0	883.0
2058.0	882.0
2038.0	884.0
2055.0	882.0
2056.0	883.0
2063.0	883.0
2056.0	884.0
2055.0	883.0
2056.0	881.0
2056.0	882.0
2056.0	883.0
2057.0	884.0
2059.0	886.0
2054.0	883.0
2055.0	884.0
2054.0	881.0
2056.0	883.0
2057.0	878.0
2056.0	884.0
2056.0	883.0
2044.0	881.0
2045.0	882.0
2045.0	878.0
2046.0	879.0
2046.0	880.0
2046.0	898.0
2050.0	882.0
2047.0	883.0
2046.0	883.0
2045.0	881.0
2046.0	880.0
2065.0	883.0
2103.0	884.0
2123.0	882.0
2154.0	882.0
2164.0	882.0
2162.0	881.0
2171.0	880.0
2172.0	882.0
2171.0	880.0
2172.0	882.0
2172.0	879.0
2176.0	883.0
2162.0	882.0
2153.0	883.0
2133.0	880.0
2112.0	883.0
2116.0	881.0
2064.0	880.0
2067.0	881.0
2055.0	882.0
2056.0	882.0
2045.0	881.0
2046.0	883.0
2047.0	884.0
2044.0	882.0
2046.0	882.0
2047.0	883.0
2086.0	883.0
2085.0	883.0
2124.0	882.0
2153.0	882.0
2173.0	882.0
2183.0	884.0
2189.0	883.0
2165.0	871.0
2130.0	882.0
2134.0	879.0
2096.0	881.0
2066.0	882.0
2056.0	881.0
2057.0	883.0
2053.0	883.0
2055.0	884.0
2056.0	881.0
2057.0	881.0
2056.0	884.0
2058.0	883.0
2056.0	883.0
2063.0	882.0
2054.0	882.0
2058.0	883.0
2058.0	881.0
2057.0	883.0
2056.0	882.0
2057.0	881.0
2059.0	885.0
2055.0	882.0
2055.0	886.0
2055.0	885.0
2056.0	882.0
2055.0	883.0
2056.0	882.0
2057.0	882.0
2055.0	880.0
2055.0	882.0
2055.0	886.0
2055.0	881.0
2058.0	881.0
2055.0	882.0
2054.0	882.0
2054.0	884.0
2056.0	883.0
2056.0	883.0
2056.0	880.0
2055.0	883.0
2059.0	882.0
2058.0	884.0
2053.0	882.0
2056.0	885.0
2057.0	881.0
2055.0	877.0
2054.0	882.0
2056.0	882.0
2055.0	882.0
2057.0	881.0
2052.0	881.0
2058.0	883.0
2055.0	885.0
2056.0	881.0
2057.0	881.0
2055.0	883.0
2055.0	883.0
2057.0	882.0
2056.0	883.0
2056.0	882.0
2055.0	883.0
2054.0	881.0
2056.0	881.0
2056.0	881.0
2055.0	881.0
2052.0	883.0
2058.0	882.0
2056.0	885.0
2057.0	879.0
2056.0	883.0
2057.0	881.0
2055.0	882.0
2056.0	883.0
2055.0	881.0
2056.0	883.0
2056.0	885.0
2057.0	881.0
2056.0	882.0
2056.0	883.0
2057.0	881.0
2054.0	884.0
2055.0	882.0
2055.0	882.0
2057.0	881.0
2057.0	882.0
2058.0	882.0
2055.0	882.0
2060.0	881.0
2056.0	882.0
2054.0	884.0
2056.0	887.0
2056.0	884.0
2057.0	884.0
2055.0	882.0
2056.0	884.0
2054.0	882.0
2055.0	882.0
2056.0	881.0
2055.0	881.0
2058.0	882.0
2056.0	884.0
2054.0	882.0
2060.0	883.0
2056.0	882.0
2054.0	884.0
2054.0	882.0
2057.0	883.0
2054.0	882.0
2056.0	881.0
2052.0	882.0
2055.0	881.0
2055.0	884.0
2055.0	884.0
2056.0	882.0
2055.0	881.0
2056.0	881.0
2057.0	882.0
2069.0	882.0
2055.0	881.0
2056.0	879.0
2056.0	881.0
2057.0	881.0
2056.0	882.0
2055.0	882.0
2057.0	881.0
2055.0	884.0
2058.0	880.0
2055.0	885.0
2056.0	882.0
2053.0	881.0
2057.0	882.0
2054.0	882.0
2058.0	882.0
2056.0	883.0
2058.0	884.0
2056.0	879.0
2056.0	884.0
2055.0	882.0
2057.0	882.0
2060.0	882.0
2054.0	880.0
2055.0	880.0
2056.0	887.0
2058.0	883.0
2055.0	885.0
2057.0	881.0
2055.0	882.0
2069.0	882.0
2055.0	884.0
2059.0	882.0
2055.0	878.0
2055.0	882.0
2055.0	883.0
2055.0	882.0
2058.0	883.0
2055.0	882.0
2055.0	882.0
2056.0	880.0
2056.0	883.0
2057.0	882.0
2055.0	882.0
2056.0	884.0
2053.0	881.0
2057.0	885.0
2054.0	884.0
2055.0	882.0
2055.0	881.0
2056.0	881.0
2057.0	882.0
2054.0	880.0
2057.0	884.0
2055.0	885.0
2057.0	882.0
2056.0	879.0
2056.0	882.0
2055.0	880.0
2052.0	882.0
2057.0	880.0
2056.0	881.0
2057.0	881.0
2055.0	882.0
2054.0	881.0
2056.0	883.0
2059.0	882.0
2056.0	872.0
2056.0	883.0
2054.0	880.0
2058.0	882.0
2055.0	882.0
2056.0	882.0
2060.0	883.0
2056.0	885.0
2057.0	883.0
2056.0	878.0
2055.0	884.0
2056.0	883.0
2056.0	883.0
2061.0	880.0
2054.0	882.0
2054.0	883.0
2057.0	883.0
2057.0	881.0
2057.0	882.0
2055.0	879.0
2056.0	882.0
2056.0	883.0
2055.0	882.0
2055.0	882.0
2056.0	881.0
2054.0	881.0
2056.0	883.0
2055.0	884.0
2052.0	883.0
2055.0	882.0
2056.0	881.0
2055.0	881.0
2055.0	882.0
2057.0	884.0
2056.0	884.0
2062.0	880.0
2055.0	882.0
2055.0	882.0
2058.0	888.0
2054.0	882.0
2055.0	881.0
2056.0	882.0
2060.0	882.0
2055.0	882.0
2059.0	886.0
2057.0	885.0
2057.0	884.0
2055.0	881.0
2055.0	882.0
2056.0	884.0
2054.0	883.0
2055.0	882.0
2056.0	887.0
2054.0	882.0
2056.0	883.0
2057.0	881.0
2057.0	881.0
2056.0	884.0
2057.0	883.0
2055.0	879.0
2056.0	883.0
2056.0	882.0
2054.0	883.0
2059.0	882.0
2057.0	885.0
2056.0	881.0
2055.0	881.0
2056.0	881.0
2055.0	881.0
2057.0	883.0
2057.0	884.0
2057.0	880.0
2057.0	884.0
2056.0	885.0
2057.0	877.0
2056.0	883.0
2056.0	883.0
2054.0	883.0
2059.0	882.0
2055.0	883.0
2055.0	882.0
2056.0	878.0
2057.0	881.0
2056.0	882.0
2055.0	882.0
2055.0	880.0
2054.0	882.0
2057.0	883.0
2056.0	881.0
2056.0	882.0
2057.0	884.0
2057.0	881.0
2057.0	884.0
2058.0	882.0
2055.0	882.0
2058.0	882.0
2055.0	881.0
2055.0	882.0
2054.0	883.0
2058.0	883.0
2071.0	881.0
2055.0	882.0
2058.0	883.0
2058.0	880.0
2055.0	890.0
2055.0	882.0
2057.0	884.0
2063.0	881.0
2056.0	882.0
2059.0	884.0
2059.0	885.0
2056.0	883.0
2056.0	882.0
2056.0	881.0
2056.0	882.0
2054.0	882.0
2055.0	884.0
2055.0	885.0
2055.0	881.0
2057.0	884.0
2055.0	884.0
2059.0	882.0
2055.0	882.0
2055.0	882.0
2059.0	887.0
2056.0	883.0
2056.0	882.0
2055.0	882.0
2055.0	882.0
2054.0	880.0
2056.0	885.0
2056.0	884.0
2056.0	880.0
2055.0	882.0
2057.0	882.0
2059.0	884.0
2047.0	881.0
2055.0	883.0
2056.0	884.0
2056.0	882.0
2056.0	881.0
2056.0	883.0
2056.0	882.0
2057.0	881.0
2055.0	882.0
2056.0	881.0
2055.0	878.0
2058.0	881.0
2055.0	881.0
2056.0	881.0
2058.0	880.0
2059.0	884.0
2055.0	881.0
2055.0	880.0
2056.0	880.0
2056.0	882.0
2055.0	882.0
2054.0	884.0
2052.0	882.0
2055.0	881.0
2055.0	881.0
2055.0	888.0
2055.0	882.0
2056.0	882.0
2054.0	880.0
2056.0	884.0
2055.0	881.0
2056.0	884.0
2055.0	884.0
2056.0	881.0
2055.0	882.0
2056.0	883.0
2058.0	882.0
2055.0	882.0
2058.0	881.0
2056.0	885.0
2055.0	882.0
2056.0	882.0
2054.0	881.0
2059.0	884.0
2056.0	882.0
2057.0	883.0
2056.0	884.0
2055.0	882.0
2056.0	883.0
2056.0	883.0
2057.0	883.0
2058.0	880.0
2055.0	881.0
2054.0	885.0
2056.0	883.0
2054.0	883.0
2055.0	884.0
2056.0	884.0
2052.0	879.0
2054.0	883.0
2058.0	880.0
2056.0	886.0
2056.0	880.0
2055.0	880.0
2057.0	883.0
2054.0	880.0
2055.0	881.0
2056.0	884.0
2057.0	884.0
2055.0	882.0
2059.0	882.0
2058.0	882.0
2055.0	881.0
2069.0	885.0
2054.0	882.0
2057.0	882.0
2056.0	880.0
2056.0	881.0
2058.0	882.0
2054.0	884.0
2057.0	880.0
2055.0	880.0
2055.0	885.0
2054.0	886.0
2057.0	882.0
2055.0	882.0
2055.0	882.0
2055.0	882.0
2054.0	885.0
2055.0	883.0
2057.0	883.0
2055.0	881.0
2055.0	884.0
2057.0	882.0
2055.0	881.0
2060.0	882.0
2057.0	883.0
2055.0	881.0
2056.0	886.0
2055.0	882.0
2056.0	883.0
2056.0	882.0
2057.0	882.0
2064.0	882.0
2058.0	881.0
2057.0	882.0
2055.0	880.0
2057.0	882.0
2055.0	882.0
2055.0	883.0
2059.0	882.0
2055.0	881.0
2056.0	884.0
2055.0	885.0
2056.0	880.0
2057.0	881.0
2056.0	881.0
2057.0	883.0
2054.0	881.0
2055.0	883.0
2055.0	878.0
2056.0	882.0
2058.0	881.0
2055.0	882.0
2055.0	884.0
2058.0	881.0
2056.0	882.0
2059.0	886.0
2056.0	880.0
2057.0	880.0
2056.0	883.0
2055.0	881.0
2059.0	884.0
2055.0	881.0
2057.0	883.0
2054.0	878.0
2055.0	881.0
2055.0	882.0
2056.0	881.0
2054.0	881.0
2055.0	881.0
2055.0	882.0
2057.0	881.0
2056.0	884.0
2055.0	882.0
2056.0	882.0
2056.0	881.0
2069.0	882.0
2057.0	882.0
2056.0	883.0
2056.0	881.0
2055.0	881.0
2056.0	882.0
2058.0	882.0
2069.0	884.0
2055.0	882.0
2057.0	882.0
2055.0	882.0
2056.0	884.0
2055.0	880.0
2056.0	881.0
2059.0	883.0
2058.0	881.0
2055.0	884.0
2057.0	880.0
2056.0	881.0
2055.0	882.0
2055.0	883.0
2058.0	881.0
2059.0	884.0
2055.0	884.0
2057.0	881.0
2056.0	879.0
2055.0	881.0
2054.0	882.0
2056.0	882.0
2052.0	882.0
2054.0	881.0
2048.0	883.0
2055.0	882.0
2055.0	881.0
2055.0	882.0
2055.0	882.0
2053.0	882.0
2055.0	883.0
2058.0	883.0
2057.0	883.0
2056.0	883.0
2056.0	881.0
2054.0	882.0
2055.0	882.0
2058.0	883.0
2056.0	882.0
2056.0	882.0
2055.0	885.0
2057.0	882.0
2055.0	882.0
2056.0	882.0
2057.0	883.0
2055.0	883.0
2054.0	881.0
2056.0	886.0
2059.0	881.0
2057.0	882.0
2057.0	881.0
2055.0	881.0
2054.0	882.0
2055.0	879.0
2056.0	882.0
2056.0	882.0
2055.0	882.0
2058.0	881.0
2058.0	881.0
2062.0	881.0
2057.0	883.0
2055.0	883.0
2056.0	888.0
2056.0	882.0
2056.0	881.0
2055.0	882.0
2056.0	883.0
2054.0	883.0
2057.0	883.0
2055.0	886.0
2057.0	883.0
2056.0	883.0
2059.0	882.0
2056.0	882.0
2055.0	884.0
2057.0	884.0
2055.0	879.0
2057.0	879.0
2055.0	882.0
2057.0	883.0
2057.0	882.0
2055.0	882.0
2056.0	884.0
2056.0	883.0
2055.0	882.0
2057.0	882.0
2055.0	881.0
2056.0	882.0
2065.0	882.0
2055.0	881.0
2055.0	881.0
2056.0	881.0
2056.0	881.0
2057.0	882.0
2054.0	881.0
2049.0	883.0
2055.0	881.0
2056.0	881.0
2055.0	881.0
2056.0	884.0
2057.0	883.0
2058.0	882.0
2054.0	882.0
2054.0	881.0
2056.0	883.0
2056.0	882.0
2057.0	884.0
2057.0	884.0
2056.0	885.0
2055.0	881.0
2056.0	882.0
2055.0	882.0
2057.0	881.0
2055.0	881.0
2056.0	882.0
2063.0	883.0
2054.0	881.0
2056.0	884.0
2057.0	878.0
2057.0	881.0
2055.0	882.0
2055.0	881.0
2060.0	870.0
2055.0	881.0
2059.0	883.0
2055.0	879.0
2059.0	884.0
2056.0	884.0
2057.0	881.0
2056.0	884.0
2057.0	881.0
2055.0	883.0
2058.0	887.0
2026.0	883.0
2056.0	883.0
2055.0	880.0
2056.0	882.0
2057.0	882.0
2057.0	883.0
2056.0	880.0
2056.0	882.0
2056.0	882.0
2058.0	881.0
2082.0	882.0
2056.0	884.0
2054.0	880.0
2055.0	882.0
2055.0	884.0
2055.0	882.0
2055.0	882.0
2062.0	881.0
2055.0	882.0
2058.0	881.0
2056.0	885.0
2057.0	883.0
2057.0	882.0
2058.0	882.0
2057.0	882.0
2054.0	884.0
2055.0	881.0
2055.0	881.0
2058.0	883.0
2055.0	881.0
2057.0	883.0
2055.0	883.0
2053.0	882.0
2055.0	880.0
2058.0	884.0
2057.0	884.0
2056.0	881.0
2055.0	882.0
2056.0	880.0
2070.0	884.0
2057.0	882.0
2059.0	881.0
2054.0	881.0
2056.0	884.0
2055.0	882.0
2056.0	882.0
2056.0	881.0
2059.0	882.0
2055.0	883.0
2055.0	880.0
2055.0	881.0
2056.0	883.0
2057.0	882.0
2055.0	882.0
2056.0	882.0
2055.0	885.0
2054.0	881.0
2056.0	883.0
2056.0	882.0
2056.0	882.0
2058.0	883.0
2055.0	881.0
2055.0	883.0
2055.0	879.0
2057.0	882.0
2055.0	882.0
2057.0	882.0
2057.0	882.0
2058.0	883.0
2056.0	882.0
2057.0	887.0
2056.0	881.0
2056.0	881.0
2056.0	883.0
2055.0	881.0
2055.0	880.0
2055.0	883.0
2055.0	883.0
2058.0	881.0
2056.0	881.0
2054.0	881.0
2058.0	883.0
2055.0	884.0
2055.0	883.0
2057.0	883.0
2057.0	890.0
2056.0	880.0
2057.0	883.0
2057.0	882.0
2057.0	880.0
2055.0	881.0
2056.0	882.0
2055.0	879.0
2056.0	881.0
2056.0	883.0
2055.0	885.0
2064.0	881.0
2055.0	883.0
2058.0	884.0
2055.0	881.0
2057.0	882.0
2055.0	881.0
2057.0	883.0
2056.0	882.0
2055.0	884.0
2057.0	883.0
2055.0	891.0
2056.0	882.0
2057.0	882.0
2056.0	884.0
2056.0	883.0
2053.0	883.0
2056.0	882.0
2054.0	882.0
2056.0	885.0
2055.0	881.0
2056.0	883.0
2054.0	882.0
2056.0	883.0
2054.0	880.0
2056.0	883.0
2056.0	882.0
2055.0	882.0
2056.0	883.0
2057.0	881.0
2054.0	882.0
2056.0	882.0
2058.0	884.0
2056.0	884.0
2056.0	883.0
2054.0	883.0
2057.0	882.0
2056.0	883.0
2058.0	881.0
2057.0	880.0
2056.0	881.0
2056.0	882.0
2057.0	882.0
2057.0	882.0
2056.0	882.0
2056.0	882.0
2056.0	889.0
2057.0	881.0
2057.0	881.0
2055.0	882.0
2054.0	883.0
2054.0	882.0
2056.0	881.0
2055.0	886.0
2056.0	883.0
2057.0	882.0
2056.0	880.0
2053.0	882.0
2076.0	883.0
2055.0	884.0
2058.0	891.0
2057.0	881.0
2054.0	882.0
2056.0	883.0
2053.0	882.0
2056.0	883.0
2057.0	882.0
2056.0	882.0
2057.0	881.0
2055.0	885.0
2056.0	884.0
2055.0	881.0
2058.0	880.0
2057.0	882.0
2056.0	884.0
2057.0	883.0
2055.0	881.0
2056.0	881.0
2051.0	883.0
2056.0	883.0
2056.0	880.0
2055.0	880.0
2054.0	882.0
2057.0	882.0
2057.0	882.0
2061.0	882.0
2055.0	882.0
2056.0	886.0
2056.0	882.0
2058.0	883.0
2057.0	879.0
2056.0	883.0
2059.0	882.0
2056.0	881.0
2055.0	880.0
2055.0	880.0
2056.0	884.0
2056.0	882.0
2056.0	883.0
2059.0	881.0
2056.0	882.0
2054.0	884.0
2055.0	881.0
2056.0	882.0
2056.0	881.0
2055.0	882.0
2060.0	884.0
2055.0	883.0
2055.0	882.0
2056.0	881.0
2055.0	882.0
2057.0	882.0
2055.0	880.0
2062.0	882.0
2058.0	882.0
2056.0	882.0
2053.0	883.0
2058.0	882.0
2053.0	880.0
2056.0	881.0
2053.0	884.0
2055.0	882.0
2055.0	880.0
2055.0	889.0
2056.0	881.0
2055.0	882.0
2056.0	881.0
2057.0	884.0
2017.0	883.0
2056.0	883.0
2058.0	883.0
2057.0	882.0
2056.0	884.0
2056.0	882.0
2057.0	883.0
2055.0	881.0
2056.0	882.0
2054.0	882.0
2056.0	882.0
2055.0	883.0
2056.0	881.0
2056.0	883.0
2058.0	880.0
2056.0	882.0
2055.0	883.0
2058.0	880.0
2056.0	882.0
2055.0	880.0
2057.0	881.0
2062.0	882.0
2058.0	882.0
2055.0	881.0
2058.0	880.0
2056.0	882.0
2056.0	881.0
2058.0	882.0
2057.0	881.0
2054.0	883.0
2059.0	883.0
2056.0	878.0
2056.0	881.0
2055.0	881.0
2056.0	882.0
2056.0	883.0
2053.0	883.0
2055.0	885.0
2056.0	878.0
2058.0	881.0
2055.0	883.0
2056.0	883.0
2055.0	882.0
2055.0	882.0
2055.0	883.0
2056.0	880.0
2056.0	882.0
2057.0	881.0
2055.0	884.0
2057.0	882.0
2058.0	883.0
2054.0	882.0
2057.0	883.0
2056.0	885.0
2056.0	884.0
2055.0	882.0
2055.0	882.0
2057.0	882.0
2052.0	882.0
2055.0	882.0
2056.0	882.0
2057.0	880.0
2056.0	881.0
2056.0	882.0
2057.0	883.0
2072.0	884.0
2055.0	883.0
2056.0	882.0
2055.0	882.0
2056.0	883.0
2056.0	881.0
2056.0	881.0
2057.0	882.0
2056.0	882.0
2055.0	883.0
2056.0	882.0
2056.0	883.0
2056.0	883.0
2057.0	883.0
2055.0	882.0
2056.0	883.0
2056.0	886.0
2055.0	883.0
2056.0	882.0
2055.0	881.0
2058.0	883.0
2057.0	883.0
2055.0	882.0
2055.0	880.0
2055.0	879.0
2056.0	880.0
2056.0	882.0
2056.0	883.0
2058.0	883.0
2055.0	884.0
2056.0	880.0
2055.0	886.0
2059.0	884.0
2056.0	882.0
2055.0	883.0
2056.0	882.0
2054.0	882.0
2056.0	885.0
2055.0	882.0
2055.0	882.0
2056.0	884.0
2055.0	882.0
2056.0	882.0
2054.0	880.0
2054.0	881.0
2056.0	887.0
2057.0	882.0
2057.0	881.0
2057.0	883.0
2056.0	883.0
2054.0	882.0
2056.0	883.0
2055.0	879.0
2055.0	882.0
2058.0	883.0
2055.0	881.0
2054.0	883.0
2053.0	881.0
2056.0	880.0
2055.0	885.0
2055.0	882.0
2056.0	880.0
2056.0	881.0
2057.0	883.0
2058.0	883.0
2057.0	884.0
2056.0	882.0
2057.0	880.0
2058.0	882.0
2057.0	881.0
2055.0	882.0
2059.0	882.0
2057.0	884.0
2056.0	884.0
2056.0	884.0
2055.0	882.0
2055.0	882.0
2059.0	884.0
2057.0	884.0
2054.0	882.0
2056.0	881.0
2055.0	882.0
2055.0	881.0
2056.0	882.0
2057.0	884.0
2058.0	881.0
2055.0	882.0
2056.0	887.0
2055.0	878.0
2057.0	881.0
2055.0	882.0
2055.0	882.0
2061.0	882.0
2057.0	882.0
2056.0	885.0
2056.0	882.0
2056.0	882.0
2055.0	883.0
2057.0	883.0
2055.0	881.0
2056.0	883.0
2056.0	880.0
2056.0	882.0
2055.0	882.0
2057.0	883.0
2053.0	883.0
2054.0	882.0
2057.0	882.0
2056.0	882.0
2056.0	882.0
2056.0	883.0
2055.0	881.0
2057.0	882.0
2056.0	883.0
2056.0	883.0
2054.0	882.0
2057.0	882.0
2057.0	882.0
2058.0	880.0
2058.0	882.0
2058.0	882.0
2057.0	883.0
2056.0	885.0
2056.0	883.0
2056.0	884.0
2056.0	882.0
2056.0	882.0
2061.0	882.0
2055.0	882.0
2056.0	884.0
2056.0	883.0
2057.0	882.0
2055.0	882.0
2056.0	883.0
2058.0	884.0
2055.0	882.0
2056.0	886.0
2055.0	882.0
2056.0	881.0
2055.0	882.0
2056.0	884.0
2058.0	881.0
2054.0	883.0
2057.0	886.0
2057.0	880.0
2057.0	882.0
2054.0	883.0
2058.0	883.0
2059.0	881.0
2055.0	881.0
2056.0	882.0
2055.0	880.0
2056.0	882.0
2056.0	883.0
2055.0	882.0
2059.0	882.0
2055.0	883.0
2056.0	884.0
2057.0	885.0
2056.0	884.0
2054.0	884.0
2054.0	883.0
2058.0	882.0
2055.0	882.0
2056.0	883.0
2057.0	878.0
2055.0	882.0
2056.0	884.0
2054.0	881.0
2060.0	882.0
2054.0	883.0
2055.0	883.0
2056.0	880.0
2056.0	882.0
2055.0	881.0
2055.0	882.0
2053.0	881.0
2055.0	881.0
2057.0	882.0
2056.0	881.0
2056.0	884.0
2057.0	883.0
2057.0	883.0
2053.0	882.0
2057.0	883.0
2056.0	879.0
2058.0	881.0
2055.0	881.0
2055.0	885.0
2055.0	885.0
2053.0	884.0
2054.0	883.0
2055.0	883.0
2056.0	892.0
2055.0	881.0
2055.0	882.0
2057.0	882.0
2053.0	881.0
2055.0	882.0
2056.0	881.0
2055.0	881.0
2055.0	881.0
2056.0	883.0
2058.0	881.0
2057.0	881.0
2057.0	884.0
2057.0	882.0
2056.0	887.0
2057.0	882.0
2057.0	883.0
2057.0	881.0
2056.0	881.0
2056.0	883.0
2057.0	886.0
2057.0	885.0
2056.0	881.0
2056.0	884.0
2055.0	881.0
2064.0	884.0
2058.0	882.0
2058.0	882.0
2056.0	880.0
2056.0	881.0
2055.0	882.0
2059.0	882.0
2058.0	883.0
2055.0	881.0
2056.0	882.0
2055.0	881.0
2056.0	883.0
2056.0	884.0
2053.0	881.0
2053.0	882.0
2056.0	884.0
2055.0	884.0
2057.0	883.0
2056.0	882.0
2056.0	880.0
2056.0	883.0
2055.0	882.0
2057.0	881.0
2055.0	885.0
2057.0	882.0
2057.0	881.0
2055.0	882.0
2055.0	882.0
2055.0	883.0
2056.0	881.0
2057.0	878.0
2057.0	881.0
2055.0	881.0
2056.0	883.0
2056.0	883.0
2054.0	884.0
2056.0	883.0
2056.0	885.0
2058.0	883.0
2057.0	884.0
2056.0	882.0
2056.0	882.0
2055.0	881.0
2058.0	884.0
2055.0	884.0
2054.0	882.0
2057.0	881.0
2059.0	884.0
2055.0	882.0
2056.0	882.0
2056.0	884.0
2057.0	884.0
2054.0	883.0
2057.0	883.0
2056.0	881.0
2059.0	883.0
2057.0	884.0
2055.0	884.0
2055.0	884.0
2056.0	881.0
2055.0	880.0
2056.0	883.0
2057.0	884.0
2052.0	882.0
2056.0	881.0
2056.0	881.0
2056.0	883.0
2055.0	882.0
2056.0	883.0
2060.0	883.0
2055.0	882.0
2056.0	882.0
2055.0	881.0
2055.0	882.0
2063.0	883.0
2057.0	884.0
2059.0	883.0
2056.0	883.0
2056.0	882.0
2056.0	881.0
2055.0	881.0
2056.0	884.0
2055.0	882.0
2059.0	883.0
2055.0	883.0
2056.0	883.0
2055.0	884.0
2056.0	882.0
2055.0	882.0
2057.0	882.0
2055.0	882.0
2054.0	880.0
2055.0	883.0
2057.0	883.0
2057.0	880.0
2058.0	882.0
2056.0	884.0
2057.0	883.0
2056.0	882.0
2055.0	881.0
2057.0	881.0
2057.0	883.0
2056.0	881.0
2055.0	881.0
2058.0	883.0
2057.0	883.0
2055.0	881.0
2059.0	883.0
2056.0	874.0
2055.0	883.0
2057.0	881.0
2055.0	881.0
2054.0	884.0
2056.0	883.0
2055.0	880.0
2055.0	881.0
2055.0	882.0
2058.0	880.0
2066.0	882.0
2056.0	896.0
2055.0	882.0
2055.0	878.0
2056.0	882.0
2057.0	882.0
2056.0	882.0
2060.0	882.0
2055.0	881.0
2056.0	882.0
2055.0	884.0
2054.0	883.0
2056.0	882.0
2072.0	883.0
2057.0	883.0
2053.0	882.0
2055.0	881.0
2056.0	887.0
2057.0	882.0
2055.0	882.0
2057.0	881.0
2055.0	883.0
2057.0	884.0
2056.0	882.0
2056.0	878.0
2055.0	881.0
2056.0	882.0
2057.0	881.0
2060.0	883.0
2059.0	883.0
2057.0	883.0
2056.0	885.0
2057.0	879.0
2056.0	884.0
2055.0	883.0
2058.0	881.0
2059.0	881.0
2056.0	884.0
2058.0	881.0
2055.0	881.0
2056.0	880.0
2056.0	882.0
2056.0	882.0
2058.0	883.0
2056.0	882.0
2056.0	882.0
2055.0	881.0
2055.0	882.0
2056.0	885.0
2058.0	882.0
2054.0	883.0
2055.0	882.0
2057.0	886.0
2056.0	878.0
2058.0	882.0
2054.0	883.0
2057.0	881.0
2056.0	883.0
2054.0	882.0
2055.0	881.0
2056.0	882.0
2055.0	882.0
2055.0	880.0
2058.0	883.0
2054.0	883.0
2055.0	881.0
2021.0	882.0
2056.0	881.0
2056.0	882.0
2070.0	883.0
2055.0	882.0
2059.0	880.0
2056.0	882.0
2057.0	884.0
2056.0	882.0
2057.0	879.0
2054.0	881.0
2057.0	884.0
2057.0	883.0
2050.0	883.0
2056.0	885.0
2056.0	883.0
2056.0	883.0
2056.0	883.0
2058.0	883.0
2037.0	882.0
2054.0	881.0
2056.0	884.0
2055.0	882.0
2057.0	882.0
2055.0	882.0
2057.0	885.0
2055.0	882.0
2063.0	883.0
2055.0	882.0
2055.0	885.0
2056.0	882.0
2056.0	882.0
2056.0	882.0
2054.0	882.0
2071.0	880.0
2055.0	882.0
2056.0	884.0
2056.0	883.0
2055.0	881.0
2056.0	883.0
2057.0	881.0
2058.0	881.0
2055.0	882.0
2056.0	880.0
2055.0	880.0
2056.0	881.0
2057.0	883.0
2055.0	879.0
2064.0	884.0
2057.0	882.0
2055.0	881.0
2058.0	880.0
2056.0	881.0
2055.0	882.0
2057.0	883.0
2059.0	882.0
2055.0	883.0
2056.0	884.0
2055.0	880.0
2055.0	882.0
2057.0	883.0
2056.0	884.0
2063.0	881.0
2056.0	884.0
2056.0	883.0
2056.0	880.0
2056.0	882.0
2056.0	882.0
2059.0	883.0
2055.0	882.0
2055.0	881.0
2058.0	881.0
2055.0	880.0
2055.0	879.0
2057.0	882.0
2057.0	883.0
2068.0	885.0
2054.0	882.0
2055.0	882.0
2054.0	882.0
2058.0	883.0
2056.0	882.0
2055.0	884.0
2054.0	882.0
2056.0	884.0
2055.0	884.0
2056.0	882.0
2056.0	883.0
2057.0	883.0
2057.0	883.0
2054.0	881.0
2055.0	882.0
2058.0	884.0
2055.0	882.0
2057.0	883.0
2056.0	897.0
2055.0	884.0
2055.0	876.0
2056.0	880.0
2056.0	879.0
2056.0	883.0
2055.0	881.0
2056.0	883.0
2059.0	882.0
2055.0	881.0
2057.0	883.0
2054.0	884.0
2058.0	880.0
2056.0	882.0
2055.0	882.0
2059.0	884.0
2055.0	881.0
2059.0	879.0
2055.0	878.0
2056.0	883.0
2057.0	882.0
2054.0	882.0
2061.0	882.0
2055.0	881.0
2056.0	882.0
2055.0	879.0
2055.0	880.0
2054.0	882.0
2055.0	880.0
2061.0	882.0
2055.0	882.0
2056.0	880.0
2056.0	881.0
2058.0	882.0
2055.0	881.0
2058.0	881.0
2057.0	883.0
2056.0	884.0
2055.0	885.0
2056.0	882.0
2055.0	880.0
2055.0	882.0
2059.0	883.0
2051.0	882.0
2056.0	882.0
2055.0	882.0
2056.0	881.0
2056.0	882.0
2055.0	881.0
2058.0	882.0
2057.0	882.0
2055.0	882.0
2056.0	880.0
2052.0	880.0
2055.0	881.0
2056.0	883.0
2053.0	881.0
2054.0	881.0
2056.0	884.0
2055.0	887.0
2056.0	883.0
2057.0	882.0
2058.0	881.0
2056.0	883.0
2055.0	882.0
2055.0	882.0
2055.0	886.0
2055.0	881.0
2056.0	879.0
2056.0	884.0
2057.0	884.0
2055.0	882.0
2056.0	884.0
2056.0	882.0
2056.0	881.0
2056.0	883.0
2055.0	883.0
2061.0	882.0
2055.0	893.0
2055.0	881.0
2057.0	884.0
2057.0	883.0
2055.0	881.0
2056.0	884.0
2066.0	883.0
2053.0	880.0
2056.0	884.0
2056.0	885.0
2056.0	884.0
2054.0	883.0
2058.0	883.0
2062.0	882.0
2055.0	881.0
2056.0	884.0
2056.0	882.0
2055.0	882.0
2056.0	882.0
2058.0	883.0
2054.0	882.0
2056.0	886.0
2055.0	888.0
2056.0	882.0
2055.0	882.0
2055.0	883.0
2060.0	882.0
2053.0	880.0
2056.0	880.0
2058.0	878.0
2055.0	883.0
2057.0	884.0
2056.0	882.0
2059.0	882.0
2054.0	882.0
2055.0	880.0
2055.0	882.0
2056.0	882.0
2056.0	883.0
2057.0	880.0
2055.0	882.0
2058.0	880.0
2056.0	884.0
2058.0	883.0
2055.0	881.0
2055.0	882.0
2057.0	882.0
2057.0	881.0
2058.0	883.0
2056.0	886.0
2056.0	882.0
2055.0	881.0
2058.0	882.0
2058.0	882.0
2055.0	884.0
2058.0	883.0
2058.0	882.0
2055.0	882.0
2056.0	882.0
2057.0	878.0
2053.0	882.0
2057.0	880.0
2057.0	883.0
2055.0	882.0
2055.0	880.0
2056.0	882.0
2057.0	882.0
2053.0	883.0
2056.0	884.0
2056.0	883.0
2056.0	881.0
2057.0	883.0
2055.0	882.0
2063.0	882.0
2055.0	881.0
2055.0	882.0
2056.0	879.0
2055.0	881.0
2056.0	882.0
2057.0	883.0
2058.0	882.0
2055.0	880.0
2056.0	883.0
2057.0	882.0
2055.0	881.0
2053.0	883.0
2057.0	882.0
2056.0	883.0
2055.0	881.0
2056.0	880.0
2057.0	882.0
2055.0	882.0
2053.0	882.0
2058.0	882.0
2055.0	884.0
2055.0	882.0
2056.0	881.0
2055.0	883.0
2056.0	882.0
2058.0	883.0
2062.0	883.0
2057.0	883.0
2055.0	875.0
2055.0	881.0
2057.0	884.0
2056.0	881.0
2054.0	883.0
2055.0	883.0
2056.0	883.0
2058.0	883.0
2056.0	884.0
2056.0	881.0
2056.0	882.0
2061.0	883.0
2058.0	882.0
2054.0	881.0
2056.0	882.0
2055.0	880.0
2056.0	884.0
2056.0	883.0
2059.0	883.0
2055.0	883.0
2056.0	880.0
2056.0	882.0
2055.0	880.0
2059.0	882.0
2054.0	882.0
2056.0	881.0
2055.0	882.0
2056.0	890.0
2055.0	883.0
2056.0	882.0
2057.0	881.0
2057.0	884.0
2056.0	882.0
2055.0	885.0
2056.0	886.0
2056.0	881.0
2055.0	883.0
2055.0	883.0
2054.0	883.0
2056.0	883.0
2057.0	883.0
2056.0	881.0
2058.0	882.0
2056.0	880.0
2055.0	883.0
2069.0	883.0
2057.0	883.0
2055.0	883.0
2055.0	880.0
2056.0	883.0
2056.0	880.0
2059.0	882.0
2055.0	881.0
2057.0	881.0
2056.0	885.0
2057.0	884.0
2056.0	882.0
2058.0	882.0
2054.0	884.0
2055.0	881.0
2055.0	883.0
2056.0	894.0
2056.0	883.0
2055.0	882.0
2055.0	882.0
2059.0	885.0
2055.0	881.0
2057.0	882.0
2057.0	891.0
2055.0	881.0
2058.0	884.0
2056.0	882.0
2059.0	883.0
2056.0	883.0
2056.0	883.0
2055.0	885.0
2056.0	883.0
2056.0	885.0
2056.0	881.0
2062.0	882.0
2057.0	883.0
2055.0	882.0
2056.0	881.0
2058.0	882.0
2056.0	882.0
2058.0	883.0
2056.0	883.0
2055.0	884.0
2056.0	888.0
2057.0	880.0
2055.0	883.0
2055.0	881.0
2058.0	883.0
2054.0	881.0
2055.0	880.0
2056.0	885.0
2056.0	883.0
2055.0	884.0
2056.0	881.0
2056.0	882.0
2055.0	883.0
2056.0	886.0
2059.0	887.0
2055.0	882.0
2056.0	882.0
2055.0	882.0
2059.0	882.0
2055.0	882.0
2055.0	883.0
2057.0	883.0
2055.0	882.0
2056.0	884.0
2058.0	881.0
2058.0	881.0
2056.0	883.0
2056.0	884.0
2055.0	882.0
2056.0	882.0
2054.0	883.0
2058.0	883.0
2069.0	882.0
2057.0	883.0
2058.0	883.0
2056.0	882.0
2056.0	884.0
2055.0	883.0
2058.0	882.0
2049.0	881.0
2055.0	883.0
2055.0	882.0
2055.0	880.0
2055.0	884.0
2055.0	882.0
2057.0	883.0
2055.0	882.0
2055.0	881.0
2057.0	884.0
2057.0	883.0
2056.0	881.0
2056.0	881.0
2055.0	882.0
2055.0	882.0
2055.0	881.0
2058.0	881.0
2057.0	881.0
2057.0	882.0
2056.0	880.0
2062.0	882.0
2055.0	881.0
2055.0	879.0
2055.0	886.0
2056.0	883.0
2055.0	882.0
2055.0	881.0
2058.0	883.0
2055.0	881.0
2055.0	878.0
2056.0	883.0
2055.0	883.0
2055.0	883.0
2057.0	881.0
2054.0	868.0
2055.0	884.0
2057.0	882.0
2055.0	881.0
2056.0	883.0
2056.0	881.0
2057.0	882.0
2057.0	882.0
2055.0	879.0
2056.0	885.0
2056.0	882.0
2055.0	882.0
2055.0	881.0
2061.0	881.0
2054.0	885.0
2058.0	883.0
2057.0	880.0
2057.0	883.0
2056.0	882.0
2055.0	883.0
2066.0	881.0
2056.0	883.0
2055.0	883.0
2056.0	880.0
2055.0	882.0
2058.0	883.0
2058.0	881.0
2054.0	883.0
2056.0	882.0
2057.0	881.0
2056.0	883.0
2055.0	882.0
2056.0	883.0
2062.0	883.0
2056.0	883.0
2056.0	883.0
2057.0	880.0
2058.0	882.0
2057.0	882.0
2057.0	881.0
2054.0	884.0
2055.0	882.0
2057.0	885.0
2055.0	882.0
2056.0	882.0
2056.0	884.0
2057.0	882.0
2054.0	880.0
2055.0	881.0
2056.0	886.0
2055.0	882.0
2056.0	885.0
2057.0	883.0
2055.0	882.0
2055.0	884.0
2055.0	883.0
2056.0	881.0
2054.0	883.0
2055.0	885.0
2058.0	883.0
2054.0	882.0
2056.0	881.0
2056.0	883.0
2055.0	882.0
2057.0	881.0
2055.0	880.0
2062.0	882.0
2057.0	885.0
2056.0	886.0
2057.0	880.0
2056.0	883.0
2056.0	883.0
2055.0	881.0
2054.0	884.0
2055.0	883.0
2056.0	883.0
2055.0	883.0
2058.0	882.0
2059.0	881.0
2066.0	883.0
2054.0	883.0
2056.0	883.0
2055.0	882.0
2056.0	883.0
2056.0	883.0
2058.0	884.0
2055.0	883.0
2055.0	880.0
2051.0	878.0
2055.0	881.0
2058.0	882.0
2058.0	883.0
2054.0	882.0
2056.0	881.0
2055.0	879.0
2055.0	882.0
2056.0	883.0
2057.0	883.0
2056.0	882.0
2055.0	882.0
2055.0	884.0
2055.0	884.0
2055.0	882.0
2056.0	882.0
2057.0	884.0
2060.0	882.0
2055.0	881.0
2056.0	885.0
2056.0	884.0
2056.0	882.0
2056.0	883.0
2056.0	883.0
2057.0	882.0
2055.0	883.0
2056.0	882.0
2056.0	882.0
2055.0	882.0
2056.0	881.0
2059.0	884.0
2056.0	881.0
2054.0	882.0
2055.0	884.0
2058.0	881.0
2054.0	881.0
2056.0	882.0
2058.0	883.0
2054.0	883.0
2056.0	884.0
2057.0	882.0
2055.0	882.0
2055.0	882.0
2056.0	882.0
2061.0	880.0
2055.0	881.0
2058.0	884.0
2055.0	876.0
2055.0	881.0
2056.0	881.0
2028.0	884.0
2056.0	882.0
2059.0	881.0
2055.0	876.0
2058.0	881.0
2057.0	884.0
2056.0	883.0
2055.0	882.0
2053.0	882.0
2055.0	883.0
2058.0	880.0
2056.0	881.0
2058.0	880.0
2054.0	881.0
2056.0	882.0
2055.0	883.0
2055.0	883.0
2055.0	887.0
2057.0	878.0
2055.0	882.0
2056.0	881.0
2056.0	882.0
2054.0	881.0
2056.0	882.0
2054.0	885.0
2057.0	883.0
2059.0	883.0
2057.0	882.0
2058.0	880.0
2057.0	884.0
2055.0	880.0
2054.0	885.0
2056.0	883.0
2056.0	884.0
2057.0	884.0
2058.0	881.0
2055.0	883.0
2056.0	885.0
2056.0	888.0
2058.0	884.0
2056.0	884.0
2055.0	884.0
2053.0	882.0
2057.0	885.0
2057.0	886.0
2318.0	885.0
2317.0	885.0
2320.0	882.0
2323.0	883.0
2316.0	884.0
2317.0	886.0
2318.0	883.0
2316.0	884.0
2318.0	884.0
2317.0	882.0
2327.0	885.0
2317.0	884.0
2317.0	885.0
2318.0	882.0
2317.0	883.0
2320.0	882.0
2320.0	884.0
2321.0	883.0
2317.0	882.0
2321.0	887.0
2319.0	882.0
2317.0	883.0
2319.0	882.0
2319.0	884.0
2317.0	882.0
2318.0	887.0
2319.0	889.0
2318.0	883.0
2318.0	883.0
2318.0	885.0
2320.0	884.0
2318.0	882.0
2318.0	882.0
2316.0	888.0
2317.0	882.0
2319.0	883.0
2318.0	884.0
2319.0	883.0
2319.0	885.0
2319.0	884.0
2317.0	886.0
2318.0	884.0
2318.0	883.0
2318.0	884.0
2324.0	884.0
2318.0	884.0
2319.0	886.0
2317.0	884.0
2319.0	884.0
2317.0	884.0
2321.0	885.0
2319.0	884.0
2318.0	883.0
2318.0	883.0
2318.0	885.0
2319.0	882.0
2319.0	884.0
2324.0	884.0
2318.0	886.0
2318.0	886.0
2319.0	880.0
2318.0	883.0
2319.0	884.0
2318.0	883.0
2316.0	881.0
2319.0	882.0
2317.0	887.0
2318.0	884.0
2319.0	883.0
2317.0	885.0
2318.0	885.0
2318.0	886.0
2317.0	884.0
2260.0	1899.0
2260.0	1894.0
2257.0	1899.0
2258.0	1898.0
2257.0	1898.0
2263.0	1899.0
2261.0	1899.0
2261.0	1898.0
2262.0	1900.0
2259.0	1937.0
2259.0	1937.0
2260.0	1938.0
2260.0	1938.0
2260.0	1936.0
2258.0	1939.0
2260.0	1940.0
2260.0	1934.0
2238.0	1945.0
2191.0	1975.0
2124.0	2016.0
2097.0	2029.0
2064.0	2039.0
2067.0	2041.0
2057.0	2055.0
2046.0	2055.0
2046.0	2053.0
2046.0	2066.0
2045.0	2067.0
2047.0	2067.0
2047.0	2066.0
2047.0	2069.0
2045.0	2077.0
2044.0	2077.0
2056.0	2081.0
2055.0	2081.0
2058.0	2080.0
2057.0	2078.0
2056.0	2080.0
2055.0	2093.0
2056.0	2093.0
2055.0	2094.0
2065.0	2094.0
2055.0	2092.0
2055.0	2093.0
2055.0	2093.0
2056.0	2095.0
2055.0	2090.0
2056.0	2088.0
2055.0	2096.0
2056.0	2091.0
2060.0	2094.0
2058.0	2091.0
2056.0	2093.0
2056.0	2092.0
2056.0	2095.0
2057.0	2091.0
2055.0	2094.0
2056.0	2093.0
2056.0	2080.0
2056.0	2077.0
2054.0	2087.0
2056.0	2080.0
2056.0	2079.0
2055.0	2079.0
2054.0	2079.0
2053.0	2080.0
2054.0	2079.0
2057.0	2079.0
2055.0	2081.0
2056.0	2079.0
2054.0	2080.0
2060.0	2080.0
2059.0	2079.0
2058.0	2080.0
2057.0	2093.0
2056.0	2085.0
2056.0	2084.0
2056.0	2080.0
2055.0	2079.0
2056.0	2078.0
2059.0	2078.0
2051.0	2080.0
2058.0	2081.0
2057.0	2080.0
2056.0	2084.0
2056.0	2080.0
2056.0	2077.0
2057.0	2078.0
2056.0	2079.0
2056.0	2074.0
2056.0	2087.0
2059.0	2078.0
2054.0	2080.0
2055.0	2077.0
2054.0	2081.0
2053.0	2081.0
2055.0	2081.0
2056.0	2083.0
2057.0	2078.0
2055.0	2081.0
2058.0	2078.0
2057.0	2080.0
2056.0	2081.0
2056.0	2078.0
2055.0	2078.0
2055.0	2080.0
2057.0	2081.0
2054.0	2078.0
2056.0	2079.0
2055.0	2080.0
2057.0	2079.0
2060.0	2078.0
2055.0	2079.0
2056.0	2082.0
2056.0	2080.0
2057.0	2079.0
2056.0	2079.0
2056.0	2081.0
2056.0	2077.0
2056.0	2077.0
2056.0	2078.0
2055.0	2080.0
2055.0	2080.0
2055.0	2078.0
2057.0	2080.0
2056.0	2080.0
2057.0	2079.0
2070.0	2079.0
2065.0	2079.0
2065.0	2079.0
2066.0	2080.0
2066.0	2080.0
2067.0	2079.0
2067.0	2080.0
2066.0	2078.0
2065.0	2079.0
2064.0	2079.0
2066.0	2080.0
2065.0	2078.0
2071.0	2077.0
2068.0	2078.0
2066.0	2079.0
2064.0	2081.0
2059.0	2081.0
2067.0	2079.0
2067.0	2079.0
2067.0	2078.0
2065.0	2082.0
2066.0	2074.0
2067.0	2078.0
2064.0	2080.0
2065.0	2078.0
2064.0	2080.0
2060.0	2078.0
2071.0	2079.0
2068.0	2080.0
2069.0	2079.0
2065.0	2078.0
2066.0	2081.0
2066.0	2081.0
2065.0	2079.0
2065.0	2081.0
2066.0	2081.0
2066.0	2086.0
2065.0	2080.0
2069.0	2080.0
2065.0	2082.0
2066.0	2078.0
2064.0	2080.0
2069.0	2080.0
2069.0	2080.0
2067.0	2078.0
2065.0	2080.0
2066.0	2079.0
2067.0	2082.0
2065.0	2080.0
2067.0	2077.0
2069.0	2078.0
2067.0	2077.0
2066.0	2079.0
2066.0	2073.0
2065.0	2071.0
2068.0	2068.0
2066.0	2067.0
2065.0	2068.0
2071.0	2068.0
2068.0	2067.0
2067.0	2067.0
2066.0	2068.0
2066.0	2066.0
2065.0	2067.0
2065.0	2067.0
2066.0	2067.0
2066.0	2065.0
2068.0	2066.0
2066.0	2072.0
2065.0	2067.0
2067.0	2067.0
2065.0	2068.0
2065.0	2067.0
2066.0	2066.0
2065.0	2080.0
2068.0	2081.0
2067.0	2079.0
2064.0	2080.0
2068.0	2078.0
2065.0	2079.0
2067.0	2081.0
2066.0	2080.0
2065.0	2079.0
2066.0	2080.0
2065.0	2075.0
2065.0	2083.0
2067.0	2080.0
2066.0	2082.0
2065.0	2081.0
2068.0	2080.0
2065.0	2080.0
2069.0	2081.0
2066.0	2081.0
2065.0	2081.0
2067.0	2079.0
2065.0	2079.0
2065.0	2081.0
2065.0	2078.0
2067.0	2080.0
2067.0	2080.0
2066.0	2078.0
2066.0	2077.0
2066.0	2087.0
2064.0	2079.0
2067.0	2078.0
2065.0	2079.0
2065.0	2080.0
2063.0	2079.0
2073.0	2080.0
2066.0	2080.0
2066.0	2079.0
2065.0	2081.0
2066.0	2080.0
2066.0	2079.0
2065.0	2080.0
2067.0	2080.0
2066.0	2079.0
2066.0	2082.0
2066.0	2095.0
2067.0	2074.0
2067.0	2080.0
2065.0	2081.0
2066.0	2079.0
2065.0	2077.0
2078.0	2080.0
2061.0	2081.0
2065.0	2079.0
2067.0	2079.0
2066.0	2079.0
2066.0	2081.0
2066.0	2079.0
2067.0	2080.0
2065.0	2079.0
2065.0	2079.0
2065.0	2081.0
2066.0	2081.0
2066.0	2080.0
2065.0	2077.0
2067.0	2080.0
2066.0	2079.0
2065.0	2079.0
2072.0	2080.0
2065.0	2081.0
2068.0	2080.0
2068.0	2078.0
2067.0	2079.0
2066.0	2082.0
2064.0	2080.0
2066.0	2080.0
2066.0	2079.0
2066.0	2078.0
2067.0	2076.0
2068.0	2080.0
2065.0	2082.0
2065.0	2077.0
2065.0	2079.0
2065.0	2080.0
2066.0	2078.0
2081.0	2081.0
2065.0	2080.0
2062.0	2079.0
2066.0	2078.0
2065.0	2081.0
2066.0	2078.0
2067.0	2100.0
2066.0	2080.0
2066.0	2079.0
2065.0	2079.0
2064.0	2078.0
2065.0	2088.0
2065.0	2074.0
2067.0	2082.0
2068.0	2079.0
2065.0	2080.0
2066.0	2081.0
2064.0	2079.0
2068.0	2080.0
2066.0	2079.0
2066.0	2079.0
2065.0	2079.0
2065.0	2079.0
2066.0	2081.0
2066.0	2079.0
2065.0	2075.0
2067.0	2079.0
2065.0	2079.0
2075.0	2078.0
2075.0	2083.0
2075.0	2080.0
2075.0	2079.0
2076.0	2080.0
2074.0	2082.0
2073.0	2082.0
2071.0	2080.0
2073.0	2082.0
2076.0	2078.0
2078.0	2081.0
2075.0	2080.0
2075.0	2079.0
2074.0	2079.0
2075.0	2077.0
2076.0	2080.0
2075.0	2080.0
2074.0	2078.0
2075.0	2078.0
2076.0	2077.0
2075.0	2077.0
2076.0	2083.0
2074.0	2083.0
2075.0	2081.0
2075.0	2079.0
2074.0	2079.0
2081.0	2078.0
2076.0	2079.0
2079.0	2078.0
2076.0	2079.0
2075.0	2080.0
2076.0	2079.0
2076.0	2079.0
2075.0	2083.0
2076.0	2080.0
2076.0	2079.0
2075.0	2081.0
2075.0	2087.0
2075.0	2082.0
2074.0	2083.0
2075.0	2082.0
2075.0	2081.0
2073.0	2082.0
2073.0	2080.0
2078.0	2078.0
2077.0	2079.0
2075.0	2080.0
2075.0	2079.0
2074.0	2080.0
2075.0	2079.0
2077.0	2080.0
2075.0	2081.0
2075.0	2077.0
2075.0	2077.0
2075.0	2086.0
2075.0	2081.0
2078.0	2075.0
2075.0	2075.0
2076.0	2078.0
2074.0	2078.0
2072.0	2081.0
2079.0	2079.0
2076.0	2077.0
2077.0	2078.0
2076.0	2080.0
2074.0	2079.0
2076.0	2078.0
2075.0	2079.0
2076.0	2081.0
2078.0	2079.0
2077.0	2080.0
2075.0	2079.0
2076.0	2078.0
2075.0	2086.0
2074.0	2080.0
2075.0	2082.0
2076.0	2081.0
2075.0	2077.0
2074.0	2079.0
2073.0	2079.0
2076.0	2080.0
2070.0	2079.0
2075.0	2079.0
2076.0	2079.0
2075.0	2080.0
2076.0	2079.0
2075.0	2078.0
2075.0	2080.0
2075.0	2077.0
2077.0	2080.0
2075.0	2079.0
2075.0	2073.0
2076.0	2085.0
2076.0	2079.0
2077.0	2080.0
2076.0	2080.0
2075.0	2081.0
2075.0	2078.0
2080.0	2080.0
2079.0	2081.0
2080.0	2077.0
2078.0	2079.0
2078.0	2080.0
2075.0	2079.0
2076.0	2079.0
2075.0	2081.0
2077.0	2081.0
2076.0	2078.0
2076.0	2081.0
2075.0	2075.0
2076.0	2076.0
2074.0	2083.0
2077.0	2080.0
2074.0	2076.0
2075.0	2079.0
2076.0	2081.0
2076.0	2080.0
2077.0	2079.0
2076.0	2079.0
2075.0	2079.0
2077.0	2079.0
2074.0	2078.0
2074.0	2078.0
2075.0	2080.0
2076.0	2080.0
2076.0	2078.0
2075.0	2079.0
2078.0	2078.0
2073.0	2086.0
2076.0	2078.0
2075.0	2079.0
2075.0	2065.0
2074.0	2067.0
2078.0	2066.0
2073.0	2067.0
2070.0	2066.0
2081.0	2067.0
2076.0	2066.0
2077.0	2067.0
2076.0	2067.0
2076.0	2068.0
2077.0	2068.0
2076.0	2069.0
2076.0	2067.0
2073.0	2066.0
2077.0	2067.0
2075.0	2073.0
2075.0	2069.0
2075.0	2067.0
2077.0	2067.0
2076.0	2065.0
2074.0	2068.0
2074.0	2066.0
2073.0	2067.0
2085.0	2066.0
2073.0	2066.0
2076.0	2066.0
2077.0	2068.0
2075.0	2064.0
2076.0	2079.0
2075.0	2080.0
2075.0	2079.0
2075.0	2079.0
2074.0	2080.0
2074.0	2078.0
2075.0	2076.0
2074.0	2084.0
2075.0	2080.0
2077.0	2085.0
2075.0	2079.0
2074.0	2080.0
2074.0	2079.0
2073.0	2080.0
2084.0	2080.0
2073.0	2080.0
2073.0	2079.0
2075.0	2081.0
2075.0	2078.0
2074.0	2079.0
2070.0	2079.0
2075.0	2080.0
2075.0	2079.0
2078.0	2079.0
2075.0	2081.0
2075.0	2079.0
2072.0	2080.0
2075.0	2081.0
2075.0	2077.0
2075.0	2080.0
2074.0	2080.0
2076.0	2081.0
2073.0	2080.0
2088.0	2079.0
2074.0	2079.0
2073.0	2037.0
2074.0	2066.0
2077.0	2071.0
2075.0	2066.0
2077.0	2068.0
2075.0	2069.0
2077.0	2069.0
2075.0	2066.0
2075.0	2063.0
2077.0	2067.0
2075.0	2055.0
2076.0	2056.0
2065.0	2053.0
2066.0	2051.0
2065.0	2040.0
2066.0	2040.0
2054.0	2040.0
2061.0	2041.0
2061.0	2039.0
2057.0	2040.0
2055.0	2042.0
2044.0	2029.0
2046.0	2027.0
2046.0	2027.0
2036.0	2015.0
2037.0	2016.0
2026.0	2015.0
2026.0	2016.0
2019.0	2015.0
2018.0	2015.0
2018.0	2001.0
2007.0	2008.0
2007.0	2003.0
2011.0	2001.0
2006.0	2007.0
2008.0	2002.0
2006.0	2002.0
2007.0	2003.0
2005.0	2003.0
2010.0	2000.0
2010.0	2002.0
2006.0	2002.0
2008.0	2014.0
2008.0	2014.0
2007.0	2016.0
2008.0	2014.0
2010.0	2017.0
2007.0	2015.0
2007.0	2014.0
2008.0	2013.0
2007.0	2014.0
2006.0	2011.0
2007.0	2019.0
2007.0	2011.0
2006.0	2007.0
2008.0	2005.0
2007.0	2001.0
2006.0	2001.0
2008.0	2001.0
1997.0	2002.0
1996.0	2015.0
2000.0	2016.0
2001.0	2014.0
1989.0	2015.0
1988.0	2014.0
1987.0	2016.0
1987.0	2016.0
1990.0	2014.0
1987.0	2015.0
1986.0	2015.0
1987.0	2013.0
1998.0	2014.0
1998.0	2012.0
1997.0	2010.0
1998.0	2009.0
1999.0	2011.0
1997.0	2015.0
1997.0	2016.0
1998.0	2014.0
1997.0	2013.0
1999.0	2013.0
1997.0	2014.0
1994.0	2015.0
2001.0	2013.0
2000.0	2001.0
1999.0	2002.0
1997.0	2000.0
1998.0	2002.0
1998.0	2000.0
2009.0	2002.0
2007.0	2002.0
2008.0	2002.0
2007.0	2001.0
2008.0	2002.0
2008.0	2000.0
2007.0	2004.0
2008.0	2003.0
2008.0	1972.0
2007.0	2005.0
2007.0	2004.0
2008.0	2001.0
2008.0	2005.0
2007.0	2001.0
2006.0	2005.0
2007.0	2004.0
2005.0	2001.0
2006.0	2003.0
2009.0	2001.0
2004.0	2002.0
1996.0	2001.0
1999.0	2013.0
1998.0	2015.0
1998.0	2013.0
1998.0	2013.0
1998.0	2015.0
1998.0	2016.0
1997.0	2014.0
2000.0	2014.0
1998.0	2013.0
1998.0	2014.0
1997.0	2029.0
1998.0	2033.0
1998.0	2033.0
1998.0	2038.0
1999.0	2045.0
1997.0	2037.0
2000.0	2039.0
1998.0	2041.0
1997.0	2041.0
1996.0	2039.0
1996.0	2038.0
1998.0	2042.0
1999.0	2039.0
2001.0	2040.0
1987.0	2039.0
1988.0	2039.0
1988.0	2041.0
1987.0	2039.0
1988.0	2040.0
1988.0	2041.0
1987.0	2053.0
1987.0	2051.0
1989.0	2051.0
1988.0	2052.0
1989.0	2060.0
1989.0	2055.0
1988.0	2057.0
1987.0	2054.0
1989.0	2057.0
1988.0	2051.0
1987.0	2052.0
1989.0	2054.0
1989.0	2053.0
1982.0	2053.0
1993.0	2055.0
1989.0	2054.0
1988.0	2053.0
1989.0	2054.0
1987.0	2053.0
1990.0	2054.0
1987.0	2053.0
1988.0	2054.0
1989.0	2053.0
1988.0	2053.0
1988.0	2054.0
1989.0	2052.0
1988.0	2053.0
1988.0	2053.0
1990.0	2065.0
1989.0	2059.0
1988.0	2066.0
1989.0	2054.0
1988.0	2054.0
1988.0	2054.0
1998.0	2053.0
2000.0	2052.0
2001.0	2054.0
1997.0	2055.0
1997.0	2055.0
2000.0	2054.0
2002.0	2052.0
1998.0	2054.0
1997.0	2053.0
1998.0	2055.0
1998.0	2052.0
2000.0	2054.0
1998.0	2053.0
2000.0	2053.0
1999.0	2054.0
1998.0	2053.0
1998.0	2053.0
1998.0	2055.0
1997.0	2053.0
2000.0	2053.0
1998.0	2052.0
1998.0	2049.0
1998.0	2056.0
1998.0	2057.0
1999.0	2059.0
1999.0	2052.0
1997.0	2053.0
2000.0	2053.0
1997.0	2052.0
1988.0	2052.0
1988.0	2054.0
1984.0	2053.0
1990.0	2055.0
1992.0	2053.0
1991.0	2050.0
1987.0	2053.0
1987.0	2052.0
1988.0	2054.0
1987.0	2052.0
1990.0	2052.0
1986.0	2052.0
1987.0	2053.0
1988.0	2053.0
1987.0	2052.0
1989.0	2052.0
1990.0	2051.0
1987.0	2054.0
1990.0	2053.0
1988.0	2053.0
1990.0	2054.0
1987.0	2068.0
1989.0	2056.0
1987.0	2055.0
1987.0	2060.0
1998.0	2057.0
1998.0	2053.0
1998.0	2054.0
1997.0	2053.0
1997.0	2052.0
1998.0	2052.0
2009.0	2052.0
2006.0	2055.0
2000.0	2053.0
2001.0	2052.0
1997.0	2055.0
1997.0	2050.0
1999.0	2052.0
1998.0	2055.0
1999.0	2053.0
1999.0	2052.0
1998.0	2054.0
1998.0	2053.0
1998.0	2053.0
1996.0	2053.0
1998.0	2051.0
1998.0	2053.0
1997.0	2052.0
2000.0	2052.0
1997.0	2058.0
1999.0	2053.0
1998.0	2060.0
1998.0	2053.0
1998.0	2054.0
1998.0	2055.0
1996.0	2052.0
1999.0	2052.0
1996.0	2052.0
1997.0	2051.0
1998.0	2053.0
2005.0	2053.0
2003.0	2055.0
1998.0	2052.0
1998.0	2054.0
2000.0	2053.0
1997.0	2055.0
1997.0	2053.0
2000.0	2055.0
1997.0	2052.0
1998.0	2055.0
1998.0	2053.0
2001.0	2053.0
1997.0	2054.0
1999.0	2054.0
1998.0	2054.0
1998.0	2053.0
1999.0	2050.0
1998.0	2051.0
1998.0	2051.0
1997.0	2050.0
1998.0	2047.0
1999.0	2056.0
1997.0	2057.0
1998.0	2056.0
1998.0	2054.0
2001.0	2052.0
1997.0	2054.0
1998.0	2052.0
1997.0	2054.0
1997.0	2052.0
1996.0	2053.0
1992.0	2054.0
1997.0	2051.0
1990.0	2053.0
1988.0	2055.0
1988.0	2053.0
1990.0	2056.0
1988.0	2065.0
1987.0	2067.0
1991.0	2066.0
1988.0	2067.0
1986.0	2067.0
1989.0	2063.0
1988.0	2068.0
1987.0	2066.0
1987.0	2066.0
1992.0	2065.0
1990.0	2065.0
1989.0	2067.0
1987.0	2065.0
1987.0	2061.0
1988.0	2067.0
1988.0	2061.0
1986.0	2065.0
1988.0	2066.0
1987.0	2069.0
1989.0	2057.0
1988.0	2051.0
1987.0	2051.0
1987.0	2056.0
1986.0	2054.0
1987.0	2053.0
1985.0	2055.0
1986.0	2053.0
1997.0	2054.0
1990.0	2054.0
1991.0	2053.0
1989.0	2051.0
1998.0	2054.0
2002.0	2069.0
1996.0	2068.0
1998.0	2066.0
1999.0	2067.0
1999.0	2066.0
1997.0	2068.0
1998.0	2065.0
1999.0	2065.0
2000.0	2067.0
1998.0	2066.0
2000.0	2067.0
1997.0	2066.0
1998.0	2065.0
1997.0	2052.0
1998.0	2052.0
1998.0	2045.0
1998.0	2050.0
1998.0	2046.0
1997.0	2055.0
1998.0	2050.0
1997.0	2060.0
1997.0	2050.0
1999.0	2054.0
1999.0	2055.0
2001.0	2053.0
1997.0	2055.0
1998.0	2053.0
1998.0	2054.0
2000.0	2055.0
2002.0	2055.0
1999.0	2054.0
1996.0	2053.0
1998.0	2054.0
1999.0	2053.0
1998.0	2054.0
1999.0	2053.0
1998.0	2051.0
1998.0	2054.0
2000.0	2054.0
1999.0	2053.0
1998.0	2053.0
1998.0	2054.0
1999.0	2054.0
1997.0	2052.0
1999.0	2055.0
1998.0	2052.0
1999.0	2053.0
1997.0	2053.0
1996.0	2051.0
1998.0	2048.0
1997.0	2057.0
1998.0	2051.0
1998.0	2048.0
1997.0	2054.0
1997.0	2056.0
2000.0	2052.0
1998.0	2054.0
1998.0	2052.0
1998.0	2052.0
1997.0	2054.0
1997.0	2051.0
1996.0	2053.0
1997.0	2055.0
2002.0	2052.0
2000.0	2055.0
2001.0	2054.0
1998.0	2053.0
1996.0	2054.0
1999.0	2067.0
1999.0	2069.0
1998.0	2065.0
1999.0	2067.0
1998.0	2065.0
1998.0	2065.0
2000.0	2066.0
1998.0	2067.0
1998.0	2070.0
1998.0	2066.0
1998.0	2066.0
1997.0	2068.0
1996.0	2067.0
1998.0	2066.0
1998.0	2065.0
1998.0	2066.0
1997.0	2066.0
1999.0	2066.0
1989.0	2066.0
1998.0	2073.0
1999.0	2063.0
1997.0	2060.0
1998.0	2067.0
1997.0	2069.0
1998.0	2069.0
1998.0	2054.0
1998.0	2053.0
1998.0	2053.0
1997.0	2053.0
1998.0	2052.0
1999.0	2053.0
