1806.0	2061.0
1806.0	2069.0
1805.0	2068.0
1806.0	2066.0
1807.0	2067.0
1806.0	2065.0
1806.0	2068.0
1806.0	2065.0
1807.0	2069.0
1806.0	2067.0
1805.0	2065.0
1803.0	2069.0
1806.0	2061.0
1806.0	2066.0
1807.0	2068.0
1808.0	2080.0
1807.0	2072.0
1806.0	2066.0
1806.0	2066.0
1807.0	2066.0
1807.0	2065.0
1807.0	2067.0
1794.0	2065.0
1806.0	2065.0
1805.0	2067.0
1806.0	2067.0
1806.0	2066.0
1811.0	2068.0
1807.0	2067.0
1800.0	2064.0
1809.0	2066.0
1806.0	2064.0
1806.0	2062.0
1808.0	2067.0
1805.0	2066.0
1810.0	2067.0
1807.0	2064.0
1806.0	2065.0
1806.0	2065.0
1805.0	2064.0
1805.0	2068.0
1804.0	2066.0
1805.0	2067.0
1809.0	2068.0
1806.0	2068.0
1806.0	2066.0
1805.0	2070.0
1806.0	2065.0
1807.0	2061.0
1806.0	2066.0
1806.0	2066.0
1807.0	2067.0
1805.0	2066.0
1806.0	2065.0
1805.0	2067.0
1807.0	2065.0
1807.0	2064.0
1806.0	2065.0
1805.0	2064.0
1810.0	2065.0
1805.0	2066.0
1806.0	2066.0
1807.0	2066.0
1805.0	2065.0
1805.0	2067.0
1805.0	2064.0
1803.0	2067.0
1807.0	2069.0
1807.0	2067.0
1804.0	2068.0
1805.0	2067.0
1806.0	2065.0
1806.0	2069.0
1806.0	2066.0
1805.0	2067.0
1811.0	2066.0
1804.0	2069.0
1806.0	2067.0
1808.0	2068.0
1805.0	2067.0
1805.0	2072.0
1807.0	2063.0
1806.0	2064.0
1810.0	2065.0
1805.0	2066.0
1808.0	2067.0
1806.0	2067.0
1806.0	2064.0
1805.0	2062.0
1805.0	2067.0
1807.0	2070.0
1811.0	2065.0
1806.0	2066.0
1806.0	2068.0
1806.0	2066.0
1807.0	2081.0
1805.0	2059.0
1805.0	2069.0
1806.0	2067.0
1806.0	2067.0
1805.0	2066.0
1807.0	2066.0
1807.0	2067.0
1806.0	2064.0
1806.0	2069.0
1804.0	2069.0
1806.0	2067.0
1807.0	2068.0
1806.0	2069.0
1805.0	2066.0
1807.0	2068.0
1806.0	2081.0
1805.0	2069.0
1806.0	2065.0
1809.0	2066.0
1808.0	2068.0
1807.0	2067.0
1806.0	2065.0
1808.0	2064.0
1806.0	2068.0
1807.0	2068.0
1806.0	2066.0
1809.0	2068.0
1806.0	2066.0
1807.0	2067.0
1806.0	2068.0
1807.0	2066.0
1806.0	2068.0
1805.0	2065.0
1805.0	2066.0
1812.0	2065.0
1805.0	2066.0
1806.0	2066.0
1807.0	2066.0
1806.0	2066.0
1805.0	2074.0
1806.0	2066.0
1805.0	2065.0
1807.0	2070.0
1806.0	2067.0
1807.0	2066.0
1806.0	2068.0
1807.0	2066.0
1806.0	2068.0
1805.0	2067.0
1807.0	2067.0
1811.0	2085.0
1807.0	2069.0
1805.0	2065.0
1806.0	2066.0
1806.0	2061.0
1805.0	2070.0
1804.0	2067.0
1802.0	2069.0
1806.0	2066.0
1808.0	2067.0
1805.0	2065.0
1807.0	2068.0
1806.0	2071.0
1806.0	2070.0
1805.0	2067.0
1813.0	2066.0
1808.0	2067.0
1804.0	2066.0
1805.0	2065.0
1806.0	2066.0
1805.0	2067.0
1806.0	2066.0
1807.0	2068.0
1804.0	2065.0
1805.0	2068.0
1807.0	2068.0
1806.0	2066.0
1807.0	2062.0
1806.0	2070.0
1807.0	2068.0
1804.0	2065.0
1805.0	2070.0
1805.0	2068.0
1807.0	2069.0
1806.0	2066.0
1806.0	2063.0
1805.0	2067.0
1808.0	2067.0
1805.0	2068.0
1808.0	2067.0
1805.0	2067.0
1806.0	2066.0
1805.0	2067.0
1806.0	2083.0
1806.0	2067.0
1806.0	2068.0
1805.0	2065.0
1805.0	2066.0
1806.0	2069.0
1806.0	2064.0
1807.0	2068.0
1804.0	2065.0
1807.0	2072.0
1805.0	2067.0
1820.0	2068.0
1809.0	2068.0
1806.0	2067.0
1806.0	2067.0
1806.0	2065.0
1808.0	2060.0
1805.0	2063.0
1807.0	2067.0
1811.0	2065.0
1806.0	2066.0
1806.0	2065.0
1805.0	2068.0
1806.0	2065.0
1805.0	2066.0
1806.0	2067.0
1804.0	2070.0
1806.0	2066.0
1806.0	2066.0
1806.0	2065.0
1807.0	2065.0
1805.0	2072.0
1806.0	2068.0
1806.0	2066.0
1809.0	2067.0
1805.0	2067.0
1806.0	2066.0
1805.0	2066.0
1806.0	2067.0
1806.0	2083.0
1806.0	2070.0
1806.0	2067.0
1808.0	2068.0
1808.0	2065.0
1806.0	2066.0
1807.0	2068.0
1806.0	2065.0
1806.0	2071.0
1806.0	2062.0
1805.0	2065.0
1804.0	2066.0
1805.0	2065.0
1805.0	2067.0
1806.0	2066.0
1806.0	2064.0
1806.0	2070.0
1807.0	2064.0
1805.0	2067.0
1801.0	2066.0
1805.0	2066.0
1778.0	2067.0
1806.0	2066.0
1805.0	2068.0
1806.0	2068.0
1807.0	2066.0
1805.0	2066.0
1808.0	2067.0
1807.0	2066.0
1805.0	2069.0
1806.0	2065.0
1806.0	2068.0
1805.0	2063.0
1806.0	2064.0
1804.0	2067.0
1810.0	2065.0
1805.0	2067.0
1805.0	2065.0
1806.0	2067.0
1804.0	2067.0
1806.0	2066.0
1807.0	2066.0
1806.0	2067.0
1807.0	2070.0
1809.0	2066.0
1807.0	2068.0
1807.0	2066.0
1806.0	2068.0
1808.0	2077.0
1805.0	2067.0
1805.0	2066.0
1811.0	2067.0
1808.0	2065.0
1805.0	2067.0
1804.0	2068.0
1808.0	2067.0
1808.0	2070.0
1806.0	2073.0
1807.0	2068.0
1807.0	2069.0
1807.0	2067.0
1806.0	2067.0
1806.0	2065.0
1804.0	2066.0
1808.0	2068.0
1806.0	2064.0
1807.0	2065.0
1812.0	2067.0
1804.0	2068.0
1807.0	2067.0
1806.0	2065.0
1806.0	2066.0
1808.0	2060.0
1805.0	2069.0
1804.0	2065.0
1807.0	2065.0
1806.0	2066.0
1805.0	2066.0
1807.0	2066.0
1809.0	2066.0
1807.0	2066.0
1807.0	2068.0
1805.0	2067.0
1803.0	2067.0
1806.0	2065.0
1806.0	2068.0
1806.0	2068.0
1806.0	2065.0
1806.0	2061.0
1805.0	2068.0
1808.0	2067.0
1804.0	2066.0
1806.0	2064.0
1808.0	2068.0
1809.0	2067.0
1806.0	2063.0
1806.0	2069.0
1805.0	2066.0
1802.0	2067.0
1808.0	2067.0
1807.0	2067.0
1809.0	2067.0
1809.0	2068.0
1805.0	2065.0
1805.0	2068.0
1805.0	2068.0
1804.0	2068.0
1802.0	2065.0
1806.0	2066.0
1806.0	2068.0
1806.0	2066.0
1807.0	2068.0
1806.0	2067.0
1807.0	2069.0
1807.0	2068.0
1805.0	2066.0
1808.0	2067.0
1805.0	2067.0
1806.0	2066.0
1806.0	2065.0
1807.0	2064.0
1807.0	2053.0
1804.0	2067.0
1804.0	2067.0
1808.0	2069.0
1809.0	2068.0
1806.0	2069.0
1805.0	2064.0
1806.0	2069.0
1806.0	2064.0
1804.0	2066.0
1809.0	2067.0
1805.0	2068.0
1805.0	2065.0
1805.0	2067.0
1807.0	2070.0
1807.0	2065.0
1805.0	2067.0
1804.0	2070.0
1804.0	2066.0
1806.0	2065.0
1806.0	2067.0
1806.0	2065.0
1815.0	2068.0
1805.0	2067.0
1806.0	2065.0
1818.0	2068.0
1805.0	2066.0
1805.0	2067.0
1808.0	2067.0
1806.0	2067.0
1806.0	2069.0
1805.0	2064.0
1806.0	2069.0
1808.0	2068.0
1804.0	2067.0
1805.0	2067.0
1808.0	2068.0
1807.0	2062.0
1805.0	2073.0
1806.0	2071.0
1806.0	2066.0
1821.0	2065.0
1807.0	2067.0
1807.0	2067.0
1806.0	2066.0
1809.0	2067.0
1807.0	2072.0
1805.0	2067.0
1804.0	2066.0
1809.0	2068.0
1805.0	2066.0
1808.0	2066.0
1806.0	2067.0
1808.0	2068.0
1807.0	2072.0
1807.0	2069.0
1805.0	2067.0
1804.0	2066.0
1808.0	2066.0
1805.0	2068.0
1805.0	2068.0
1807.0	2068.0
1808.0	2072.0
1805.0	2073.0
1806.0	2065.0
1804.0	2068.0
1807.0	2067.0
1806.0	2067.0
1805.0	2067.0
1807.0	2066.0
1805.0	2074.0
1805.0	2072.0
1806.0	2065.0
1801.0	2067.0
1807.0	2067.0
1808.0	2067.0
1806.0	2066.0
1808.0	2067.0
1806.0	2064.0
1806.0	2071.0
1806.0	2066.0
1806.0	2065.0
1807.0	2068.0
1805.0	2067.0
1807.0	2068.0
1808.0	2068.0
1805.0	2067.0
1805.0	2068.0
1808.0	2065.0
1804.0	2069.0
1812.0	2069.0
1807.0	2066.0
1806.0	2066.0
1806.0	2066.0
1808.0	2066.0
1830.0	2071.0
1805.0	2071.0
1805.0	2068.0
1820.0	2065.0
1805.0	2068.0
1805.0	2066.0
1806.0	2066.0
1805.0	2066.0
1806.0	2064.0
1806.0	2073.0
1808.0	2069.0
1805.0	2066.0
1812.0	2068.0
1805.0	2066.0
1805.0	2066.0
1804.0	2068.0
1806.0	2067.0
1806.0	2078.0
1805.0	2069.0
1807.0	2068.0
1805.0	2066.0
1806.0	2066.0
1805.0	2068.0
1806.0	2066.0
1807.0	2068.0
1806.0	2065.0
1807.0	2070.0
1806.0	2063.0
1807.0	2066.0
1809.0	2066.0
1801.0	2066.0
1805.0	2065.0
1808.0	2067.0
1806.0	2065.0
1805.0	2015.0
1808.0	2015.0
1805.0	2016.0
1803.0	2014.0
1804.0	2015.0
1806.0	2018.0
1805.0	2016.0
1805.0	2013.0
1803.0	2013.0
1809.0	2016.0
1805.0	2014.0
1805.0	2015.0
1805.0	2014.0
1805.0	2014.0
1806.0	2014.0
1806.0	2015.0
1805.0	2013.0
1806.0	2014.0
1807.0	2012.0
1805.0	2013.0
1810.0	2013.0
1804.0	2018.0
1805.0	2014.0
1806.0	2014.0
1806.0	2014.0
1808.0	2018.0
1807.0	2020.0
1806.0	2016.0
1818.0	2016.0
1807.0	2014.0
1806.0	2014.0
1808.0	2015.0
1806.0	2014.0
1807.0	2012.0
1806.0	2015.0
1806.0	2016.0
1804.0	2015.0
1806.0	2015.0
1805.0	2015.0
1805.0	2015.0
1805.0	2014.0
1805.0	2011.0
1808.0	2015.0
1806.0	2015.0
1804.0	2016.0
1804.0	2016.0
1804.0	2015.0
1806.0	2014.0
1805.0	2015.0
1806.0	2011.0
1806.0	2010.0
1805.0	2011.0
1807.0	2016.0
1811.0	2014.0
1805.0	2015.0
1806.0	2018.0
1805.0	2014.0
1804.0	2013.0
1805.0	2016.0
1806.0	2011.0
1808.0	2013.0
1808.0	2016.0
1806.0	2015.0
1805.0	2014.0
1806.0	2014.0
1807.0	2016.0
1807.0	2012.0
1806.0	2019.0
1808.0	2015.0
1808.0	2015.0
1806.0	2015.0
1805.0	2014.0
1808.0	2014.0
1805.0	2013.0
1808.0	2011.0
1806.0	2013.0
1804.0	2016.0
1805.0	2014.0
1807.0	2013.0
1804.0	2015.0
1806.0	2016.0
1808.0	2016.0
1805.0	2013.0
1809.0	2016.0
1805.0	2015.0
1805.0	2014.0
1808.0	2015.0
1805.0	2015.0
1805.0	2014.0
1806.0	2015.0
1807.0	2014.0
1805.0	2019.0
1805.0	2014.0
1803.0	2016.0
1806.0	2014.0
1806.0	2015.0
1805.0	2009.0
1807.0	2015.0
1806.0	2013.0
1805.0	2014.0
1805.0	2013.0
1804.0	2014.0
1806.0	2013.0
1806.0	2014.0
1806.0	2015.0
1806.0	2015.0
1807.0	2023.0
1806.0	2012.0
1806.0	2014.0
1804.0	2015.0
1805.0	2013.0
1806.0	2015.0
1804.0	2015.0
1805.0	2015.0
1808.0	2019.0
1808.0	2013.0
1806.0	2016.0
1821.0	2013.0
1804.0	2013.0
1808.0	2014.0
1806.0	2014.0
1805.0	2014.0
1806.0	2010.0
1806.0	2020.0
1806.0	1986.0
1804.0	1990.0
1807.0	1989.0
1805.0	1988.0
1810.0	1988.0
1806.0	1988.0
1805.0	1987.0
1807.0	1989.0
1809.0	1990.0
1804.0	1989.0
1808.0	1989.0
1804.0	1991.0
1806.0	1988.0
1806.0	1987.0
1807.0	1987.0
1806.0	1993.0
1806.0	1984.0
1805.0	1989.0
1810.0	1988.0
1806.0	1989.0
1806.0	1987.0
1806.0	1988.0
1808.0	1983.0
1806.0	1983.0
1806.0	1984.0
1806.0	1990.0
1813.0	1988.0
1809.0	1987.0
1821.0	1987.0
1801.0	1987.0
1805.0	1988.0
1804.0	1983.0
1805.0	1985.0
1806.0	1988.0
1806.0	1990.0
1805.0	1982.0
1808.0	1988.0
1807.0	1988.0
1807.0	1985.0
1806.0	1991.0
1807.0	1988.0
1807.0	1989.0
1813.0	1990.0
1807.0	1988.0
1805.0	1989.0
1805.0	1989.0
1806.0	1988.0
1806.0	1988.0
1806.0	1987.0
1805.0	1989.0
1807.0	1990.0
1806.0	1987.0
1806.0	1987.0
1807.0	1988.0
1806.0	1987.0
1806.0	1991.0
1804.0	1988.0
1804.0	1987.0
1802.0	1991.0
1805.0	1987.0
1805.0	1987.0
1807.0	1986.0
1807.0	1987.0
1805.0	1995.0
1806.0	1987.0
1806.0	1988.0
1807.0	1986.0
1807.0	1990.0
1807.0	1988.0
1805.0	1988.0
1806.0	1985.0
1804.0	1993.0
1805.0	1989.0
1800.0	1989.0
1808.0	1986.0
1806.0	1989.0
1805.0	1987.0
1806.0	1988.0
1807.0	1988.0
1805.0	1987.0
1807.0	1987.0
1804.0	1988.0
1807.0	1987.0
1805.0	1988.0
1806.0	1987.0
1806.0	1987.0
1806.0	1984.0
1805.0	1989.0
1805.0	1987.0
1802.0	1987.0
1807.0	1989.0
1807.0	1989.0
1805.0	1989.0
1807.0	1989.0
1806.0	1983.0
1806.0	1987.0
1806.0	1989.0
1806.0	1987.0
1805.0	1987.0
1805.0	1986.0
1805.0	1988.0
1806.0	1987.0
1806.0	1993.0
1807.0	1990.0
1807.0	1990.0
1808.0	1988.0
1807.0	1988.0
1805.0	1986.0
1807.0	1986.0
1806.0	1986.0
1808.0	1982.0
1806.0	1988.0
1807.0	1990.0
1806.0	1990.0
1804.0	1986.0
1806.0	1988.0
1806.0	1988.0
1803.0	1986.0
1807.0	1993.0
1808.0	1988.0
1805.0	1987.0
1817.0	1991.0
1805.0	1987.0
1806.0	1987.0
1807.0	1989.0
1807.0	1989.0
1808.0	1999.0
1806.0	1987.0
1805.0	1989.0
1806.0	1986.0
1806.0	1990.0
1806.0	1996.0
1805.0	1988.0
1806.0	1987.0
1806.0	1994.0
1805.0	1989.0
1807.0	1986.0
1813.0	1988.0
1805.0	1988.0
1808.0	1987.0
1806.0	1988.0
1806.0	1987.0
1806.0	1981.0
1805.0	1989.0
1805.0	1988.0
1805.0	1988.0
1806.0	1989.0
1807.0	1989.0
1806.0	1988.0
1806.0	1983.0
1804.0	1988.0
1806.0	1991.0
1805.0	1989.0
1805.0	1987.0
1804.0	1989.0
1806.0	1988.0
1806.0	1989.0
1806.0	1988.0
1805.0	1987.0
1806.0	1990.0
1806.0	1987.0
1805.0	1989.0
1804.0	1988.0
1806.0	1989.0
1805.0	1990.0
1805.0	1988.0
1806.0	1986.0
1808.0	1991.0
1806.0	1988.0
1804.0	1989.0
1806.0	1987.0
1806.0	1989.0
1806.0	1989.0
1806.0	1988.0
1806.0	1985.0
1806.0	1989.0
1805.0	1989.0
1806.0	1988.0
1807.0	1989.0
1806.0	1990.0
1806.0	1988.0
1806.0	1987.0
1807.0	1992.0
1806.0	1989.0
1807.0	1990.0
1806.0	1989.0
1807.0	1989.0
1807.0	1990.0
1807.0	1989.0
1804.0	1990.0
1804.0	1987.0
1807.0	1984.0
1806.0	1989.0
1805.0	1988.0
1809.0	1990.0
1804.0	1991.0
1806.0	1988.0
1805.0	1991.0
1806.0	1986.0
1806.0	1989.0
1806.0	1988.0
1805.0	1986.0
1804.0	1989.0
1805.0	1987.0
1807.0	1989.0
1806.0	1989.0
1806.0	1988.0
1806.0	1985.0
1805.0	1989.0
1805.0	1987.0
1806.0	1988.0
1807.0	1988.0
1805.0	1984.0
1807.0	1988.0
1807.0	1987.0
1806.0	1990.0
1807.0	1989.0
1804.0	1987.0
1807.0	1989.0
1806.0	1989.0
1807.0	1989.0
1807.0	1987.0
1807.0	1990.0
1806.0	1982.0
1807.0	1987.0
1806.0	1986.0
1810.0	1989.0
1829.0	1990.0
1807.0	1990.0
1805.0	1986.0
1806.0	1986.0
1808.0	1988.0
1806.0	1984.0
1818.0	1989.0
1812.0	1990.0
1808.0	1987.0
1811.0	1988.0
1807.0	1989.0
1809.0	1988.0
1805.0	1992.0
1807.0	1984.0
1807.0	1988.0
1810.0	1989.0
1806.0	1988.0
1805.0	1989.0
1808.0	1986.0
1806.0	1987.0
1807.0	1986.0
1806.0	1991.0
1807.0	1989.0
1810.0	1989.0
1807.0	1991.0
1805.0	1991.0
1807.0	1989.0
1807.0	1990.0
1806.0	1993.0
1807.0	1983.0
1806.0	1988.0
1803.0	1989.0
1808.0	1988.0
1806.0	1988.0
1807.0	1988.0
1806.0	1987.0
1808.0	1986.0
1806.0	1994.0
1807.0	1988.0
1805.0	1987.0
1808.0	1987.0
1806.0	1988.0
1807.0	1989.0
1808.0	1987.0
1808.0	1986.0
1803.0	1990.0
1806.0	1985.0
1808.0	1988.0
1810.0	1990.0
1807.0	1989.0
1806.0	1987.0
1808.0	1987.0
1808.0	1986.0
1807.0	1992.0
1808.0	1990.0
1806.0	1988.0
1818.0	1988.0
1809.0	1989.0
1806.0	1987.0
1807.0	1990.0
1807.0	1988.0
1804.0	2004.0
1807.0	1991.0
1807.0	1989.0
1807.0	1989.0
1807.0	1989.0
1807.0	1988.0
1807.0	1990.0
1809.0	1989.0
1806.0	1985.0
1807.0	1988.0
1808.0	1988.0
1802.0	1988.0
1807.0	1991.0
1805.0	1987.0
1806.0	1988.0
1808.0	1988.0
1806.0	1982.0
1808.0	1992.0
1806.0	1988.0
1805.0	1988.0
1808.0	1987.0
1807.0	1991.0
1805.0	1987.0
1808.0	1987.0
1807.0	1988.0
1810.0	1990.0
1805.0	1988.0
1804.0	1990.0
1807.0	1989.0
1806.0	1988.0
1806.0	1988.0
1809.0	1988.0
1807.0	1989.0
1804.0	1981.0
1807.0	1988.0
1808.0	1987.0
1810.0	1989.0
1807.0	1990.0
1806.0	1988.0
1809.0	1989.0
1806.0	1987.0
1806.0	1984.0
1808.0	1988.0
1806.0	1987.0
1812.0	1989.0
1809.0	1989.0
1807.0	1990.0
1809.0	1988.0
1808.0	1987.0
1806.0	1993.0
1805.0	1988.0
1806.0	1990.0
1805.0	1987.0
1809.0	1988.0
1807.0	1987.0
1806.0	1987.0
1807.0	1988.0
1808.0	1982.0
1806.0	1990.0
1805.0	1988.0
1809.0	1989.0
1809.0	1990.0
1807.0	1991.0
1806.0	1988.0
1807.0	1985.0
1809.0	1995.0
1807.0	1992.0
1806.0	1989.0
1810.0	1987.0
1807.0	1989.0
1807.0	1989.0
1806.0	1988.0
1805.0	1991.0
1806.0	1988.0
1805.0	1986.0
1807.0	1989.0
1813.0	1990.0
1806.0	1989.0
1805.0	1988.0
1807.0	1989.0
1806.0	1986.0
1806.0	1995.0
1806.0	1987.0
1805.0	1987.0
1809.0	1988.0
1809.0	1990.0
1806.0	1987.0
1806.0	1988.0
1809.0	1989.0
1806.0	1987.0
1809.0	1988.0
1807.0	1989.0
1811.0	1990.0
1806.0	1988.0
1807.0	1989.0
1807.0	1988.0
1805.0	1988.0
1808.0	1991.0
1808.0	1986.0
1806.0	1989.0
1809.0	1992.0
1805.0	1988.0
1807.0	1989.0
1808.0	1988.0
1805.0	1986.0
1807.0	1991.0
1807.0	1986.0
1805.0	1989.0
1816.0	1988.0
1806.0	1988.0
1806.0	1987.0
1808.0	1989.0
1806.0	1987.0
1806.0	1990.0
1809.0	1988.0
1805.0	1987.0
1809.0	1988.0
1806.0	1992.0
1807.0	1988.0
1807.0	1989.0
1809.0	1986.0
1807.0	1992.0
1806.0	1989.0
1806.0	1988.0
1804.0	1988.0
1806.0	1988.0
1807.0	1990.0
1808.0	1987.0
1808.0	1985.0
1805.0	1988.0
1806.0	1989.0
1806.0	1986.0
1808.0	1988.0
1810.0	1990.0
1807.0	1991.0
1807.0	1987.0
1807.0	1986.0
1805.0	1989.0
1806.0	1984.0
1804.0	1987.0
1806.0	1987.0
1809.0	1990.0
1807.0	1986.0
1808.0	1988.0
1805.0	1984.0
1806.0	1986.0
1807.0	1989.0
1801.0	1990.0
1808.0	1987.0
1805.0	1988.0
1808.0	1988.0
1806.0	1988.0
1809.0	1994.0
1807.0	1989.0
1804.0	1989.0
1803.0	1989.0
1806.0	1986.0
1807.0	1988.0
1809.0	1988.0
1806.0	1988.0
1807.0	2002.0
1805.0	1989.0
1806.0	1988.0
1807.0	1992.0
1807.0	1989.0
1808.0	1989.0
1807.0	1989.0
1808.0	1988.0
1808.0	1990.0
1806.0	1985.0
1806.0	1988.0
1817.0	1988.0
1806.0	1989.0
1807.0	1989.0
1806.0	1987.0
1806.0	1986.0
1807.0	1994.0
1807.0	1992.0
1805.0	1988.0
1810.0	1987.0
1808.0	1989.0
1807.0	1989.0
1807.0	1988.0
1809.0	1988.0
1807.0	1995.0
1805.0	1992.0
1807.0	1991.0
1804.0	1988.0
1808.0	1987.0
1805.0	1988.0
1808.0	1988.0
1806.0	1986.0
1808.0	1982.0
1805.0	1987.0
1806.0	1988.0
1812.0	1989.0
1806.0	1989.0
1807.0	1988.0
1806.0	1988.0
1806.0	1987.0
1808.0	1993.0
1807.0	1988.0
1805.0	1985.0
1812.0	1989.0
1807.0	1990.0
1807.0	1989.0
1808.0	1988.0
1807.0	1987.0
1808.0	2003.0
1806.0	1991.0
1807.0	1989.0
1808.0	1988.0
1809.0	1989.0
1807.0	1992.0
1805.0	1989.0
1808.0	1987.0
1810.0	1991.0
1806.0	1992.0
1806.0	1989.0
1820.0	1989.0
1808.0	1987.0
1810.0	1989.0
1806.0	1991.0
1806.0	1988.0
1809.0	2004.0
1806.0	1989.0
1806.0	1988.0
1805.0	1990.0
1805.0	1988.0
1806.0	1988.0
1808.0	1987.0
1808.0	1989.0
1807.0	1996.0
1808.0	1990.0
1806.0	1988.0
1820.0	1988.0
1808.0	1987.0
1806.0	1988.0
1805.0	1989.0
1807.0	1988.0
1807.0	1985.0
1805.0	1988.0
1806.0	1986.0
1804.0	1987.0
1807.0	1987.0
1805.0	1988.0
1804.0	1987.0
1805.0	1988.0
1806.0	1989.0
1806.0	1987.0
1807.0	1988.0
1802.0	1988.0
1807.0	1987.0
1808.0	1989.0
1807.0	1988.0
1806.0	1989.0
1804.0	1984.0
1806.0	1994.0
1805.0	1988.0
1803.0	1988.0
1806.0	1989.0
1806.0	1990.0
1806.0	1987.0
1806.0	1989.0
1806.0	1997.0
1806.0	1990.0
1805.0	1987.0
1805.0	1988.0
1811.0	1988.0
1806.0	1989.0
1806.0	1988.0
1806.0	1988.0
1806.0	1986.0
1806.0	1981.0
1807.0	1988.0
1806.0	1987.0
1804.0	1988.0
1806.0	1987.0
1806.0	1987.0
1807.0	1988.0
1805.0	1987.0
1807.0	1986.0
1805.0	1993.0
1807.0	1988.0
1807.0	1987.0
1809.0	1991.0
1806.0	1988.0
1806.0	1983.0
1805.0	1986.0
1806.0	1985.0
1808.0	1992.0
1805.0	1988.0
1804.0	1988.0
1802.0	1988.0
1806.0	1989.0
1807.0	1989.0
1807.0	1989.0
1805.0	1987.0
1804.0	1990.0
1806.0	1986.0
1805.0	1986.0
1808.0	1991.0
1806.0	1987.0
1807.0	1989.0
1804.0	1988.0
1801.0	1988.0
1806.0	1991.0
1806.0	1991.0
1808.0	1986.0
1812.0	1987.0
1808.0	1988.0
1806.0	1989.0
1806.0	1987.0
1807.0	1989.0
1807.0	1991.0
1805.0	1991.0
1804.0	1990.0
1819.0	1990.0
1807.0	1989.0
1806.0	1989.0
1806.0	1988.0
1805.0	1989.0
1805.0	1984.0
1806.0	1994.0
1806.0	1987.0
1805.0	1988.0
1807.0	1991.0
1805.0	1988.0
1806.0	1991.0
1808.0	1990.0
1805.0	1987.0
1808.0	1989.0
1806.0	1987.0
1805.0	1988.0
1812.0	1989.0
1805.0	1987.0
1806.0	1988.0
1804.0	1987.0
1805.0	1986.0
1805.0	1995.0
1805.0	1988.0
1805.0	1987.0
1806.0	1987.0
1807.0	1988.0
1805.0	1989.0
1805.0	1987.0
1806.0	1987.0
1806.0	1989.0
1805.0	1991.0
1807.0	1987.0
1809.0	1961.0
1806.0	1987.0
1807.0	1988.0
1806.0	1988.0
1807.0	1986.0
1806.0	1994.0
1806.0	1987.0
1807.0	1988.0
1804.0	1989.0
1809.0	1988.0
1806.0	1986.0
1805.0	1990.0
1807.0	1989.0
1806.0	1984.0
1806.0	1993.0
1806.0	1988.0
1805.0	1988.0
1806.0	1989.0
1800.0	1987.0
1806.0	1987.0
1807.0	1988.0
1808.0	1985.0
1805.0	1987.0
1803.0	1984.0
1804.0	1987.0
1809.0	1987.0
1802.0	1991.0
1806.0	1990.0
1806.0	1986.0
1807.0	1988.0
1808.0	1992.0
1807.0	1991.0
1806.0	1987.0
1806.0	1988.0
1805.0	1988.0
1806.0	1986.0
1805.0	1987.0
1806.0	1987.0
1806.0	2001.0
1805.0	1989.0
1805.0	1991.0
1809.0	1990.0
1806.0	1990.0
1806.0	1987.0
1806.0	1986.0
1805.0	1987.0
1805.0	1992.0
1807.0	1990.0
1807.0	1989.0
1800.0	1961.0
1806.0	1987.0
1807.0	1990.0
1805.0	1989.0
1807.0	1988.0
1806.0	1997.0
1805.0	1987.0
1808.0	1989.0
1806.0	1988.0
1806.0	1986.0
1806.0	1990.0
1806.0	1986.0
1806.0	1990.0
1806.0	1989.0
1806.0	1988.0
1807.0	1988.0
1802.0	1987.0
1808.0	1988.0
1807.0	1989.0
1805.0	1989.0
1806.0	1988.0
1808.0	1992.0
1806.0	1988.0
1806.0	1989.0
1803.0	1987.0
1802.0	1988.0
1807.0	1987.0
1805.0	1988.0
1805.0	1990.0
1808.0	1991.0
1806.0	1989.0
1805.0	1987.0
1802.0	1988.0
1806.0	1990.0
1808.0	1987.0
1807.0	1990.0
1805.0	1987.0
1806.0	1987.0
1807.0	1993.0
1806.0	1987.0
1802.0	1987.0
1806.0	1989.0
1807.0	1988.0
1808.0	1989.0
1805.0	1988.0
1805.0	1986.0
1807.0	1990.0
1805.0	1987.0
1806.0	1986.0
1812.0	1989.0
1806.0	1988.0
1805.0	1988.0
1808.0	1988.0
1805.0	1987.0
1806.0	1990.0
1807.0	1989.0
1804.0	1988.0
1811.0	1989.0
1806.0	1988.0
1808.0	1989.0
1805.0	1988.0
1807.0	1987.0
1807.0	1984.0
1808.0	1990.0
1805.0	1989.0
1809.0	1988.0
1806.0	1989.0
1807.0	1990.0
1807.0	1989.0
1807.0	1986.0
1808.0	1991.0
1806.0	1984.0
1805.0	1988.0
1807.0	1987.0
1807.0	1986.0
1808.0	1989.0
1804.0	1989.0
1808.0	1987.0
1806.0	1983.0
1807.0	1993.0
1805.0	1987.0
1811.0	1988.0
1807.0	1988.0
1806.0	1989.0
1807.0	1989.0
1807.0	1988.0
1806.0	1993.0
1805.0	1994.0
1830.0	1990.0
1807.0	1989.0
1808.0	1989.0
1804.0	1988.0
1808.0	1989.0
1806.0	1990.0
1805.0	1991.0
1806.0	1989.0
1805.0	1986.0
1809.0	1991.0
1808.0	1989.0
1808.0	1986.0
1804.0	1988.0
1807.0	1987.0
1805.0	1995.0
1809.0	1993.0
1806.0	1988.0
1805.0	1987.0
1806.0	1989.0
1808.0	1988.0
1808.0	1986.0
1806.0	1989.0
1805.0	1985.0
1806.0	1988.0
1807.0	1990.0
1809.0	1988.0
1808.0	1991.0
1806.0	1989.0
1806.0	1989.0
1806.0	1988.0
1806.0	1987.0
1805.0	1987.0
1807.0	1989.0
1807.0	1988.0
1807.0	1990.0
1808.0	1989.0
1806.0	1989.0
1807.0	1990.0
1806.0	2002.0
1805.0	1986.0
1806.0	1988.0
1810.0	1988.0
1806.0	1988.0
1807.0	1989.0
1806.0	2002.0
1808.0	1987.0
1805.0	1986.0
1804.0	1992.0
1807.0	1988.0
1804.0	1988.0
1807.0	1987.0
1808.0	1988.0
1809.0	1988.0
1805.0	1988.0
1806.0	1984.0
1805.0	1990.0
1806.0	1986.0
1803.0	1988.0
1806.0	1988.0
1804.0	1987.0
1806.0	1987.0
1806.0	1987.0
1806.0	1984.0
1806.0	1993.0
1805.0	1988.0
1804.0	1988.0
1807.0	1988.0
1805.0	1988.0
1806.0	1986.0
1805.0	1986.0
1806.0	1985.0
1807.0	1988.0
1807.0	1987.0
1804.0	1987.0
1807.0	1989.0
1806.0	1988.0
1806.0	1988.0
1805.0	1989.0
1806.0	1995.0
1806.0	1987.0
1808.0	1989.0
1804.0	1988.0
1809.0	1988.0
1807.0	1988.0
1808.0	1987.0
1805.0	1987.0
1809.0	1985.0
1807.0	1993.0
1807.0	1988.0
1805.0	1988.0
1807.0	1989.0
1806.0	1987.0
1806.0	1987.0
1806.0	1987.0
1805.0	1987.0
1806.0	1988.0
1806.0	1988.0
1801.0	1989.0
1806.0	1988.0
1808.0	1990.0
1806.0	1986.0
1807.0	1988.0
1806.0	1996.0
1806.0	1986.0
1807.0	1990.0
1803.0	1989.0
1804.0	1988.0
1805.0	1990.0
1806.0	1988.0
1806.0	1988.0
1806.0	1988.0
1807.0	1992.0
1807.0	1989.0
1804.0	1989.0
1805.0	1988.0
1805.0	1991.0
1803.0	1987.0
1806.0	1988.0
1806.0	2000.0
1805.0	1987.0
1806.0	1989.0
1807.0	1989.0
1804.0	1988.0
1805.0	1988.0
1807.0	1990.0
1806.0	1986.0
1805.0	1989.0
1806.0	1987.0
1807.0	1988.0
1801.0	1987.0
1807.0	1989.0
1806.0	1988.0
1807.0	1990.0
1807.0	1989.0
1806.0	1982.0
1807.0	1988.0
1807.0	1987.0
1802.0	1988.0
1807.0	1988.0
1806.0	1987.0
1805.0	1991.0
1807.0	1988.0
1807.0	1995.0
1805.0	1988.0
1805.0	1988.0
1803.0	1988.0
1806.0	1989.0
1808.0	1988.0
1807.0	1988.0
1806.0	1988.0
1806.0	1998.0
1806.0	1989.0
1806.0	1987.0
1803.0	1989.0
1807.0	1989.0
1806.0	1987.0
1806.0	1990.0
1806.0	1988.0
1808.0	1985.0
1806.0	1989.0
1806.0	1991.0
1804.0	1986.0
1806.0	1988.0
1807.0	1988.0
1807.0	1991.0
1805.0	1989.0
1806.0	1982.0
1807.0	1994.0
1806.0	1987.0
1804.0	1989.0
1807.0	1991.0
1807.0	1990.0
1804.0	1988.0
1806.0	1987.0
1805.0	1983.0
1807.0	1987.0
1805.0	1989.0
1796.0	1988.0
1808.0	1989.0
1808.0	1990.0
1807.0	1990.0
1807.0	1990.0
1806.0	1984.0
1805.0	1989.0
1806.0	1991.0
1803.0	1989.0
1804.0	1989.0
1806.0	1987.0
1807.0	1988.0
1807.0	1989.0
1809.0	1991.0
1805.0	1986.0
1805.0	1988.0
1804.0	1988.0
1805.0	1987.0
1805.0	1987.0
1807.0	1988.0
1806.0	1989.0
1805.0	1999.0
1806.0	1984.0
1807.0	1987.0
1806.0	1988.0
1809.0	1990.0
1808.0	1988.0
1808.0	1988.0
1807.0	1990.0
1806.0	1995.0
1806.0	1986.0
1805.0	1988.0
1818.0	1989.0
1806.0	1989.0
1806.0	1988.0
1806.0	1988.0
1806.0	1988.0
1806.0	1999.0
1805.0	1989.0
1805.0	1989.0
1807.0	1988.0
1807.0	1989.0
1805.0	1987.0
1806.0	1987.0
1806.0	1987.0
1805.0	1993.0
1807.0	1989.0
1806.0	1986.0
1807.0	1987.0
1805.0	1989.0
1805.0	1988.0
1808.0	1989.0
1806.0	1987.0
1806.0	1985.0
1805.0	1985.0
1807.0	1989.0
1806.0	1988.0
1807.0	1988.0
1806.0	1986.0
1806.0	1989.0
1805.0	1988.0
1807.0	1988.0
1806.0	1988.0
1805.0	1987.0
1806.0	1988.0
1806.0	1986.0
1805.0	1987.0
1806.0	1988.0
1805.0	1988.0
1805.0	1983.0
1805.0	1987.0
1806.0	1986.0
1803.0	1990.0
1808.0	1988.0
1806.0	1988.0
1806.0	1987.0
1806.0	1988.0
1806.0	1982.0
1806.0	1987.0
1806.0	1988.0
1804.0	1987.0
1808.0	1986.0
1807.0	1990.0
1805.0	1987.0
1805.0	1988.0
1807.0	1987.0
1805.0	1992.0
1808.0	1987.0
1804.0	1988.0
1806.0	1988.0
1807.0	1989.0
1807.0	1990.0
1805.0	1987.0
1806.0	1990.0
1805.0	1989.0
1806.0	1986.0
1806.0	1988.0
1808.0	1989.0
1805.0	1988.0
1805.0	1988.0
1806.0	1989.0
1806.0	1988.0
1807.0	1986.0
1807.0	1986.0
1804.0	1988.0
1810.0	1988.0
1806.0	1988.0
1807.0	1986.0
1807.0	1990.0
1806.0	1988.0
1805.0	1990.0
1807.0	1987.0
1806.0	1989.0
1811.0	1989.0
1805.0	1988.0
1806.0	1990.0
1806.0	1988.0
1806.0	1987.0
1806.0	1990.0
1806.0	1985.0
1807.0	1987.0
1809.0	1990.0
1806.0	1986.0
1804.0	1987.0
1806.0	1986.0
1806.0	1988.0
1805.0	1981.0
1807.0	1985.0
1805.0	1988.0
1809.0	1987.0
1808.0	1987.0
1808.0	1988.0
1809.0	1986.0
1805.0	1987.0
1805.0	1991.0
1807.0	1987.0
1805.0	1991.0
1805.0	1987.0
1807.0	1989.0
1806.0	1990.0
1808.0	1989.0
1805.0	1987.0
1806.0	1989.0
1808.0	1990.0
1805.0	1988.0
1810.0	1986.0
1805.0	1991.0
1805.0	1988.0
1806.0	1988.0
1805.0	1986.0
1806.0	1990.0
1805.0	1992.0
1805.0	1989.0
1819.0	1989.0
1808.0	1990.0
1805.0	1988.0
1806.0	1988.0
1805.0	1987.0
1805.0	1999.0
1806.0	1990.0
1805.0	1990.0
1808.0	1989.0
1804.0	1989.0
1805.0	1988.0
1807.0	1989.0
1804.0	1987.0
1805.0	1992.0
1807.0	1990.0
1805.0	1988.0
1805.0	1988.0
1807.0	1987.0
1807.0	2028.0
1805.0	2026.0
1807.0	2027.0
1804.0	2023.0
1806.0	2028.0
1805.0	2026.0
1808.0	2042.0
1806.0	2040.0
1806.0	2040.0
1805.0	2040.0
1805.0	2041.0
1805.0	2035.0
1806.0	2044.0
1807.0	2043.0
1812.0	2040.0
1807.0	2041.0
1805.0	2026.0
1806.0	2027.0
1806.0	2027.0
1807.0	2025.0
1805.0	2028.0
1805.0	2026.0
1810.0	2027.0
1807.0	2029.0
1805.0	2028.0
1805.0	2028.0
1806.0	2026.0
1805.0	2029.0
1806.0	2025.0
1805.0	2027.0
1811.0	2027.0
1806.0	2030.0
1807.0	2028.0
1806.0	2027.0
1806.0	2025.0
1805.0	2032.0
1807.0	2030.0
1804.0	2026.0
1807.0	2014.0
1806.0	2027.0
1805.0	2026.0
1806.0	2026.0
1805.0	2022.0
1805.0	2012.0
1805.0	2014.0
1806.0	2013.0
1806.0	2014.0
1805.0	2014.0
1806.0	2014.0
1806.0	2016.0
1804.0	2017.0
1806.0	2013.0
1805.0	2016.0
1808.0	2014.0
1806.0	2013.0
1806.0	2016.0
1806.0	2012.0
1807.0	2013.0
1806.0	2015.0
1805.0	2014.0
1804.0	2017.0
1804.0	2014.0
1804.0	2013.0
1805.0	2013.0
1805.0	2014.0
1804.0	2013.0
1806.0	2018.0
1807.0	2016.0
1805.0	2012.0
1806.0	2014.0
1805.0	2013.0
1805.0	2014.0
1806.0	2013.0
1806.0	2012.0
1806.0	2016.0
1806.0	2012.0
1800.0	2015.0
1809.0	2014.0
1800.0	2014.0
1805.0	2027.0
1806.0	2027.0
1806.0	2026.0
1808.0	2026.0
1805.0	2026.0
1808.0	2028.0
1808.0	2027.0
1806.0	2028.0
1807.0	2030.0
1806.0	2028.0
1807.0	2019.0
1806.0	2013.0
1807.0	2017.0
1809.0	2016.0
1803.0	2014.0
1806.0	2015.0
1806.0	2015.0
1808.0	2013.0
1805.0	2015.0
1805.0	2015.0
1805.0	2013.0
1803.0	2015.0
1806.0	2015.0
1805.0	2015.0
1806.0	2016.0
1807.0	2012.0
1806.0	2020.0
1806.0	2012.0
1805.0	2014.0
1806.0	2016.0
1807.0	2014.0
1806.0	2014.0
1806.0	2013.0
1808.0	2011.0
1806.0	2015.0
1806.0	2014.0
1805.0	2013.0
1807.0	2014.0
1806.0	2015.0
1805.0	2014.0
1806.0	2012.0
1806.0	2017.0
1808.0	2014.0
1806.0	2015.0
1804.0	2014.0
1805.0	2013.0
1805.0	2016.0
1806.0	2013.0
1806.0	2014.0
1805.0	2020.0
1806.0	2015.0
1805.0	2016.0
1819.0	2015.0
1807.0	2014.0
1808.0	2013.0
1805.0	2014.0
1805.0	2013.0
1806.0	2011.0
1805.0	2016.0
1804.0	2014.0
1812.0	2014.0
1806.0	2014.0
1806.0	2015.0
1808.0	2015.0
1807.0	2013.0
1808.0	2014.0
1805.0	2016.0
1805.0	2012.0
1806.0	2017.0
1806.0	2013.0
1807.0	2013.0
1806.0	2014.0
1808.0	2012.0
1806.0	2011.0
1804.0	2003.0
1814.0	2002.0
1805.0	2002.0
1806.0	2004.0
1806.0	2001.0
1806.0	2001.0
1806.0	2002.0
1806.0	1999.0
1805.0	2001.0
1808.0	2004.0
1806.0	2002.0
1805.0	2001.0
1807.0	2003.0
1805.0	1997.0
1806.0	1997.0
1806.0	2001.0
1805.0	2000.0
1808.0	2000.0
1807.0	2002.0
1807.0	2000.0
1805.0	2001.0
1805.0	2000.0
1805.0	2001.0
1807.0	2001.0
1801.0	2003.0
1806.0	2002.0
1806.0	2001.0
1806.0	2002.0
1805.0	2000.0
1806.0	2014.0
1805.0	2003.0
1806.0	2000.0
1808.0	2001.0
1806.0	2003.0
1806.0	2002.0
1806.0	2000.0
1807.0	2002.0
1806.0	2005.0
1805.0	2003.0
1806.0	2000.0
1806.0	2002.0
1808.0	2002.0
1806.0	2001.0
1808.0	2002.0
1807.0	2002.0
1805.0	1998.0
1807.0	2007.0
1808.0	2002.0
1809.0	2003.0
1809.0	2003.0
1806.0	2002.0
1805.0	2001.0
1806.0	2002.0
1806.0	2005.0
1806.0	2007.0
1805.0	2002.0
1804.0	2000.0
1807.0	2002.0
1805.0	2003.0
1805.0	2000.0
1806.0	2002.0
1805.0	2005.0
1808.0	2005.0
1807.0	2002.0
1810.0	2001.0
1810.0	2001.0
1807.0	2003.0
1804.0	2001.0
1806.0	2001.0
1807.0	2005.0
1808.0	2007.0
1806.0	2002.0
1816.0	2002.0
1806.0	2000.0
1807.0	2000.0
1806.0	2001.0
1808.0	2000.0
1807.0	2011.0
1807.0	2003.0
1806.0	2014.0
1808.0	2014.0
1806.0	2008.0
1808.0	2016.0
1804.0	2014.0
1805.0	2015.0
1807.0	2017.0
1807.0	2014.0
1805.0	2013.0
1802.0	2015.0
1809.0	2016.0
1805.0	2015.0
1805.0	2013.0
1805.0	2014.0
1806.0	2029.0
1807.0	2018.0
1806.0	2016.0
1804.0	2013.0
1806.0	2015.0
1805.0	2016.0
1806.0	2015.0
1806.0	2014.0
1806.0	2006.0
1805.0	2004.0
1805.0	2001.0
1806.0	2003.0
1812.0	2001.0
1808.0	2001.0
1806.0	2002.0
1806.0	2001.0
1806.0	2002.0
1808.0	2005.0
1805.0	2007.0
1805.0	2002.0
1805.0	2002.0
1809.0	2003.0
1806.0	2006.0
1806.0	2000.0
1806.0	2001.0
1805.0	2015.0
1806.0	2004.0
1805.0	2003.0
1809.0	2004.0
1805.0	2004.0
1808.0	2003.0
1808.0	2003.0
1806.0	2004.0
1805.0	2005.0
1805.0	2006.0
1805.0	2001.0
1816.0	2003.0
1805.0	2002.0
1804.0	2015.0
1807.0	2017.0
1808.0	2014.0
1805.0	2014.0
1808.0	2017.0
1806.0	2014.0
1802.0	2015.0
1806.0	2012.0
1806.0	2016.0
1805.0	2016.0
1804.0	2012.0
1807.0	2022.0
1806.0	2013.0
1805.0	2014.0
1803.0	2014.0
1804.0	2014.0
1806.0	2013.0
1808.0	2015.0
1806.0	2014.0
1808.0	2010.0
1805.0	2009.0
1806.0	2001.0
1813.0	2000.0
1809.0	2004.0
1805.0	2002.0
1805.0	2003.0
1807.0	2001.0
1805.0	1994.0
1809.0	2007.0
1804.0	2004.0
1806.0	2001.0
1805.0	2003.0
1805.0	2003.0
1807.0	2002.0
1806.0	2001.0
1806.0	1999.0
1805.0	2001.0
1806.0	2002.0
1807.0	2003.0
1806.0	2002.0
1805.0	2001.0
1806.0	2002.0
1807.0	2012.0
1804.0	2018.0
1806.0	2017.0
1806.0	2015.0
1819.0	2014.0
1806.0	2013.0
1809.0	2015.0
1804.0	2015.0
1806.0	2014.0
1807.0	2026.0
1806.0	2016.0
1804.0	2015.0
1809.0	2017.0
1810.0	2014.0
1808.0	2015.0
1806.0	2013.0
1807.0	2016.0
1806.0	2020.0
1805.0	2012.0
1804.0	2017.0
1804.0	2014.0
1807.0	2016.0
1808.0	2014.0
1806.0	2014.0
1806.0	2014.0
1806.0	2011.0
1805.0	2016.0
1806.0	2001.0
1808.0	2002.0
1808.0	2002.0
1806.0	2001.0
1807.0	2002.0
1807.0	2002.0
1809.0	2007.0
1807.0	2004.0
1804.0	2001.0
1810.0	2001.0
1806.0	2002.0
1796.0	2004.0
1806.0	2000.0
1806.0	2002.0
1808.0	1999.0
1806.0	2000.0
1806.0	2002.0
1808.0	2002.0
1807.0	1989.0
1807.0	1988.0
1806.0	1988.0
1806.0	1989.0
1806.0	1995.0
1806.0	1987.0
1806.0	1988.0
1816.0	1989.0
1807.0	1990.0
1806.0	1986.0
1806.0	1987.0
1806.0	1988.0
1805.0	1997.0
1807.0	2001.0
1805.0	2000.0
1806.0	2002.0
1807.0	2002.0
1808.0	2002.0
1806.0	2002.0
1805.0	2002.0
1806.0	2002.0
1807.0	2005.0
1805.0	1999.0
1805.0	2001.0
1813.0	2001.0
1807.0	2001.0
1805.0	2002.0
1806.0	2000.0
1809.0	2002.0
1807.0	2010.0
1806.0	2002.0
1806.0	2000.0
1804.0	2003.0
1807.0	2003.0
1806.0	2003.0
1807.0	2001.0
1806.0	1999.0
1805.0	2001.0
1807.0	2003.0
1808.0	2002.0
1804.0	2001.0
1806.0	2001.0
1809.0	2002.0
1807.0	2002.0
1806.0	2001.0
1805.0	2000.0
1807.0	2003.0
1806.0	2002.0
1805.0	2002.0
1807.0	2002.0
1805.0	2003.0
1806.0	2004.0
1807.0	2000.0
1806.0	2001.0
1806.0	1993.0
1805.0	2001.0
1806.0	1999.0
1807.0	2004.0
1804.0	2004.0
1809.0	2003.0
1806.0	2002.0
1805.0	2000.0
1807.0	2002.0
1807.0	2004.0
1806.0	2002.0
1802.0	2004.0
1808.0	2003.0
1808.0	2003.0
1806.0	2002.0
1805.0	2001.0
1807.0	2009.0
1804.0	2001.0
1804.0	1999.0
1809.0	2002.0
1806.0	2001.0
1805.0	2001.0
1806.0	2002.0
1806.0	2002.0
1806.0	2004.0
1806.0	1999.0
1806.0	2001.0
1808.0	2003.0
1806.0	2004.0
1805.0	2002.0
1808.0	2001.0
1807.0	2001.0
1808.0	1999.0
1806.0	2002.0
1807.0	2002.0
1805.0	2003.0
1805.0	2002.0
1806.0	2001.0
1807.0	2002.0
1808.0	2002.0
1806.0	2002.0
1805.0	2003.0
1805.0	2001.0
1814.0	2003.0
1805.0	2002.0
1808.0	2002.0
1806.0	2001.0
1805.0	2001.0
1808.0	1997.0
1777.0	2000.0
1805.0	2002.0
1807.0	2002.0
1804.0	2000.0
1805.0	2001.0
1806.0	2003.0
1807.0	2000.0
1805.0	2005.0
1805.0	2001.0
1803.0	2002.0
1803.0	2003.0
1806.0	2001.0
1806.0	2002.0
1806.0	2003.0
1807.0	2000.0
1806.0	2002.0
1805.0	2003.0
1804.0	2001.0
1806.0	2001.0
1807.0	2003.0
1807.0	2003.0
1807.0	2000.0
1805.0	1999.0
1804.0	2002.0
1806.0	2001.0
1804.0	2002.0
1803.0	2003.0
1805.0	2001.0
1806.0	2002.0
1807.0	2002.0
1805.0	2002.0
1806.0	1998.0
1806.0	2002.0
1806.0	2001.0
1806.0	2001.0
1808.0	2002.0
1805.0	1989.0
1806.0	1988.0
1807.0	1987.0
1805.0	1990.0
1805.0	1990.0
1805.0	1990.0
1809.0	1988.0
1806.0	1987.0
1806.0	1989.0
1808.0	1989.0
1805.0	1987.0
1805.0	1989.0
1806.0	1990.0
1805.0	1986.0
1809.0	1989.0
1807.0	1989.0
1807.0	1987.0
1804.0	1989.0
1806.0	1987.0
1801.0	1988.0
1806.0	1985.0
1805.0	1988.0
1809.0	1989.0
1823.0	2003.0
1807.0	2002.0
1806.0	2001.0
1805.0	2002.0
1805.0	1994.0
1807.0	2003.0
1805.0	2001.0
1808.0	2003.0
1805.0	2000.0
1807.0	2004.0
1805.0	2002.0
1806.0	2002.0
1806.0	2004.0
1806.0	2003.0
1803.0	2014.0
1804.0	2015.0
1806.0	2013.0
1806.0	2015.0
1806.0	2015.0
1808.0	2013.0
1806.0	2015.0
1806.0	2012.0
1807.0	2014.0
1810.0	2013.0
1806.0	2012.0
1805.0	2015.0
1807.0	2016.0
1807.0	2014.0
1806.0	2013.0
1805.0	2014.0
1804.0	2014.0
1812.0	2014.0
1806.0	2015.0
1806.0	2015.0
1806.0	2015.0
1807.0	2014.0
1805.0	2016.0
1808.0	2011.0
1808.0	2014.0
1808.0	2015.0
1805.0	2015.0
1806.0	2015.0
1805.0	2014.0
1807.0	2016.0
1807.0	2029.0
1806.0	2012.0
1805.0	2014.0
1809.0	2012.0
1805.0	2016.0
1805.0	2015.0
1806.0	2013.0
1806.0	2014.0
1808.0	2019.0
1807.0	2017.0
1805.0	2014.0
1814.0	2014.0
1805.0	2015.0
1806.0	2012.0
1804.0	2015.0
1807.0	2015.0
1805.0	2029.0
1805.0	2013.0
1809.0	2016.0
1809.0	2017.0
1805.0	2015.0
1806.0	2014.0
1808.0	2014.0
1812.0	2016.0
1805.0	2019.0
1806.0	2017.0
1807.0	2016.0
1806.0	2014.0
1809.0	2013.0
1806.0	2012.0
1805.0	2016.0
1806.0	2015.0
1806.0	2028.0
1806.0	2027.0
1808.0	2029.0
1812.0	2027.0
1805.0	2042.0
1805.0	2040.0
1806.0	2040.0
1806.0	2037.0
1805.0	2048.0
1805.0	2052.0
1807.0	2054.0
1806.0	2054.0
1806.0	2053.0
1806.0	2052.0
1809.0	2063.0
1805.0	2053.0
1805.0	2055.0
1805.0	2039.0
1807.0	2041.0
1808.0	2041.0
1807.0	2041.0
1805.0	2040.0
1807.0	2041.0
1808.0	2039.0
1807.0	2036.0
1806.0	2039.0
1806.0	2039.0
1807.0	2040.0
1803.0	2028.0
1804.0	2028.0
1806.0	2020.0
1806.0	2028.0
1806.0	2025.0
1806.0	2034.0
1806.0	2028.0
1807.0	2029.0
1804.0	2029.0
1806.0	2026.0
1805.0	2027.0
1808.0	2041.0
1806.0	2040.0
1805.0	2054.0
1805.0	2043.0
1804.0	2042.0
1809.0	2041.0
1804.0	2039.0
1806.0	2039.0
1805.0	2039.0
1805.0	2040.0
1806.0	2037.0
1805.0	2041.0
1805.0	2041.0
1806.0	2039.0
1802.0	2045.0
1805.0	2041.0
1807.0	2043.0
1806.0	2040.0
1808.0	2040.0
1805.0	2036.0
1806.0	2028.0
1806.0	2028.0
1808.0	2029.0
1807.0	2027.0
1807.0	2029.0
1804.0	2028.0
1805.0	2027.0
1806.0	2039.0
1806.0	2028.0
1807.0	2025.0
1809.0	2028.0
1803.0	2028.0
1805.0	2027.0
1805.0	2028.0
1807.0	2030.0
1804.0	2024.0
1805.0	2030.0
1807.0	2028.0
1807.0	2029.0
1805.0	2028.0
1807.0	2030.0
1805.0	2026.0
1807.0	2028.0
1807.0	2028.0
1805.0	2031.0
1808.0	2033.0
1805.0	2038.0
1816.0	2029.0
1807.0	2027.0
1806.0	2026.0
1805.0	2027.0
1808.0	2028.0
1809.0	2023.0
1805.0	2028.0
1805.0	2027.0
1805.0	2027.0
1806.0	2027.0
1806.0	2028.0
1806.0	2025.0
1805.0	2028.0
1805.0	2025.0
1808.0	2029.0
1807.0	2026.0
1806.0	2027.0
1813.0	2027.0
1808.0	2027.0
1805.0	2027.0
1806.0	2026.0
1806.0	2028.0
1806.0	2034.0
1806.0	2025.0
1806.0	2027.0
1802.0	2028.0
1807.0	2027.0
1808.0	2027.0
1804.0	2027.0
1806.0	2026.0
1808.0	2026.0
1807.0	2027.0
1806.0	2025.0
1805.0	2028.0
1809.0	2027.0
1806.0	2027.0
1806.0	2027.0
1807.0	2027.0
1806.0	2025.0
1807.0	2041.0
1807.0	2027.0
1805.0	2029.0
1806.0	2027.0
1806.0	2027.0
1808.0	2027.0
1822.0	2027.0
1807.0	2027.0
1805.0	2027.0
1805.0	2030.0
1807.0	2027.0
1806.0	2028.0
1812.0	2029.0
1805.0	2027.0
1805.0	2028.0
1806.0	2026.0
1807.0	2028.0
1806.0	2034.0
1808.0	2026.0
1806.0	2028.0
1803.0	2028.0
1808.0	2028.0
1808.0	2028.0
1806.0	2029.0
1807.0	2028.0
1808.0	2028.0
1807.0	2022.0
1806.0	2029.0
1806.0	2027.0
1807.0	2028.0
1804.0	2028.0
1807.0	2029.0
1806.0	2026.0
1805.0	2026.0
1806.0	2023.0
1806.0	2029.0
1806.0	2026.0
1807.0	2029.0
1808.0	2027.0
1805.0	2027.0
1805.0	2026.0
1808.0	2028.0
1807.0	2028.0
1807.0	2029.0
1806.0	2026.0
1804.0	2026.0
1807.0	2028.0
1805.0	2030.0
1805.0	2027.0
1806.0	2028.0
1806.0	2026.0
1806.0	2035.0
1804.0	2026.0
1805.0	2026.0
1806.0	2025.0
1807.0	2029.0
1805.0	2028.0
1806.0	2027.0
1807.0	2027.0
1806.0	2043.0
1807.0	2024.0
1806.0	2027.0
1804.0	2028.0
1806.0	2028.0
1806.0	2027.0
1807.0	2029.0
1806.0	2025.0
1806.0	2026.0
1808.0	2028.0
1806.0	2027.0
1806.0	2027.0
1809.0	2028.0
1806.0	2027.0
1806.0	2026.0
1808.0	2029.0
1805.0	2027.0
1804.0	2028.0
1805.0	2026.0
1807.0	2029.0
1804.0	2027.0
1806.0	2027.0
1805.0	2027.0
1806.0	2028.0
1806.0	2029.0
1805.0	2026.0
1805.0	2021.0
1807.0	2027.0
1805.0	2028.0
1807.0	2030.0
1805.0	2026.0
1805.0	2031.0
1806.0	2026.0
1807.0	2028.0
1808.0	2032.0
1805.0	2027.0
1805.0	2030.0
1808.0	2028.0
1805.0	2026.0
1807.0	2027.0
1805.0	2028.0
1807.0	2026.0
1806.0	2025.0
1807.0	2028.0
1809.0	2029.0
1805.0	2028.0
1807.0	2028.0
1806.0	2027.0
1805.0	2028.0
1806.0	2027.0
1805.0	2026.0
1806.0	2031.0
1806.0	2031.0
1806.0	2028.0
1800.0	2028.0
1806.0	2028.0
1806.0	2025.0
1807.0	2028.0
1808.0	2027.0
1807.0	2024.0
1805.0	2023.0
1805.0	2029.0
1804.0	2026.0
1809.0	2029.0
1806.0	2028.0
1806.0	2026.0
1807.0	2028.0
1806.0	2026.0
1806.0	2026.0
1806.0	2030.0
1806.0	2027.0
1807.0	2027.0
1806.0	2027.0
1806.0	2028.0
1806.0	2028.0
1806.0	2027.0
1805.0	2025.0
1806.0	2030.0
1806.0	2027.0
1805.0	2026.0
1804.0	2030.0
1805.0	2025.0
1807.0	2030.0
1805.0	2027.0
1807.0	2026.0
1806.0	2031.0
1805.0	2023.0
1806.0	2031.0
1810.0	2026.0
1807.0	2028.0
1807.0	2028.0
1805.0	2027.0
1805.0	2026.0
1806.0	2025.0
1805.0	2026.0
1804.0	2029.0
1804.0	2028.0
1807.0	2030.0
1808.0	2029.0
1806.0	2026.0
1806.0	2028.0
1807.0	2026.0
1806.0	2027.0
1808.0	2025.0
1807.0	2026.0
1809.0	2029.0
1808.0	2029.0
1806.0	2025.0
1808.0	2027.0
1807.0	2027.0
1807.0	2032.0
1805.0	2026.0
1807.0	2029.0
1801.0	2028.0
1806.0	2027.0
1807.0	2028.0
1806.0	2030.0
1807.0	2027.0
1807.0	2027.0
1805.0	2021.0
1805.0	2027.0
1804.0	2028.0
1810.0	2027.0
1806.0	2026.0
1806.0	2030.0
1807.0	2028.0
1806.0	2028.0
1806.0	2030.0
1808.0	2028.0
1806.0	2027.0
1807.0	2028.0
1805.0	2027.0
1806.0	2027.0
1807.0	2027.0
1807.0	2027.0
1806.0	2026.0
1806.0	2024.0
1807.0	2028.0
1805.0	2025.0
1803.0	2027.0
1804.0	2028.0
1808.0	2026.0
1805.0	2025.0
1806.0	2023.0
1807.0	2030.0
1806.0	2024.0
1805.0	2027.0
1808.0	2029.0
1805.0	2026.0
1807.0	2030.0
1805.0	2028.0
1806.0	2026.0
1805.0	2030.0
1805.0	2031.0
1805.0	2026.0
1804.0	2027.0
1807.0	2028.0
1807.0	2026.0
1806.0	2027.0
1805.0	2026.0
1808.0	2027.0
1806.0	2029.0
1806.0	2026.0
1805.0	2027.0
1811.0	2027.0
1807.0	2027.0
1806.0	2029.0
1806.0	2026.0
1805.0	2028.0
1806.0	2034.0
1807.0	2029.0
1805.0	2029.0
1803.0	2029.0
1806.0	2028.0
1810.0	2029.0
1805.0	2029.0
1805.0	2028.0
1804.0	2028.0
1806.0	2025.0
1806.0	2025.0
1804.0	2026.0
1810.0	2026.0
1807.0	2027.0
1808.0	2027.0
1808.0	2028.0
1806.0	2027.0
1806.0	2041.0
1805.0	2026.0
1806.0	2028.0
1806.0	2026.0
1807.0	2029.0
1806.0	2028.0
1806.0	2026.0
1806.0	2027.0
1805.0	2025.0
1806.0	2024.0
1806.0	2028.0
1808.0	2030.0
1809.0	2027.0
1808.0	2029.0
1806.0	2028.0
1806.0	2026.0
1805.0	2028.0
1806.0	2023.0
1805.0	2027.0
1805.0	2026.0
1805.0	2025.0
1808.0	2029.0
1806.0	2027.0
1806.0	2028.0
1805.0	2029.0
1805.0	2028.0
1806.0	2030.0
1806.0	2031.0
1805.0	2028.0
1803.0	2028.0
1806.0	2026.0
1805.0	2026.0
1805.0	2027.0
1807.0	2028.0
1807.0	2027.0
1808.0	2031.0
1806.0	2025.0
1805.0	2028.0
1802.0	2027.0
1804.0	2027.0
1806.0	2026.0
1807.0	2027.0
1807.0	2028.0
1807.0	2026.0
1807.0	2032.0
1806.0	2028.0
1805.0	2028.0
1820.0	2026.0
1805.0	2027.0
1806.0	2026.0
1807.0	2027.0
1806.0	2029.0
1805.0	2023.0
1806.0	2029.0
1807.0	2030.0
1807.0	2027.0
1808.0	2026.0
1807.0	2028.0
1805.0	2027.0
1805.0	2027.0
1806.0	2027.0
1806.0	2025.0
1805.0	2032.0
1805.0	2027.0
1805.0	2027.0
1806.0	2026.0
1806.0	2029.0
1806.0	2027.0
1804.0	2029.0
1805.0	2027.0
1805.0	2032.0
1805.0	2028.0
1805.0	2027.0
1804.0	2030.0
1807.0	2030.0
1806.0	2028.0
1807.0	2027.0
1805.0	2029.0
1806.0	2025.0
1806.0	2022.0
1807.0	2031.0
1805.0	2027.0
1806.0	2028.0
1806.0	2027.0
1805.0	2027.0
1806.0	2027.0
1805.0	2028.0
1806.0	2026.0
1805.0	2022.0
1805.0	2030.0
1806.0	2028.0
1804.0	2028.0
1808.0	2026.0
1829.0	2029.0
1809.0	2029.0
1806.0	2028.0
1807.0	2028.0
1806.0	2041.0
1805.0	2025.0
1806.0	2025.0
1805.0	2028.0
1806.0	2027.0
1805.0	2027.0
1807.0	2026.0
1803.0	2028.0
1806.0	2025.0
1806.0	2026.0
1807.0	2032.0
1804.0	2029.0
1807.0	2029.0
1810.0	2028.0
1807.0	2029.0
1805.0	2027.0
1806.0	2028.0
1806.0	2027.0
1806.0	2027.0
1806.0	2027.0
1806.0	2024.0
1804.0	2028.0
1812.0	2028.0
1807.0	2030.0
1809.0	2030.0
1806.0	2027.0
1805.0	2028.0
1805.0	2027.0
1806.0	2031.0
1807.0	2026.0
1805.0	2027.0
1804.0	2026.0
1805.0	2027.0
1807.0	2029.0
1807.0	2028.0
1807.0	2026.0
1806.0	2026.0
1806.0	2025.0
1807.0	2028.0
1805.0	2028.0
1804.0	2028.0
1811.0	2028.0
1804.0	2030.0
1805.0	2027.0
1806.0	2027.0
1806.0	2027.0
1807.0	2028.0
1806.0	2027.0
1805.0	2028.0
1806.0	2026.0
1805.0	2028.0
1807.0	2027.0
1808.0	2028.0
1805.0	2027.0
1806.0	2025.0
1806.0	2027.0
1805.0	2042.0
1806.0	2024.0
1805.0	2026.0
1805.0	2027.0
1805.0	2027.0
1805.0	2027.0
1808.0	2027.0
1805.0	2028.0
1807.0	2028.0
1805.0	2020.0
1805.0	2021.0
1806.0	2027.0
1806.0	2027.0
1805.0	2026.0
1808.0	2029.0
1805.0	2028.0
1805.0	2026.0
1805.0	2026.0
1806.0	2026.0
1805.0	2030.0
1805.0	2028.0
1804.0	2028.0
1806.0	2026.0
1806.0	2026.0
1806.0	2027.0
1806.0	2030.0
1806.0	2026.0
1805.0	2025.0
1806.0	2025.0
1805.0	2027.0
1805.0	2027.0
1805.0	2027.0
1811.0	2026.0
1805.0	2026.0
1806.0	2028.0
1806.0	2028.0
1806.0	2027.0
1805.0	2026.0
1806.0	2034.0
1806.0	2024.0
1806.0	2029.0
1804.0	2028.0
1811.0	2027.0
1807.0	2027.0
1805.0	2028.0
1805.0	2025.0
1808.0	2029.0
1806.0	2026.0
1793.0	2023.0
1806.0	2024.0
1805.0	2028.0
1820.0	2027.0
1807.0	2028.0
1806.0	2026.0
1807.0	2027.0
1806.0	2028.0
1807.0	2027.0
1805.0	2034.0
1805.0	2028.0
1806.0	2026.0
1805.0	2027.0
1811.0	2028.0
1808.0	2028.0
1807.0	2027.0
1805.0	2027.0
1805.0	2028.0
1807.0	2028.0
1806.0	2025.0
1806.0	2029.0
1805.0	2027.0
1803.0	2026.0
1806.0	2028.0
1806.0	2028.0
1809.0	2027.0
1807.0	2029.0
1805.0	2026.0
1806.0	2028.0
1807.0	2023.0
1805.0	2027.0
1806.0	2030.0
1800.0	2029.0
1806.0	2026.0
1805.0	2027.0
1806.0	2027.0
1806.0	2025.0
1819.0	2028.0
1806.0	2032.0
1805.0	2029.0
1806.0	2026.0
1804.0	2029.0
1808.0	2028.0
1807.0	2028.0
1807.0	2029.0
1805.0	2025.0
1806.0	2030.0
1806.0	2026.0
1807.0	2033.0
1808.0	2027.0
1807.0	2027.0
1806.0	2028.0
1807.0	2027.0
1809.0	2029.0
1805.0	2026.0
1806.0	2029.0
1806.0	2026.0
1808.0	2028.0
1805.0	2034.0
1806.0	2027.0
1804.0	2029.0
1803.0	2029.0
1805.0	2028.0
1805.0	2027.0
1806.0	2027.0
1808.0	2029.0
1805.0	2027.0
1806.0	2034.0
1805.0	2029.0
1807.0	2026.0
1805.0	2028.0
1808.0	2028.0
1807.0	2028.0
1806.0	2027.0
1806.0	2027.0
1805.0	2027.0
1805.0	2026.0
1806.0	2030.0
1806.0	2027.0
1806.0	2028.0
1804.0	2028.0
1806.0	2028.0
1806.0	2027.0
1804.0	2029.0
1810.0	2028.0
1804.0	2027.0
1807.0	2021.0
1805.0	2031.0
1806.0	2028.0
1806.0	2027.0
1819.0	2027.0
1804.0	2027.0
1804.0	2030.0
1807.0	2027.0
1805.0	2029.0
