1985.0	2015.0
1990.0	2016.0
1989.0	2015.0
1988.0	2014.0
1989.0	2027.0
1991.0	2016.0
1988.0	2015.0
1988.0	2014.0
1987.0	2015.0
1988.0	2013.0
1990.0	2016.0
1988.0	2014.0
1991.0	2015.0
1989.0	2014.0
1988.0	2029.0
1988.0	2027.0
1987.0	2028.0
1989.0	2027.0
1989.0	2025.0
1988.0	2043.0
1987.0	2040.0
1988.0	2040.0
1991.0	2040.0
2001.0	2042.0
1990.0	2042.0
1987.0	2038.0
1988.0	2040.0
1987.0	2040.0
1988.0	2040.0
1986.0	2039.0
1987.0	2043.0
1989.0	2037.0
1987.0	2040.0
1989.0	2042.0
1993.0	2040.0
1989.0	2039.0
1987.0	2041.0
1988.0	2042.0
1987.0	2041.0
1989.0	2041.0
1988.0	2040.0
1988.0	2035.0
1987.0	2042.0
1988.0	2038.0
1987.0	2041.0
1987.0	2039.0
1992.0	2042.0
1988.0	2041.0
1988.0	2040.0
1989.0	2042.0
1988.0	2040.0
1987.0	2038.0
1988.0	2039.0
1987.0	2046.0
1988.0	2041.0
1988.0	2042.0
1990.0	2041.0
1991.0	2041.0
1989.0	2042.0
1980.0	2042.0
1979.0	2042.0
1978.0	2042.0
1977.0	2040.0
1980.0	2040.0
1981.0	2036.0
1979.0	2042.0
1979.0	2041.0
1981.0	2052.0
1979.0	2053.0
1992.0	2055.0
1979.0	2053.0
1970.0	2052.0
1968.0	2052.0
1969.0	2053.0
1969.0	2053.0
1969.0	2054.0
1968.0	2052.0
1969.0	2060.0
1969.0	2054.0
1968.0	2054.0
1958.0	2054.0
1963.0	2066.0
1963.0	2067.0
1959.0	2066.0
1960.0	2067.0
1960.0	2065.0
1960.0	2066.0
1960.0	2067.0
1958.0	2080.0
1959.0	2067.0
1961.0	2063.0
1960.0	2068.0
1957.0	2070.0
1956.0	2067.0
1959.0	2066.0
1960.0	2064.0
1961.0	2067.0
1959.0	2069.0
1960.0	2067.0
1962.0	2064.0
1960.0	2065.0
1960.0	2059.0
1961.0	2063.0
1958.0	2053.0
1958.0	2053.0
1965.0	2054.0
1958.0	2051.0
1960.0	2052.0
1960.0	2051.0
1960.0	2054.0
1959.0	2042.0
1959.0	2036.0
1959.0	2049.0
1959.0	2039.0
1959.0	2040.0
1961.0	2041.0
1959.0	2026.0
1958.0	2028.0
1969.0	2030.0
1969.0	2016.0
1968.0	2015.0
1971.0	2017.0
1969.0	2014.0
1978.0	2016.0
1979.0	2017.0
1979.0	2021.0
1980.0	2016.0
1979.0	2016.0
1977.0	2014.0
1993.0	2015.0
1988.0	2016.0
1987.0	2014.0
1989.0	2014.0
1988.0	2015.0
1988.0	2017.0
1988.0	2014.0
1988.0	2015.0
1988.0	2017.0
1988.0	2014.0
1990.0	2015.0
1985.0	2002.0
1989.0	2002.0
1991.0	2002.0
1990.0	2004.0
1988.0	2002.0
1989.0	2002.0
1987.0	2005.0
1989.0	2002.0
1987.0	2005.0
1988.0	1985.0
1988.0	1988.0
1987.0	1987.0
1985.0	1988.0
1987.0	1989.0
1990.0	1987.0
1987.0	1977.0
1990.0	1978.0
1989.0	1976.0
1987.0	1974.0
1988.0	1975.0
1988.0	1974.0
1990.0	1963.0
1989.0	1964.0
1988.0	1962.0
1985.0	1962.0
1989.0	1962.0
1988.0	1964.0
1990.0	1961.0
1987.0	1963.0
1988.0	1965.0
1989.0	1963.0
1988.0	1962.0
1989.0	1962.0
1989.0	1955.0
1999.0	1961.0
1999.0	1966.0
1998.0	1961.0
2003.0	1976.0
1999.0	1976.0
2008.0	1975.0
2007.0	1976.0
2006.0	1975.0
2007.0	1975.0
2009.0	1987.0
2016.0	1984.0
2017.0	1990.0
2018.0	1987.0
2018.0	1987.0
2019.0	1988.0
2028.0	2001.0
2025.0	2001.0
2027.0	2001.0
2029.0	2003.0
2027.0	2001.0
2026.0	2003.0
2025.0	2003.0
2027.0	2001.0
2027.0	2002.0
2028.0	1998.0
2026.0	2004.0
2027.0	2002.0
2027.0	2004.0
2027.0	2017.0
2027.0	2014.0
2037.0	2016.0
2035.0	2016.0
2036.0	2015.0
2038.0	2013.0
2035.0	2016.0
2047.0	2030.0
2045.0	2026.0
2046.0	2027.0
2057.0	2041.0
2056.0	2040.0
2061.0	2040.0
2055.0	2043.0
2069.0	2040.0
2065.0	2039.0
2067.0	2039.0
2067.0	2041.0
2075.0	2053.0
2076.0	2054.0
2086.0	2050.0
2095.0	2052.0
2093.0	2050.0
2094.0	2052.0
2102.0	2052.0
2113.0	2067.0
2104.0	2068.0
2114.0	2067.0
2114.0	2067.0
2114.0	2065.0
2113.0	2065.0
2112.0	2067.0
2116.0	2064.0
2113.0	2068.0
2115.0	2067.0
2113.0	2067.0
2113.0	2066.0
2117.0	2066.0
2114.0	2068.0
2114.0	2068.0
2104.0	2057.0
2105.0	2054.0
2105.0	2053.0
2105.0	2054.0
2094.0	2060.0
2097.0	2060.0
2087.0	2040.0
2073.0	2042.0
2074.0	2041.0
2080.0	2041.0
2066.0	2040.0
2066.0	2040.0
2065.0	2027.0
2057.0	2026.0
2056.0	2028.0
2056.0	2027.0
2058.0	2025.0
2047.0	2035.0
2046.0	2030.0
2045.0	2041.0
2044.0	2043.0
2046.0	2041.0
2048.0	2041.0
2036.0	2040.0
2035.0	2038.0
2038.0	2041.0
2037.0	2040.0
2036.0	2041.0
2035.0	2037.0
2037.0	2045.0
2038.0	2048.0
2035.0	2039.0
2036.0	2041.0
2035.0	2042.0
2041.0	2041.0
2036.0	2040.0
2037.0	2039.0
2037.0	2041.0
2036.0	2029.0
2038.0	2029.0
2036.0	2028.0
2039.0	2037.0
2037.0	2027.0
2039.0	2016.0
2038.0	2014.0
2035.0	2015.0
2039.0	2014.0
2037.0	2028.0
2037.0	2027.0
2027.0	2031.0
2027.0	2028.0
2025.0	2028.0
2028.0	2028.0
2027.0	2023.0
2025.0	2036.0
2027.0	2043.0
2026.0	2042.0
2026.0	2038.0
2029.0	2040.0
2028.0	2039.0
2025.0	2040.0
2027.0	2040.0
2027.0	2040.0
2026.0	2042.0
2026.0	2040.0
2027.0	2040.0
2026.0	2056.0
2036.0	2038.0
2037.0	2040.0
2037.0	2039.0
2034.0	2040.0
2031.0	2039.0
2026.0	2042.0
2027.0	2042.0
2027.0	2039.0
2027.0	2041.0
2029.0	2040.0
2027.0	2038.0
2028.0	2038.0
2027.0	2040.0
2028.0	2042.0
2026.0	2043.0
2024.0	2040.0
2024.0	2041.0
2029.0	2042.0
2026.0	2053.0
2038.0	2053.0
2036.0	2054.0
2036.0	2054.0
2037.0	2054.0
2036.0	2051.0
2036.0	2055.0
2039.0	2064.0
2036.0	2067.0
2038.0	2066.0
2042.0	2068.0
2037.0	2070.0
2042.0	2069.0
2036.0	2079.0
2045.0	2080.0
2046.0	2078.0
2046.0	2079.0
2045.0	2080.0
2045.0	2077.0
2046.0	2098.0
2045.0	2091.0
2055.0	2093.0
2057.0	2090.0
2060.0	2092.0
2057.0	2105.0
2056.0	2109.0
2057.0	2105.0
2066.0	2104.0
2068.0	2105.0
2066.0	2105.0
2065.0	2103.0
2065.0	2102.0
2076.0	2108.0
2076.0	2105.0
2077.0	2107.0
2085.0	2107.0
2075.0	2120.0
2075.0	2119.0
2085.0	2119.0
2084.0	2118.0
2086.0	2117.0
2085.0	2118.0
2086.0	2116.0
2084.0	2122.0
2095.0	2120.0
2095.0	2121.0
2084.0	2123.0
2084.0	2118.0
2082.0	2117.0
2087.0	2131.0
2085.0	2132.0
2085.0	2131.0
2087.0	2130.0
2085.0	2131.0
2085.0	2130.0
2083.0	2141.0
2095.0	2133.0
2093.0	2132.0
2094.0	2132.0
2084.0	2144.0
2087.0	2146.0
2088.0	2144.0
2076.0	2132.0
2076.0	2132.0
2075.0	2129.0
2067.0	2130.0
2066.0	2126.0
2068.0	2126.0
2056.0	2116.0
2055.0	2121.0
2055.0	2119.0
2056.0	2118.0
2058.0	2107.0
2057.0	2103.0
2055.0	2104.0
2046.0	2105.0
2045.0	2092.0
2046.0	2093.0
2047.0	2092.0
2048.0	2091.0
2046.0	2096.0
2045.0	2092.0
2045.0	2093.0
2046.0	2094.0
2040.0	2092.0
2047.0	2091.0
2047.0	2091.0
2046.0	2093.0
2045.0	2093.0
2045.0	2093.0
2048.0	2092.0
2046.0	2091.0
2046.0	2098.0
2045.0	2094.0
2046.0	2092.0
2045.0	2091.0
2048.0	2094.0
2046.0	2092.0
2046.0	2091.0
2047.0	2091.0
2046.0	2094.0
2046.0	2093.0
2045.0	2092.0
2046.0	2090.0
2046.0	2089.0
2047.0	2096.0
2046.0	2093.0
2044.0	2093.0
2048.0	2093.0
2047.0	2094.0
2046.0	2091.0
2046.0	2091.0
2045.0	2092.0
2046.0	2093.0
2046.0	2095.0
2047.0	2090.0
2046.0	2084.0
2046.0	2084.0
2047.0	2079.0
2048.0	2081.0
2043.0	2080.0
2035.0	2077.0
2038.0	2081.0
2037.0	2079.0
2036.0	2081.0
2036.0	2080.0
2036.0	2080.0
2037.0	2079.0
2036.0	2088.0
2039.0	2079.0
2035.0	2078.0
2038.0	2080.0
2036.0	2080.0
2035.0	2065.0
2037.0	2068.0
2036.0	2066.0
2039.0	2065.0
2038.0	2067.0
2037.0	2064.0
2037.0	2066.0
2036.0	2068.0
2038.0	2065.0
2035.0	2065.0
2037.0	2065.0
2035.0	2067.0
2041.0	2068.0
2040.0	2065.0
2035.0	2068.0
2036.0	2068.0
2038.0	2068.0
2036.0	2067.0
2038.0	2068.0
2036.0	2065.0
2037.0	2066.0
2037.0	2067.0
2037.0	2068.0
2039.0	2064.0
2033.0	2067.0
2039.0	2068.0
2038.0	2069.0
2037.0	2066.0
2037.0	2067.0
2038.0	2068.0
2037.0	2066.0
2037.0	2065.0
2035.0	2074.0
2028.0	2075.0
2026.0	2065.0
2026.0	2069.0
2025.0	2066.0
2032.0	2069.0
2028.0	2068.0
2026.0	2067.0
2018.0	2066.0
2019.0	2066.0
2018.0	2069.0
2015.0	2067.0
2017.0	2061.0
2017.0	2069.0
2016.0	2072.0
2018.0	2068.0
2015.0	2067.0
2033.0	2067.0
2017.0	2067.0
2017.0	2069.0
2016.0	2068.0
2017.0	2066.0
2017.0	2067.0
2018.0	2068.0
2018.0	2065.0
2018.0	2064.0
2019.0	2064.0
2015.0	2067.0
2017.0	2067.0
2017.0	2067.0
2013.0	2067.0
2021.0	2067.0
2017.0	2065.0
2018.0	2065.0
2017.0	2067.0
2037.0	2068.0
2017.0	2065.0
2019.0	2071.0
2026.0	2070.0
2026.0	2063.0
2026.0	2067.0
2027.0	2065.0
2026.0	2053.0
2028.0	2053.0
2026.0	2054.0
2028.0	2054.0
2024.0	2054.0
2029.0	2053.0
2026.0	2054.0
2028.0	2053.0
2028.0	2056.0
2026.0	2055.0
2027.0	2052.0
2025.0	2055.0
2024.0	2053.0
2023.0	2053.0
2029.0	2053.0
2026.0	2053.0
2026.0	2055.0
2028.0	2047.0
2027.0	2052.0
2029.0	2054.0
2028.0	2051.0
2025.0	2055.0
2027.0	2053.0
2026.0	2053.0
2026.0	2053.0
2024.0	2052.0
2029.0	2051.0
2029.0	2054.0
2027.0	2055.0
2025.0	2056.0
2026.0	2054.0
2020.0	2054.0
2017.0	2052.0
2019.0	2050.0
2017.0	2059.0
2017.0	2051.0
2019.0	2054.0
2017.0	2052.0
2014.0	2053.0
2014.0	2055.0
2017.0	2052.0
2018.0	2055.0
2018.0	2053.0
2017.0	2053.0
2019.0	2052.0
2017.0	2052.0
2018.0	2054.0
2017.0	2055.0
2017.0	2054.0
2017.0	2052.0
2019.0	2053.0
2016.0	2056.0
2019.0	2055.0
2018.0	2056.0
2018.0	2054.0
2027.0	2052.0
2027.0	2053.0
2027.0	2052.0
2027.0	2052.0
2027.0	2056.0
2027.0	2055.0
2027.0	2050.0
2027.0	2055.0
2025.0	2052.0
2030.0	2053.0
2025.0	2053.0
2027.0	2054.0
2027.0	2054.0
2026.0	2051.0
2027.0	2054.0
2027.0	2052.0
2027.0	2053.0
2027.0	2051.0
2026.0	2050.0
2029.0	2054.0
2027.0	2055.0
2027.0	2054.0
2023.0	2053.0
2029.0	2054.0
2026.0	2052.0
2028.0	2054.0
2027.0	2054.0
2027.0	2051.0
2025.0	2055.0
2027.0	2054.0
2026.0	2051.0
2027.0	2059.0
2029.0	2055.0
2026.0	2050.0
2029.0	2053.0
2026.0	2053.0
2029.0	2055.0
2029.0	2053.0
2028.0	2053.0
2026.0	2054.0
2026.0	2055.0
2026.0	2054.0
2027.0	2052.0
2025.0	2052.0
2028.0	2050.0
2026.0	2056.0
2027.0	2049.0
2026.0	2052.0
2027.0	2054.0
2021.0	2053.0
2028.0	2053.0
2030.0	2053.0
2025.0	2054.0
2027.0	2051.0
2026.0	2052.0
2028.0	2053.0
2024.0	2055.0
2026.0	2052.0
2026.0	2052.0
2026.0	2060.0
2026.0	2054.0
2026.0	2054.0
2036.0	2055.0
2035.0	2055.0
2039.0	2052.0
2037.0	2055.0
2040.0	2052.0
2036.0	2053.0
2038.0	2052.0
2036.0	2052.0
2037.0	2054.0
2036.0	2052.0
2037.0	2051.0
2036.0	2049.0
2037.0	2054.0
2038.0	2056.0
2037.0	2054.0
2034.0	2053.0
2048.0	2051.0
2037.0	2052.0
2037.0	2056.0
2037.0	2056.0
2036.0	2053.0
2036.0	2052.0
2036.0	2053.0
2036.0	2054.0
2036.0	2052.0
2037.0	2056.0
2027.0	2045.0
2028.0	2054.0
2027.0	2054.0
2026.0	2054.0
2027.0	2054.0
2031.0	2053.0
2027.0	2053.0
2028.0	2054.0
2027.0	2053.0
2026.0	2055.0
2027.0	2054.0
2027.0	2051.0
2026.0	2054.0
2026.0	2053.0
2026.0	2047.0
2027.0	2047.0
2028.0	2055.0
2025.0	2053.0
2036.0	2054.0
2036.0	2054.0
2040.0	2055.0
2037.0	2054.0
2034.0	2050.0
2038.0	2052.0
2037.0	2053.0
2037.0	2054.0
2037.0	2052.0
2037.0	2054.0
2036.0	2052.0
2037.0	2050.0
2038.0	2050.0
2036.0	2043.0
2039.0	2040.0
2035.0	2041.0
2036.0	2040.0
2038.0	2040.0
2034.0	2044.0
2040.0	2040.0
2038.0	2041.0
2036.0	2040.0
2038.0	2040.0
2037.0	2041.0
2037.0	2040.0
2035.0	2039.0
2037.0	2048.0
2037.0	2040.0
2036.0	2040.0
2026.0	2042.0
2048.0	2041.0
2044.0	2041.0
2046.0	2040.0
2047.0	2044.0
2047.0	2043.0
2047.0	2041.0
2047.0	2040.0
2047.0	2039.0
2046.0	2040.0
2045.0	2041.0
2036.0	2041.0
2036.0	2049.0
2035.0	2036.0
2037.0	2041.0
2036.0	2042.0
2037.0	2040.0
2037.0	2039.0
2041.0	2040.0
2037.0	2040.0
2026.0	2041.0
2026.0	2042.0
2026.0	2042.0
2027.0	2040.0
2017.0	2042.0
2018.0	2041.0
2017.0	2040.0
2018.0	2040.0
2018.0	2049.0
2017.0	2041.0
2016.0	2043.0
2018.0	2042.0
2018.0	2041.0
2015.0	2041.0
2015.0	2041.0
2018.0	2042.0
2017.0	2039.0
2016.0	2043.0
2017.0	2043.0
2016.0	2041.0
2017.0	2040.0
2027.0	2041.0
2026.0	2039.0
2027.0	2039.0
2027.0	2045.0
2025.0	2055.0
2026.0	2053.0
2039.0	2052.0
2036.0	2052.0
2039.0	2052.0
2040.0	2052.0
2035.0	2054.0
2037.0	2053.0
2037.0	2054.0
2035.0	2051.0
2046.0	2053.0
2045.0	2054.0
2047.0	2052.0
2046.0	2053.0
2048.0	2050.0
2046.0	2048.0
2046.0	2053.0
2046.0	2057.0
2045.0	2053.0
2046.0	2055.0
2043.0	2053.0
2046.0	2054.0
2048.0	2052.0
2036.0	2054.0
2037.0	2055.0
2036.0	2048.0
2036.0	2054.0
2036.0	2054.0
2036.0	2053.0
2037.0	2051.0
2038.0	2049.0
2036.0	2059.0
2026.0	2059.0
2027.0	2057.0
2026.0	2052.0
2026.0	2050.0
2024.0	2055.0
2033.0	2053.0
2037.0	2053.0
2036.0	2054.0
2037.0	2054.0
2037.0	2052.0
2037.0	2056.0
2037.0	2055.0
2037.0	2054.0
2036.0	2053.0
2046.0	2067.0
2045.0	2054.0
2047.0	2055.0
2046.0	2055.0
2046.0	2053.0
2046.0	2053.0
2043.0	2054.0
2054.0	2054.0
2057.0	2051.0
2057.0	2051.0
2056.0	2051.0
2056.0	2053.0
2055.0	2054.0
2055.0	2054.0
2055.0	2053.0
2066.0	2050.0
2066.0	2047.0
2067.0	2053.0
2067.0	2054.0
2067.0	2054.0
2064.0	2056.0
2069.0	2055.0
2068.0	2053.0
2067.0	2053.0
2067.0	2053.0
2066.0	2052.0
2067.0	2055.0
2067.0	2053.0
2066.0	2054.0
2065.0	2053.0
2066.0	2068.0
2066.0	2053.0
2065.0	2042.0
2058.0	2041.0
2055.0	2041.0
2053.0	2038.0
2059.0	2041.0
2059.0	2026.0
2056.0	2027.0
2056.0	2014.0
2058.0	2015.0
2058.0	2015.0
2055.0	2018.0
2057.0	2017.0
2055.0	2013.0
2057.0	2013.0
2056.0	2013.0
2055.0	2023.0
2056.0	2016.0
2055.0	2012.0
2055.0	2015.0
2055.0	2015.0
2054.0	2028.0
2050.0	2027.0
2044.0	2041.0
2047.0	2042.0
2056.0	2042.0
2055.0	2040.0
2056.0	2053.0
2057.0	2054.0
2059.0	2051.0
2057.0	2055.0
2056.0	2053.0
2056.0	2056.0
2056.0	2054.0
2056.0	2066.0
2055.0	2065.0
2055.0	2066.0
2054.0	2065.0
2054.0	2067.0
2057.0	2053.0
2057.0	2053.0
2057.0	2051.0
2056.0	2049.0
2057.0	2055.0
2055.0	2055.0
2056.0	2055.0
2055.0	2051.0
2056.0	2055.0
2053.0	2056.0
2057.0	2048.0
2056.0	2052.0
2065.0	2056.0
2064.0	2055.0
2074.0	2054.0
2080.0	2052.0
2074.0	2054.0
2077.0	2053.0
2085.0	2065.0
2086.0	2067.0
2094.0	2066.0
2094.0	2066.0
2097.0	2066.0
2094.0	2066.0
2094.0	2067.0
2094.0	2065.0
2094.0	2082.0
2095.0	2069.0
2095.0	2067.0
2095.0	2066.0
2094.0	2056.0
2094.0	2054.0
2083.0	2052.0
2085.0	2053.0
2087.0	2051.0
2078.0	2039.0
2075.0	2039.0
2074.0	2039.0
2076.0	2040.0
2074.0	2028.0
2068.0	2026.0
2068.0	2013.0
2066.0	1999.0
2066.0	2005.0
2065.0	1990.0
2076.0	1991.0
2075.0	1977.0
2074.0	1976.0
2074.0	1975.0
2080.0	1964.0
2076.0	1965.0
2087.0	1949.0
2086.0	1936.0
2084.0	1939.0
2085.0	1937.0
2086.0	1939.0
2085.0	1924.0
2085.0	1923.0
2086.0	1924.0
2076.0	1925.0
2075.0	1924.0
2073.0	1930.0
2072.0	1921.0
2076.0	1923.0
2075.0	1926.0
2075.0	1924.0
2075.0	1925.0
2074.0	1937.0
2088.0	1937.0
2081.0	1938.0
2074.0	1940.0
2076.0	1949.0
2075.0	1949.0
2066.0	1950.0
2066.0	1963.0
2067.0	1961.0
2066.0	1961.0
2067.0	1963.0
2056.0	1962.0
2055.0	1972.0
2055.0	1980.0
2047.0	1990.0
2046.0	1988.0
2045.0	1988.0
2047.0	2001.0
2046.0	2001.0
2035.0	2002.0
2040.0	2016.0
2034.0	2028.0
2038.0	2042.0
2035.0	2041.0
2037.0	2040.0
2037.0	2040.0
2037.0	2040.0
2036.0	2044.0
2036.0	2041.0
2037.0	2053.0
2048.0	2051.0
2047.0	2071.0
2046.0	2072.0
2046.0	2070.0
2044.0	2068.0
2045.0	2080.0
2047.0	2081.0
2043.0	2077.0
2051.0	2080.0
2047.0	2079.0
2051.0	2081.0
2046.0	2079.0
2046.0	2079.0
2046.0	2081.0
2047.0	2082.0
2045.0	2080.0
2045.0	2081.0
2042.0	2078.0
2046.0	2076.0
2046.0	2079.0
2044.0	2084.0
2047.0	2082.0
2045.0	2078.0
2048.0	2084.0
2045.0	2077.0
2045.0	2069.0
2044.0	2068.0
2035.0	2067.0
2039.0	2067.0
2043.0	2066.0
2040.0	2067.0
2037.0	2067.0
2036.0	2069.0
2038.0	2068.0
2036.0	2066.0
2036.0	2069.0
2036.0	2066.0
2036.0	2070.0
2036.0	2065.0
2038.0	2066.0
2036.0	2074.0
2038.0	2065.0
2036.0	2068.0
2036.0	2068.0
2036.0	2067.0
2036.0	2067.0
2036.0	2068.0
2035.0	2069.0
2053.0	2069.0
2050.0	2063.0
2046.0	2066.0
2048.0	2067.0
2047.0	2068.0
2047.0	2068.0
2046.0	2066.0
2046.0	2068.0
2045.0	2067.0
2045.0	2065.0
2046.0	2066.0
2045.0	2067.0
2048.0	2071.0
2047.0	2071.0
2046.0	2074.0
2046.0	2069.0
2044.0	2069.0
2045.0	2064.0
2044.0	2068.0
2044.0	2081.0
2046.0	2078.0
2043.0	2080.0
2052.0	2079.0
2045.0	2079.0
2045.0	2079.0
2045.0	2082.0
2045.0	2082.0
2045.0	2080.0
2046.0	2080.0
2046.0	2078.0
2046.0	2077.0
2045.0	2080.0
2045.0	2079.0
2046.0	2077.0
2047.0	2091.0
2045.0	2080.0
2046.0	2082.0
2046.0	2077.0
2045.0	2079.0
2045.0	2080.0
2036.0	2079.0
2030.0	2080.0
2035.0	2081.0
2039.0	2080.0
2035.0	2079.0
2036.0	2082.0
2035.0	2080.0
2037.0	2080.0
2036.0	2081.0
2038.0	2080.0
2040.0	2080.0
2037.0	2080.0
2037.0	2080.0
2036.0	2079.0
2037.0	2084.0
2037.0	2098.0
2037.0	2087.0
2037.0	2096.0
2036.0	2092.0
2036.0	2094.0
2036.0	2095.0
2036.0	2093.0
2036.0	2092.0
2044.0	2091.0
2036.0	2094.0
2039.0	2093.0
2035.0	2091.0
2037.0	2093.0
2036.0	2095.0
2038.0	2090.0
2040.0	2091.0
2036.0	2082.0
2037.0	2078.0
2034.0	2080.0
2036.0	2090.0
2040.0	2081.0
2026.0	2081.0
2027.0	2082.0
2026.0	2085.0
2027.0	2079.0
2026.0	2082.0
2026.0	2080.0
2023.0	2079.0
2031.0	2079.0
2026.0	2081.0
2022.0	2080.0
2027.0	2079.0
2027.0	2081.0
2027.0	2079.0
2028.0	2081.0
2026.0	2078.0
2026.0	2082.0
2027.0	2080.0
2027.0	2078.0
2026.0	2080.0
2029.0	2077.0
2026.0	2085.0
2026.0	2074.0
2028.0	2086.0
2025.0	2083.0
2026.0	2079.0
2026.0	2079.0
2027.0	2079.0
2025.0	2067.0
2028.0	2069.0
2028.0	2068.0
2028.0	2067.0
2026.0	2067.0
2028.0	2068.0
2027.0	2066.0
2026.0	2066.0
2026.0	2069.0
2026.0	2068.0
2027.0	2067.0
2026.0	2067.0
2028.0	2067.0
2026.0	2067.0
2028.0	2062.0
2019.0	2065.0
2017.0	2084.0
2017.0	2062.0
2017.0	2067.0
2017.0	2064.0
2017.0	2066.0
2019.0	2066.0
2016.0	2068.0
2016.0	2067.0
2015.0	2064.0
2028.0	2068.0
2018.0	2069.0
2018.0	2067.0
2019.0	2065.0
2018.0	2068.0
2018.0	2069.0
2016.0	2066.0
2018.0	2068.0
2017.0	2068.0
2018.0	2068.0
2017.0	2069.0
2017.0	2067.0
2017.0	2067.0
2017.0	2066.0
2015.0	2069.0
2015.0	2068.0
2018.0	2061.0
2020.0	2066.0
2017.0	2065.0
2017.0	2067.0
2018.0	2068.0
2018.0	2069.0
2017.0	2067.0
2017.0	2065.0
2022.0	2068.0
2016.0	2068.0
2030.0	2067.0
2028.0	2067.0
2026.0	2064.0
2027.0	2068.0
2026.0	2065.0
2026.0	2065.0
2029.0	2067.0
2028.0	2067.0
2026.0	2068.0
2027.0	2067.0
2027.0	2069.0
2025.0	2073.0
2027.0	2063.0
2026.0	2079.0
2027.0	2068.0
2027.0	2068.0
2026.0	2071.0
2026.0	2063.0
2026.0	2068.0
2026.0	2069.0
2028.0	2066.0
2025.0	2066.0
2042.0	2067.0
2027.0	2068.0
2027.0	2068.0
2027.0	2069.0
2025.0	2065.0
2026.0	2069.0
2028.0	2066.0
2025.0	2066.0
2026.0	2066.0
2026.0	2068.0
2028.0	2067.0
2026.0	2066.0
2030.0	2065.0
2028.0	2066.0
2029.0	2064.0
2026.0	2066.0
2026.0	2072.0
2028.0	2063.0
2027.0	2064.0
2026.0	2072.0
2026.0	2067.0
2026.0	2068.0
2024.0	2051.0
2025.0	2053.0
2025.0	2054.0
2030.0	2052.0
2025.0	2052.0
2028.0	2054.0
2030.0	2055.0
2029.0	2054.0
2027.0	2054.0
2027.0	2054.0
2026.0	2055.0
2026.0	2054.0
2026.0	2054.0
2027.0	2053.0
2026.0	2052.0
2028.0	2066.0
2026.0	2067.0
2028.0	2076.0
2028.0	2078.0
2026.0	2070.0
2026.0	2070.0
2026.0	2068.0
2025.0	2065.0
2026.0	2070.0
2027.0	2067.0
2024.0	2067.0
2025.0	2066.0
2022.0	2067.0
2030.0	2067.0
2026.0	2065.0
2029.0	2067.0
2025.0	2068.0
2026.0	2069.0
2028.0	2066.0
2026.0	2054.0
2026.0	2055.0
2027.0	2053.0
2027.0	2053.0
2026.0	2054.0
2028.0	2052.0
2026.0	2054.0
2027.0	2054.0
2026.0	2054.0
2026.0	2050.0
2028.0	2054.0
2025.0	2050.0
2025.0	2061.0
2027.0	2052.0
2027.0	2053.0
2027.0	2065.0
2027.0	2067.0
2026.0	2070.0
2026.0	2067.0
2027.0	2068.0
2025.0	2068.0
2032.0	2067.0
2027.0	2066.0
2029.0	2067.0
2028.0	2053.0
2026.0	2052.0
2028.0	2053.0
2027.0	2056.0
2027.0	2052.0
2029.0	2054.0
2027.0	2052.0
2015.0	2053.0
2028.0	2053.0
2028.0	2050.0
2028.0	2050.0
2015.0	2054.0
2027.0	2050.0
2027.0	2065.0
2027.0	2051.0
2028.0	2056.0
2027.0	2051.0
2027.0	2056.0
2027.0	2055.0
2027.0	2052.0
2028.0	2054.0
2028.0	2054.0
2028.0	2051.0
2019.0	2055.0
2026.0	2052.0
2031.0	2053.0
2029.0	2056.0
2027.0	2054.0
2025.0	2053.0
2026.0	2053.0
2026.0	2053.0
2025.0	2054.0
2026.0	2054.0
2026.0	2054.0
2028.0	2053.0
2027.0	2053.0
2026.0	2055.0
2026.0	2055.0
2026.0	2054.0
2027.0	2053.0
2026.0	2054.0
2027.0	2055.0
2027.0	2049.0
2026.0	2054.0
2026.0	2054.0
2027.0	2051.0
2026.0	2056.0
2027.0	2056.0
2027.0	2060.0
2029.0	2050.0
2026.0	2059.0
2026.0	2050.0
2026.0	2056.0
2027.0	2051.0
2026.0	2055.0
2025.0	2053.0
2025.0	2053.0
2027.0	2052.0
2025.0	2052.0
2025.0	2055.0
2024.0	2055.0
2031.0	2053.0
2032.0	2052.0
2025.0	2054.0
2028.0	2053.0
2027.0	2057.0
2027.0	2056.0
2028.0	2052.0
2026.0	2054.0
2022.0	2054.0
2027.0	2054.0
2026.0	2054.0
2029.0	2054.0
2026.0	2052.0
2025.0	2053.0
2029.0	2055.0
2026.0	2054.0
2027.0	2053.0
2025.0	2054.0
2027.0	2053.0
2026.0	2054.0
2027.0	2054.0
2027.0	2052.0
2025.0	2053.0
2026.0	2054.0
2028.0	2051.0
2029.0	2070.0
2027.0	2053.0
2026.0	2049.0
2027.0	2054.0
2027.0	2052.0
2026.0	2054.0
2026.0	2051.0
2026.0	2053.0
2026.0	2061.0
2026.0	2055.0
2026.0	2051.0
2024.0	2054.0
2025.0	2053.0
2023.0	2052.0
2031.0	2054.0
2038.0	2052.0
2027.0	2052.0
2029.0	2054.0
2027.0	2053.0
2027.0	2054.0
2025.0	2052.0
2028.0	2052.0
2029.0	2054.0
2024.0	2055.0
2028.0	2052.0
2026.0	2055.0
2027.0	2053.0
2027.0	2054.0
2027.0	2054.0
2026.0	2055.0
2028.0	2053.0
2027.0	2053.0
2026.0	2052.0
2029.0	2054.0
2027.0	2055.0
2024.0	2054.0
2027.0	2053.0
2029.0	2052.0
2025.0	2052.0
2026.0	2051.0
2027.0	2057.0
2025.0	2058.0
2026.0	2056.0
2029.0	2045.0
2026.0	2059.0
2026.0	2054.0
2027.0	2058.0
2026.0	2057.0
2026.0	2052.0
2026.0	2054.0
2027.0	2053.0
2029.0	2055.0
2026.0	2054.0
2028.0	2053.0
2026.0	2054.0
2027.0	2052.0
2023.0	2045.0
2029.0	2053.0
2030.0	2053.0
2022.0	2054.0
2028.0	2049.0
2025.0	2055.0
2028.0	2054.0
2026.0	2055.0
2026.0	2056.0
2026.0	2054.0
2026.0	2052.0
2027.0	2053.0
2026.0	2056.0
2027.0	2055.0
2027.0	2056.0
2025.0	2053.0
2026.0	2054.0
2026.0	2053.0
2026.0	2055.0
2028.0	2051.0
2026.0	2052.0
2026.0	2054.0
2027.0	2051.0
2025.0	2053.0
2027.0	2047.0
2026.0	2061.0
2026.0	2056.0
2026.0	2053.0
2029.0	2054.0
2025.0	2054.0
2038.0	2053.0
2036.0	2055.0
2036.0	2053.0
2038.0	2054.0
2036.0	2053.0
2037.0	2054.0
2037.0	2053.0
2035.0	2055.0
2038.0	2054.0
2038.0	2052.0
2033.0	2054.0
2033.0	2055.0
2050.0	2054.0
2027.0	2052.0
2030.0	2052.0
2027.0	2052.0
2028.0	2055.0
2027.0	2053.0
2027.0	2054.0
2028.0	2055.0
2026.0	2055.0
2028.0	2055.0
2026.0	2053.0
2024.0	2054.0
2026.0	2051.0
2036.0	2053.0
2036.0	2053.0
2037.0	2052.0
2037.0	2053.0
2037.0	2054.0
2037.0	2050.0
2037.0	2052.0
2038.0	2053.0
2037.0	2054.0
2037.0	2054.0
2037.0	2055.0
2037.0	2053.0
2008.0	2053.0
2035.0	2058.0
2037.0	2053.0
2037.0	2057.0
2040.0	2056.0
2038.0	2055.0
2038.0	2049.0
2037.0	2059.0
2036.0	2052.0
2038.0	2052.0
2036.0	2045.0
2037.0	2041.0
2036.0	2040.0
2034.0	2043.0
2036.0	2041.0
2036.0	2041.0
2037.0	2040.0
2038.0	2041.0
2036.0	2039.0
2036.0	2040.0
2037.0	2041.0
2037.0	2042.0
2042.0	2040.0
2038.0	2042.0
2038.0	2040.0
2038.0	2039.0
2038.0	2039.0
2038.0	2042.0
2036.0	2041.0
2035.0	2040.0
2037.0	2040.0
2036.0	2042.0
2036.0	2040.0
2038.0	2040.0
2036.0	2041.0
2036.0	2041.0
2037.0	2042.0
2036.0	2041.0
2038.0	2040.0
2037.0	2042.0
2039.0	2040.0
2037.0	2040.0
2039.0	2040.0
2037.0	2039.0
2037.0	2041.0
2037.0	2041.0
2036.0	2041.0
2036.0	2041.0
2037.0	2040.0
2037.0	2039.0
2036.0	2040.0
2038.0	2039.0
2038.0	2058.0
2036.0	2038.0
2036.0	2047.0
2042.0	2054.0
2038.0	2050.0
2036.0	2052.0
2036.0	2037.0
2037.0	2041.0
2036.0	2045.0
2036.0	2042.0
2039.0	2035.0
2036.0	2041.0
2037.0	2042.0
2035.0	2040.0
2038.0	2041.0
2036.0	2042.0
2036.0	2043.0
2036.0	2041.0
2038.0	2040.0
2036.0	2044.0
2036.0	2041.0
2036.0	2043.0
2036.0	2041.0
2036.0	2040.0
2035.0	2040.0
2033.0	2041.0
2030.0	2043.0
2043.0	2041.0
2046.0	2040.0
2034.0	2042.0
2038.0	2042.0
2039.0	2040.0
2037.0	2040.0
2039.0	2040.0
2038.0	2039.0
2038.0	2041.0
2037.0	2041.0
2037.0	2040.0
2035.0	2040.0
2035.0	2040.0
2039.0	2040.0
2038.0	2040.0
2035.0	2043.0
2036.0	2042.0
2036.0	2040.0
2037.0	2040.0
2036.0	2042.0
2037.0	2040.0
2038.0	2039.0
2036.0	2040.0
2036.0	2040.0
2035.0	2041.0
2035.0	2039.0
2039.0	2041.0
2037.0	2040.0
2036.0	2043.0
2036.0	2040.0
2037.0	2040.0
2037.0	2040.0
2037.0	2040.0
2037.0	2038.0
2035.0	2038.0
2037.0	2040.0
2037.0	2040.0
2036.0	2042.0
2037.0	2040.0
2037.0	2040.0
2034.0	2041.0
2039.0	2043.0
2038.0	2038.0
2038.0	2039.0
2037.0	2039.0
2037.0	2040.0
2039.0	2041.0
2036.0	2039.0
2036.0	2038.0
2037.0	2036.0
2036.0	2039.0
2036.0	2043.0
2036.0	2045.0
2035.0	2045.0
2036.0	2045.0
2037.0	2045.0
2036.0	2048.0
2036.0	2043.0
2036.0	2036.0
2036.0	2042.0
2037.0	2040.0
2037.0	2040.0
2037.0	2038.0
2037.0	2039.0
2036.0	2044.0
2037.0	2037.0
2037.0	2041.0
2038.0	2038.0
2037.0	2039.0
2035.0	2039.0
2035.0	2041.0
2039.0	2040.0
2036.0	2041.0
2035.0	2042.0
2038.0	2041.0
2035.0	2042.0
2034.0	2042.0
2034.0	2040.0
2032.0	2040.0
2040.0	2040.0
2041.0	2039.0
2042.0	2040.0
2039.0	2041.0
2037.0	2041.0
2037.0	2040.0
2036.0	2041.0
2037.0	2040.0
2037.0	2040.0
2036.0	2041.0
2038.0	2054.0
2036.0	2042.0
2037.0	2041.0
2036.0	2039.0
2038.0	2038.0
2036.0	2041.0
2036.0	2040.0
2037.0	2042.0
2038.0	2040.0
2034.0	2041.0
2038.0	2041.0
2038.0	2039.0
2037.0	2040.0
2037.0	2041.0
2048.0	2042.0
2037.0	2040.0
2036.0	2040.0
2037.0	2039.0
2037.0	2041.0
2035.0	2042.0
2038.0	2040.0
2037.0	2041.0
2037.0	2038.0
2036.0	2040.0
2036.0	2041.0
2036.0	2040.0
2037.0	2040.0
2036.0	2042.0
2037.0	2040.0
2036.0	2042.0
2036.0	2040.0
2036.0	2041.0
2036.0	2012.0
2034.0	2041.0
2036.0	2041.0
2038.0	2033.0
2036.0	2035.0
2037.0	2051.0
2039.0	2040.0
2038.0	2035.0
2038.0	2036.0
2036.0	2036.0
2037.0	2041.0
2037.0	2040.0
2036.0	2043.0
2037.0	2042.0
2037.0	2038.0
2037.0	2042.0
2037.0	2042.0
2037.0	2046.0
2038.0	2043.0
2036.0	2045.0
2037.0	2040.0
2035.0	2040.0
2037.0	2041.0
2036.0	2037.0
2038.0	2041.0
2036.0	2042.0
2037.0	2039.0
2036.0	2041.0
2035.0	2041.0
2035.0	2039.0
2038.0	2039.0
2038.0	2038.0
2035.0	2040.0
2035.0	2040.0
2036.0	2042.0
2035.0	2040.0
2035.0	2041.0
2030.0	2042.0
2029.0	2039.0
2034.0	2040.0
2035.0	2043.0
2038.0	2040.0
2038.0	2040.0
2038.0	2041.0
2037.0	2039.0
2038.0	2041.0
2037.0	2041.0
2037.0	2039.0
2037.0	2042.0
2037.0	2041.0
2037.0	2041.0
2038.0	2041.0
2039.0	2038.0
2038.0	2040.0
2038.0	2039.0
2040.0	2041.0
2035.0	2041.0
2037.0	2039.0
2036.0	2041.0
2037.0	2038.0
2042.0	2040.0
2037.0	2040.0
2038.0	2039.0
2037.0	2041.0
2035.0	2039.0
2037.0	2040.0
2037.0	2038.0
2037.0	2039.0
2036.0	2042.0
2037.0	2040.0
2036.0	2041.0
2039.0	2042.0
2037.0	2042.0
2036.0	2041.0
2036.0	2041.0
2036.0	2042.0
2043.0	2042.0
2037.0	2043.0
2036.0	2041.0
2037.0	2039.0
2036.0	2039.0
2036.0	2041.0
2038.0	2041.0
2036.0	2042.0
2038.0	2040.0
2036.0	2042.0
2038.0	2040.0
2038.0	2040.0
2037.0	2039.0
2038.0	2041.0
2036.0	2039.0
2039.0	2038.0
2036.0	2040.0
2036.0	2043.0
2035.0	2042.0
2036.0	2041.0
2037.0	2040.0
2036.0	2043.0
2038.0	2037.0
2038.0	2038.0
2034.0	2041.0
2036.0	2041.0
2037.0	2039.0
2036.0	2041.0
2035.0	2042.0
2036.0	2039.0
2037.0	2039.0
2036.0	2044.0
2036.0	2036.0
2038.0	2040.0
2036.0	2041.0
2038.0	2039.0
2037.0	2040.0
2036.0	2039.0
2035.0	2041.0
2036.0	2040.0
2039.0	2041.0
2035.0	2040.0
2037.0	2039.0
2036.0	2042.0
2037.0	2041.0
2036.0	2040.0
2037.0	2040.0
2038.0	2039.0
2037.0	2042.0
2037.0	2038.0
2037.0	2039.0
2036.0	2041.0
2038.0	2041.0
2036.0	2037.0
2035.0	2039.0
2035.0	2040.0
2037.0	2041.0
2036.0	2041.0
2038.0	2039.0
2038.0	2040.0
2037.0	2039.0
2036.0	2042.0
2036.0	2041.0
2038.0	2041.0
2036.0	2044.0
2037.0	2041.0
2038.0	2040.0
2037.0	2039.0
2037.0	2039.0
2036.0	2042.0
2037.0	2040.0
2040.0	2039.0
2038.0	2040.0
2038.0	2040.0
2036.0	2041.0
2037.0	2041.0
2036.0	2040.0
2038.0	2040.0
2036.0	2037.0
2036.0	2041.0
2036.0	2042.0
2036.0	2040.0
2036.0	2041.0
2036.0	2042.0
2036.0	2041.0
2037.0	2041.0
2035.0	2038.0
2038.0	2041.0
2036.0	2040.0
2036.0	2040.0
2040.0	2041.0
2036.0	2041.0
2039.0	2041.0
2036.0	2042.0
2036.0	2041.0
2037.0	2040.0
2037.0	2040.0
2037.0	2043.0
2034.0	2041.0
2037.0	2041.0
2036.0	2040.0
2037.0	2040.0
2037.0	2040.0
2038.0	2041.0
2037.0	2041.0
2037.0	2040.0
2037.0	2040.0
2037.0	2053.0
2037.0	2055.0
2037.0	2054.0
2037.0	2054.0
2036.0	2056.0
2036.0	2054.0
2035.0	2054.0
2037.0	2056.0
2036.0	2051.0
2037.0	2053.0
2037.0	2053.0
2037.0	2051.0
2037.0	2052.0
2036.0	2054.0
2039.0	2053.0
2037.0	2054.0
2040.0	2053.0
2037.0	2055.0
2036.0	2056.0
2036.0	2052.0
2035.0	2053.0
2036.0	2054.0
2036.0	2054.0
2037.0	2052.0
2034.0	2055.0
2034.0	2054.0
2037.0	2053.0
2036.0	2055.0
2037.0	2054.0
2036.0	2054.0
2037.0	2053.0
2037.0	2052.0
2039.0	2055.0
2036.0	2056.0
2037.0	2052.0
2036.0	2054.0
2037.0	2054.0
2037.0	2054.0
2037.0	2053.0
2037.0	2054.0
2036.0	2042.0
2038.0	2045.0
2038.0	2039.0
2037.0	2040.0
2036.0	2039.0
2036.0	2041.0
2037.0	2040.0
2036.0	2041.0
2035.0	2042.0
2038.0	2041.0
2037.0	2041.0
2037.0	2040.0
2037.0	2040.0
2035.0	2039.0
2035.0	2041.0
2036.0	2043.0
2038.0	2040.0
2031.0	2040.0
2038.0	2043.0
2038.0	2040.0
2038.0	2041.0
2037.0	2040.0
2037.0	2041.0
2038.0	2039.0
2036.0	2039.0
2036.0	2041.0
2037.0	2040.0
2037.0	2041.0
2037.0	2041.0
2037.0	2040.0
2040.0	2038.0
2043.0	2042.0
2037.0	2039.0
2040.0	2042.0
2036.0	2042.0
2043.0	2041.0
2050.0	2040.0
2035.0	2038.0
2030.0	2035.0
2031.0	2041.0
2035.0	2039.0
2035.0	2043.0
2036.0	2041.0
2034.0	2042.0
2036.0	2039.0
2036.0	2053.0
2036.0	2054.0
2037.0	2053.0
2036.0	2054.0
2037.0	2054.0
2037.0	2054.0
2035.0	2054.0
2036.0	2054.0
2038.0	2052.0
2035.0	2055.0
2037.0	2054.0
2036.0	2051.0
2036.0	2052.0
2037.0	2049.0
2037.0	2056.0
2035.0	2054.0
2038.0	2039.0
2037.0	2042.0
2036.0	2042.0
2037.0	2040.0
2037.0	2041.0
2037.0	2042.0
2035.0	2041.0
2037.0	2039.0
2036.0	2052.0
2035.0	2047.0
2038.0	2056.0
2037.0	2052.0
2038.0	2043.0
2035.0	2045.0
2037.0	2035.0
2038.0	2037.0
2037.0	2037.0
2035.0	2040.0
2036.0	2042.0
2037.0	2040.0
2036.0	2041.0
2036.0	2042.0
2038.0	2038.0
2039.0	2040.0
2036.0	2041.0
2038.0	2040.0
2038.0	2041.0
2036.0	2041.0
2036.0	2041.0
2037.0	2040.0
2036.0	2040.0
2035.0	2042.0
2034.0	2040.0
2035.0	2040.0
2037.0	2042.0
2036.0	2055.0
2037.0	2055.0
2036.0	2054.0
2035.0	2053.0
2037.0	2054.0
2038.0	2053.0
2038.0	2052.0
2036.0	2054.0
2036.0	2054.0
2036.0	2053.0
2035.0	2054.0
2038.0	2053.0
2036.0	2053.0
2035.0	2054.0
2036.0	2054.0
2037.0	2053.0
2037.0	2053.0
2035.0	2054.0
2036.0	2053.0
2039.0	2052.0
2038.0	2052.0
2033.0	2053.0
2033.0	2055.0
2044.0	2053.0
2040.0	2053.0
2039.0	2053.0
2034.0	2055.0
2034.0	2054.0
2036.0	2057.0
2036.0	2054.0
2036.0	2055.0
2036.0	2053.0
2036.0	2053.0
2036.0	2055.0
2036.0	2056.0
2038.0	2052.0
2038.0	2053.0
2036.0	2054.0
2036.0	2051.0
2037.0	2053.0
2037.0	2059.0
2037.0	2056.0
2036.0	2054.0
2036.0	2054.0
2037.0	2058.0
2038.0	2056.0
2035.0	2059.0
2036.0	2049.0
2038.0	2052.0
2037.0	2052.0
2038.0	2052.0
2039.0	2053.0
2037.0	2053.0
2037.0	2054.0
2036.0	2042.0
2040.0	2039.0
2037.0	2039.0
2036.0	2039.0
2037.0	2042.0
2037.0	2040.0
2037.0	2040.0
2037.0	2040.0
2036.0	2039.0
2058.0	2041.0
2039.0	2041.0
2037.0	2039.0
2034.0	2041.0
2035.0	2039.0
2036.0	2039.0
2039.0	2040.0
2038.0	2040.0
2037.0	2041.0
2035.0	2040.0
2036.0	2043.0
2039.0	2042.0
2037.0	2039.0
2037.0	2039.0
2035.0	2040.0
2037.0	2039.0
2037.0	2042.0
2036.0	2042.0
2037.0	2041.0
2039.0	2039.0
2036.0	2039.0
2051.0	2040.0
2048.0	2040.0
2030.0	2040.0
2037.0	2039.0
2035.0	2041.0
2036.0	2039.0
2036.0	2039.0
2036.0	2042.0
2036.0	2042.0
2036.0	2041.0
2037.0	2035.0
2036.0	2045.0
2036.0	2043.0
2037.0	2042.0
2036.0	2043.0
2038.0	2039.0
2036.0	2043.0
2037.0	2038.0
2037.0	2035.0
2038.0	2036.0
2036.0	2040.0
2036.0	2034.0
2035.0	2038.0
2035.0	2038.0
2037.0	2039.0
2037.0	2039.0
2038.0	2040.0
2037.0	2039.0
2037.0	2041.0
2037.0	2039.0
2040.0	2040.0
2037.0	2053.0
2036.0	2055.0
2036.0	2052.0
2037.0	2051.0
2037.0	2054.0
2037.0	2054.0
2036.0	2053.0
2037.0	2052.0
2038.0	2052.0
2038.0	2053.0
2036.0	2055.0
2039.0	2054.0
2034.0	2054.0
2043.0	2053.0
2038.0	2040.0
2037.0	2041.0
2036.0	2042.0
2035.0	2043.0
2035.0	2040.0
2037.0	2039.0
2036.0	2040.0
2039.0	2041.0
2036.0	2038.0
2036.0	2041.0
2036.0	2042.0
2037.0	2041.0
2037.0	2041.0
2036.0	2046.0
2036.0	2046.0
2037.0	2036.0
2036.0	2044.0
2036.0	2043.0
2037.0	2039.0
2036.0	2041.0
2036.0	2041.0
2039.0	2041.0
2037.0	2040.0
2036.0	2042.0
2036.0	2042.0
2035.0	2042.0
2036.0	2041.0
2036.0	2038.0
2036.0	2040.0
2036.0	2040.0
2035.0	2041.0
2037.0	2042.0
2040.0	2040.0
2036.0	2041.0
2038.0	2038.0
2039.0	2040.0
2039.0	2041.0
2049.0	2040.0
2032.0	2043.0
2036.0	2041.0
2035.0	2041.0
2037.0	2038.0
2036.0	2043.0
2036.0	2040.0
2036.0	2041.0
2037.0	2036.0
2035.0	2043.0
2038.0	2037.0
2036.0	2042.0
2037.0	2036.0
2038.0	2042.0
2036.0	2039.0
2037.0	2038.0
2037.0	2041.0
2037.0	2039.0
2036.0	2042.0
2037.0	2041.0
2038.0	2039.0
2037.0	2040.0
2037.0	2052.0
2037.0	2052.0
2037.0	2052.0
2036.0	2056.0
2035.0	2053.0
2039.0	2054.0
2036.0	2054.0
2037.0	2054.0
2038.0	2051.0
2038.0	2051.0
2040.0	2053.0
2042.0	2053.0
2035.0	2053.0
2035.0	2052.0
2036.0	2054.0
2036.0	2053.0
2036.0	2054.0
2037.0	2054.0
2036.0	2054.0
2038.0	2057.0
2036.0	2051.0
2036.0	2051.0
2036.0	2053.0
2036.0	2055.0
2036.0	2060.0
2035.0	2057.0
2039.0	2034.0
2037.0	2040.0
2036.0	2039.0
2038.0	2040.0
2037.0	2039.0
2037.0	2039.0
2036.0	2039.0
2037.0	2039.0
2038.0	2039.0
2036.0	2040.0
2035.0	2040.0
2037.0	2040.0
2038.0	2038.0
2036.0	2043.0
2037.0	2042.0
2037.0	2040.0
2039.0	2040.0
2042.0	2040.0
2036.0	2041.0
2040.0	2038.0
2031.0	2041.0
2036.0	2040.0
2036.0	2042.0
2037.0	2040.0
2036.0	2043.0
2038.0	2039.0
2037.0	2038.0
2036.0	2040.0
2038.0	2041.0
2035.0	2041.0
2037.0	2036.0
2036.0	2037.0
2039.0	2038.0
2036.0	2039.0
2036.0	2040.0
2037.0	2041.0
2038.0	2039.0
2039.0	2040.0
2036.0	2041.0
2036.0	2042.0
2037.0	2040.0
2036.0	2042.0
2036.0	2041.0
2036.0	2042.0
2035.0	2042.0
2036.0	2040.0
2036.0	2040.0
2038.0	2042.0
2036.0	2042.0
2035.0	2041.0
2040.0	2039.0
2039.0	2042.0
2034.0	2040.0
2035.0	2043.0
2033.0	2042.0
2037.0	2040.0
2037.0	2038.0
2036.0	2038.0
2037.0	2035.0
2034.0	2043.0
2036.0	2047.0
2037.0	2037.0
2036.0	2043.0
2036.0	2048.0
2037.0	2038.0
2036.0	2040.0
2036.0	2040.0
2038.0	2038.0
2037.0	2039.0
2036.0	2039.0
2036.0	2041.0
2035.0	2041.0
2036.0	2042.0
2036.0	2043.0
2037.0	2040.0
2037.0	2041.0
2036.0	2042.0
2037.0	2039.0
2037.0	2042.0
2035.0	2038.0
2036.0	2040.0
2038.0	2041.0
2042.0	2042.0
2047.0	2041.0
2028.0	2043.0
2036.0	2040.0
2036.0	2041.0
2036.0	2042.0
2036.0	2042.0
2036.0	2042.0
2036.0	2039.0
2036.0	2044.0
2039.0	2043.0
2039.0	2044.0
2037.0	2039.0
2037.0	2053.0
2037.0	2039.0
2037.0	2038.0
2037.0	2039.0
2039.0	2041.0
2038.0	2039.0
2036.0	2040.0
2036.0	2041.0
2037.0	2040.0
2036.0	2041.0
2036.0	2043.0
2038.0	2039.0
2037.0	2041.0
2036.0	2040.0
2036.0	2042.0
2037.0	2041.0
2037.0	2040.0
2039.0	2041.0
2035.0	2040.0
2035.0	2042.0
2035.0	2042.0
2035.0	2040.0
2035.0	2041.0
2035.0	2040.0
2038.0	2037.0
2036.0	2041.0
2036.0	2044.0
2037.0	2034.0
2037.0	2048.0
2036.0	2047.0
2036.0	2038.0
2038.0	2040.0
2037.0	2040.0
2036.0	2043.0
2036.0	2041.0
2037.0	2041.0
2036.0	2042.0
2035.0	2039.0
2037.0	2039.0
2035.0	2042.0
2038.0	2039.0
2037.0	2040.0
2035.0	2041.0
2038.0	2042.0
2037.0	2038.0
2037.0	2041.0
2039.0	2042.0
2050.0	2039.0
2035.0	2038.0
2035.0	2041.0
2038.0	2040.0
2034.0	2041.0
2036.0	2040.0
2037.0	2036.0
2037.0	2043.0
2036.0	2041.0
2036.0	2043.0
2039.0	2042.0
2036.0	2039.0
2036.0	2042.0
2036.0	2039.0
2039.0	2039.0
2039.0	2040.0
2038.0	2039.0
2035.0	2040.0
2037.0	2040.0
2036.0	2041.0
2036.0	2043.0
2036.0	2041.0
2038.0	2041.0
2036.0	2043.0
2037.0	2042.0
2039.0	2040.0
2038.0	2040.0
2033.0	2042.0
2038.0	2040.0
2037.0	2038.0
2036.0	2042.0
2036.0	2042.0
2037.0	2044.0
2037.0	2035.0
2038.0	2032.0
2037.0	2041.0
2038.0	2035.0
2037.0	2037.0
2037.0	2039.0
2037.0	2040.0
2036.0	2039.0
2038.0	2039.0
2037.0	2041.0
2036.0	2040.0
2037.0	2040.0
2038.0	2041.0
2037.0	2041.0
2038.0	2041.0
2039.0	2040.0
2036.0	2039.0
2039.0	2042.0
2040.0	2041.0
2051.0	2042.0
2034.0	2041.0
2036.0	2042.0
2036.0	2042.0
2036.0	2044.0
2036.0	2039.0
2035.0	2040.0
2036.0	2036.0
2037.0	2041.0
2036.0	2036.0
2036.0	2052.0
2036.0	2052.0
2037.0	2039.0
2040.0	2038.0
2037.0	2038.0
2037.0	2040.0
2037.0	2039.0
2036.0	2039.0
2037.0	2040.0
2036.0	2041.0
2037.0	2038.0
2036.0	2040.0
2036.0	2042.0
2038.0	2037.0
2034.0	2042.0
2039.0	2041.0
2034.0	2043.0
2035.0	2040.0
2035.0	2041.0
2036.0	2041.0
2036.0	2042.0
2037.0	2039.0
2036.0	2038.0
2036.0	2038.0
2037.0	2042.0
2038.0	2047.0
2036.0	2040.0
2036.0	2041.0
2036.0	2042.0
2035.0	2041.0
2035.0	2039.0
2036.0	2040.0
2036.0	2041.0
2037.0	2042.0
2035.0	2042.0
2036.0	2039.0
2039.0	2041.0
2036.0	2040.0
2038.0	2039.0
2054.0	2039.0
2034.0	2039.0
2036.0	2041.0
2036.0	2041.0
2035.0	2041.0
2036.0	2043.0
2036.0	2041.0
2036.0	2043.0
2036.0	2047.0
2039.0	2056.0
2036.0	2039.0
2039.0	2041.0
2036.0	2040.0
2036.0	2042.0
2036.0	2040.0
2036.0	2040.0
2037.0	2041.0
2036.0	2040.0
2035.0	2040.0
2035.0	2038.0
2036.0	2041.0
2040.0	2038.0
2035.0	2039.0
2039.0	2041.0
2033.0	2040.0
2035.0	2041.0
2036.0	2040.0
2038.0	2037.0
2039.0	2037.0
2036.0	2044.0
2037.0	2039.0
2036.0	2045.0
2040.0	2044.0
2036.0	2046.0
2036.0	2042.0
2036.0	2038.0
2036.0	2041.0
2039.0	2041.0
2035.0	2038.0
2036.0	2041.0
2036.0	2042.0
2037.0	2041.0
2036.0	2040.0
2037.0	2041.0
2037.0	2041.0
2039.0	2040.0
2030.0	2042.0
2038.0	2040.0
2037.0	2038.0
2002.0	2042.0
2037.0	2043.0
2039.0	2036.0
2036.0	2042.0
2036.0	2042.0
2035.0	2055.0
2037.0	2036.0
2036.0	2034.0
2037.0	2039.0
2036.0	2040.0
2035.0	2039.0
2035.0	2040.0
2036.0	2042.0
2037.0	2042.0
2035.0	2041.0
2037.0	2041.0
2037.0	2040.0
2036.0	2041.0
2044.0	2039.0
2033.0	2041.0
2035.0	2039.0
2036.0	2041.0
2038.0	2040.0
2035.0	2041.0
2038.0	2044.0
2036.0	2043.0
2036.0	2038.0
2037.0	2042.0
2036.0	2036.0
2036.0	2039.0
2037.0	2039.0
2035.0	2039.0
2036.0	2041.0
2037.0	2040.0
2037.0	2040.0
2038.0	2041.0
2035.0	2039.0
2036.0	2041.0
2036.0	2040.0
2037.0	2041.0
2039.0	2041.0
2048.0	2040.0
2035.0	2040.0
2035.0	2039.0
2036.0	2042.0
2036.0	2038.0
2036.0	2040.0
2036.0	2040.0
2037.0	2054.0
2037.0	2037.0
2036.0	2040.0
2036.0	2040.0
2038.0	2039.0
2039.0	2041.0
2037.0	2042.0
2037.0	2040.0
2035.0	2041.0
2037.0	2039.0
2038.0	2041.0
2038.0	2040.0
2043.0	2039.0
2041.0	2039.0
2036.0	2040.0
2036.0	2041.0
2036.0	2039.0
2037.0	2040.0
2037.0	2038.0
2036.0	2037.0
2036.0	2045.0
2037.0	2035.0
2038.0	2039.0
2037.0	2038.0
2038.0	2038.0
2039.0	2041.0
2036.0	2042.0
2037.0	2041.0
2036.0	2041.0
2037.0	2040.0
2035.0	2040.0
2035.0	2039.0
2037.0	2042.0
2035.0	2041.0
2035.0	2041.0
2036.0	2041.0
2036.0	2041.0
2036.0	2042.0
2035.0	2042.0
2037.0	2037.0
2039.0	2041.0
2039.0	2040.0
2036.0	2038.0
2036.0	2039.0
2037.0	2041.0
2037.0	2041.0
2036.0	2044.0
2036.0	2039.0
2038.0	2040.0
2036.0	2042.0
2036.0	2041.0
2037.0	2042.0
2035.0	2040.0
2041.0	2040.0
2053.0	2041.0
2034.0	2042.0
2036.0	2043.0
2037.0	2040.0
2037.0	2038.0
2039.0	2038.0
2037.0	2033.0
2036.0	2041.0
2036.0	2041.0
2036.0	2041.0
2037.0	2039.0
2035.0	2041.0
2039.0	2039.0
2035.0	2040.0
2034.0	2042.0
2037.0	2041.0
2036.0	2039.0
2035.0	2041.0
2040.0	2039.0
2049.0	2040.0
2037.0	2041.0
2036.0	2042.0
2037.0	2042.0
2037.0	2040.0
2037.0	2041.0
2036.0	2037.0
2036.0	2039.0
2035.0	2038.0
2037.0	2040.0
2040.0	2040.0
2036.0	2042.0
2037.0	2036.0
2038.0	2040.0
2037.0	2041.0
2036.0	2041.0
2038.0	2039.0
2039.0	2041.0
2035.0	2041.0
2036.0	2041.0
2038.0	2039.0
2039.0	2043.0
2036.0	2045.0
2035.0	2044.0
2038.0	2047.0
2035.0	2038.0
2039.0	2035.0
2035.0	2041.0
2036.0	2043.0
2039.0	2042.0
2036.0	2042.0
2037.0	2038.0
2036.0	2043.0
2038.0	2040.0
2038.0	2041.0
2036.0	2042.0
2035.0	2040.0
2039.0	2042.0
2036.0	2042.0
2037.0	2040.0
2037.0	2037.0
2036.0	2042.0
2035.0	2039.0
2036.0	2038.0
2035.0	2039.0
2037.0	2041.0
2037.0	2040.0
2036.0	2040.0
2036.0	2040.0
2038.0	2041.0
2037.0	2039.0
2035.0	2041.0
2033.0	2040.0
2042.0	2039.0
2035.0	2041.0
2036.0	2040.0
2036.0	2040.0
2037.0	2041.0
2036.0	2044.0
2036.0	2045.0
2037.0	2039.0
2036.0	2041.0
2037.0	2039.0
2038.0	2040.0
2037.0	2041.0
2036.0	2042.0
2036.0	2042.0
2038.0	2039.0
2035.0	2041.0
2038.0	2041.0
2047.0	2040.0
2035.0	2042.0
2035.0	2041.0
2037.0	2042.0
2039.0	2043.0
2035.0	2041.0
2037.0	2052.0
2037.0	2040.0
2037.0	2041.0
2038.0	2040.0
2036.0	2040.0
2036.0	2041.0
2037.0	2039.0
2036.0	2042.0
2039.0	2043.0
2037.0	2041.0
2038.0	2039.0
2034.0	2042.0
2035.0	2040.0
2036.0	2041.0
2037.0	2044.0
2037.0	2037.0
2020.0	2045.0
2038.0	2039.0
2037.0	2038.0
2036.0	2042.0
2037.0	2041.0
2036.0	2042.0
2037.0	2040.0
2036.0	2041.0
2037.0	2040.0
2037.0	2040.0
2050.0	2038.0
2036.0	2041.0
2034.0	2042.0
2036.0	2041.0
2037.0	2036.0
2039.0	2042.0
2037.0	2037.0
2037.0	2051.0
2036.0	2040.0
2038.0	2040.0
2037.0	2039.0
2036.0	2040.0
2035.0	2040.0
2036.0	2035.0
2036.0	2042.0
2037.0	2041.0
2038.0	2038.0
2039.0	2041.0
2035.0	2041.0
2038.0	2039.0
2036.0	2042.0
2037.0	2038.0
2038.0	2039.0
2036.0	2042.0
2036.0	2041.0
2037.0	2040.0
2036.0	2042.0
2036.0	2041.0
2037.0	2040.0
2037.0	2040.0
2037.0	2041.0
2035.0	2040.0
2037.0	2038.0
2048.0	2041.0
2035.0	2039.0
2036.0	2039.0
2037.0	2041.0
2037.0	2041.0
2039.0	2042.0
2036.0	2053.0
2037.0	2039.0
2038.0	2039.0
2036.0	2043.0
2038.0	2038.0
2036.0	2040.0
2038.0	2039.0
2035.0	2040.0
2036.0	2042.0
2035.0	2039.0
2035.0	2041.0
2036.0	2041.0
2038.0	2041.0
2036.0	2044.0
2037.0	2044.0
2039.0	2034.0
2037.0	2041.0
2036.0	2042.0
2037.0	2038.0
2037.0	2040.0
2036.0	2042.0
2038.0	2041.0
2038.0	2041.0
2036.0	2041.0
2039.0	2041.0
2034.0	2041.0
2039.0	2039.0
2037.0	2040.0
2037.0	2043.0
2037.0	2041.0
2037.0	2056.0
2036.0	2040.0
2036.0	2041.0
2037.0	2041.0
2032.0	2042.0
2036.0	2041.0
2039.0	2039.0
2036.0	2039.0
2039.0	2042.0
2041.0	2041.0
2033.0	2042.0
2036.0	2043.0
2035.0	2041.0
2036.0	2045.0
2036.0	2043.0
2038.0	2046.0
2036.0	2039.0
2037.0	2039.0
2037.0	2040.0
2037.0	2040.0
2037.0	2041.0
2040.0	2039.0
2036.0	2040.0
2039.0	2043.0
2037.0	2042.0
2038.0	2041.0
2035.0	2040.0
2036.0	2041.0
2036.0	2039.0
2037.0	2041.0
2036.0	2035.0
2037.0	2036.0
2037.0	2041.0
2036.0	2040.0
2037.0	2042.0
2037.0	2039.0
2037.0	2037.0
2057.0	2043.0
2033.0	2038.0
2041.0	2040.0
2033.0	2041.0
2037.0	2041.0
2037.0	2039.0
2037.0	2040.0
2037.0	2043.0
2038.0	2047.0
2036.0	2038.0
2037.0	2040.0
2039.0	2033.0
2038.0	2041.0
2036.0	2040.0
2036.0	2041.0
2035.0	2041.0
2041.0	2040.0
2037.0	2040.0
2036.0	2039.0
2033.0	2040.0
2036.0	2041.0
2038.0	2038.0
2036.0	2045.0
2037.0	2042.0
2035.0	2037.0
2036.0	2038.0
2037.0	2041.0
2001.0	2041.0
2039.0	2040.0
2038.0	2040.0
2036.0	2041.0
2037.0	2040.0
2037.0	2039.0
2043.0	2041.0
2035.0	2040.0
2036.0	2040.0
2037.0	2040.0
2039.0	2045.0
2028.0	2021.0
2026.0	2034.0
2029.0	2025.0
2026.0	2031.0
2027.0	2015.0
2027.0	2015.0
2026.0	2015.0
2027.0	2016.0
2029.0	2014.0
2037.0	2016.0
2050.0	2015.0
2036.0	2014.0
2036.0	2015.0
2037.0	2009.0
2037.0	2017.0
2037.0	2011.0
2046.0	2010.0
2047.0	2014.0
2048.0	2014.0
2047.0	2006.0
2055.0	2017.0
2056.0	2013.0
2057.0	2014.0
2062.0	2016.0
2065.0	2015.0
2066.0	2014.0
2075.0	2014.0
2075.0	2021.0
2085.0	2019.0
2085.0	2014.0
2094.0	2015.0
2095.0	2014.0
2104.0	2015.0
2105.0	2014.0
2105.0	2028.0
2113.0	2029.0
2116.0	2026.0
2124.0	2041.0
2131.0	2039.0
2143.0	2039.0
2152.0	2042.0
2152.0	2039.0
2152.0	2037.0
2163.0	2041.0
2174.0	2040.0
2181.0	2039.0
2182.0	2041.0
2192.0	2054.0
2202.0	2055.0
2210.0	2055.0
2219.0	2052.0
2222.0	2051.0
2229.0	2052.0
2229.0	2053.0
2241.0	2052.0
2247.0	2071.0
2259.0	2064.0
2270.0	2067.0
2279.0	2069.0
2279.0	2066.0
2299.0	2065.0
2299.0	2065.0
2319.0	2069.0
2330.0	2078.0
2338.0	2078.0
2361.0	2079.0
2356.0	2080.0
2377.0	2082.0
2386.0	2082.0
2389.0	2092.0
2416.0	2093.0
2416.0	2093.0
2425.0	2093.0
2435.0	2093.0
2455.0	2092.0
2464.0	2105.0
2482.0	2104.0
2494.0	2105.0
2504.0	2105.0
2504.0	2106.0
2523.0	2107.0
2532.0	2117.0
2579.0	2117.0
2572.0	2118.0
2593.0	2130.0
2593.0	2119.0
2590.0	2117.0
2591.0	2119.0
2592.0	2119.0
2590.0	2119.0
2593.0	2114.0
2590.0	2115.0
2591.0	2116.0
2592.0	2117.0
2590.0	2117.0
2591.0	2119.0
2592.0	2118.0
2598.0	2118.0
2589.0	2116.0
2592.0	2119.0
2591.0	2115.0
2591.0	2121.0
2590.0	2118.0
2592.0	2117.0
2590.0	2118.0
2592.0	2116.0
2593.0	2116.0
2591.0	2117.0
2591.0	2117.0
2591.0	2119.0
2591.0	2122.0
2591.0	2110.0
2592.0	2118.0
