2064.0	2065.0	2047.5	2047.5
2065.0	2066.0	2047.5	2047.5
2065.0	2066.0	2047.5	2047.5
2060.0	2060.0	2047.5	2047.5
2066.0	2066.0	2047.5	2047.5
2066.0	2065.0	2047.5	2047.5
2063.0	2068.0	2047.5	2047.5
2065.0	2067.0	2047.5	2047.5
2065.0	2069.0	2047.5	2047.5
2065.0	2067.0	2047.5	2047.5
2064.0	2067.0	2047.5	2047.5
2066.0	2066.0	2047.5	2047.5
2065.0	2066.0	2047.5	2047.5
2066.0	2066.0	2047.5	2047.5
2066.0	2065.0	2047.5	2047.5
2064.0	2066.0	2047.5	2047.5
2064.0	2068.0	2047.5	2047.5
2065.0	2067.0	2047.5	2047.5
2065.0	2066.0	2047.5	2047.5
2066.0	2067.0	2047.5	2047.5
2067.0	2065.0	2047.5	2047.5
2064.0	2064.0	2047.5	2047.5
2065.0	2067.0	2047.5	2047.5
2065.0	2065.0	2047.5	2047.5
2065.0	2065.0	2047.5	2047.5
2064.0	2065.0	2047.5	2047.5
2065.0	2067.0	2047.5	2047.5
2063.0	2065.0	2047.5	2047.5
2064.0	2066.0	2047.5	2047.5
2065.0	2065.0	2047.5	2047.5
2065.0	2070.0	2047.5	2047.5
2065.0	2065.0	2047.5	2047.5
2064.0	2065.0	2047.5	2047.5
2064.0	2065.0	2047.5	2047.5
2064.0	2068.0	2047.5	2047.5
2066.0	2067.0	2047.5	2047.5
2063.0	2066.0	2047.5	2047.5
2065.0	2067.0	2047.5	2047.5
2067.0	2067.0	2047.5	2047.5
2064.0	2065.0	2047.5	2047.5
2064.0	2064.0	2047.5	2047.5
2064.0	2065.0	2047.5	2047.5
2063.0	2065.0	2047.5	2047.5
2063.0	2063.0	2047.5	2047.5
2070.0	2065.0	2047.5	2047.5
2064.0	2065.0	2047.5	2047.5
2064.0	2066.0	2047.5	2047.5
2064.0	2068.0	2047.5	2047.5
2066.0	2065.0	2047.5	2047.5
2064.0	2065.0	2047.5	2047.5
2066.0	2067.0	2047.5	2047.5
2064.0	2066.0	2047.5	2047.5
2065.0	2066.0	2047.5	2047.5
2065.0	2066.0	2047.5	2047.5
2064.0	2067.0	2047.5	2047.5
2063.0	2066.0	2047.5	2047.5
2064.0	2067.0	2047.5	2047.5
2064.0	2067.0	2047.5	2047.5
2065.0	2066.0	2047.5	2047.5
2069.0	2062.0	2047.5	2047.5
2065.0	2066.0	2047.5	2047.5
2065.0	2066.0	2047.5	2047.5
2063.0	2066.0	2047.5	2047.5
2063.0	2065.0	2047.5	2047.5
2065.0	2067.0	2047.5	2047.5
2063.0	2066.0	2047.5	2047.5
2064.0	2069.0	2047.5	2047.5
2064.0	2065.0	2047.5	2047.5
2066.0	2067.0	2047.5	2047.5
2067.0	2065.0	2047.5	2047.5
2063.0	2065.0	2047.5	2047.5
2064.0	2066.0	2047.5	2047.5
2064.0	2066.0	2047.5	2047.5
2064.0	2065.0	2047.5	2047.5
2062.0	2066.0	2047.5	2047.5
2063.0	2067.0	2047.5	2047.5
2069.0	2065.0	2047.5	2047.5
2064.0	2065.0	2047.5	2047.5
2064.0	2067.0	2047.5	2047.5
2063.0	2068.0	2047.5	2047.5
2065.0	2063.0	2047.5	2047.5
2064.0	2067.0	2047.5	2047.5
2065.0	2067.0	2047.5	2047.5
2064.0	2067.0	2047.5	2047.5
2065.0	2067.0	2047.5	2047.5
2065.0	2068.0	2047.5	2047.5
2065.0	2065.0	2047.5	2047.5
2063.0	2066.0	2047.5	2047.5
2064.0	2068.0	2047.5	2047.5
2063.0	2065.0	2047.5	2047.5
2064.0	2066.0	2047.5	2047.5
2064.0	2067.0	2047.5	2047.5
2064.0	2060.0	2047.5	2047.5
2069.0	2070.0	2047.5	2047.5
2067.0	2065.0	2047.5	2047.5
2064.0	2074.0	2047.5	2047.5
2066.0	2067.0	2047.5	2047.5
2066.0	2064.0	2047.5	2047.5
2065.0	2066.0	2047.5	2047.5
2064.0	2068.0	2047.5	2047.5
2064.0	2063.0	2047.5	2047.5
2065.0	2067.0	2047.5	2047.5
2064.0	2065.0	2047.5	2047.5
2065.0	2067.0	2047.5	2047.5
2065.0	2066.0	2047.5	2047.5
2064.0	2067.0	2047.5	2047.5
2063.0	2069.0	2047.5	2047.5
2066.0	2065.0	2047.5	2047.5
2064.0	2066.0	2047.5	2047.5
2066.0	2066.0	2047.5	2047.5
2064.0	2065.0	2047.5	2047.5
2064.0	2066.0	2047.5	2047.5
2063.0	2066.0	2047.5	2047.5
2066.0	2066.0	2047.5	2047.5
2063.0	2062.0	2047.5	2047.5
2064.0	2066.0	2047.5	2047.5
2067.0	2067.0	2047.5	2047.5
2067.0	2070.0	2047.5	2047.5
2065.0	2068.0	2047.5	2047.5
2065.0	2069.0	2047.5	2047.5
2066.0	2064.0	2047.5	2047.5
2064.0	2065.0	2047.5	2047.5
2067.0	2067.0	2047.5	2047.5
2063.0	2065.0	2047.5	2047.5
2064.0	2066.0	2047.5	2047.5
2063.0	2067.0	2047.5	2047.5
2064.0	2066.0	2047.5	2047.5
2064.0	2066.0	2047.5	2047.5
2064.0	2066.0	2047.5	2047.5
2063.0	2066.0	2047.5	2047.5
2063.0	2065.0	2047.5	2047.5
2064.0	2068.0	2047.5	2047.5
2064.0	2065.0	2047.5	2047.5
2063.0	2066.0	2047.5	2047.5
2065.0	2066.0	2047.5	2047.5
2066.0	2066.0	2047.5	2047.5
2063.0	2065.0	2047.5	2047.5
2067.0	2070.0	2047.5	2047.5
2064.0	2064.0	2047.5	2047.5
2067.0	2066.0	2047.5	2047.5
2063.0	2065.0	2047.5	2047.5
2065.0	2066.0	2047.5	2047.5
2064.0	2067.0	2047.5	2047.5
2064.0	2065.0	2047.5	2047.5
2064.0	2067.0	2047.5	2047.5
2065.0	2067.0	2047.5	2047.5
2064.0	2066.0	2047.5	2047.5
2065.0	2066.0	2047.5	2047.5
2064.0	2066.0	2047.5	2047.5
2064.0	2067.0	2047.5	2047.5
2064.0	2066.0	2047.5	2047.5
2066.0	2068.0	2047.5	2047.5
2063.0	2064.0	2047.5	2047.5
2066.0	2064.0	2047.5	2047.5
2064.0	2063.0	2047.5	2047.5
2064.0	2066.0	2047.5	2047.5
2063.0	2066.0	2047.5	2047.5
2065.0	2067.0	2047.5	2047.5
2059.0	2064.0	2047.5	2047.5
2063.0	2067.0	2047.5	2047.5
2068.0	2058.0	2047.5	2047.5
2063.0	2066.0	2047.5	2047.5
2065.0	2073.0	2047.5	2047.5
2063.0	2066.0	2047.5	2047.5
2065.0	2068.0	2047.5	2047.5
2065.0	2066.0	2047.5	2047.5
2064.0	2067.0	2047.5	2047.5
2065.0	2068.0	2047.5	2047.5
2068.0	2066.0	2047.5	2047.5
2066.0	2065.0	2047.5	2047.5
2064.0	2063.0	2047.5	2047.5
2064.0	2065.0	2047.5	2047.5
2064.0	2068.0	2047.5	2047.5
2064.0	2065.0	2047.5	2047.5
2066.0	2067.0	2047.5	2047.5
2065.0	2069.0	2047.5	2047.5
2064.0	2065.0	2047.5	2047.5
2066.0	2066.0	2047.5	2047.5
2065.0	2066.0	2047.5	2047.5
2063.0	2067.0	2047.5	2047.5
2066.0	2067.0	2047.5	2047.5
2064.0	2065.0	2047.5	2047.5
2064.0	2064.0	2047.5	2047.5
2063.0	2066.0	2047.5	2047.5
2065.0	2067.0	2047.5	2047.5
2063.0	2065.0	2047.5	2047.5
2064.0	2066.0	2047.5	2047.5
2076.0	2064.0	2047.5	2047.5
2064.0	2067.0	2047.5	2047.5
2071.0	2061.0	2047.5	2047.5
2064.0	2067.0	2047.5	2047.5
2066.0	2066.0	2047.5	2047.5
2064.0	2065.0	2047.5	2047.5
2064.0	2065.0	2047.5	2047.5
2066.0	2067.0	2047.5	2047.5
2068.0	2066.0	2047.5	2047.5
2063.0	2066.0	2047.5	2047.5
2065.0	2064.0	2047.5	2047.5
2063.0	2064.0	2047.5	2047.5
2066.0	2066.0	2047.5	2047.5
2065.0	2066.0	2047.5	2047.5
2065.0	2065.0	2047.5	2047.5
2065.0	2067.0	2047.5	2047.5
2064.0	2066.0	2047.5	2047.5
2063.0	2067.0	2047.5	2047.5
2065.0	2066.0	2047.5	2047.5
2062.0	2067.0	2047.5	2047.5
2065.0	2065.0	2047.5	2047.5
2064.0	2066.0	2047.5	2047.5
2065.0	2067.0	2047.5	2047.5
2065.0	2065.0	2047.5	2047.5
2065.0	2066.0	2047.5	2047.5
2066.0	2067.0	2047.5	2047.5
2066.0	2065.0	2047.5	2047.5
2065.0	2065.0	2047.5	2047.5
2064.0	2069.0	2047.5	2047.5
2064.0	2067.0	2047.5	2047.5
2066.0	2066.0	2047.5	2047.5
2062.0	2083.0	2047.5	2047.5
2064.0	2067.0	2047.5	2047.5
2070.0	2063.0	2047.5	2047.5
2064.0	2066.0	2047.5	2047.5
2068.0	2080.0	2047.5	2047.5
2064.0	2066.0	2047.5	2047.5
2066.0	2070.0	2047.5	2047.5
2064.0	2064.0	2047.5	2047.5
2061.0	2062.0	2047.5	2047.5
2065.0	2066.0	2047.5	2047.5
2065.0	2065.0	2047.5	2047.5
2065.0	2067.0	2047.5	2047.5
2065.0	2066.0	2047.5	2047.5
2064.0	2067.0	2047.5	2047.5
2067.0	2066.0	2047.5	2047.5
2063.0	2067.0	2047.5	2047.5
2063.0	2065.0	2047.5	2047.5
2063.0	2066.0	2047.5	2047.5
2064.0	2067.0	2047.5	2047.5
2064.0	2065.0	2047.5	2047.5
2064.0	2068.0	2047.5	2047.5
2064.0	2067.0	2047.5	2047.5
2064.0	2064.0	2047.5	2047.5
2064.0	2065.0	2047.5	2047.5
2064.0	2064.0	2047.5	2047.5
2065.0	2067.0	2047.5	2047.5
2066.0	2066.0	2047.5	2047.5
2067.0	2065.0	2047.5	2047.5
2065.0	2066.0	2047.5	2047.5
2065.0	2064.0	2047.5	2047.5
2063.0	2068.0	2047.5	2047.5
2065.0	2066.0	2047.5	2047.5
2064.0	2065.0	2047.5	2047.5
2064.0	2068.0	2047.5	2047.5
2064.0	2066.0	2047.5	2047.5
2065.0	2067.0	2047.5	2047.5
2064.0	2065.0	2047.5	2047.5
2064.0	2068.0	2047.5	2047.5
2064.0	2065.0	2047.5	2047.5
2064.0	2065.0	2047.5	2047.5
2064.0	2064.0	2047.5	2047.5
2063.0	2067.0	2047.5	2047.5
2064.0	2067.0	2047.5	2047.5
2064.0	2066.0	2047.5	2047.5
2064.0	2064.0	2047.5	2047.5
2063.0	2064.0	2047.5	2047.5
2065.0	2068.0	2047.5	2047.5
2062.0	2065.0	2047.5	2047.5
2063.0	2065.0	2047.5	2047.5
2063.0	2067.0	2047.5	2047.5
2064.0	2067.0	2047.5	2047.5
2072.0	2070.0	2047.5	2047.5
2065.0	2066.0	2047.5	2047.5
2067.0	2079.0	2047.5	2047.5
2066.0	2067.0	2047.5	2047.5
2068.0	2072.0	2047.5	2047.5
2064.0	2065.0	2047.5	2047.5
2070.0	2060.0	2047.5	2047.5
2064.0	2064.0	2047.5	2047.5
2064.0	2066.0	2047.5	2047.5
2066.0	2067.0	2047.5	2047.5
2065.0	2071.0	2047.5	2047.5
2067.0	2067.0	2047.5	2047.5
2064.0	2066.0	2047.5	2047.5
2065.0	2066.0	2047.5	2047.5
2067.0	2070.0	2047.5	2047.5
2064.0	2065.0	2047.5	2047.5
2062.0	2071.0	2047.5	2047.5
2064.0	2068.0	2047.5	2047.5
2066.0	2066.0	2047.5	2047.5
2065.0	2066.0	2047.5	2047.5
2067.0	2064.0	2047.5	2047.5
2064.0	2066.0	2047.5	2047.5
2066.0	2068.0	2047.5	2047.5
2066.0	2067.0	2047.5	2047.5
2065.0	2064.0	2047.5	2047.5
2063.0	2067.0	2047.5	2047.5
2064.0	2065.0	2047.5	2047.5
2064.0	2068.0	2047.5	2047.5
2065.0	2067.0	2047.5	2047.5
2067.0	2067.0	2047.5	2047.5
2064.0	2062.0	2047.5	2047.5
2063.0	2068.0	2047.5	2047.5
2065.0	2067.0	2047.5	2047.5
2065.0	2065.0	2047.5	2047.5
2065.0	2066.0	2047.5	2047.5
2064.0	2068.0	2047.5	2047.5
2064.0	2066.0	2047.5	2047.5
2064.0	2064.0	2047.5	2047.5
2064.0	2065.0	2047.5	2047.5
2066.0	2067.0	2047.5	2047.5
2064.0	2066.0	2047.5	2047.5
2066.0	2066.0	2047.5	2047.5
2064.0	2066.0	2047.5	2047.5
2064.0	2066.0	2047.5	2047.5
2063.0	2065.0	2047.5	2047.5
2063.0	2064.0	2047.5	2047.5
2066.0	2066.0	2047.5	2047.5
2064.0	2064.0	2047.5	2047.5
2065.0	2067.0	2047.5	2047.5
2063.0	2065.0	2047.5	2047.5
2064.0	2069.0	2047.5	2047.5
2063.0	2066.0	2047.5	2047.5
2065.0	2068.0	2047.5	2047.5
2064.0	2066.0	2047.5	2047.5
2066.0	2067.0	2047.5	2047.5
2064.0	2065.0	2047.5	2047.5
2066.0	2066.0	2047.5	2047.5
2065.0	2066.0	2047.5	2047.5
2067.0	2067.0	2047.5	2047.5
2063.0	2065.0	2047.5	2047.5
2065.0	2066.0	2047.5	2047.5
2066.0	2067.0	2047.5	2047.5
2065.0	2067.0	2047.5	2047.5
2067.0	2067.0	2047.5	2047.5
2064.0	2065.0	2047.5	2047.5
2064.0	2067.0	2047.5	2047.5
2063.0	2064.0	2047.5	2047.5
2064.0	2067.0	2047.5	2047.5
2063.0	2065.0	2047.5	2047.5
2065.0	2067.0	2047.5	2047.5
2064.0	2066.0	2047.5	2047.5
2063.0	2067.0	2047.5	2047.5
2064.0	2068.0	2047.5	2047.5
2064.0	2065.0	2047.5	2047.5
2063.0	2066.0	2047.5	2047.5
2064.0	2066.0	2047.5	2047.5
2064.0	2067.0	2047.5	2047.5
2064.0	2066.0	2047.5	2047.5
2065.0	2068.0	2047.5	2047.5
2064.0	2065.0	2047.5	2047.5
2064.0	2065.0	2047.5	2047.5
2064.0	2065.0	2047.5	2047.5
2065.0	2065.0	2047.5	2047.5
2065.0	2066.0	2047.5	2047.5
2066.0	2066.0	2047.5	2047.5
2064.0	2065.0	2047.5	2047.5
2067.0	2063.0	2047.5	2047.5
2064.0	2065.0	2047.5	2047.5
2065.0	2067.0	2047.5	2047.5
2065.0	2068.0	2047.5	2047.5
2065.0	2066.0	2047.5	2047.5
2064.0	2068.0	2047.5	2047.5
2064.0	2067.0	2047.5	2047.5
2065.0	2064.0	2047.5	2047.5
2065.0	2065.0	2047.5	2047.5
2064.0	2067.0	2047.5	2047.5
2065.0	2070.0	2047.5	2047.5
2064.0	2065.0	2047.5	2047.5
2068.0	2067.0	2047.5	2047.5
2064.0	2067.0	2047.5	2047.5
2066.0	2064.0	2047.5	2047.5
2064.0	2066.0	2047.5	2047.5
2062.0	2066.0	2047.5	2047.5
2064.0	2064.0	2047.5	2047.5
2062.0	2060.0	2047.5	2047.5
2064.0	2066.0	2047.5	2047.5
2062.0	2062.0	2047.5	2047.5
2065.0	2067.0	2047.5	2047.5
2065.0	2064.0	2047.5	2047.5
2065.0	2066.0	2047.5	2047.5
2065.0	2064.0	2047.5	2047.5
2064.0	2065.0	2047.5	2047.5
2065.0	2073.0	2047.5	2047.5
2064.0	2065.0	2047.5	2047.5
2062.0	2061.0	2047.5	2047.5
2064.0	2068.0	2047.5	2047.5
2066.0	2062.0	2047.5	2047.5
2064.0	2064.0	2047.5	2047.5
2068.0	2083.0	2047.5	2047.5
2064.0	2065.0	2047.5	2047.5
2074.0	2064.0	2047.5	2047.5
2064.0	2066.0	2047.5	2047.5
2066.0	2064.0	2047.5	2047.5
2066.0	2063.0	2047.5	2047.5
2064.0	2065.0	2047.5	2047.5
2063.0	2066.0	2047.5	2047.5
2064.0	2062.0	2047.5	2047.5
2063.0	2067.0	2047.5	2047.5
2063.0	2066.0	2047.5	2047.5
2063.0	2063.0	2047.5	2047.5
2064.0	2061.0	2047.5	2047.5
2064.0	2063.0	2047.5	2047.5
2064.0	2064.0	2047.5	2047.5
2064.0	2065.0	2047.5	2047.5
2064.0	2065.0	2047.5	2047.5
2065.0	2065.0	2047.5	2047.5
2064.0	2065.0	2047.5	2047.5
2064.0	2067.0	2047.5	2047.5
2064.0	2064.0	2047.5	2047.5
2064.0	2065.0	2047.5	2047.5
2064.0	2065.0	2047.5	2047.5
2064.0	2063.0	2047.5	2047.5
2063.0	2066.0	2047.5	2047.5
2065.0	2067.0	2047.5	2047.5
2066.0	2066.0	2047.5	2047.5
2066.0	2065.0	2047.5	2047.5
2067.0	2067.0	2047.5	2047.5
2064.0	2068.0	2047.5	2047.5
2065.0	2065.0	2047.5	2047.5
2066.0	2064.0	2047.5	2047.5
2063.0	2065.0	2047.5	2047.5
2063.0	2066.0	2047.5	2047.5
2065.0	2067.0	2047.5	2047.5
2066.0	2067.0	2047.5	2047.5
2063.0	2063.0	2047.5	2047.5
2063.0	2067.0	2047.5	2047.5
2065.0	2067.0	2047.5	2047.5
2065.0	2066.0	2047.5	2047.5
2064.0	2067.0	2047.5	2047.5
2066.0	2072.0	2047.5	2047.5
2063.0	2065.0	2047.5	2047.5
2067.0	2083.0	2047.5	2047.5
2064.0	2067.0	2047.5	2047.5
2080.0	2066.0	2047.5	2047.5
2065.0	2065.0	2047.5	2047.5
2061.0	2062.0	2047.5	2047.5
2064.0	2066.0	2047.5	2047.5
2063.0	2065.0	2047.5	2047.5
2065.0	2067.0	2047.5	2047.5
2065.0	2066.0	2047.5	2047.5
2066.0	2067.0	2047.5	2047.5
2063.0	2065.0	2047.5	2047.5
2065.0	2067.0	2047.5	2047.5
2064.0	2065.0	2047.5	2047.5
2063.0	2066.0	2047.5	2047.5
2064.0	2066.0	2047.5	2047.5
2066.0	2067.0	2047.5	2047.5
2065.0	2067.0	2047.5	2047.5
2065.0	2068.0	2047.5	2047.5
2064.0	2064.0	2047.5	2047.5
2062.0	2065.0	2047.5	2047.5
2065.0	2066.0	2047.5	2047.5
2063.0	2065.0	2047.5	2047.5
2064.0	2066.0	2047.5	2047.5
2064.0	2065.0	2047.5	2047.5
2064.0	2066.0	2047.5	2047.5
2063.0	2068.0	2047.5	2047.5
2064.0	2067.0	2047.5	2047.5
2065.0	2067.0	2047.5	2047.5
2064.0	2068.0	2047.5	2047.5
2063.0	2065.0	2047.5	2047.5
2062.0	2065.0	2047.5	2047.5
2063.0	2068.0	2047.5	2047.5
2065.0	2069.0	2047.5	2047.5
2063.0	2061.0	2047.5	2047.5
2065.0	2067.0	2047.5	2047.5
2067.0	2081.0	2047.5	2047.5
2064.0	2065.0	2047.5	2047.5
2062.0	2063.0	2047.5	2047.5
2064.0	2068.0	2047.5	2047.5
2066.0	2065.0	2047.5	2047.5
2064.0	2066.0	2047.5	2047.5
2065.0	2066.0	2047.5	2047.5
2064.0	2067.0	2047.5	2047.5
2063.0	2066.0	2047.5	2047.5
2064.0	2067.0	2047.5	2047.5
2063.0	2068.0	2047.5	2047.5
2065.0	2067.0	2047.5	2047.5
2064.0	2067.0	2047.5	2047.5
2064.0	2066.0	2047.5	2047.5
2063.0	2069.0	2047.5	2047.5
2065.0	2070.0	2047.5	2047.5
2065.0	2064.0	2047.5	2047.5
2064.0	2063.0	2047.5	2047.5
2064.0	2070.0	2047.5	2047.5
2069.0	2065.0	2047.5	2047.5
2063.0	2065.0	2047.5	2047.5
2063.0	2068.0	2047.5	2047.5
2063.0	2069.0	2047.5	2047.5
2064.0	2065.0	2047.5	2047.5
2066.0	2064.0	2047.5	2047.5
2066.0	2065.0	2047.5	2047.5
2064.0	2065.0	2047.5	2047.5
2062.0	2063.0	2047.5	2047.5
2064.0	2068.0	2047.5	2047.5
2062.0	2064.0	2047.5	2047.5
2064.0	2069.0	2047.5	2047.5
2064.0	2065.0	2047.5	2047.5
2063.0	2067.0	2047.5	2047.5
2064.0	2066.0	2047.5	2047.5
2064.0	2064.0	2047.5	2047.5
2064.0	2064.0	2047.5	2047.5
2064.0	2065.0	2047.5	2047.5
2065.0	2064.0	2047.5	2047.5
2064.0	2068.0	2047.5	2047.5
2064.0	2066.0	2047.5	2047.5
2064.0	2064.0	2047.5	2047.5
2064.0	2064.0	2047.5	2047.5
2064.0	2066.0	2047.5	2047.5
2066.0	2066.0	2047.5	2047.5
2065.0	2065.0	2047.5	2047.5
2063.0	2067.0	2047.5	2047.5
2064.0	2066.0	2047.5	2047.5
2065.0	2065.0	2047.5	2047.5
2065.0	2064.0	2047.5	2047.5
2064.0	2068.0	2047.5	2047.5
2066.0	2066.0	2047.5	2047.5
2065.0	2067.0	2047.5	2047.5
2065.0	2068.0	2047.5	2047.5
2065.0	2063.0	2047.5	2047.5
2063.0	2063.0	2047.5	2047.5
2064.0	2067.0	2047.5	2047.5
2063.0	2066.0	2047.5	2047.5
2064.0	2064.0	2047.5	2047.5
2064.0	2066.0	2047.5	2047.5
2064.0	2064.0	2047.5	2047.5
2063.0	2066.0	2047.5	2047.5
2064.0	2067.0	2047.5	2047.5
2064.0	2066.0	2047.5	2047.5
2064.0	2065.0	2047.5	2047.5
2064.0	2067.0	2047.5	2047.5
2065.0	2064.0	2047.5	2047.5
2064.0	2065.0	2047.5	2047.5
2064.0	2066.0	2047.5	2047.5
2065.0	2067.0	2047.5	2047.5
2069.0	2066.0	2047.5	2047.5
2066.0	2064.0	2047.5	2047.5
2061.0	2067.0	2047.5	2047.5
2065.0	2068.0	2047.5	2047.5
2065.0	2067.0	2047.5	2047.5
2065.0	2065.0	2047.5	2047.5
2063.0	2066.0	2047.5	2047.5
2064.0	2066.0	2047.5	2047.5
2064.0	2064.0	2047.5	2047.5
2066.0	2066.0	2047.5	2047.5
2064.0	2066.0	2047.5	2047.5
2064.0	2066.0	2047.5	2047.5
2064.0	2067.0	2047.5	2047.5
2064.0	2064.0	2047.5	2047.5
2063.0	2065.0	2047.5	2047.5
2067.0	2067.0	2047.5	2047.5
2066.0	2065.0	2047.5	2047.5
2065.0	2069.0	2047.5	2047.5
2064.0	2068.0	2047.5	2047.5
2069.0	2078.0	2047.5	2047.5
2065.0	2067.0	2047.5	2047.5
2064.0	2067.0	2047.5	2047.5
2064.0	2064.0	2047.5	2047.5
2064.0	2067.0	2047.5	2047.5
2065.0	2064.0	2047.5	2047.5
2064.0	2066.0	2047.5	2047.5
2064.0	2068.0	2047.5	2047.5
2065.0	2067.0	2047.5	2047.5
2065.0	2067.0	2047.5	2047.5
2063.0	2064.0	2047.5	2047.5
2064.0	2068.0	2047.5	2047.5
2064.0	2062.0	2047.5	2047.5
2063.0	2066.0	2047.5	2047.5
2064.0	2067.0	2047.5	2047.5
2065.0	2069.0	2047.5	2047.5
2064.0	2065.0	2047.5	2047.5
2065.0	2062.0	2047.5	2047.5
2064.0	2064.0	2047.5	2047.5
2062.0	2062.0	2047.5	2047.5
2066.0	2067.0	2047.5	2047.5
2064.0	2064.0	2047.5	2047.5
2064.0	2064.0	2047.5	2047.5
2067.0	2063.0	2047.5	2047.5
2064.0	2065.0	2047.5	2047.5
2065.0	2066.0	2047.5	2047.5
2065.0	2064.0	2047.5	2047.5
2064.0	2067.0	2047.5	2047.5
2065.0	2067.0	2047.5	2047.5
2064.0	2065.0	2047.5	2047.5
2063.0	2068.0	2047.5	2047.5
2065.0	2069.0	2047.5	2047.5
2067.0	2072.0	2047.5	2047.5
2066.0	2066.0	2047.5	2047.5
2067.0	2059.0	2047.5	2047.5
2066.0	2067.0	2047.5	2047.5
2062.0	2065.0	2047.5	2047.5
2065.0	2064.0	2047.5	2047.5
2063.0	2065.0	2047.5	2047.5
2064.0	2067.0	2047.5	2047.5
2065.0	2066.0	2047.5	2047.5
2065.0	2065.0	2047.5	2047.5
2064.0	2067.0	2047.5	2047.5
2066.0	2067.0	2047.5	2047.5
2065.0	2064.0	2047.5	2047.5
2066.0	2067.0	2047.5	2047.5
2064.0	2066.0	2047.5	2047.5
2065.0	2067.0	2047.5	2047.5
2063.0	2065.0	2047.5	2047.5
2068.0	2078.0	2047.5	2047.5
2064.0	2065.0	2047.5	2047.5
2061.0	2058.0	2047.5	2047.5
2065.0	2066.0	2047.5	2047.5
2063.0	2062.0	2047.5	2047.5
2064.0	2065.0	2047.5	2047.5
2063.0	2066.0	2047.5	2047.5
2065.0	2065.0	2047.5	2047.5
2062.0	2067.0	2047.5	2047.5
2066.0	2066.0	2047.5	2047.5
2063.0	2065.0	2047.5	2047.5
2064.0	2067.0	2047.5	2047.5
2064.0	2071.0	2047.5	2047.5
2067.0	2060.0	2047.5	2047.5
2063.0	2066.0	2047.5	2047.5
2068.0	2063.0	2047.5	2047.5
2064.0	2066.0	2047.5	2047.5
2065.0	2065.0	2047.5	2047.5
2064.0	2067.0	2047.5	2047.5
2065.0	2064.0	2047.5	2047.5
2064.0	2066.0	2047.5	2047.5
2065.0	2067.0	2047.5	2047.5
2064.0	2069.0	2047.5	2047.5
2065.0	2066.0	2047.5	2047.5
2065.0	2066.0	2047.5	2047.5
2064.0	2063.0	2047.5	2047.5
2066.0	2063.0	2047.5	2047.5
2065.0	2067.0	2047.5	2047.5
2064.0	2060.0	2047.5	2047.5
2064.0	2076.0	2047.5	2047.5
2064.0	2064.0	2047.5	2047.5
2064.0	2065.0	2047.5	2047.5
2064.0	2066.0	2047.5	2047.5
2064.0	2065.0	2047.5	2047.5
2064.0	2065.0	2047.5	2047.5
2064.0	2064.0	2047.5	2047.5
2065.0	2066.0	2047.5	2047.5
2064.0	2067.0	2047.5	2047.5
2062.0	2068.0	2047.5	2047.5
2064.0	2067.0	2047.5	2047.5
2066.0	2067.0	2047.5	2047.5
2065.0	2066.0	2047.5	2047.5
2067.0	2068.0	2047.5	2047.5
2067.0	2065.0	2047.5	2047.5
2063.0	2065.0	2047.5	2047.5
2063.0	2067.0	2047.5	2047.5
2064.0	2067.0	2047.5	2047.5
2065.0	2064.0	2047.5	2047.5
2062.0	2066.0	2047.5	2047.5
2064.0	2065.0	2047.5	2047.5
2064.0	2067.0	2047.5	2047.5
2063.0	2067.0	2047.5	2047.5
2064.0	2066.0	2047.5	2047.5
2063.0	2066.0	2047.5	2047.5
2066.0	2062.0	2047.5	2047.5
2064.0	2064.0	2047.5	2047.5
2067.0	2070.0	2047.5	2047.5
2064.0	2066.0	2047.5	2047.5
2063.0	2065.0	2047.5	2047.5
2066.0	2067.0	2047.5	2047.5
2064.0	2066.0	2047.5	2047.5
2065.0	2067.0	2047.5	2047.5
2063.0	2066.0	2047.5	2047.5
2065.0	2067.0	2047.5	2047.5
2064.0	2066.0	2047.5	2047.5
2064.0	2065.0	2047.5	2047.5
2065.0	2066.0	2047.5	2047.5
2066.0	2065.0	2047.5	2047.5
2064.0	2064.0	2047.5	2047.5
2067.0	2064.0	2047.5	2047.5
2063.0	2065.0	2047.5	2047.5
2064.0	2067.0	2047.5	2047.5
2065.0	2064.0	2047.5	2047.5
2064.0	2065.0	2047.5	2047.5
2065.0	2067.0	2047.5	2047.5
2065.0	2065.0	2047.5	2047.5
2065.0	2066.0	2047.5	2047.5
2065.0	2062.0	2047.5	2047.5
2065.0	2066.0	2047.5	2047.5
2066.0	2067.0	2047.5	2047.5
2064.0	2074.0	2047.5	2047.5
2064.0	2060.0	2047.5	2047.5
2062.0	2063.0	2047.5	2047.5
2063.0	2068.0	2047.5	2047.5
2064.0	2066.0	2047.5	2047.5
2064.0	2066.0	2047.5	2047.5
2064.0	2068.0	2047.5	2047.5
2063.0	2065.0	2047.5	2047.5
2064.0	2065.0	2047.5	2047.5
2064.0	2066.0	2047.5	2047.5
2064.0	2068.0	2047.5	2047.5
2064.0	2067.0	2047.5	2047.5
2064.0	2063.0	2047.5	2047.5
2070.0	2060.0	2047.5	2047.5
2064.0	2066.0	2047.5	2047.5
2064.0	2067.0	2047.5	2047.5
2064.0	2065.0	2047.5	2047.5
2065.0	2066.0	2047.5	2047.5
2063.0	2067.0	2047.5	2047.5
2064.0	2067.0	2047.5	2047.5
2066.0	2067.0	2047.5	2047.5
2064.0	2066.0	2047.5	2047.5
2062.0	2071.0	2047.5	2047.5
2064.0	2067.0	2047.5	2047.5
2067.0	2065.0	2047.5	2047.5
2064.0	2066.0	2047.5	2047.5
2064.0	2065.0	2047.5	2047.5
2064.0	2064.0	2047.5	2047.5
2064.0	2065.0	2047.5	2047.5
2065.0	2066.0	2047.5	2047.5
2063.0	2067.0	2047.5	2047.5
2064.0	2069.0	2047.5	2047.5
2066.0	2069.0	2047.5	2047.5
2064.0	2058.0	2047.5	2047.5
2064.0	2060.0	2047.5	2047.5
2067.0	2065.0	2047.5	2047.5
2064.0	2065.0	2047.5	2047.5
2063.0	2063.0	2047.5	2047.5
2064.0	2065.0	2047.5	2047.5
2064.0	2064.0	2047.5	2047.5
2063.0	2066.0	2047.5	2047.5
2064.0	2068.0	2047.5	2047.5
2064.0	2066.0	2047.5	2047.5
2064.0	2067.0	2047.5	2047.5
2065.0	2070.0	2047.5	2047.5
2064.0	2065.0	2047.5	2047.5
2068.0	2077.0	2047.5	2047.5
2064.0	2066.0	2047.5	2047.5
2064.0	2066.0	2047.5	2047.5
2065.0	2064.0	2047.5	2047.5
2064.0	2064.0	2047.5	2047.5
2063.0	2065.0	2047.5	2047.5
2064.0	2065.0	2047.5	2047.5
2065.0	2067.0	2047.5	2047.5
2064.0	2064.0	2047.5	2047.5
2064.0	2067.0	2047.5	2047.5
2064.0	2057.0	2047.5	2047.5
2067.0	2063.0	2047.5	2047.5
2065.0	2065.0	2047.5	2047.5
2065.0	2068.0	2047.5	2047.5
2065.0	2065.0	2047.5	2047.5
2063.0	2067.0	2047.5	2047.5
2064.0	2066.0	2047.5	2047.5
2064.0	2063.0	2047.5	2047.5
2063.0	2065.0	2047.5	2047.5
2064.0	2067.0	2047.5	2047.5
2065.0	2071.0	2047.5	2047.5
2065.0	2077.0	2047.5	2047.5
2064.0	2064.0	2047.5	2047.5
2064.0	2064.0	2047.5	2047.5
2064.0	2062.0	2047.5	2047.5
2065.0	2065.0	2047.5	2047.5
2065.0	2064.0	2047.5	2047.5
2065.0	2064.0	2047.5	2047.5
2064.0	2065.0	2047.5	2047.5
2063.0	2068.0	2047.5	2047.5
2065.0	2067.0	2047.5	2047.5
2064.0	2066.0	2047.5	2047.5
2064.0	2065.0	2047.5	2047.5
2064.0	2065.0	2047.5	2047.5
2063.0	2068.0	2047.5	2047.5
2067.0	2066.0	2047.5	2047.5
2063.0	2063.0	2047.5	2047.5
2064.0	2066.0	2047.5	2047.5
2064.0	2065.0	2047.5	2047.5
2066.0	2067.0	2047.5	2047.5
2064.0	2063.0	2047.5	2047.5
2063.0	2067.0	2047.5	2047.5
2064.0	2065.0	2047.5	2047.5
2064.0	2065.0	2047.5	2047.5
2066.0	2066.0	2047.5	2047.5
2064.0	2061.0	2047.5	2047.5
2065.0	2066.0	2047.5	2047.5
2060.0	2084.0	2047.5	2047.5
2065.0	2066.0	2047.5	2047.5
2065.0	2064.0	2047.5	2047.5
2067.0	2065.0	2047.5	2047.5
2063.0	2063.0	2047.5	2047.5
2064.0	2066.0	2047.5	2047.5
2063.0	2066.0	2047.5	2047.5
2066.0	2065.0	2047.5	2047.5
2064.0	2065.0	2047.5	2047.5
2064.0	2067.0	2047.5	2047.5
2065.0	2065.0	2047.5	2047.5
2063.0	2065.0	2047.5	2047.5
2063.0	2066.0	2047.5	2047.5
2063.0	2065.0	2047.5	2047.5
2063.0	2065.0	2047.5	2047.5
2065.0	2069.0	2047.5	2047.5
2064.0	2068.0	2047.5	2047.5
2064.0	2074.0	2047.5	2047.5
2067.0	2074.0	2047.5	2047.5
2065.0	2065.0	2047.5	2047.5
2066.0	2067.0	2047.5	2047.5
2064.0	2064.0	2047.5	2047.5
2067.0	2065.0	2047.5	2047.5
2063.0	2062.0	2047.5	2047.5
2065.0	2066.0	2047.5	2047.5
2062.0	2061.0	2047.5	2047.5
2065.0	2066.0	2047.5	2047.5
2063.0	2064.0	2047.5	2047.5
2067.0	2067.0	2047.5	2047.5
2064.0	2065.0	2047.5	2047.5
2064.0	2066.0	2047.5	2047.5
2064.0	2064.0	2047.5	2047.5
2066.0	2063.0	2047.5	2047.5
2063.0	2066.0	2047.5	2047.5
2067.0	2071.0	2047.5	2047.5
2064.0	2065.0	2047.5	2047.5
2064.0	2065.0	2047.5	2047.5
2064.0	2066.0	2047.5	2047.5
2064.0	2064.0	2047.5	2047.5
2064.0	2066.0	2047.5	2047.5
2063.0	2065.0	2047.5	2047.5
2065.0	2069.0	2047.5	2047.5
2065.0	2066.0	2047.5	2047.5
2063.0	2063.0	2047.5	2047.5
2067.0	2067.0	2047.5	2047.5
2065.0	2064.0	2047.5	2047.5
2064.0	2066.0	2047.5	2047.5
2065.0	2065.0	2047.5	2047.5
2064.0	2063.0	2047.5	2047.5
2065.0	2065.0	2047.5	2047.5
2061.0	2066.0	2047.5	2047.5
2065.0	2065.0	2047.5	2047.5
2063.0	2066.0	2047.5	2047.5
2064.0	2066.0	2047.5	2047.5
2065.0	2066.0	2047.5	2047.5
2066.0	2065.0	2047.5	2047.5
2065.0	2064.0	2047.5	2047.5
2070.0	2061.0	2047.5	2047.5
2065.0	2067.0	2047.5	2047.5
2064.0	2066.0	2047.5	2047.5
2065.0	2066.0	2047.5	2047.5
2067.0	2066.0	2047.5	2047.5
2063.0	2064.0	2047.5	2047.5
2065.0	2066.0	2047.5	2047.5
2065.0	2067.0	2047.5	2047.5
2065.0	2062.0	2047.5	2047.5
2066.0	2064.0	2047.5	2047.5
2064.0	2064.0	2047.5	2047.5
2065.0	2066.0	2047.5	2047.5
2064.0	2066.0	2047.5	2047.5
2064.0	2068.0	2047.5	2047.5
2066.0	2067.0	2047.5	2047.5
2063.0	2066.0	2047.5	2047.5
2065.0	2066.0	2047.5	2047.5
2064.0	2066.0	2047.5	2047.5
2063.0	2068.0	2047.5	2047.5
2065.0	2066.0	2047.5	2047.5
2065.0	2062.0	2047.5	2047.5
2063.0	2067.0	2047.5	2047.5
2064.0	2067.0	2047.5	2047.5
2058.0	2061.0	2047.5	2047.5
2064.0	2067.0	2047.5	2047.5
2064.0	2066.0	2047.5	2047.5
2064.0	2067.0	2047.5	2047.5
2065.0	2066.0	2047.5	2047.5
2062.0	2065.0	2047.5	2047.5
2065.0	2066.0	2047.5	2047.5
2073.0	2071.0	2047.5	2047.5
2065.0	2064.0	2047.5	2047.5
2064.0	2065.0	2047.5	2047.5
2063.0	2067.0	2047.5	2047.5
2065.0	2066.0	2047.5	2047.5
2064.0	2071.0	2047.5	2047.5
2064.0	2069.0	2047.5	2047.5
2073.0	2067.0	2047.5	2047.5
2064.0	2065.0	2047.5	2047.5
2064.0	2065.0	2047.5	2047.5
2064.0	2065.0	2047.5	2047.5
2064.0	2064.0	2047.5	2047.5
2064.0	2067.0	2047.5	2047.5
2063.0	2065.0	2047.5	2047.5
2063.0	2066.0	2047.5	2047.5
2066.0	2065.0	2047.5	2047.5
2063.0	2065.0	2047.5	2047.5
2064.0	2065.0	2047.5	2047.5
2064.0	2068.0	2047.5	2047.5
2062.0	2065.0	2047.5	2047.5
2066.0	2066.0	2047.5	2047.5
2064.0	2071.0	2047.5	2047.5
2064.0	2065.0	2047.5	2047.5
2064.0	2065.0	2047.5	2047.5
2064.0	2065.0	2047.5	2047.5
2064.0	2066.0	2047.5	2047.5
2064.0	2065.0	2047.5	2047.5
2064.0	2065.0	2047.5	2047.5
2064.0	2065.0	2047.5	2047.5
2066.0	2068.0	2047.5	2047.5
2063.0	2064.0	2047.5	2047.5
2066.0	2067.0	2047.5	2047.5
2064.0	2065.0	2047.5	2047.5
2065.0	2065.0	2047.5	2047.5
2063.0	2064.0	2047.5	2047.5
2065.0	2066.0	2047.5	2047.5
2064.0	2066.0	2047.5	2047.5
2064.0	2066.0	2047.5	2047.5
2064.0	2066.0	2047.5	2047.5
2064.0	2066.0	2047.5	2047.5
2066.0	2065.0	2047.5	2047.5
2065.0	2065.0	2047.5	2047.5
2059.0	2067.0	2047.5	2047.5
2065.0	2066.0	2047.5	2047.5
2063.0	2065.0	2047.5	2047.5
2064.0	2064.0	2047.5	2047.5
2065.0	2066.0	2047.5	2047.5
2064.0	2068.0	2047.5	2047.5
2065.0	2065.0	2047.5	2047.5
2065.0	2067.0	2047.5	2047.5
2064.0	2064.0	2047.5	2047.5
2064.0	2063.0	2047.5	2047.5
2063.0	2063.0	2047.5	2047.5
2066.0	2066.0	2047.5	2047.5
2064.0	2067.0	2047.5	2047.5
2066.0	2067.0	2047.5	2047.5
2062.0	2067.0	2047.5	2047.5
2064.0	2066.0	2047.5	2047.5
2066.0	2067.0	2047.5	2047.5
2063.0	2064.0	2047.5	2047.5
2064.0	2068.0	2047.5	2047.5
2068.0	2067.0	2047.5	2047.5
2064.0	2067.0	2047.5	2047.5
2064.0	2065.0	2047.5	2047.5
2065.0	2066.0	2047.5	2047.5
2064.0	2066.0	2047.5	2047.5
2067.0	2064.0	2047.5	2047.5
2064.0	2066.0	2047.5	2047.5
2064.0	2064.0	2047.5	2047.5
2064.0	2067.0	2047.5	2047.5
2063.0	2066.0	2047.5	2047.5
2064.0	2068.0	2047.5	2047.5
2064.0	2066.0	2047.5	2047.5
2065.0	2064.0	2047.5	2047.5
2065.0	2063.0	2047.5	2047.5
2064.0	2065.0	2047.5	2047.5
2064.0	2064.0	2047.5	2047.5
2064.0	2065.0	2047.5	2047.5
2063.0	2070.0	2047.5	2047.5
2064.0	2066.0	2047.5	2047.5
2067.0	2059.0	2047.5	2047.5
2063.0	2065.0	2047.5	2047.5
2065.0	2066.0	2047.5	2047.5
2065.0	2065.0	2047.5	2047.5
2063.0	2067.0	2047.5	2047.5
2062.0	2067.0	2047.5	2047.5
2064.0	2066.0	2047.5	2047.5
2059.0	2066.0	2047.5	2047.5
2065.0	2068.0	2047.5	2047.5
2064.0	2068.0	2047.5	2047.5
2064.0	2065.0	2047.5	2047.5
2063.0	2065.0	2047.5	2047.5
2068.0	2067.0	2047.5	2047.5
2064.0	2064.0	2047.5	2047.5
2064.0	2064.0	2047.5	2047.5
2064.0	2066.0	2047.5	2047.5
2064.0	2066.0	2047.5	2047.5
2063.0	2066.0	2047.5	2047.5
2063.0	2066.0	2047.5	2047.5
2068.0	2060.0	2047.5	2047.5
2067.0	2066.0	2047.5	2047.5
2063.0	2066.0	2047.5	2047.5
2064.0	2067.0	2047.5	2047.5
2064.0	2068.0	2047.5	2047.5
2063.0	2060.0	2047.5	2047.5
2063.0	2072.0	2047.5	2047.5
2064.0	2065.0	2047.5	2047.5
2064.0	2066.0	2047.5	2047.5
2065.0	2065.0	2047.5	2047.5
2064.0	2068.0	2047.5	2047.5
2065.0	2064.0	2047.5	2047.5
2063.0	2070.0	2047.5	2047.5
2065.0	2067.0	2047.5	2047.5
2064.0	2065.0	2047.5	2047.5
2063.0	2064.0	2047.5	2047.5
2065.0	2068.0	2047.5	2047.5
2065.0	2065.0	2047.5	2047.5
2064.0	2064.0	2047.5	2047.5
2064.0	2066.0	2047.5	2047.5
2065.0	2066.0	2047.5	2047.5
2064.0	2065.0	2047.5	2047.5
2063.0	2065.0	2047.5	2047.5
2065.0	2066.0	2047.5	2047.5
2068.0	2061.0	2047.5	2047.5
2064.0	2066.0	2047.5	2047.5
2064.0	2064.0	2047.5	2047.5
2064.0	2066.0	2047.5	2047.5
2065.0	2067.0	2047.5	2047.5
2065.0	2066.0	2047.5	2047.5
2065.0	2062.0	2047.5	2047.5
2066.0	2064.0	2047.5	2047.5
2066.0	2068.0	2047.5	2047.5
2067.0	2066.0	2047.5	2047.5
2065.0	2066.0	2047.5	2047.5
2064.0	2067.0	2047.5	2047.5
2060.0	2064.0	2047.5	2047.5
2064.0	2066.0	2047.5	2047.5
2063.0	2066.0	2047.5	2047.5
2064.0	2069.0	2047.5	2047.5
2064.0	2066.0	2047.5	2047.5
2069.0	2075.0	2047.5	2047.5
2065.0	2064.0	2047.5	2047.5
2063.0	2065.0	2047.5	2047.5
2064.0	2065.0	2047.5	2047.5
2064.0	2070.0	2047.5	2047.5
2065.0	2068.0	2047.5	2047.5
2064.0	2066.0	2047.5	2047.5
2066.0	2066.0	2047.5	2047.5
2064.0	2064.0	2047.5	2047.5
2065.0	2065.0	2047.5	2047.5
2065.0	2066.0	2047.5	2047.5
2064.0	2065.0	2047.5	2047.5
2058.0	2066.0	2047.5	2047.5
2066.0	2066.0	2047.5	2047.5
2064.0	2065.0	2047.5	2047.5
2064.0	2064.0	2047.5	2047.5
2065.0	2066.0	2047.5	2047.5
2065.0	2067.0	2047.5	2047.5
2067.0	2068.0	2047.5	2047.5
2063.0	2065.0	2047.5	2047.5
2064.0	2067.0	2047.5	2047.5
2064.0	2064.0	2047.5	2047.5
2062.0	2071.0	2047.5	2047.5
2065.0	2064.0	2047.5	2047.5
2063.0	2064.0	2047.5	2047.5
2064.0	2067.0	2047.5	2047.5
2065.0	2066.0	2047.5	2047.5
2067.0	2064.0	2047.5	2047.5
2064.0	2064.0	2047.5	2047.5
2064.0	2067.0	2047.5	2047.5
2063.0	2065.0	2047.5	2047.5
2064.0	2065.0	2047.5	2047.5
2066.0	2066.0	2047.5	2047.5
2063.0	2066.0	2047.5	2047.5
2067.0	2065.0	2047.5	2047.5
2067.0	2069.0	2047.5	2047.5
2064.0	2066.0	2047.5	2047.5
2064.0	2066.0	2047.5	2047.5
2064.0	2072.0	2047.5	2047.5
2065.0	2068.0	2047.5	2047.5
2065.0	2065.0	2047.5	2047.5
2064.0	2066.0	2047.5	2047.5
2064.0	2065.0	2047.5	2047.5
2065.0	2066.0	2047.5	2047.5
2065.0	2065.0	2047.5	2047.5
2064.0	2065.0	2047.5	2047.5
2064.0	2065.0	2047.5	2047.5
2064.0	2066.0	2047.5	2047.5
2065.0	2066.0	2047.5	2047.5
2062.0	2071.0	2047.5	2047.5
2064.0	2067.0	2047.5	2047.5
2064.0	2068.0	2047.5	2047.5
2064.0	2067.0	2047.5	2047.5
2065.0	2064.0	2047.5	2047.5
2063.0	2065.0	2047.5	2047.5
2064.0	2067.0	2047.5	2047.5
2061.0	2062.0	2047.5	2047.5
2064.0	2067.0	2047.5	2047.5
2064.0	2065.0	2047.5	2047.5
2064.0	2067.0	2047.5	2047.5
2064.0	2065.0	2047.5	2047.5
2068.0	2064.0	2047.5	2047.5
2066.0	2065.0	2047.5	2047.5
2064.0	2065.0	2047.5	2047.5
2064.0	2067.0	2047.5	2047.5
2065.0	2065.0	2047.5	2047.5
2065.0	2066.0	2047.5	2047.5
2064.0	2066.0	2047.5	2047.5
2066.0	2069.0	2047.5	2047.5
2064.0	2065.0	2047.5	2047.5
2064.0	2070.0	2047.5	2047.5
2063.0	2060.0	2047.5	2047.5
2064.0	2066.0	2047.5	2047.5
2065.0	2067.0	2047.5	2047.5
2065.0	2065.0	2047.5	2047.5
2066.0	2066.0	2047.5	2047.5
2062.0	2068.0	2047.5	2047.5
2064.0	2065.0	2047.5	2047.5
2065.0	2063.0	2047.5	2047.5
2064.0	2065.0	2047.5	2047.5
2064.0	2064.0	2047.5	2047.5
2064.0	2067.0	2047.5	2047.5
2065.0	2066.0	2047.5	2047.5
2063.0	2066.0	2047.5	2047.5
2064.0	2065.0	2047.5	2047.5
2064.0	2065.0	2047.5	2047.5
2064.0	2065.0	2047.5	2047.5
2064.0	2067.0	2047.5	2047.5
2062.0	2066.0	2047.5	2047.5
2063.0	2065.0	2047.5	2047.5
2064.0	2066.0	2047.5	2047.5
2065.0	2065.0	2047.5	2047.5
2064.0	2065.0	2047.5	2047.5
2068.0	2073.0	2047.5	2047.5
2063.0	2066.0	2047.5	2047.5
2067.0	2067.0	2047.5	2047.5
2066.0	2067.0	2047.5	2047.5
2064.0	2066.0	2047.5	2047.5
2069.0	2081.0	2047.5	2047.5
2067.0	2065.0	2047.5	2047.5
2065.0	2066.0	2047.5	2047.5
2063.0	2065.0	2047.5	2047.5
2064.0	2064.0	2047.5	2047.5
2067.0	2061.0	2047.5	2047.5
2064.0	2066.0	2047.5	2047.5
2064.0	2066.0	2047.5	2047.5
2066.0	2068.0	2047.5	2047.5
2065.0	2064.0	2047.5	2047.5
2061.0	2068.0	2047.5	2047.5
2066.0	2066.0	2047.5	2047.5
2066.0	2066.0	2047.5	2047.5
2064.0	2067.0	2047.5	2047.5
2063.0	2066.0	2047.5	2047.5
2066.0	2059.0	2047.5	2047.5
2063.0	2066.0	2047.5	2047.5
2063.0	2066.0	2047.5	2047.5
2063.0	2066.0	2047.5	2047.5
2065.0	2066.0	2047.5	2047.5
2061.0	2064.0	2047.5	2047.5
2063.0	2069.0	2047.5	2047.5
2063.0	2066.0	2047.5	2047.5
2067.0	2068.0	2047.5	2047.5
2066.0	2065.0	2047.5	2047.5
2064.0	2075.0	2047.5	2047.5
2064.0	2064.0	2047.5	2047.5
2065.0	2065.0	2047.5	2047.5
2065.0	2067.0	2047.5	2047.5
2063.0	2065.0	2047.5	2047.5
2061.0	2068.0	2047.5	2047.5
2065.0	2066.0	2047.5	2047.5
2063.0	2063.0	2047.5	2047.5
2064.0	2067.0	2047.5	2047.5
2064.0	2070.0	2047.5	2047.5
2065.0	2069.0	2047.5	2047.5
2064.0	2066.0	2047.5	2047.5
2065.0	2062.0	2047.5	2047.5
2063.0	2064.0	2047.5	2047.5
2064.0	2067.0	2047.5	2047.5
2062.0	2066.0	2047.5	2047.5
2065.0	2067.0	2047.5	2047.5
2066.0	2065.0	2047.5	2047.5
2065.0	2064.0	2047.5	2047.5
2066.0	2064.0	2047.5	2047.5
2065.0	2071.0	2047.5	2047.5
2064.0	2066.0	2047.5	2047.5
2064.0	2065.0	2047.5	2047.5
2065.0	2066.0	2047.5	2047.5
2064.0	2065.0	2047.5	2047.5
2069.0	2080.0	2047.5	2047.5
2063.0	2063.0	2047.5	2047.5
2064.0	2066.0	2047.5	2047.5
2064.0	2066.0	2047.5	2047.5
2065.0	2066.0	2047.5	2047.5
2063.0	2068.0	2047.5	2047.5
2063.0	2064.0	2047.5	2047.5
2065.0	2069.0	2047.5	2047.5
2065.0	2066.0	2047.5	2047.5
2064.0	2066.0	2047.5	2047.5
2063.0	2063.0	2047.5	2047.5
2065.0	2067.0	2047.5	2047.5
2063.0	2065.0	2047.5	2047.5
2064.0	2067.0	2047.5	2047.5
2064.0	2071.0	2047.5	2047.5
2066.0	2066.0	2047.5	2047.5
2064.0	2064.0	2047.5	2047.5
2064.0	2065.0	2047.5	2047.5
2062.0	2071.0	2047.5	2047.5
2065.0	2066.0	2047.5	2047.5
2066.0	2064.0	2047.5	2047.5
2064.0	2066.0	2047.5	2047.5
2066.0	2066.0	2047.5	2047.5
2064.0	2068.0	2047.5	2047.5
2065.0	2066.0	2047.5	2047.5
2065.0	2070.0	2047.5	2047.5
2065.0	2065.0	2047.5	2047.5
2065.0	2069.0	2047.5	2047.5
2063.0	2065.0	2047.5	2047.5
2063.0	2065.0	2047.5	2047.5
2064.0	2065.0	2047.5	2047.5
2064.0	2067.0	2047.5	2047.5
2067.0	2065.0	2047.5	2047.5
2061.0	2065.0	2047.5	2047.5
2064.0	2066.0	2047.5	2047.5
2066.0	2065.0	2047.5	2047.5
2068.0	2064.0	2047.5	2047.5
2064.0	2066.0	2047.5	2047.5
2063.0	2065.0	2047.5	2047.5
2064.0	2065.0	2047.5	2047.5
2064.0	2063.0	2047.5	2047.5
2063.0	2061.0	2047.5	2047.5
2063.0	2064.0	2047.5	2047.5
2064.0	2066.0	2047.5	2047.5
2066.0	2067.0	2047.5	2047.5
2065.0	2064.0	2047.5	2047.5
2069.0	2081.0	2047.5	2047.5
2066.0	2065.0	2047.5	2047.5
2063.0	2066.0	2047.5	2047.5
2063.0	2063.0	2047.5	2047.5
2064.0	2064.0	2047.5	2047.5
2062.0	2067.0	2047.5	2047.5
2064.0	2067.0	2047.5	2047.5
2063.0	2068.0	2047.5	2047.5
2064.0	2065.0	2047.5	2047.5
2065.0	2065.0	2047.5	2047.5
2066.0	2064.0	2047.5	2047.5
2064.0	2065.0	2047.5	2047.5
2064.0	2068.0	2047.5	2047.5
2066.0	2069.0	2047.5	2047.5
2065.0	2063.0	2047.5	2047.5
2064.0	2065.0	2047.5	2047.5
2066.0	2069.0	2047.5	2047.5
2064.0	2066.0	2047.5	2047.5
2059.0	2068.0	2047.5	2047.5
2064.0	2066.0	2047.5	2047.5
2065.0	2068.0	2047.5	2047.5
2066.0	2063.0	2047.5	2047.5
2064.0	2068.0	2047.5	2047.5
2064.0	2065.0	2047.5	2047.5
2064.0	2066.0	2047.5	2047.5
2065.0	2067.0	2047.5	2047.5
2069.0	2067.0	2047.5	2047.5
2065.0	2065.0	2047.5	2047.5
2064.0	2065.0	2047.5	2047.5
2064.0	2065.0	2047.5	2047.5
2066.0	2066.0	2047.5	2047.5
2060.0	2062.0	2047.5	2047.5
2065.0	2067.0	2047.5	2047.5
2064.0	2065.0	2047.5	2047.5
2064.0	2067.0	2047.5	2047.5
2067.0	2064.0	2047.5	2047.5
2063.0	2065.0	2047.5	2047.5
2064.0	2069.0	2047.5	2047.5
2064.0	2065.0	2047.5	2047.5
2071.0	2078.0	2047.5	2047.5
2064.0	2066.0	2047.5	2047.5
2064.0	2065.0	2047.5	2047.5
2063.0	2072.0	2047.5	2047.5
2065.0	2066.0	2047.5	2047.5
2065.0	2067.0	2047.5	2047.5
2064.0	2065.0	2047.5	2047.5
2063.0	2065.0	2047.5	2047.5
2066.0	2062.0	2047.5	2047.5
2065.0	2066.0	2047.5	2047.5
2063.0	2067.0	2047.5	2047.5
2063.0	2063.0	2047.5	2047.5
2065.0	2066.0	2047.5	2047.5
2064.0	2064.0	2047.5	2047.5
2064.0	2063.0	2047.5	2047.5
2064.0	2063.0	2047.5	2047.5
2063.0	2059.0	2047.5	2047.5
2066.0	2065.0	2047.5	2047.5
2063.0	2066.0	2047.5	2047.5
2066.0	2065.0	2047.5	2047.5
2065.0	2065.0	2047.5	2047.5
2063.0	2066.0	2047.5	2047.5
2063.0	2065.0	2047.5	2047.5
2063.0	2062.0	2047.5	2047.5
2065.0	2064.0	2047.5	2047.5
2065.0	2064.0	2047.5	2047.5
2064.0	2065.0	2047.5	2047.5
2064.0	2064.0	2047.5	2047.5
2064.0	2065.0	2047.5	2047.5
2066.0	2061.0	2047.5	2047.5
2066.0	2067.0	2047.5	2047.5
2066.0	2067.0	2047.5	2047.5
2062.0	2066.0	2047.5	2047.5
2064.0	2068.0	2047.5	2047.5
2066.0	2067.0	2047.5	2047.5
2063.0	2060.0	2047.5	2047.5
2064.0	2067.0	2047.5	2047.5
2062.0	2066.0	2047.5	2047.5
2067.0	2065.0	2047.5	2047.5
2065.0	2065.0	2047.5	2047.5
2067.0	2061.0	2047.5	2047.5
2066.0	2065.0	2047.5	2047.5
2065.0	2064.0	2047.5	2047.5
2065.0	2064.0	2047.5	2047.5
2064.0	2066.0	2047.5	2047.5
2063.0	2065.0	2047.5	2047.5
2064.0	2066.0	2047.5	2047.5
2064.0	2067.0	2047.5	2047.5
2068.0	2069.0	2047.5	2047.5
2064.0	2065.0	2047.5	2047.5
2066.0	2068.0	2047.5	2047.5
2063.0	2063.0	2047.5	2047.5
2067.0	2066.0	2047.5	2047.5
2063.0	2065.0	2047.5	2047.5
2066.0	2065.0	2047.5	2047.5
2064.0	2064.0	2047.5	2047.5
2059.0	2067.0	2047.5	2047.5
2064.0	2064.0	2047.5	2047.5
2065.0	2067.0	2047.5	2047.5
2064.0	2070.0	2047.5	2047.5
2064.0	2064.0	2047.5	2047.5
2065.0	2065.0	2047.5	2047.5
2063.0	2067.0	2047.5	2047.5
2064.0	2066.0	2047.5	2047.5
2063.0	2064.0	2047.5	2047.5
2064.0	2065.0	2047.5	2047.5
2063.0	2064.0	2047.5	2047.5
2062.0	2071.0	2047.5	2047.5
2064.0	2068.0	2047.5	2047.5
2065.0	2066.0	2047.5	2047.5
2063.0	2067.0	2047.5	2047.5
2066.0	2067.0	2047.5	2047.5
2065.0	2064.0	2047.5	2047.5
2064.0	2065.0	2047.5	2047.5
2063.0	2064.0	2047.5	2047.5
2064.0	2065.0	2047.5	2047.5
2066.0	2068.0	2047.5	2047.5
2064.0	2067.0	2047.5	2047.5
2063.0	2065.0	2047.5	2047.5
2064.0	2065.0	2047.5	2047.5
2063.0	2066.0	2047.5	2047.5
2064.0	2066.0	2047.5	2047.5
2064.0	2070.0	2047.5	2047.5
2062.0	2067.0	2047.5	2047.5
2065.0	2066.0	2047.5	2047.5
2067.0	2066.0	2047.5	2047.5
2066.0	2061.0	2047.5	2047.5
2064.0	2065.0	2047.5	2047.5
2064.0	2067.0	2047.5	2047.5
2062.0	2068.0	2047.5	2047.5
2065.0	2067.0	2047.5	2047.5
2065.0	2067.0	2047.5	2047.5
2064.0	2066.0	2047.5	2047.5
2066.0	2066.0	2047.5	2047.5
2065.0	2062.0	2047.5	2047.5
2064.0	2065.0	2047.5	2047.5
2065.0	2067.0	2047.5	2047.5
2063.0	2064.0	2047.5	2047.5
2065.0	2065.0	2047.5	2047.5
2064.0	2065.0	2047.5	2047.5
2064.0	2064.0	2047.5	2047.5
2064.0	2062.0	2047.5	2047.5
2064.0	2068.0	2047.5	2047.5
2066.0	2067.0	2047.5	2047.5
2067.0	2067.0	2047.5	2047.5
2071.0	2066.0	2047.5	2047.5
2066.0	2067.0	2047.5	2047.5
2064.0	2066.0	2047.5	2047.5
2065.0	2069.0	2047.5	2047.5
2066.0	2065.0	2047.5	2047.5
2065.0	2065.0	2047.5	2047.5
2064.0	2065.0	2047.5	2047.5
2064.0	2067.0	2047.5	2047.5
2059.0	2066.0	2047.5	2047.5
2065.0	2065.0	2047.5	2047.5
2064.0	2065.0	2047.5	2047.5
2065.0	2070.0	2047.5	2047.5
2065.0	2066.0	2047.5	2047.5
2066.0	2065.0	2047.5	2047.5
2064.0	2072.0	2047.5	2047.5
2065.0	2066.0	2047.5	2047.5
2064.0	2065.0	2047.5	2047.5
2067.0	2065.0	2047.5	2047.5
2065.0	2064.0	2047.5	2047.5
2064.0	2061.0	2047.5	2047.5
2065.0	2063.0	2047.5	2047.5
2065.0	2062.0	2047.5	2047.5
2062.0	2065.0	2047.5	2047.5
2065.0	2065.0	2047.5	2047.5
2064.0	2065.0	2047.5	2047.5
2065.0	2064.0	2047.5	2047.5
2064.0	2063.0	2047.5	2047.5
2064.0	2065.0	2047.5	2047.5
2064.0	2066.0	2047.5	2047.5
2064.0	2072.0	2047.5	2047.5
2076.0	2065.0	2047.5	2047.5
2065.0	2066.0	2047.5	2047.5
2065.0	2069.0	2047.5	2047.5
2065.0	2066.0	2047.5	2047.5
2064.0	2066.0	2047.5	2047.5
2064.0	2064.0	2047.5	2047.5
2064.0	2066.0	2047.5	2047.5
2066.0	2066.0	2047.5	2047.5
2063.0	2064.0	2047.5	2047.5
2064.0	2067.0	2047.5	2047.5
2064.0	2066.0	2047.5	2047.5
2065.0	2060.0	2047.5	2047.5
2064.0	2067.0	2047.5	2047.5
2065.0	2066.0	2047.5	2047.5
2060.0	2083.0	2047.5	2047.5
2064.0	2067.0	2047.5	2047.5
2065.0	2067.0	2047.5	2047.5
2066.0	2068.0	2047.5	2047.5
2064.0	2066.0	2047.5	2047.5
2064.0	2067.0	2047.5	2047.5
2064.0	2066.0	2047.5	2047.5
2064.0	2068.0	2047.5	2047.5
2063.0	2064.0	2047.5	2047.5
2064.0	2066.0	2047.5	2047.5
2066.0	2068.0	2047.5	2047.5
2064.0	2066.0	2047.5	2047.5
2066.0	2065.0	2047.5	2047.5
2064.0	2066.0	2047.5	2047.5
2065.0	2066.0	2047.5	2047.5
2065.0	2066.0	2047.5	2047.5
2065.0	2067.0	2047.5	2047.5
2063.0	2068.0	2047.5	2047.5
2064.0	2065.0	2047.5	2047.5
2064.0	2066.0	2047.5	2047.5
2064.0	2067.0	2047.5	2047.5
2064.0	2069.0	2047.5	2047.5
2062.0	2068.0	2047.5	2047.5
2062.0	2064.0	2047.5	2047.5
2065.0	2063.0	2047.5	2047.5
2071.0	2081.0	2047.5	2047.5
2065.0	2066.0	2047.5	2047.5
2066.0	2065.0	2047.5	2047.5
2063.0	2063.0	2047.5	2047.5
2065.0	2068.0	2047.5	2047.5
2065.0	2068.0	2047.5	2047.5
2067.0	2066.0	2047.5	2047.5
2064.0	2065.0	2047.5	2047.5
2064.0	2066.0	2047.5	2047.5
2065.0	2065.0	2047.5	2047.5
2064.0	2065.0	2047.5	2047.5
2059.0	2067.0	2047.5	2047.5
2064.0	2065.0	2047.5	2047.5
2064.0	2063.0	2047.5	2047.5
2065.0	2068.0	2047.5	2047.5
2064.0	2065.0	2047.5	2047.5
2064.0	2063.0	2047.5	2047.5
2062.0	2070.0	2047.5	2047.5
2064.0	2068.0	2047.5	2047.5
2064.0	2066.0	2047.5	2047.5
2066.0	2066.0	2047.5	2047.5
2064.0	2066.0	2047.5	2047.5
2065.0	2063.0	2047.5	2047.5
2064.0	2064.0	2047.5	2047.5
2064.0	2066.0	2047.5	2047.5
2062.0	2068.0	2047.5	2047.5
2065.0	2068.0	2047.5	2047.5
2064.0	2064.0	2047.5	2047.5
2071.0	2082.0	2047.5	2047.5
2065.0	2064.0	2047.5	2047.5
2064.0	2066.0	2047.5	2047.5
2066.0	2066.0	2047.5	2047.5
2064.0	2066.0	2047.5	2047.5
2064.0	2064.0	2047.5	2047.5
2065.0	2068.0	2047.5	2047.5
2064.0	2066.0	2047.5	2047.5
2065.0	2066.0	2047.5	2047.5
2066.0	2067.0	2047.5	2047.5
2067.0	2065.0	2047.5	2047.5
2066.0	2063.0	2047.5	2047.5
2065.0	2065.0	2047.5	2047.5
2064.0	2066.0	2047.5	2047.5
2059.0	2067.0	2047.5	2047.5
2064.0	2067.0	2047.5	2047.5
2066.0	2065.0	2047.5	2047.5
2066.0	2068.0	2047.5	2047.5
2064.0	2067.0	2047.5	2047.5
2064.0	2063.0	2047.5	2047.5
2066.0	2070.0	2047.5	2047.5
2064.0	2068.0	2047.5	2047.5
2065.0	2066.0	2047.5	2047.5
2067.0	2065.0	2047.5	2047.5
2065.0	2067.0	2047.5	2047.5
2064.0	2067.0	2047.5	2047.5
2064.0	2066.0	2047.5	2047.5
2064.0	2064.0	2047.5	2047.5
2065.0	2066.0	2047.5	2047.5
2066.0	2066.0	2047.5	2047.5
2063.0	2066.0	2047.5	2047.5
2061.0	2065.0	2047.5	2047.5
2067.0	2066.0	2047.5	2047.5
2064.0	2065.0	2047.5	2047.5
2068.0	2074.0	2047.5	2047.5
2065.0	2066.0	2047.5	2047.5
2065.0	2066.0	2047.5	2047.5
2061.0	2064.0	2047.5	2047.5
2064.0	2067.0	2047.5	2047.5
2064.0	2067.0	2047.5	2047.5
2062.0	2067.0	2047.5	2047.5
2064.0	2066.0	2047.5	2047.5
2063.0	2066.0	2047.5	2047.5
2063.0	2065.0	2047.5	2047.5
2064.0	2067.0	2047.5	2047.5
2066.0	2067.0	2047.5	2047.5
2064.0	2067.0	2047.5	2047.5
2064.0	2066.0	2047.5	2047.5
2062.0	2065.0	2047.5	2047.5
2066.0	2065.0	2047.5	2047.5
2064.0	2066.0	2047.5	2047.5
2060.0	2064.0	2047.5	2047.5
2063.0	2067.0	2047.5	2047.5
2064.0	2067.0	2047.5	2047.5
2063.0	2061.0	2047.5	2047.5
2063.0	2065.0	2047.5	2047.5
2065.0	2065.0	2047.5	2047.5
2065.0	2065.0	2047.5	2047.5
2064.0	2065.0	2047.5	2047.5
2064.0	2066.0	2047.5	2047.5
2064.0	2065.0	2047.5	2047.5
2064.0	2065.0	2047.5	2047.5
2065.0	2066.0	2047.5	2047.5
2064.0	2063.0	2047.5	2047.5
2064.0	2074.0	2047.5	2047.5
2063.0	2065.0	2047.5	2047.5
2064.0	2066.0	2047.5	2047.5
2065.0	2065.0	2047.5	2047.5
2064.0	2067.0	2047.5	2047.5
2064.0	2066.0	2047.5	2047.5
2065.0	2065.0	2047.5	2047.5
2062.0	2065.0	2047.5	2047.5
2064.0	2067.0	2047.5	2047.5
2064.0	2067.0	2047.5	2047.5
2067.0	2061.0	2047.5	2047.5
2064.0	2065.0	2047.5	2047.5
2064.0	2061.0	2047.5	2047.5
2073.0	2068.0	2047.5	2047.5
2066.0	2064.0	2047.5	2047.5
2064.0	2066.0	2047.5	2047.5
2063.0	2061.0	2047.5	2047.5
2064.0	2066.0	2047.5	2047.5
2064.0	2068.0	2047.5	2047.5
2063.0	2069.0	2047.5	2047.5
2066.0	2064.0	2047.5	2047.5
2063.0	2066.0	2047.5	2047.5
2063.0	2067.0	2047.5	2047.5
2064.0	2065.0	2047.5	2047.5
2063.0	2065.0	2047.5	2047.5
2063.0	2065.0	2047.5	2047.5
2066.0	2067.0	2047.5	2047.5
2065.0	2064.0	2047.5	2047.5
2063.0	2063.0	2047.5	2047.5
2064.0	2064.0	2047.5	2047.5
2063.0	2065.0	2047.5	2047.5
2065.0	2067.0	2047.5	2047.5
2064.0	2064.0	2047.5	2047.5
2064.0	2064.0	2047.5	2047.5
2065.0	2067.0	2047.5	2047.5
2066.0	2064.0	2047.5	2047.5
2062.0	2065.0	2047.5	2047.5
2065.0	2066.0	2047.5	2047.5
2065.0	2067.0	2047.5	2047.5
2078.0	2067.0	2047.5	2047.5
2065.0	2063.0	2047.5	2047.5
2064.0	2064.0	2047.5	2047.5
2068.0	2071.0	2047.5	2047.5
2064.0	2066.0	2047.5	2047.5
2066.0	2068.0	2047.5	2047.5
2066.0	2066.0	2047.5	2047.5
2066.0	2063.0	2047.5	2047.5
2065.0	2065.0	2047.5	2047.5
2063.0	2070.0	2047.5	2047.5
2065.0	2067.0	2047.5	2047.5
2067.0	2067.0	2047.5	2047.5
2064.0	2064.0	2047.5	2047.5
2064.0	2068.0	2047.5	2047.5
2063.0	2065.0	2047.5	2047.5
2063.0	2064.0	2047.5	2047.5
2064.0	2065.0	2047.5	2047.5
2063.0	2064.0	2047.5	2047.5
2065.0	2063.0	2047.5	2047.5
2065.0	2064.0	2047.5	2047.5
2064.0	2068.0	2047.5	2047.5
2064.0	2067.0	2047.5	2047.5
2064.0	2081.0	2047.5	2047.5
2066.0	2067.0	2047.5	2047.5
2063.0	2066.0	2047.5	2047.5
2064.0	2066.0	2047.5	2047.5
2063.0	2064.0	2047.5	2047.5
2064.0	2068.0	2047.5	2047.5
2065.0	2066.0	2047.5	2047.5
2063.0	2067.0	2047.5	2047.5
2065.0	2066.0	2047.5	2047.5
2065.0	2068.0	2047.5	2047.5
2064.0	2064.0	2047.5	2047.5
2064.0	2065.0	2047.5	2047.5
2065.0	2066.0	2047.5	2047.5
2063.0	2065.0	2047.5	2047.5
2064.0	2064.0	2047.5	2047.5
2063.0	2065.0	2047.5	2047.5
2062.0	2063.0	2047.5	2047.5
2063.0	2064.0	2047.5	2047.5
2065.0	2067.0	2047.5	2047.5
2067.0	2070.0	2047.5	2047.5
2066.0	2066.0	2047.5	2047.5
2064.0	2066.0	2047.5	2047.5
2068.0	2068.0	2047.5	2047.5
2064.0	2067.0	2047.5	2047.5
2065.0	2067.0	2047.5	2047.5
2067.0	2066.0	2047.5	2047.5
2064.0	2065.0	2047.5	2047.5
2065.0	2067.0	2047.5	2047.5
2072.0	2071.0	2047.5	2047.5
2064.0	2064.0	2047.5	2047.5
2064.0	2069.0	2047.5	2047.5
2068.0	2068.0	2047.5	2047.5
2064.0	2067.0	2047.5	2047.5
2064.0	2064.0	2047.5	2047.5
2072.0	2064.0	2047.5	2047.5
2063.0	2067.0	2047.5	2047.5
2064.0	2068.0	2047.5	2047.5
2063.0	2066.0	2047.5	2047.5
2065.0	2066.0	2047.5	2047.5
2066.0	2066.0	2047.5	2047.5
2060.0	2083.0	2047.5	2047.5
2064.0	2065.0	2047.5	2047.5
2064.0	2066.0	2047.5	2047.5
2060.0	2063.0	2047.5	2047.5
2064.0	2068.0	2047.5	2047.5
2063.0	2068.0	2047.5	2047.5
2068.0	2059.0	2047.5	2047.5
2064.0	2064.0	2047.5	2047.5
2064.0	2064.0	2047.5	2047.5
2067.0	2067.0	2047.5	2047.5
2064.0	2066.0	2047.5	2047.5
2065.0	2066.0	2047.5	2047.5
2064.0	2079.0	2047.5	2047.5
2065.0	2065.0	2047.5	2047.5
2067.0	2068.0	2047.5	2047.5
2074.0	2065.0	2047.5	2047.5
2064.0	2065.0	2047.5	2047.5
2063.0	2066.0	2047.5	2047.5
2069.0	2077.0	2047.5	2047.5
2064.0	2069.0	2047.5	2047.5
2064.0	2063.0	2047.5	2047.5
2067.0	2058.0	2047.5	2047.5
2065.0	2065.0	2047.5	2047.5
2065.0	2061.0	2047.5	2047.5
2069.0	2068.0	2047.5	2047.5
2066.0	2064.0	2047.5	2047.5
2067.0	2067.0	2047.5	2047.5
2068.0	2083.0	2047.5	2047.5
2065.0	2066.0	2047.5	2047.5
2065.0	2065.0	2047.5	2047.5
2065.0	2068.0	2047.5	2047.5
2064.0	2066.0	2047.5	2047.5
2064.0	2065.0	2047.5	2047.5
2064.0	2067.0	2047.5	2047.5
2063.0	2066.0	2047.5	2047.5
2063.0	2065.0	2047.5	2047.5
2062.0	2065.0	2047.5	2047.5
2064.0	2067.0	2047.5	2047.5
2066.0	2067.0	2047.5	2047.5
2062.0	2065.0	2047.5	2047.5
2064.0	2065.0	2047.5	2047.5
2065.0	2067.0	2047.5	2047.5
2065.0	2069.0	2047.5	2047.5
2064.0	2066.0	2047.5	2047.5
2063.0	2065.0	2047.5	2047.5
2065.0	2065.0	2047.5	2047.5
2064.0	2065.0	2047.5	2047.5
2063.0	2066.0	2047.5	2047.5
2064.0	2064.0	2047.5	2047.5
2064.0	2065.0	2047.5	2047.5
2066.0	2067.0	2047.5	2047.5
2067.0	2065.0	2047.5	2047.5
2065.0	2068.0	2047.5	2047.5
2065.0	2061.0	2047.5	2047.5
2064.0	2065.0	2047.5	2047.5
2064.0	2067.0	2047.5	2047.5
2064.0	2064.0	2047.5	2047.5
2065.0	2065.0	2047.5	2047.5
2063.0	2070.0	2047.5	2047.5
2064.0	2066.0	2047.5	2047.5
2065.0	2066.0	2047.5	2047.5
2065.0	2067.0	2047.5	2047.5
2064.0	2065.0	2047.5	2047.5
2067.0	2065.0	2047.5	2047.5
2063.0	2070.0	2047.5	2047.5
2064.0	2066.0	2047.5	2047.5
2063.0	2064.0	2047.5	2047.5
2064.0	2069.0	2047.5	2047.5
2064.0	2066.0	2047.5	2047.5
2064.0	2067.0	2047.5	2047.5
2065.0	2065.0	2047.5	2047.5
2064.0	2064.0	2047.5	2047.5
2064.0	2065.0	2047.5	2047.5
2065.0	2072.0	2047.5	2047.5
2065.0	2065.0	2047.5	2047.5
2064.0	2065.0	2047.5	2047.5
2077.0	2067.0	2047.5	2047.5
2065.0	2067.0	2047.5	2047.5
2065.0	2064.0	2047.5	2047.5
2061.0	2062.0	2047.5	2047.5
2066.0	2065.0	2047.5	2047.5
2065.0	2064.0	2047.5	2047.5
2064.0	2064.0	2047.5	2047.5
2064.0	2066.0	2047.5	2047.5
2066.0	2066.0	2047.5	2047.5
2063.0	2064.0	2047.5	2047.5
2064.0	2065.0	2047.5	2047.5
2064.0	2075.0	2047.5	2047.5
2066.0	2064.0	2047.5	2047.5
2066.0	2066.0	2047.5	2047.5
2065.0	2064.0	2047.5	2047.5
2064.0	2066.0	2047.5	2047.5
2068.0	2067.0	2047.5	2047.5
2065.0	2066.0	2047.5	2047.5
2065.0	2066.0	2047.5	2047.5
2066.0	2067.0	2047.5	2047.5
2064.0	2065.0	2047.5	2047.5
2063.0	2064.0	2047.5	2047.5
2065.0	2065.0	2047.5	2047.5
2065.0	2066.0	2047.5	2047.5
2064.0	2064.0	2047.5	2047.5
2069.0	2059.0	2047.5	2047.5
2064.0	2064.0	2047.5	2047.5
2065.0	2067.0	2047.5	2047.5
2064.0	2064.0	2047.5	2047.5
2064.0	2065.0	2047.5	2047.5
2064.0	2066.0	2047.5	2047.5
2063.0	2065.0	2047.5	2047.5
2067.0	2068.0	2047.5	2047.5
2064.0	2066.0	2047.5	2047.5
2063.0	2067.0	2047.5	2047.5
2065.0	2069.0	2047.5	2047.5
2065.0	2073.0	2047.5	2047.5
2063.0	2067.0	2047.5	2047.5
2063.0	2065.0	2047.5	2047.5
2064.0	2066.0	2047.5	2047.5
2064.0	2065.0	2047.5	2047.5
2063.0	2060.0	2047.5	2047.5
2064.0	2067.0	2047.5	2047.5
2064.0	2066.0	2047.5	2047.5
2066.0	2059.0	2047.5	2047.5
2065.0	2065.0	2047.5	2047.5
2067.0	2067.0	2047.5	2047.5
2071.0	2072.0	2047.5	2047.5
2065.0	2067.0	2047.5	2047.5
2066.0	2066.0	2047.5	2047.5
2064.0	2067.0	2047.5	2047.5
2066.0	2067.0	2047.5	2047.5
2065.0	2064.0	2047.5	2047.5
2064.0	2064.0	2047.5	2047.5
2065.0	2064.0	2047.5	2047.5
2065.0	2064.0	2047.5	2047.5
2064.0	2064.0	2047.5	2047.5
2064.0	2066.0	2047.5	2047.5
2064.0	2066.0	2047.5	2047.5
2064.0	2066.0	2047.5	2047.5
2068.0	2070.0	2047.5	2047.5
2065.0	2066.0	2047.5	2047.5
2064.0	2067.0	2047.5	2047.5
2070.0	2064.0	2047.5	2047.5
2065.0	2067.0	2047.5	2047.5
2065.0	2061.0	2047.5	2047.5
2067.0	2069.0	2047.5	2047.5
2065.0	2067.0	2047.5	2047.5
2065.0	2063.0	2047.5	2047.5
2063.0	2067.0	2047.5	2047.5
2064.0	2067.0	2047.5	2047.5
2065.0	2065.0	2047.5	2047.5
2066.0	2066.0	2047.5	2047.5
2064.0	2068.0	2047.5	2047.5
2066.0	2067.0	2047.5	2047.5
2066.0	2068.0	2047.5	2047.5
2066.0	2067.0	2047.5	2047.5
2065.0	2065.0	2047.5	2047.5
2063.0	2068.0	2047.5	2047.5
2065.0	2067.0	2047.5	2047.5
2067.0	2065.0	2047.5	2047.5
2064.0	2065.0	2047.5	2047.5
2064.0	2064.0	2047.5	2047.5
2064.0	2066.0	2047.5	2047.5
2065.0	2066.0	2047.5	2047.5
2058.0	2063.0	2047.5	2047.5
2065.0	2067.0	2047.5	2047.5
2064.0	2064.0	2047.5	2047.5
2064.0	2067.0	2047.5	2047.5
2064.0	2065.0	2047.5	2047.5
2066.0	2066.0	2047.5	2047.5
2064.0	2064.0	2047.5	2047.5
2066.0	2069.0	2047.5	2047.5
2064.0	2067.0	2047.5	2047.5
2065.0	2066.0	2047.5	2047.5
2066.0	2067.0	2047.5	2047.5
2063.0	2065.0	2047.5	2047.5
2064.0	2067.0	2047.5	2047.5
2067.0	2066.0	2047.5	2047.5
2063.0	2066.0	2047.5	2047.5
2064.0	2069.0	2047.5	2047.5
2062.0	2066.0	2047.5	2047.5
2064.0	2066.0	2047.5	2047.5
2064.0	2066.0	2047.5	2047.5
2063.0	2064.0	2047.5	2047.5
2064.0	2066.0	2047.5	2047.5
2066.0	2067.0	2047.5	2047.5
2067.0	2066.0	2047.5	2047.5
2064.0	2066.0	2047.5	2047.5
2065.0	2064.0	2047.5	2047.5
2065.0	2068.0	2047.5	2047.5
2063.0	2067.0	2047.5	2047.5
2065.0	2067.0	2047.5	2047.5
2065.0	2068.0	2047.5	2047.5
2069.0	2072.0	2047.5	2047.5
2065.0	2069.0	2047.5	2047.5
2065.0	2071.0	2047.5	2047.5
2062.0	2065.0	2047.5	2047.5
2065.0	2066.0	2047.5	2047.5
2064.0	2068.0	2047.5	2047.5
2064.0	2067.0	2047.5	2047.5
2066.0	2068.0	2047.5	2047.5
2065.0	2068.0	2047.5	2047.5
2065.0	2069.0	2047.5	2047.5
2065.0	2067.0	2047.5	2047.5
2065.0	2066.0	2047.5	2047.5
2067.0	2068.0	2047.5	2047.5
2067.0	2067.0	2047.5	2047.5
2064.0	2067.0	2047.5	2047.5
2065.0	2065.0	2047.5	2047.5
2071.0	2074.0	2047.5	2047.5
2065.0	2066.0	2047.5	2047.5
2066.0	2068.0	2047.5	2047.5
2064.0	2065.0	2047.5	2047.5
2067.0	2067.0	2047.5	2047.5
2065.0	2069.0	2047.5	2047.5
2066.0	2066.0	2047.5	2047.5
2065.0	2069.0	2047.5	2047.5
2067.0	2068.0	2047.5	2047.5
2065.0	2067.0	2047.5	2047.5
2064.0	2063.0	2047.5	2047.5
2065.0	2066.0	2047.5	2047.5
2065.0	2066.0	2047.5	2047.5
2068.0	2065.0	2047.5	2047.5
2065.0	2066.0	2047.5	2047.5
2066.0	2066.0	2047.5	2047.5
2065.0	2065.0	2047.5	2047.5
2065.0	2067.0	2047.5	2047.5
2065.0	2072.0	2047.5	2047.5
2066.0	2066.0	2047.5	2047.5
2065.0	2065.0	2047.5	2047.5
2065.0	2065.0	2047.5	2047.5
2065.0	2067.0	2047.5	2047.5
2068.0	2067.0	2047.5	2047.5
2066.0	2068.0	2047.5	2047.5
2065.0	2065.0	2047.5	2047.5
2068.0	2065.0	2047.5	2047.5
2065.0	2065.0	2047.5	2047.5
2064.0	2065.0	2047.5	2047.5
2067.0	2064.0	2047.5	2047.5
2064.0	2065.0	2047.5	2047.5
2064.0	2065.0	2047.5	2047.5
2066.0	2066.0	2047.5	2047.5
2066.0	2067.0	2047.5	2047.5
2065.0	2066.0	2047.5	2047.5
2065.0	2068.0	2047.5	2047.5
2064.0	2071.0	2047.5	2047.5
2065.0	2065.0	2047.5	2047.5
2065.0	2068.0	2047.5	2047.5
2061.0	2072.0	2047.5	2047.5
2066.0	2070.0	2047.5	2047.5
2065.0	2066.0	2047.5	2047.5
2063.0	2069.0	2047.5	2047.5
2066.0	2066.0	2047.5	2047.5
2065.0	2067.0	2047.5	2047.5
2066.0	2066.0	2047.5	2047.5
2062.0	2067.0	2047.5	2047.5
2065.0	2066.0	2047.5	2047.5
2065.0	2070.0	2047.5	2047.5
2070.0	2082.0	2047.5	2047.5
2064.0	2068.0	2047.5	2047.5
2065.0	2068.0	2047.5	2047.5
2065.0	2067.0	2047.5	2047.5
2065.0	2067.0	2047.5	2047.5
2066.0	2066.0	2047.5	2047.5
2065.0	2065.0	2047.5	2047.5
2065.0	2066.0	2047.5	2047.5
2066.0	2067.0	2047.5	2047.5
2065.0	2067.0	2047.5	2047.5
2066.0	2063.0	2047.5	2047.5
2065.0	2065.0	2047.5	2047.5
2064.0	2067.0	2047.5	2047.5
2063.0	2067.0	2047.5	2047.5
2066.0	2066.0	2047.5	2047.5
2065.0	2068.0	2047.5	2047.5
2064.0	2067.0	2047.5	2047.5
2065.0	2069.0	2047.5	2047.5
2065.0	2066.0	2047.5	2047.5
2064.0	2065.0	2047.5	2047.5
2067.0	2067.0	2047.5	2047.5
2065.0	2067.0	2047.5	2047.5
2066.0	2066.0	2047.5	2047.5
2069.0	2063.0	2047.5	2047.5
2067.0	2067.0	2047.5	2047.5
2067.0	2065.0	2047.5	2047.5
2064.0	2068.0	2047.5	2047.5
2065.0	2066.0	2047.5	2047.5
2065.0	2066.0	2047.5	2047.5
2066.0	2066.0	2047.5	2047.5
2070.0	2067.0	2047.5	2047.5
2066.0	2066.0	2047.5	2047.5
2065.0	2067.0	2047.5	2047.5
2067.0	2062.0	2047.5	2047.5
2065.0	2066.0	2047.5	2047.5
2065.0	2070.0	2047.5	2047.5
2065.0	2066.0	2047.5	2047.5
2064.0	2067.0	2047.5	2047.5
2064.0	2071.0	2047.5	2047.5
2064.0	2068.0	2047.5	2047.5
2064.0	2066.0	2047.5	2047.5
2066.0	2067.0	2047.5	2047.5
2065.0	2065.0	2047.5	2047.5
2062.0	2074.0	2047.5	2047.5
2065.0	2067.0	2047.5	2047.5
2064.0	2069.0	2047.5	2047.5
2064.0	2066.0	2047.5	2047.5
2064.0	2067.0	2047.5	2047.5
2065.0	2066.0	2047.5	2047.5
2068.0	2067.0	2047.5	2047.5
2065.0	2069.0	2047.5	2047.5
2062.0	2068.0	2047.5	2047.5
2065.0	2065.0	2047.5	2047.5
2065.0	2067.0	2047.5	2047.5
2065.0	2067.0	2047.5	2047.5
2066.0	2066.0	2047.5	2047.5
2076.0	2066.0	2047.5	2047.5
2067.0	2067.0	2047.5	2047.5
2066.0	2066.0	2047.5	2047.5
2065.0	2066.0	2047.5	2047.5
2063.0	2070.0	2047.5	2047.5
2066.0	2066.0	2047.5	2047.5
2066.0	2068.0	2047.5	2047.5
2066.0	2067.0	2047.5	2047.5
2065.0	2067.0	2047.5	2047.5
2065.0	2068.0	2047.5	2047.5
2070.0	2079.0	2047.5	2047.5
2065.0	2066.0	2047.5	2047.5
2066.0	2069.0	2047.5	2047.5
2064.0	2066.0	2047.5	2047.5
2065.0	2068.0	2047.5	2047.5
2065.0	2085.0	2047.5	2047.5
2066.0	2065.0	2047.5	2047.5
2067.0	2069.0	2047.5	2047.5
2065.0	2070.0	2047.5	2047.5
2066.0	2065.0	2047.5	2047.5
2066.0	2068.0	2047.5	2047.5
2064.0	2068.0	2047.5	2047.5
2068.0	2067.0	2047.5	2047.5
2066.0	2066.0	2047.5	2047.5
2065.0	2066.0	2047.5	2047.5
2066.0	2067.0	2047.5	2047.5
2065.0	2067.0	2047.5	2047.5
2066.0	2066.0	2047.5	2047.5
2065.0	2066.0	2047.5	2047.5
2068.0	2067.0	2047.5	2047.5
2068.0	2067.0	2047.5	2047.5
2067.0	2067.0	2047.5	2047.5
2064.0	2066.0	2047.5	2047.5
2065.0	2066.0	2047.5	2047.5
2064.0	2063.0	2047.5	2047.5
2065.0	2065.0	2047.5	2047.5
2066.0	2066.0	2047.5	2047.5
2064.0	2069.0	2047.5	2047.5
2066.0	2067.0	2047.5	2047.5
2065.0	2066.0	2047.5	2047.5
2081.0	2068.0	2047.5	2047.5
2065.0	2066.0	2047.5	2047.5
2066.0	2066.0	2047.5	2047.5
2065.0	2067.0	2047.5	2047.5
2065.0	2065.0	2047.5	2047.5
2065.0	2065.0	2047.5	2047.5
2065.0	2067.0	2047.5	2047.5
2065.0	2067.0	2047.5	2047.5
2064.0	2065.0	2047.5	2047.5
2064.0	2067.0	2047.5	2047.5
2063.0	2066.0	2047.5	2047.5
2065.0	2067.0	2047.5	2047.5
2064.0	2066.0	2047.5	2047.5
2065.0	2065.0	2047.5	2047.5
2064.0	2064.0	2047.5	2047.5
2064.0	2067.0	2047.5	2047.5
2064.0	2064.0	2047.5	2047.5
2078.0	2068.0	2047.5	2047.5
2068.0	2066.0	2047.5	2047.5
2065.0	2067.0	2047.5	2047.5
2067.0	2067.0	2047.5	2047.5
2065.0	2072.0	2047.5	2047.5
2065.0	2065.0	2047.5	2047.5
2065.0	2066.0	2047.5	2047.5
2068.0	2068.0	2047.5	2047.5
2067.0	2066.0	2047.5	2047.5
2065.0	2068.0	2047.5	2047.5
2064.0	2067.0	2047.5	2047.5
2065.0	2065.0	2047.5	2047.5
2064.0	2066.0	2047.5	2047.5
2065.0	2067.0	2047.5	2047.5
2065.0	2067.0	2047.5	2047.5
2065.0	2068.0	2047.5	2047.5
2065.0	2069.0	2047.5	2047.5
2061.0	2071.0	2047.5	2047.5
2068.0	2067.0	2047.5	2047.5
2064.0	2067.0	2047.5	2047.5
2066.0	2068.0	2047.5	2047.5
2069.0	2070.0	2047.5	2047.5
2064.0	2068.0	2047.5	2047.5
2065.0	2068.0	2047.5	2047.5
2068.0	2083.0	2047.5	2047.5
2066.0	2068.0	2047.5	2047.5
2065.0	2067.0	2047.5	2047.5
2065.0	2066.0	2047.5	2047.5
2065.0	2067.0	2047.5	2047.5
2065.0	2067.0	2047.5	2047.5
2067.0	2066.0	2047.5	2047.5
2068.0	2071.0	2047.5	2047.5
2065.0	2066.0	2047.5	2047.5
2065.0	2068.0	2047.5	2047.5
2065.0	2069.0	2047.5	2047.5
2066.0	2066.0	2047.5	2047.5
2067.0	2065.0	2047.5	2047.5
2065.0	2069.0	2047.5	2047.5
2063.0	2065.0	2047.5	2047.5
2065.0	2067.0	2047.5	2047.5
2065.0	2065.0	2047.5	2047.5
2065.0	2067.0	2047.5	2047.5
2066.0	2066.0	2047.5	2047.5
2065.0	2067.0	2047.5	2047.5
2065.0	2068.0	2047.5	2047.5
2066.0	2070.0	2047.5	2047.5
2065.0	2065.0	2047.5	2047.5
2065.0	2061.0	2047.5	2047.5
2065.0	2068.0	2047.5	2047.5
2064.0	2071.0	2047.5	2047.5
2065.0	2067.0	2047.5	2047.5
2065.0	2066.0	2047.5	2047.5
2069.0	2067.0	2047.5	2047.5
2064.0	2066.0	2047.5	2047.5
2066.0	2067.0	2047.5	2047.5
2064.0	2068.0	2047.5	2047.5
2067.0	2066.0	2047.5	2047.5
2065.0	2066.0	2047.5	2047.5
2064.0	2066.0	2047.5	2047.5
2063.0	2065.0	2047.5	2047.5
2065.0	2067.0	2047.5	2047.5
2066.0	2068.0	2047.5	2047.5
2065.0	2066.0	2047.5	2047.5
2066.0	2065.0	2047.5	2047.5
2065.0	2066.0	2047.5	2047.5
2064.0	2068.0	2047.5	2047.5
2066.0	2064.0	2047.5	2047.5
2067.0	2063.0	2047.5	2047.5
2065.0	2068.0	2047.5	2047.5
2066.0	2069.0	2047.5	2047.5
2067.0	2061.0	2047.5	2047.5
2065.0	2067.0	2047.5	2047.5
2065.0	2064.0	2047.5	2047.5
2067.0	2068.0	2047.5	2047.5
2067.0	2068.0	2047.5	2047.5
2064.0	2067.0	2047.5	2047.5
2065.0	2066.0	2047.5	2047.5
2071.0	2062.0	2047.5	2047.5
2065.0	2066.0	2047.5	2047.5
2066.0	2067.0	2047.5	2047.5
2065.0	2067.0	2047.5	2047.5
2066.0	2066.0	2047.5	2047.5
2065.0	2067.0	2047.5	2047.5
2065.0	2067.0	2047.5	2047.5
2081.0	2066.0	2047.5	2047.5
2065.0	2067.0	2047.5	2047.5
2065.0	2068.0	2047.5	2047.5
2065.0	2065.0	2047.5	2047.5
2068.0	2068.0	2047.5	2047.5
2064.0	2067.0	2047.5	2047.5
2066.0	2068.0	2047.5	2047.5
2064.0	2065.0	2047.5	2047.5
2065.0	2068.0	2047.5	2047.5
2067.0	2066.0	2047.5	2047.5
2065.0	2070.0	2047.5	2047.5
2065.0	2065.0	2047.5	2047.5
2065.0	2066.0	2047.5	2047.5
2067.0	2067.0	2047.5	2047.5
2064.0	2066.0	2047.5	2047.5
2064.0	2065.0	2047.5	2047.5
2065.0	2066.0	2047.5	2047.5
2066.0	2067.0	2047.5	2047.5
2068.0	2070.0	2047.5	2047.5
2067.0	2065.0	2047.5	2047.5
2066.0	2065.0	2047.5	2047.5
2065.0	2064.0	2047.5	2047.5
2066.0	2068.0	2047.5	2047.5
2065.0	2067.0	2047.5	2047.5
2065.0	2070.0	2047.5	2047.5
2060.0	2067.0	2047.5	2047.5
2065.0	2067.0	2047.5	2047.5
2064.0	2065.0	2047.5	2047.5
2065.0	2064.0	2047.5	2047.5
2066.0	2067.0	2047.5	2047.5
2065.0	2064.0	2047.5	2047.5
2065.0	2066.0	2047.5	2047.5
2064.0	2065.0	2047.5	2047.5
2066.0	2068.0	2047.5	2047.5
2065.0	2066.0	2047.5	2047.5
2064.0	2066.0	2047.5	2047.5
2068.0	2066.0	2047.5	2047.5
2065.0	2067.0	2047.5	2047.5
2065.0	2072.0	2047.5	2047.5
2065.0	2067.0	2047.5	2047.5
2064.0	2064.0	2047.5	2047.5
2066.0	2067.0	2047.5	2047.5
2065.0	2067.0	2047.5	2047.5
2067.0	2074.0	2047.5	2047.5
2067.0	2068.0	2047.5	2047.5
2065.0	2068.0	2047.5	2047.5
2065.0	2067.0	2047.5	2047.5
2064.0	2060.0	2047.5	2047.5
2067.0	2066.0	2047.5	2047.5
2065.0	2068.0	2047.5	2047.5
2065.0	2067.0	2047.5	2047.5
2067.0	2068.0	2047.5	2047.5
2064.0	2065.0	2047.5	2047.5
2064.0	2067.0	2047.5	2047.5
2071.0	2073.0	2047.5	2047.5
2065.0	2066.0	2047.5	2047.5
2066.0	2067.0	2047.5	2047.5
2064.0	2068.0	2047.5	2047.5
2067.0	2065.0	2047.5	2047.5
2065.0	2067.0	2047.5	2047.5
2064.0	2066.0	2047.5	2047.5
2062.0	2067.0	2047.5	2047.5
2065.0	2066.0	2047.5	2047.5
2064.0	2068.0	2047.5	2047.5
2067.0	2066.0	2047.5	2047.5
2065.0	2066.0	2047.5	2047.5
2065.0	2066.0	2047.5	2047.5
2066.0	2065.0	2047.5	2047.5
2065.0	2064.0	2047.5	2047.5
2063.0	2072.0	2047.5	2047.5
2065.0	2068.0	2047.5	2047.5
2067.0	2067.0	2047.5	2047.5
2060.0	2062.0	2047.5	2047.5
2067.0	2067.0	2047.5	2047.5
2066.0	2066.0	2047.5	2047.5
2064.0	2069.0	2047.5	2047.5
2068.0	2066.0	2047.5	2047.5
2066.0	2068.0	2047.5	2047.5
2065.0	2066.0	2047.5	2047.5
2064.0	2067.0	2047.5	2047.5
2066.0	2068.0	2047.5	2047.5
2064.0	2069.0	2047.5	2047.5
2065.0	2067.0	2047.5	2047.5
2065.0	2065.0	2047.5	2047.5
2065.0	2067.0	2047.5	2047.5
2065.0	2070.0	2047.5	2047.5
2066.0	2066.0	2047.5	2047.5
2067.0	2069.0	2047.5	2047.5
2064.0	2066.0	2047.5	2047.5
2065.0	2066.0	2047.5	2047.5
2065.0	2068.0	2047.5	2047.5
2065.0	2068.0	2047.5	2047.5
2065.0	2065.0	2047.5	2047.5
2065.0	2069.0	2047.5	2047.5
2078.0	2067.0	2047.5	2047.5
2067.0	2066.0	2047.5	2047.5
2064.0	2067.0	2047.5	2047.5
2064.0	2066.0	2047.5	2047.5
2066.0	2067.0	2047.5	2047.5
2065.0	2065.0	2047.5	2047.5
2064.0	2066.0	2047.5	2047.5
2064.0	2065.0	2047.5	2047.5
2067.0	2067.0	2047.5	2047.5
2066.0	2067.0	2047.5	2047.5
2065.0	2065.0	2047.5	2047.5
2066.0	2064.0	2047.5	2047.5
2064.0	2070.0	2047.5	2047.5
2065.0	2065.0	2047.5	2047.5
2064.0	2067.0	2047.5	2047.5
2074.0	2067.0	2047.5	2047.5
2066.0	2069.0	2047.5	2047.5
2066.0	2066.0	2047.5	2047.5
2066.0	2067.0	2047.5	2047.5
2065.0	2061.0	2047.5	2047.5
2065.0	2066.0	2047.5	2047.5
2065.0	2072.0	2047.5	2047.5
2064.0	2064.0	2047.5	2047.5
2064.0	2066.0	2047.5	2047.5
2064.0	2064.0	2047.5	2047.5
2064.0	2067.0	2047.5	2047.5
2064.0	2068.0	2047.5	2047.5
2064.0	2067.0	2047.5	2047.5
2066.0	2067.0	2047.5	2047.5
2065.0	2066.0	2047.5	2047.5
2065.0	2068.0	2047.5	2047.5
2065.0	2066.0	2047.5	2047.5
2064.0	2067.0	2047.5	2047.5
2067.0	2065.0	2047.5	2047.5
2063.0	2071.0	2047.5	2047.5
2065.0	2067.0	2047.5	2047.5
2065.0	2067.0	2047.5	2047.5
2067.0	2068.0	2047.5	2047.5
2064.0	2067.0	2047.5	2047.5
2064.0	2066.0	2047.5	2047.5
2066.0	2068.0	2047.5	2047.5
2062.0	2065.0	2047.5	2047.5
2065.0	2067.0	2047.5	2047.5
2066.0	2065.0	2047.5	2047.5
2064.0	2066.0	2047.5	2047.5
2070.0	2075.0	2047.5	2047.5
2066.0	2068.0	2047.5	2047.5
2067.0	2067.0	2047.5	2047.5
2064.0	2066.0	2047.5	2047.5
2063.0	2060.0	2047.5	2047.5
2065.0	2067.0	2047.5	2047.5
2064.0	2065.0	2047.5	2047.5
2064.0	2067.0	2047.5	2047.5
2065.0	2065.0	2047.5	2047.5
2064.0	2065.0	2047.5	2047.5
2066.0	2067.0	2047.5	2047.5
2064.0	2068.0	2047.5	2047.5
2065.0	2067.0	2047.5	2047.5
2066.0	2067.0	2047.5	2047.5
2064.0	2066.0	2047.5	2047.5
2064.0	2066.0	2047.5	2047.5
2065.0	2066.0	2047.5	2047.5
2064.0	2069.0	2047.5	2047.5
2066.0	2067.0	2047.5	2047.5
2066.0	2067.0	2047.5	2047.5
2065.0	2065.0	2047.5	2047.5
2065.0	2068.0	2047.5	2047.5
2065.0	2066.0	2047.5	2047.5
2066.0	2068.0	2047.5	2047.5
2065.0	2066.0	2047.5	2047.5
2066.0	2065.0	2047.5	2047.5
2066.0	2066.0	2047.5	2047.5
2061.0	2064.0	2047.5	2047.5
2065.0	2066.0	2047.5	2047.5
2065.0	2081.0	2047.5	2047.5
2066.0	2067.0	2047.5	2047.5
2078.0	2066.0	2047.5	2047.5
2065.0	2064.0	2047.5	2047.5
2065.0	2066.0	2047.5	2047.5
2064.0	2065.0	2047.5	2047.5
2064.0	2065.0	2047.5	2047.5
2064.0	2068.0	2047.5	2047.5
2065.0	2065.0	2047.5	2047.5
2065.0	2068.0	2047.5	2047.5
2064.0	2065.0	2047.5	2047.5
2065.0	2067.0	2047.5	2047.5
2065.0	2062.0	2047.5	2047.5
2068.0	2067.0	2047.5	2047.5
2072.0	2068.0	2047.5	2047.5
2064.0	2067.0	2047.5	2047.5
2065.0	2067.0	2047.5	2047.5
2065.0	2066.0	2047.5	2047.5
2068.0	2061.0	2047.5	2047.5
2065.0	2066.0	2047.5	2047.5
2064.0	2067.0	2047.5	2047.5
2064.0	2067.0	2047.5	2047.5
2067.0	2066.0	2047.5	2047.5
2065.0	2069.0	2047.5	2047.5
2065.0	2066.0	2047.5	2047.5
2065.0	2068.0	2047.5	2047.5
2067.0	2066.0	2047.5	2047.5
2065.0	2068.0	2047.5	2047.5
2065.0	2069.0	2047.5	2047.5
2067.0	2066.0	2047.5	2047.5
2067.0	2067.0	2047.5	2047.5
2066.0	2065.0	2047.5	2047.5
2065.0	2065.0	2047.5	2047.5
2064.0	2068.0	2047.5	2047.5
2065.0	2070.0	2047.5	2047.5
2066.0	2067.0	2047.5	2047.5
2065.0	2064.0	2047.5	2047.5
2065.0	2067.0	2047.5	2047.5
2065.0	2067.0	2047.5	2047.5
2064.0	2066.0	2047.5	2047.5
2065.0	2066.0	2047.5	2047.5
2064.0	2065.0	2047.5	2047.5
2066.0	2067.0	2047.5	2047.5
2066.0	2066.0	2047.5	2047.5
2066.0	2065.0	2047.5	2047.5
2061.0	2062.0	2047.5	2047.5
2066.0	2070.0	2047.5	2047.5
2065.0	2066.0	2047.5	2047.5
2068.0	2067.0	2047.5	2047.5
2065.0	2067.0	2047.5	2047.5
2065.0	2065.0	2047.5	2047.5
2065.0	2066.0	2047.5	2047.5
2066.0	2065.0	2047.5	2047.5
2065.0	2065.0	2047.5	2047.5
2068.0	2066.0	2047.5	2047.5
2066.0	2066.0	2047.5	2047.5
2065.0	2066.0	2047.5	2047.5
2065.0	2066.0	2047.5	2047.5
2068.0	2063.0	2047.5	2047.5
1968.0	1885.0	2047.5	2047.5
1968.0	1886.0	2047.5	2047.5
1968.0	1887.0	2047.5	2047.5
1965.0	1886.0	2047.5	2047.5
1960.0	1885.0	2047.5	2047.5
1958.0	1888.0	2047.5	2047.5
1960.0	1886.0	2047.5	2047.5
1958.0	1890.0	2047.5	2047.5
1959.0	1884.0	2047.5	2047.5
1958.0	1888.0	2047.5	2047.5
1959.0	1884.0	2047.5	2047.5
1958.0	1885.0	2047.5	2047.5
1949.0	1883.0	2047.5	2047.5
1949.0	1884.0	2047.5	2047.5
1961.0	1858.0	2047.5	2047.5
1968.0	1859.0	2047.5	2047.5
1973.0	1863.0	2047.5	2047.5
1968.0	1858.0	2047.5	2047.5
1970.0	1860.0	2047.5	2047.5
1969.0	1861.0	2047.5	2047.5
1954.0	1873.0	2047.5	2047.5
1950.0	1885.0	2047.5	2047.5
1940.0	1898.0	2047.5	2047.5
1940.0	1899.0	2047.5	2047.5
1939.0	1915.0	2047.5	2047.5
1931.0	1902.0	2047.5	2047.5
1930.0	1898.0	2047.5	2047.5
1939.0	1899.0	2047.5	2047.5
1939.0	1897.0	2047.5	2047.5
1936.0	1896.0	2047.5	2047.5
1929.0	1899.0	2047.5	2047.5
1931.0	1899.0	2047.5	2047.5
1928.0	1898.0	2047.5	2047.5
1921.0	1897.0	2047.5	2047.5
1940.0	1886.0	2047.5	2047.5
1949.0	1873.0	2047.5	2047.5
1958.0	1847.0	2047.5	2047.5
1978.0	1821.0	2047.5	2047.5
1989.0	1796.0	2047.5	2047.5
1987.0	1796.0	2047.5	2047.5
2016.0	1769.0	2047.5	2047.5
2017.0	1771.0	2047.5	2047.5
2017.0	1769.0	2047.5	2047.5
2018.0	1771.0	2047.5	2047.5
2006.0	1771.0	2047.5	2047.5
2006.0	1780.0	2047.5	2047.5
2006.0	1783.0	2047.5	2047.5
2000.0	1797.0	2047.5	2047.5
1997.0	1796.0	2047.5	2047.5
1999.0	1793.0	2047.5	2047.5
1997.0	1783.0	2047.5	2047.5
2005.0	1768.0	2047.5	2047.5
2007.0	1772.0	2047.5	2047.5
2009.0	1757.0	2047.5	2047.5
2006.0	1756.0	2047.5	2047.5
2016.0	1757.0	2047.5	2047.5
2017.0	1759.0	2047.5	2047.5
2006.0	1772.0	2047.5	2047.5
1997.0	1783.0	2047.5	2047.5
1998.0	1783.0	2047.5	2047.5
1975.0	1821.0	2047.5	2047.5
1960.0	1848.0	2047.5	2047.5
1940.0	1859.0	2047.5	2047.5
1930.0	1885.0	2047.5	2047.5
1911.0	1888.0	2047.5	2047.5
1902.0	1885.0	2047.5	2047.5
1900.0	1897.0	2047.5	2047.5
1900.0	1899.0	2047.5	2047.5
1904.0	1899.0	2047.5	2047.5
1901.0	1896.0	2047.5	2047.5
1891.0	1886.0	2047.5	2047.5
1892.0	1885.0	2047.5	2047.5
1896.0	1889.0	2047.5	2047.5
1890.0	1885.0	2047.5	2047.5
1891.0	1886.0	2047.5	2047.5
1892.0	1888.0	2047.5	2047.5
1890.0	1879.0	2047.5	2047.5
1890.0	1888.0	2047.5	2047.5
1892.0	1885.0	2047.5	2047.5
1894.0	1886.0	2047.5	2047.5
1892.0	1891.0	2047.5	2047.5
1893.0	1887.0	2047.5	2047.5
1891.0	1885.0	2047.5	2047.5
1891.0	1886.0	2047.5	2047.5
1891.0	1888.0	2047.5	2047.5
1894.0	1884.0	2047.5	2047.5
1891.0	1885.0	2047.5	2047.5
1892.0	1886.0	2047.5	2047.5
1891.0	1885.0	2047.5	2047.5
1887.0	1886.0	2047.5	2047.5
1892.0	1886.0	2047.5	2047.5
1891.0	1887.0	2047.5	2047.5
1891.0	1886.0	2047.5	2047.5
1905.0	1891.0	2047.5	2047.5
1891.0	1886.0	2047.5	2047.5
1892.0	1884.0	2047.5	2047.5
1902.0	1873.0	2047.5	2047.5
1901.0	1887.0	2047.5	2047.5
1901.0	1872.0	2047.5	2047.5
1912.0	1871.0	2047.5	2047.5
1920.0	1872.0	2047.5	2047.5
1909.0	1877.0	2047.5	2047.5
1912.0	1859.0	2047.5	2047.5
1921.0	1848.0	2047.5	2047.5
1940.0	1834.0	2047.5	2047.5
1939.0	1836.0	2047.5	2047.5
1949.0	1819.0	2047.5	2047.5
1948.0	1822.0	2047.5	2047.5
1941.0	1821.0	2047.5	2047.5
1949.0	1823.0	2047.5	2047.5
1965.0	1799.0	2047.5	2047.5
1967.0	1782.0	2047.5	2047.5
1968.0	1783.0	2047.5	2047.5
1968.0	1785.0	2047.5	2047.5
1965.0	1786.0	2047.5	2047.5
1968.0	1783.0	2047.5	2047.5
1989.0	1757.0	2047.5	2047.5
1989.0	1757.0	2047.5	2047.5
1987.0	1757.0	2047.5	2047.5
1987.0	1757.0	2047.5	2047.5
1987.0	1770.0	2047.5	2047.5
1986.0	1783.0	2047.5	2047.5
1977.0	1796.0	2047.5	2047.5
1974.0	1797.0	2047.5	2047.5
1971.0	1798.0	2047.5	2047.5
1967.0	1796.0	2047.5	2047.5
1958.0	1821.0	2047.5	2047.5
1956.0	1817.0	2047.5	2047.5
1948.0	1847.0	2047.5	2047.5
1931.0	1858.0	2047.5	2047.5
1929.0	1859.0	2047.5	2047.5
1920.0	1857.0	2047.5	2047.5
1930.0	1860.0	2047.5	2047.5
1932.0	1860.0	2047.5	2047.5
1931.0	1859.0	2047.5	2047.5
1929.0	1861.0	2047.5	2047.5
1936.0	1856.0	2047.5	2047.5
1928.0	1861.0	2047.5	2047.5
1929.0	1871.0	2047.5	2047.5
1929.0	1873.0	2047.5	2047.5
1940.0	1870.0	2047.5	2047.5
1940.0	1873.0	2047.5	2047.5
1939.0	1872.0	2047.5	2047.5
1947.0	1870.0	2047.5	2047.5
1948.0	1881.0	2047.5	2047.5
1950.0	1872.0	2047.5	2047.5
1949.0	1873.0	2047.5	2047.5
1958.0	1870.0	2047.5	2047.5
1958.0	1861.0	2047.5	2047.5
1968.0	1856.0	2047.5	2047.5
1968.0	1860.0	2047.5	2047.5
1979.0	1860.0	2047.5	2047.5
1980.0	1860.0	2047.5	2047.5
1976.0	1865.0	2047.5	2047.5
1987.0	1849.0	2047.5	2047.5
1987.0	1845.0	2047.5	2047.5
1986.0	1847.0	2047.5	2047.5
1996.0	1842.0	2047.5	2047.5
1998.0	1846.0	2047.5	2047.5
1996.0	1848.0	2047.5	2047.5
1998.0	1847.0	2047.5	2047.5
1996.0	1863.0	2047.5	2047.5
1997.0	1860.0	2047.5	2047.5
1997.0	1859.0	2047.5	2047.5
1998.0	1873.0	2047.5	2047.5
1998.0	1872.0	2047.5	2047.5
1997.0	1872.0	2047.5	2047.5
1996.0	1874.0	2047.5	2047.5
1997.0	1873.0	2047.5	2047.5
2001.0	1884.0	2047.5	2047.5
1995.0	1887.0	2047.5	2047.5
1997.0	1887.0	2047.5	2047.5
1998.0	1887.0	2047.5	2047.5
1996.0	1886.0	2047.5	2047.5
1997.0	1883.0	2047.5	2047.5
2000.0	1899.0	2047.5	2047.5
1998.0	1898.0	2047.5	2047.5
2005.0	1897.0	2047.5	2047.5
2006.0	1897.0	2047.5	2047.5
2006.0	1897.0	2047.5	2047.5
2008.0	1909.0	2047.5	2047.5
2017.0	1911.0	2047.5	2047.5
2017.0	1911.0	2047.5	2047.5
2019.0	1912.0	2047.5	2047.5
2016.0	1925.0	2047.5	2047.5
2026.0	1925.0	2047.5	2047.5
2026.0	1924.0	2047.5	2047.5
2025.0	1930.0	2047.5	2047.5
2035.0	1935.0	2047.5	2047.5
2035.0	1936.0	2047.5	2047.5
2036.0	1935.0	2047.5	2047.5
2035.0	1938.0	2047.5	2047.5
2043.0	1948.0	2047.5	2047.5
2045.0	1947.0	2047.5	2047.5
2047.0	1952.0	2047.5	2047.5
2044.0	1948.0	2047.5	2047.5
2052.0	1949.0	2047.5	2047.5
2045.0	1963.0	2047.5	2047.5
2046.0	1964.0	2047.5	2047.5
2045.0	1962.0	2047.5	2047.5
2043.0	1963.0	2047.5	2047.5
2044.0	1965.0	2047.5	2047.5
2037.0	1973.0	2047.5	2047.5
2036.0	1975.0	2047.5	2047.5
2036.0	1977.0	2047.5	2047.5
2035.0	1976.0	2047.5	2047.5
2036.0	1987.0	2047.5	2047.5
2038.0	1986.0	2047.5	2047.5
2037.0	1987.0	2047.5	2047.5
2039.0	1998.0	2047.5	2047.5
2035.0	2002.0	2047.5	2047.5
2036.0	2003.0	2047.5	2047.5
2036.0	2004.0	2047.5	2047.5
2036.0	2012.0	2047.5	2047.5
2040.0	2016.0	2047.5	2047.5
2036.0	2015.0	2047.5	2047.5
2036.0	2030.0	2047.5	2047.5
2038.0	2027.0	2047.5	2047.5
2035.0	2039.0	2047.5	2047.5
2034.0	2038.0	2047.5	2047.5
2036.0	2054.0	2047.5	2047.5
2035.0	2055.0	2047.5	2047.5
2036.0	2053.0	2047.5	2047.5
2036.0	2053.0	2047.5	2047.5
2034.0	2054.0	2047.5	2047.5
2035.0	2067.0	2047.5	2047.5
2045.0	2066.0	2047.5	2047.5
2046.0	2066.0	2047.5	2047.5
2045.0	2067.0	2047.5	2047.5
2044.0	2080.0	2047.5	2047.5
2045.0	2076.0	2047.5	2047.5
2045.0	2081.0	2047.5	2047.5
2045.0	2080.0	2047.5	2047.5
2045.0	2079.0	2047.5	2047.5
2044.0	2080.0	2047.5	2047.5
2048.0	2093.0	2047.5	2047.5
2045.0	2092.0	2047.5	2047.5
2045.0	2092.0	2047.5	2047.5
2044.0	2093.0	2047.5	2047.5
2044.0	2095.0	2047.5	2047.5
2041.0	2102.0	2047.5	2047.5
2046.0	2104.0	2047.5	2047.5
2036.0	2105.0	2047.5	2047.5
2036.0	2108.0	2047.5	2047.5
2037.0	2119.0	2047.5	2047.5
2035.0	2118.0	2047.5	2047.5
2038.0	2115.0	2047.5	2047.5
2037.0	2121.0	2047.5	2047.5
2036.0	2129.0	2047.5	2047.5
2037.0	2130.0	2047.5	2047.5
2025.0	2131.0	2047.5	2047.5
2032.0	2128.0	2047.5	2047.5
2025.0	2131.0	2047.5	2047.5
2026.0	2131.0	2047.5	2047.5
2026.0	2131.0	2047.5	2047.5
2025.0	2130.0	2047.5	2047.5
2026.0	2132.0	2047.5	2047.5
2025.0	2118.0	2047.5	2047.5
2036.0	2116.0	2047.5	2047.5
2038.0	2117.0	2047.5	2047.5
2037.0	2117.0	2047.5	2047.5
2038.0	2117.0	2047.5	2047.5
2035.0	2121.0	2047.5	2047.5
2037.0	2117.0	2047.5	2047.5
2035.0	2119.0	2047.5	2047.5
2045.0	2117.0	2047.5	2047.5
2046.0	2118.0	2047.5	2047.5
2046.0	2120.0	2047.5	2047.5
2044.0	2119.0	2047.5	2047.5
2045.0	2117.0	2047.5	2047.5
2054.0	2117.0	2047.5	2047.5
2054.0	2118.0	2047.5	2047.5
2070.0	2118.0	2047.5	2047.5
2054.0	2118.0	2047.5	2047.5
2065.0	2118.0	2047.5	2047.5
2068.0	2118.0	2047.5	2047.5
2073.0	2132.0	2047.5	2047.5
2074.0	2129.0	2047.5	2047.5
2073.0	2130.0	2047.5	2047.5
2076.0	2131.0	2047.5	2047.5
2085.0	2147.0	2047.5	2047.5
2087.0	2143.0	2047.5	2047.5
2084.0	2156.0	2047.5	2047.5
2081.0	2172.0	2047.5	2047.5
2084.0	2171.0	2047.5	2047.5
2084.0	2184.0	2047.5	2047.5
2085.0	2183.0	2047.5	2047.5
2084.0	2183.0	2047.5	2047.5
2088.0	2191.0	2047.5	2047.5
2085.0	2198.0	2047.5	2047.5
2084.0	2171.0	2047.5	2047.5
2084.0	2170.0	2047.5	2047.5
2074.0	2132.0	2047.5	2047.5
2072.0	2208.0	2047.5	2047.5
2074.0	2237.0	2047.5	2047.5
2065.0	2261.0	2047.5	2047.5
2065.0	2269.0	2047.5	2047.5
2065.0	2272.0	2047.5	2047.5
2066.0	2272.0	2047.5	2047.5
2066.0	2274.0	2047.5	2047.5
2055.0	2276.0	2047.5	2047.5
2054.0	2274.0	2047.5	2047.5
2055.0	2261.0	2047.5	2047.5
2055.0	2262.0	2047.5	2047.5
2058.0	2243.0	2047.5	2047.5
2045.0	2249.0	2047.5	2047.5
2043.0	2239.0	2047.5	2047.5
2046.0	2236.0	2047.5	2047.5
2045.0	2222.0	2047.5	2047.5
2043.0	2222.0	2047.5	2047.5
2037.0	2208.0	2047.5	2047.5
2036.0	2208.0	2047.5	2047.5
2036.0	2198.0	2047.5	2047.5
2036.0	2183.0	2047.5	2047.5
2035.0	2170.0	2047.5	2047.5
2034.0	2171.0	2047.5	2047.5
2026.0	2158.0	2047.5	2047.5
2035.0	2145.0	2047.5	2047.5
2036.0	2144.0	2047.5	2047.5
2036.0	2146.0	2047.5	2047.5
2038.0	2130.0	2047.5	2047.5
2034.0	2119.0	2047.5	2047.5
2035.0	2120.0	2047.5	2047.5
2035.0	2109.0	2047.5	2047.5
2036.0	2092.0	2047.5	2047.5
2036.0	2093.0	2047.5	2047.5
2036.0	2085.0	2047.5	2047.5
2035.0	2095.0	2047.5	2047.5
2037.0	2080.0	2047.5	2047.5
2036.0	2081.0	2047.5	2047.5
2036.0	2080.0	2047.5	2047.5
2048.0	2081.0	2047.5	2047.5
2045.0	2077.0	2047.5	2047.5
2045.0	2080.0	2047.5	2047.5
2045.0	2082.0	2047.5	2047.5
2045.0	2078.0	2047.5	2047.5
2044.0	2081.0	2047.5	2047.5
2047.0	2081.0	2047.5	2047.5
2044.0	2079.0	2047.5	2047.5
2055.0	2079.0	2047.5	2047.5
2055.0	2074.0	2047.5	2047.5
2055.0	2079.0	2047.5	2047.5
2054.0	2079.0	2047.5	2047.5
2056.0	2077.0	2047.5	2047.5
2054.0	2079.0	2047.5	2047.5
2044.0	2079.0	2047.5	2047.5
2046.0	2079.0	2047.5	2047.5
2045.0	2078.0	2047.5	2047.5
2043.0	2079.0	2047.5	2047.5
2045.0	2079.0	2010.64501953125	2010.64501953125
2044.0	2080.0	1973.7900390625	1973.7900390625
2045.0	2078.0	1936.93505859375	1936.93505859375
2045.0	2081.0	1900.0799560546875	1900.0799560546875
2044.0	2081.0	1863.2249755859375	1863.2249755859375
2047.0	2080.0	1826.3699951171875	1826.3699951171875
2045.0	2078.0	1789.5150146484375	1789.5150146484375
2045.0	2080.0	1752.6600341796875	1752.6600341796875
2044.0	2080.0	1715.8050537109375	1715.8050537109375
2044.0	2078.0	1678.949951171875	1678.949951171875
2047.0	2079.0	1642.094970703125	1642.094970703125
2045.0	2079.0	1605.239990234375	1605.239990234375
2045.0	2081.0	1568.385009765625	1568.385009765625
2048.0	2082.0	1531.530029296875	1531.530029296875
2047.0	2078.0	1494.675048828125	1494.675048828125
2045.0	2078.0	1457.8199462890625	1457.8199462890625
2046.0	2080.0	1420.9649658203125	1420.9649658203125
2045.0	2093.0	1384.1099853515625	1384.1099853515625
2044.0	2092.0	1347.2550048828125	1347.2550048828125
2047.0	2090.0	1310.4000244140625	1310.4000244140625
2045.0	2092.0	1273.5450439453125	1273.5450439453125
2047.0	2093.0	1236.68994140625	1236.68994140625
2045.0	2092.0	1199.8349609375	1199.8349609375
2047.0	2093.0	1162.97998046875	1162.97998046875
2044.0	2092.0	1199.8349609375	1126.125
2058.0	2090.0	1162.97998046875	1130.365966796875
2048.0	2094.0	1199.8349609375	1093.5108642578125
2045.0	2091.0	1162.97998046875	1130.365966796875
2045.0	2094.0	1126.125	1093.5108642578125
2044.0	2095.0	1089.27001953125	1056.6558837890625
2046.0	2095.0	1052.4150390625	1031.4136962890625
2046.0	2093.0	1015.5599975585938	1068.2686767578125
2039.0	2092.0	1052.4150390625	1091.5189208984375
2045.0	2085.0	1015.5599975585938	1128.3740234375
2044.0	2095.0	1052.4150390625	1091.5189208984375
2055.0	2094.0	1015.5599975585938	1054.6639404296875
2056.0	2093.0	1050.947021484375	1078.4989013671875
2045.0	2093.0	1087.8021240234375	1043.4337158203125
2047.0	2079.0	1050.947021484375	1080.2886962890625
2042.0	2079.0	1087.8021240234375	1117.143798828125
2046.0	2084.0	1050.947021484375	1080.2886962890625
2035.0	2066.0	1087.8021240234375	1117.143798828125
2037.0	2052.0	1050.947021484375	1153.998779296875
2035.0	2053.0	1087.8021240234375	1118.811767578125
2026.0	2041.0	1124.6571044921875	1155.666748046875
2025.0	2028.0	1087.8021240234375	1192.5218505859375
2023.0	2022.0	1124.6571044921875	1229.3768310546875
2024.0	2015.0	1087.8021240234375	1266.2318115234375
2016.0	2001.0	1124.6571044921875	1303.0867919921875
2017.0	1989.0	1087.8021240234375	1339.9417724609375
2016.0	1975.0	1102.1796875	1376.7967529296875
2007.0	1963.0	1139.03466796875	1413.65185546875
2006.0	1949.0	1102.1796875	1450.5068359375
2011.0	1936.0	1065.32470703125	1487.36181640625
1997.0	1939.0	1102.1796875	1450.5068359375
1987.0	1899.0	1139.03466796875	1487.36181640625
1987.0	1898.0	1102.1796875	1463.6239013671875
1978.0	1884.0	1139.03466796875	1500.4788818359375
1978.0	1861.0	1102.1796875	1537.3338623046875
1968.0	1828.0	1139.03466796875	1574.1888427734375
1971.0	1812.0	1102.1796875	1611.0438232421875
1969.0	1783.0	1139.03466796875	1647.89892578125
1968.0	1771.0	1102.1796875	1684.75390625
1970.0	1745.0	1065.32470703125	1721.60888671875
1968.0	1743.0	1102.1796875	1684.75390625
1961.0	1694.0	1139.03466796875	1721.60888671875
1961.0	1696.0	1102.1796875	1684.75390625
1963.0	1681.0	1065.32470703125	1721.60888671875
1959.0	1655.0	1102.1796875	1758.4638671875
1958.0	1643.0	1065.32470703125	1795.31884765625
1961.0	1619.0	1028.4697265625	1832.173828125
1948.0	1593.0	1065.32470703125	1869.02880859375
1931.0	1581.0	1102.1796875	1905.8839111328125
1922.0	1559.0	1139.03466796875	1942.7388916015625
1920.0	1554.0	1154.0963134765625	1905.8839111328125
1927.0	1532.0	1117.2413330078125	1942.7388916015625
1899.0	1506.0	1154.0963134765625	1979.5938720703125
1883.0	1483.0	1190.9512939453125	2016.4488525390625
1882.0	1468.0	1154.0963134765625	2053.303955078125
1891.0	1459.0	1117.2413330078125	2090.158935546875
1882.0	1422.0	1154.0963134765625	2127.013916015625
1864.0	1398.0	1190.9512939453125	2163.868896484375
1843.0	1372.0	1227.8062744140625	2200.723876953125
1835.0	1348.0	1264.6612548828125	2237.578857421875
1833.0	1345.0	1301.5162353515625	2200.723876953125
1838.0	1337.0	1264.6612548828125	2237.578857421875
1825.0	1312.0	1301.5162353515625	2274.433837890625
1819.0	1291.0	1338.371337890625	2311.288818359375
1814.0	1264.0	1375.226318359375	2348.143798828125
1805.0	1266.0	1412.081298828125	2311.288818359375
1805.0	1265.0	1375.226318359375	2274.433837890625
1813.0	1290.0	1338.371337890625	2237.578857421875
1824.0	1301.0	1301.5162353515625	2200.723876953125
1824.0	1291.0	1338.371337890625	2237.578857421875
1826.0	1288.0	1301.5162353515625	2200.723876953125
1804.0	1254.0	1338.371337890625	2237.578857421875
1786.0	1222.0	1375.226318359375	2274.433837890625
1777.0	1206.0	1412.081298828125	2311.288818359375
1776.0	1207.0	1375.226318359375	2274.433837890625
1766.0	1181.0	1412.081298828125	2311.288818359375
1756.0	1177.0	1448.936279296875	2348.143798828125
1750.0	1162.0	1485.791259765625	2384.998779296875
1752.0	1160.0	1448.936279296875	2348.143798828125
1731.0	1152.0	1485.791259765625	2384.998779296875
1731.0	1152.0	1448.936279296875	2348.143798828125
1721.0	1149.0	1485.791259765625	2311.288818359375
1720.0	1151.0	1448.936279296875	2274.433837890625
1711.0	1150.0	1485.791259765625	2237.578857421875
1691.0	1153.0	1522.646240234375	2200.723876953125
1682.0	1151.0	1559.5013427734375	2237.578857421875
1672.0	1151.0	1596.3563232421875	2200.723876953125
1654.0	1140.0	1633.2113037109375	2237.578857421875
1654.0	1139.0	1596.3563232421875	2274.433837890625
1645.0	1139.0	1633.2113037109375	2237.578857421875
1628.0	1139.0	1670.0662841796875	2200.723876953125
1617.0	1140.0	1706.9212646484375	2163.868896484375
1598.0	1138.0	1743.7762451171875	2200.723876953125
1590.0	1141.0	1780.63134765625	2163.868896484375
1570.0	1140.0	1817.486328125	2200.723876953125
1552.0	1149.0	1854.34130859375	2163.868896484375
1536.0	1148.0	1891.1962890625	2200.723876953125
1515.0	1150.0	1928.05126953125	2163.868896484375
1497.0	1151.0	1964.90625	2150.778076171875
1498.0	1149.0	1928.05126953125	2187.633056640625
1480.0	1152.0	1964.90625	2150.778076171875
1461.0	1152.0	2001.76123046875	2187.633056640625
1433.0	1149.0	2038.6163330078125	2224.488037109375
1415.0	1152.0	2075.47119140625	2187.633056640625
1397.0	1150.0	2112.326171875	2224.488037109375
1380.0	1151.0	2149.181396484375	2208.64501953125
1361.0	1150.0	2186.036376953125	2245.5
1345.0	1163.0	2222.891357421875	2208.64501953125
1343.0	1163.0	2186.036376953125	2171.7900390625
1336.0	1161.0	2222.891357421875	2208.64501953125
1317.0	1163.0	2259.746337890625	2171.7900390625
1300.0	1162.0	2296.601318359375	2208.64501953125
1291.0	1162.0	2333.456298828125	2245.5
1276.0	1162.0	2370.311279296875	2274.62158203125
1265.0	1160.0	2407.166259765625	2311.4765625
1247.0	1163.0	2444.021240234375	2274.62158203125
1247.0	1158.0	2407.166259765625	2311.4765625
1221.0	1163.0	2444.021240234375	2274.62158203125
1222.0	1162.0	2407.166259765625	2311.4765625
1217.0	1161.0	2444.021240234375	2348.33154296875
1195.0	1162.0	2480.876220703125	2311.4765625
1188.0	1163.0	2517.731201171875	2274.62158203125
1181.0	1152.0	2554.586181640625	2311.4765625
1173.0	1152.0	2591.44140625	2348.33154296875
1172.0	1155.0	2554.586181640625	2311.4765625
1163.0	1148.0	2591.44140625	2348.33154296875
1163.0	1151.0	2554.586181640625	2311.4765625
1147.0	1140.0	2591.44140625	2348.33154296875
1146.0	1141.0	2554.586181640625	2385.1865234375
1147.0	1138.0	2591.44140625	2422.04150390625
1137.0	1138.0	2628.29638671875	2404.65087890625
1131.0	1128.0	2665.1513671875	2441.505859375
1128.0	1127.0	2702.00634765625	2478.36083984375
1121.0	1124.0	2738.861328125	2515.2158203125
1120.0	1127.0	2702.00634765625	2478.36083984375
1111.0	1114.0	2738.861328125	2515.2158203125
1113.0	1113.0	2702.00634765625	2552.07080078125
1113.0	1115.0	2738.861328125	2515.2158203125
1106.0	1115.0	2775.71630859375	2478.36083984375
1104.0	1116.0	2812.5712890625	2441.505859375
1098.0	1115.0	2849.42626953125	2478.36083984375
1095.0	1117.0	2886.28125	2441.505859375
1099.0	1115.0	2849.42626953125	2478.36083984375
1098.0	1123.0	2886.28125	2441.505859375
1088.0	1116.0	2923.13623046875	2478.36083984375
1089.0	1119.0	2886.28125	2441.505859375
1089.0	1119.0	2923.13623046875	2472.7607421875
1089.0	1112.0	2896.907958984375	2509.61572265625
1090.0	1116.0	2860.052978515625	2472.7607421875
1080.0	1116.0	2896.907958984375	2485.66015625
1083.0	1115.0	2860.052978515625	2522.51513671875
1080.0	1132.0	2896.907958984375	2485.66015625
1080.0	1128.0	2860.052978515625	2522.51513671875
1080.0	1128.0	2896.907958984375	2523.623779296875
1082.0	1140.0	2860.052978515625	2486.768798828125
1088.0	1139.0	2823.197998046875	2480.267822265625
1088.0	1149.0	2860.052978515625	2443.412841796875
1089.0	1151.0	2846.531494140625	2406.557861328125
1087.0	1148.0	2883.386474609375	2443.412841796875
1097.0	1152.0	2846.531494140625	2406.557861328125
1096.0	1161.0	2883.386474609375	2369.702880859375
1104.0	1159.0	2846.531494140625	2406.557861328125
1105.0	1172.0	2883.386474609375	2369.702880859375
1112.0	1184.0	2846.531494140625	2332.847900390625
1112.0	1186.0	2883.386474609375	2296.6357421875
1130.0	1195.0	2846.531494140625	2259.78076171875
1135.0	1198.0	2883.386474609375	2266.12451171875
1128.0	1208.0	2920.241455078125	2229.26953125
1138.0	1219.0	2883.386474609375	2192.414306640625
1145.0	1231.0	2846.531494140625	2155.559326171875
1154.0	1231.0	2809.676513671875	2192.414306640625
1163.0	1243.0	2772.8212890625	2155.559326171875
1171.0	1257.0	2735.96630859375	2118.704345703125
1182.0	1265.0	2699.111328125	2081.849365234375
1189.0	1277.0	2662.25634765625	2044.994384765625
1188.0	1276.0	2699.111328125	2081.849365234375
1208.0	1313.0	2662.25634765625	2044.994384765625
1213.0	1314.0	2699.111328125	2081.849365234375
1221.0	1324.0	2662.25634765625	2044.994384765625
1240.0	1340.0	2625.4013671875	2008.139404296875
1256.0	1360.0	2588.54638671875	1971.284423828125
1265.0	1371.0	2551.69140625	1934.429443359375
1285.0	1385.0	2514.83642578125	1897.574462890625
1299.0	1396.0	2477.9814453125	1860.7193603515625
1301.0	1408.0	2514.83642578125	1823.8643798828125
1310.0	1407.0	2477.9814453125	1860.7193603515625
1344.0	1434.0	2441.12646484375	1823.8643798828125
1343.0	1434.0	2477.9814453125	1860.7193603515625
1363.0	1446.0	2441.12646484375	1823.8643798828125
1379.0	1458.0	2404.271484375	1787.0093994140625
1396.0	1469.0	2367.41650390625	1766.004150390625
1417.0	1483.0	2330.561279296875	1729.149169921875
1435.0	1493.0	2293.706298828125	1766.004150390625
1456.0	1505.0	2256.851318359375	1729.149169921875
1460.0	1506.0	2293.706298828125	1766.004150390625
1478.0	1526.0	2256.851318359375	1729.149169921875
1495.0	1527.0	2219.996337890625	1766.004150390625
1518.0	1547.0	2183.141357421875	1729.149169921875
1534.0	1558.0	2146.286376953125	1692.294189453125
1552.0	1571.0	2109.431396484375	1655.439208984375
1583.0	1580.0	2072.576416015625	1692.294189453125
1599.0	1592.0	2035.721435546875	1655.439208984375
1598.0	1594.0	2072.576416015625	1692.294189453125
1645.0	1604.0	2035.721435546875	1729.149169921875
1644.0	1605.0	2072.576416015625	1766.004150390625
1664.0	1619.0	2035.721435546875	1729.149169921875
1682.0	1619.0	1998.8663330078125	1766.004150390625
1712.0	1626.0	1962.0113525390625	1802.8592529296875
1729.0	1630.0	1925.1563720703125	1839.7142333984375
1748.0	1630.0	1888.3013916015625	1876.5692138671875
1767.0	1645.0	1851.4464111328125	1839.7142333984375
1786.0	1642.0	1814.5914306640625	1876.5692138671875
1786.0	1644.0	1851.4464111328125	1913.4241943359375
1834.0	1645.0	1814.5914306640625	1950.2791748046875
1832.0	1641.0	1851.4464111328125	1987.1341552734375
1856.0	1648.0	1814.5914306640625	1950.2791748046875
1873.0	1641.0	1777.7364501953125	1987.1341552734375
1891.0	1647.0	1740.88134765625	1956.649658203125
1921.0	1634.0	1704.0263671875	1993.504638671875
1939.0	1631.0	1667.17138671875	2030.359619140625
1959.0	1631.0	1630.31640625	2067.214599609375
1978.0	1632.0	1593.46142578125	2104.069580078125
1980.0	1633.0	1630.31640625	2140.924560546875
2000.0	1613.0	1593.46142578125	2177.779541015625
2017.0	1620.0	1556.6064453125	2140.924560546875
2038.0	1620.0	1519.7513427734375	2177.779541015625
2056.0	1606.0	1482.8963623046875	2214.634521484375
2066.0	1606.0	1446.0413818359375	2251.489501953125
2085.0	1595.0	1409.1864013671875	2288.344482421875
2106.0	1593.0	1372.3314208984375	2325.19970703125
2124.0	1582.0	1335.4764404296875	2362.0546875
2140.0	1570.0	1298.621337890625	2398.90966796875
2140.0	1570.0	1335.4764404296875	2362.0546875
2151.0	1569.0	1298.621337890625	2325.19970703125
2170.0	1555.0	1261.766357421875	2362.0546875
2182.0	1556.0	1224.911376953125	2325.19970703125
2200.0	1542.0	1188.056396484375	2362.0546875
2212.0	1531.0	1151.201416015625	2398.90966796875
2231.0	1519.0	1114.346435546875	2435.7646484375
2240.0	1519.0	1077.4913330078125	2399.049560546875
2238.0	1506.0	1114.346435546875	2435.904541015625
2257.0	1506.0	1077.4913330078125	2414.4267578125
2262.0	1501.0	1114.346435546875	2451.28173828125
2272.0	1496.0	1077.4913330078125	2488.13671875
2278.0	1493.0	1054.3690185546875	2515.0888671875
2289.0	1483.0	1017.5139770507812	2551.94384765625
2300.0	1483.0	980.6589965820312	2515.0888671875
2300.0	1496.0	1017.5139770507812	2478.23388671875
2308.0	1471.0	980.6589965820312	2515.0888671875
2320.0	1470.0	943.8040161132812	2551.94384765625
2316.0	1470.0	980.6589965820312	2515.0888671875
2317.0	1459.0	1017.5139770507812	2551.94384765625
2318.0	1457.0	1054.3690185546875	2558.694580078125
2326.0	1458.0	1017.5139770507812	2521.839599609375
2328.0	1452.0	1054.3690185546875	2558.694580078125
2328.0	1456.0	1091.2239990234375	2521.839599609375
2332.0	1459.0	1054.3690185546875	2484.984619140625
2327.0	1447.0	1091.2239990234375	2521.839599609375
2318.0	1446.0	1128.0789794921875	2549.51171875
2316.0	1445.0	1164.9339599609375	2512.65673828125
2317.0	1447.0	1190.5086669921875	2475.8017578125
2318.0	1445.0	1213.913330078125	2512.65673828125
2308.0	1445.0	1250.768310546875	2475.8017578125
2307.0	1447.0	1213.913330078125	2438.94677734375
2298.0	1455.0	1250.768310546875	2402.091796875
2287.0	1458.0	1287.623291015625	2365.23681640625
2292.0	1456.0	1250.768310546875	2402.091796875
2270.0	1458.0	1287.623291015625	2395.952392578125
2259.0	1471.0	1324.478271484375	2359.09716796875
2249.0	1471.0	1361.333251953125	2394.724365234375
2248.0	1483.0	1324.478271484375	2357.869384765625
2230.0	1482.0	1361.333251953125	2394.724365234375
2220.0	1482.0	1398.188232421875	2431.579345703125
2201.0	1496.0	1435.0433349609375	2394.724365234375
2190.0	1493.0	1471.8983154296875	2431.579345703125
2171.0	1505.0	1508.7532958984375	2394.724365234375
2151.0	1518.0	1545.6082763671875	2357.869384765625
2132.0	1526.0	1582.4632568359375	2321.014404296875
2113.0	1535.0	1619.3182373046875	2284.159423828125
2093.0	1544.0	1656.17333984375	2247.304443359375
2093.0	1543.0	1619.3182373046875	2284.159423828125
2074.0	1557.0	1656.17333984375	2247.304443359375
2058.0	1569.0	1693.0283203125	2210.44921875
2037.0	1569.0	1729.88330078125	2247.304443359375
2005.0	1580.0	1766.73828125	2210.44921875
1984.0	1592.0	1803.59326171875	2173.59423828125
1966.0	1609.0	1840.4482421875	2136.7392578125
1942.0	1618.0	1877.30322265625	2099.88427734375
1911.0	1631.0	1914.1583251953125	2063.029296875
1884.0	1645.0	1951.0133056640625	2026.17431640625
1884.0	1658.0	1914.1583251953125	1989.3193359375
1853.0	1657.0	1951.0133056640625	2026.17431640625
1834.0	1668.0	1987.8682861328125	1989.3193359375
1804.0	1688.0	2024.7232666015625	1952.46435546875
1784.0	1695.0	2061.578369140625	1927.320068359375
1748.0	1709.0	2098.433349609375	1890.465087890625
1720.0	1719.0	2135.288330078125	1853.610107421875
1692.0	1732.0	2172.143310546875	1816.755126953125
1663.0	1745.0	2208.998291015625	1779.900146484375
1663.0	1746.0	2172.143310546875	1816.755126953125
1608.0	1771.0	2208.998291015625	1779.900146484375
1607.0	1771.0	2172.143310546875	1816.755126953125
1579.0	1781.0	2208.998291015625	1831.7357177734375
1548.0	1794.0	2245.853271484375	1794.8807373046875
1514.0	1808.0	2282.708251953125	1758.0257568359375
1487.0	1821.0	2319.563232421875	1721.1707763671875
1452.0	1832.0	2356.418212890625	1690.36181640625
1425.0	1846.0	2393.273193359375	1653.5068359375
1389.0	1859.0	2430.128173828125	1616.65185546875
1388.0	1858.0	2393.273193359375	1653.5068359375
1335.0	1872.0	2430.128173828125	1616.65185546875
1337.0	1874.0	2393.273193359375	1653.5068359375
1308.0	1885.0	2430.128173828125	1690.36181640625
1273.0	1898.0	2466.9833984375	1653.5068359375
1248.0	1895.0	2503.83837890625	1690.36181640625
1215.0	1915.0	2540.693359375	1653.5068359375
1187.0	1922.0	2577.54833984375	1690.36181640625
1162.0	1925.0	2614.4033203125	1727.216796875
1163.0	1925.0	2577.54833984375	1764.0718994140625
1128.0	1938.0	2614.4033203125	1727.216796875
1104.0	1938.0	2651.25830078125	1764.0718994140625
1080.0	1940.0	2688.11328125	1800.9268798828125
1055.0	1949.0	2724.96826171875	1764.0718994140625
1024.0	1949.0	2761.8232421875	1800.9268798828125
992.0	1948.0	2798.67822265625	1837.7818603515625
969.0	1951.0	2835.533203125	1874.6368408203125
971.0	1952.0	2872.38818359375	1911.4918212890625
922.0	1949.0	2909.2431640625	1948.3468017578125
902.0	1949.0	2946.098388671875	1985.201904296875
900.0	1951.0	2982.953369140625	2022.056884765625
871.0	1951.0	3019.808349609375	2058.911865234375
870.0	1936.0	3056.663330078125	2095.766845703125
871.0	1937.0	3093.518310546875	2132.621826171875
873.0	1939.0	3130.373291015625	2095.766845703125
869.0	1936.0	3167.228271484375	2132.621826171875
870.0	1924.0	3204.083251953125	2169.476806640625
870.0	1924.0	3240.938232421875	2193.1962890625
870.0	1912.0	3277.793212890625	2230.05126953125
871.0	1899.0	3314.648193359375	2266.90625
872.0	1898.0	3351.503173828125	2269.8564453125
872.0	1925.0	3388.3583984375	2233.001220703125
873.0	1963.0	3425.21337890625	2196.146240234375
871.0	1991.0	3462.068359375	2159.291259765625
872.0	1941.0	3498.92333984375	2196.146240234375
871.0	1835.0	3535.7783203125	2233.001220703125
872.0	1797.0	3572.63330078125	2269.8564453125
