1932.0	885.0	2413.0	0.0	0.0	0.0
1932.0	884.0	2443.0	0.0	0.0	0.0
1932.0	885.0	2448.0	0.0	0.0	0.0
1932.0	885.0	2456.0	0.0	0.0	0.0
1931.0	885.0	2459.0	0.0	0.0	0.0
1930.0	885.0	2442.0	0.0	0.0	0.0
1931.0	884.0	2444.0	0.0	0.0	0.0
1931.0	884.0	2452.0	0.0	0.0	0.0
1932.0	884.0	2425.0	0.0	0.0	0.0
1929.0	884.0	2466.0	0.0	0.0	0.0
1929.0	885.0	2451.0	0.0	0.0	0.0
1934.0	885.0	2457.0	0.0	0.0	0.0
1941.0	885.0	2429.0	0.0	0.0	0.0
1932.0	883.0	2442.0	0.0	0.0	0.0
1935.0	884.0	2410.0	0.0	0.0	0.0
1935.0	884.0	2433.0	0.0	0.0	0.0
1932.0	884.0	2449.0	0.0	0.0	0.0
1930.0	885.0	2451.0	0.0	0.0	0.0
1930.0	885.0	2441.0	0.0	0.0	0.0
1930.0	884.0	2469.0	0.0	0.0	0.0
1928.0	884.0	2465.0	0.0	0.0	0.0
1929.0	884.0	2421.0	0.0	0.0	0.0
1933.0	885.0	2448.0	0.0	0.0	0.0
1929.0	885.0	2442.0	0.0	0.0	0.0
1931.0	884.0	2441.0	0.0	0.0	0.0
1933.0	881.0	2463.0	0.0	0.0	0.0
1928.0	883.0	2437.0	0.0	0.0	0.0
1932.0	885.0	2437.0	0.0	0.0	0.0
1930.0	884.0	2439.0	0.0	0.0	0.0
1929.0	884.0	2453.0	0.0	0.0	0.0
1932.0	885.0	2448.0	0.0	0.0	0.0
1929.0	885.0	2444.0	0.0	0.0	0.0
1931.0	884.0	2431.0	0.0	0.0	0.0
1930.0	883.0	2440.0	0.0	0.0	0.0
1931.0	887.0	2456.0	0.0	0.0	0.0
1930.0	886.0	2452.0	0.0	0.0	0.0
1929.0	885.0	2444.0	0.0	0.0	0.0
1929.0	884.0	2434.0	0.0	0.0	0.0
1930.0	885.0	2421.0	0.0	0.0	0.0
1932.0	884.0	2458.0	0.0	0.0	0.0
1930.0	885.0	2442.0	0.0	0.0	0.0
1932.0	883.0	2433.0	0.0	0.0	0.0
1932.0	888.0	2415.0	0.0	0.0	0.0
1930.0	882.0	2460.0	0.0	0.0	0.0
1931.0	885.0	2440.0	0.0	0.0	0.0
1929.0	883.0	2438.0	0.0	0.0	0.0
1931.0	885.0	2430.0	0.0	0.0	0.0
1931.0	881.0	2403.0	0.0	0.0	0.0
1928.0	883.0	2483.0	0.0	0.0	0.0
1930.0	883.0	2442.0	0.0	0.0	0.0
1931.0	886.0	2445.0	0.0	0.0	0.0
1932.0	890.0	2431.0	0.0	0.0	0.0
1930.0	884.0	2441.0	0.0	0.0	0.0
1931.0	885.0	2448.0	0.0	0.0	0.0
1931.0	887.0	2436.0	0.0	0.0	0.0
1930.0	885.0	2420.0	0.0	0.0	0.0
1929.0	883.0	2447.0	0.0	0.0	0.0
1930.0	883.0	2441.0	0.0	0.0	0.0
1930.0	886.0	2440.0	0.0	0.0	0.0
1930.0	884.0	2422.0	0.0	0.0	0.0
1932.0	883.0	2439.0	0.0	0.0	0.0
1931.0	884.0	2444.0	0.0	0.0	0.0
1930.0	885.0	2436.0	0.0	0.0	0.0
1928.0	883.0	2464.0	0.0	0.0	0.0
1928.0	883.0	2452.0	0.0	0.0	0.0
1931.0	883.0	2461.0	0.0	0.0	0.0
1930.0	886.0	2433.0	0.0	0.0	0.0
1939.0	884.0	2440.0	0.0	0.0	0.0
1932.0	883.0	2462.0	0.0	0.0	0.0
1930.0	883.0	2437.0	0.0	0.0	0.0
1932.0	883.0	2447.0	0.0	0.0	0.0
1931.0	886.0	2441.0	0.0	0.0	0.0
1932.0	893.0	2439.0	0.0	0.0	0.0
1930.0	887.0	2459.0	0.0	0.0	0.0
1932.0	884.0	2430.0	0.0	0.0	0.0
1930.0	884.0	2447.0	0.0	0.0	0.0
1930.0	886.0	2428.0	0.0	0.0	0.0
1928.0	884.0	2455.0	0.0	0.0	0.0
1931.0	885.0	2462.0	0.0	0.0	0.0
1930.0	885.0	2441.0	0.0	0.0	0.0
1931.0	886.0	2440.0	0.0	0.0	0.0
1932.0	880.0	2445.0	0.0	0.0	0.0
1931.0	882.0	2459.0	0.0	0.0	0.0
1930.0	883.0	2430.0	0.0	0.0	0.0
1932.0	885.0	2445.0	0.0	0.0	0.0
1929.0	883.0	2428.0	0.0	0.0	0.0
1929.0	883.0	2476.0	0.0	0.0	0.0
1930.0	885.0	2441.0	0.0	0.0	0.0
1930.0	882.0	2419.0	0.0	0.0	0.0
1932.0	884.0	2450.0	0.0	0.0	0.0
1933.0	885.0	2427.0	0.0	0.0	0.0
1930.0	884.0	2447.0	0.0	0.0	0.0
1929.0	884.0	2439.0	0.0	0.0	0.0
1929.0	882.0	2452.0	0.0	0.0	0.0
1929.0	883.0	2436.0	0.0	0.0	0.0
1928.0	885.0	2458.0	0.0	0.0	0.0
1929.0	886.0	2432.0	0.0	0.0	0.0
1932.0	884.0	2458.0	0.0	0.0	0.0
1932.0	883.0	2446.0	0.0	0.0	0.0
1931.0	883.0	2445.0	0.0	0.0	0.0
1931.0	888.0	2446.0	0.0	0.0	0.0
1919.0	886.0	2417.0	0.0	0.0	0.0
1936.0	886.0	2441.0	0.0	0.0	0.0
1936.0	886.0	2435.0	0.0	0.0	0.0
1929.0	885.0	2447.0	0.0	0.0	0.0
1933.0	885.0	2419.0	0.0	0.0	0.0
1931.0	885.0	2466.0	0.0	0.0	0.0
1932.0	886.0	2434.0	0.0	0.0	0.0
1932.0	885.0	2458.0	0.0	0.0	0.0
1930.0	889.0	2453.0	0.0	0.0	0.0
1931.0	883.0	2460.0	0.0	0.0	0.0
1933.0	887.0	2426.0	0.0	0.0	0.0
1932.0	884.0	2450.0	0.0	0.0	0.0
1930.0	883.0	2452.0	0.0	0.0	0.0
1931.0	885.0	2425.0	0.0	0.0	0.0
1930.0	884.0	2456.0	0.0	0.0	0.0
1933.0	885.0	2444.0	0.0	0.0	0.0
1930.0	884.0	2472.0	0.0	0.0	0.0
1929.0	885.0	2429.0	0.0	0.0	0.0
1929.0	882.0	2452.0	0.0	0.0	0.0
1930.0	885.0	2454.0	0.0	0.0	0.0
1929.0	887.0	2425.0	0.0	0.0	0.0
1930.0	883.0	2444.0	0.0	0.0	0.0
1930.0	884.0	2434.0	0.0	0.0	0.0
1930.0	886.0	2445.0	0.0	0.0	0.0
1930.0	885.0	2448.0	0.0	0.0	0.0
1929.0	883.0	2454.0	0.0	0.0	0.0
1929.0	883.0	2452.0	0.0	0.0	0.0
1931.0	884.0	2415.0	0.0	0.0	0.0
1929.0	882.0	2455.0	0.0	0.0	0.0
1934.0	884.0	2453.0	0.0	0.0	0.0
1933.0	884.0	2441.0	0.0	0.0	0.0
1934.0	884.0	2427.0	0.0	0.0	0.0
1932.0	885.0	2453.0	0.0	0.0	0.0
1929.0	889.0	2428.0	0.0	0.0	0.0
1932.0	880.0	2423.0	0.0	0.0	0.0
1931.0	884.0	2435.0	0.0	0.0	0.0
1931.0	886.0	2451.0	0.0	0.0	0.0
1932.0	885.0	2441.0	0.0	0.0	0.0
1932.0	886.0	2436.0	0.0	0.0	0.0
1930.0	883.0	2449.0	0.0	0.0	0.0
1931.0	884.0	2443.0	0.0	0.0	0.0
1931.0	887.0	2424.0	0.0	0.0	0.0
1929.0	885.0	2440.0	0.0	0.0	0.0
1930.0	886.0	2441.0	0.0	0.0	0.0
1929.0	885.0	2434.0	0.0	0.0	0.0
1931.0	883.0	2455.0	0.0	0.0	0.0
1930.0	883.0	2440.0	0.0	0.0	0.0
1930.0	884.0	2453.0	0.0	0.0	0.0
1932.0	884.0	2438.0	0.0	0.0	0.0
1928.0	883.0	2442.0	0.0	0.0	0.0
1930.0	885.0	2423.0	0.0	0.0	0.0
1929.0	884.0	2441.0	0.0	0.0	0.0
1931.0	883.0	2451.0	0.0	0.0	0.0
1928.0	885.0	2434.0	0.0	0.0	0.0
1930.0	884.0	2437.0	0.0	0.0	0.0
1929.0	885.0	2437.0	0.0	0.0	0.0
1930.0	886.0	2453.0	0.0	0.0	0.0
1929.0	883.0	2446.0	0.0	0.0	0.0
1932.0	884.0	2437.0	0.0	0.0	0.0
1932.0	883.0	2455.0	0.0	0.0	0.0
1931.0	883.0	2435.0	0.0	0.0	0.0
1934.0	884.0	2434.0	0.0	0.0	0.0
1933.0	887.0	2455.0	0.0	0.0	0.0
1931.0	889.0	2435.0	0.0	0.0	0.0
1929.0	882.0	2437.0	0.0	0.0	0.0
1933.0	886.0	2427.0	0.0	0.0	0.0
1931.0	883.0	2451.0	0.0	0.0	0.0
1930.0	883.0	2439.0	0.0	0.0	0.0
1931.0	883.0	2438.0	0.0	0.0	0.0
1933.0	885.0	2447.0	0.0	0.0	0.0
1933.0	884.0	2446.0	0.0	0.0	0.0
1931.0	885.0	2438.0	0.0	0.0	0.0
1930.0	883.0	2437.0	0.0	0.0	0.0
1930.0	884.0	2451.0	0.0	0.0	0.0
1931.0	886.0	2467.0	0.0	0.0	0.0
1931.0	886.0	2451.0	0.0	0.0	0.0
1930.0	884.0	2435.0	0.0	0.0	0.0
1929.0	885.0	2448.0	0.0	0.0	0.0
1930.0	883.0	2436.0	0.0	0.0	0.0
1930.0	884.0	2457.0	0.0	0.0	0.0
1930.0	885.0	2432.0	0.0	0.0	0.0
1930.0	882.0	2456.0	0.0	0.0	0.0
1930.0	887.0	2442.0	0.0	0.0	0.0
1931.0	887.0	2455.0	0.0	0.0	0.0
1930.0	882.0	2449.0	0.0	0.0	0.0
1932.0	885.0	2462.0	0.0	0.0	0.0
1929.0	883.0	2441.0	0.0	0.0	0.0
1931.0	881.0	2442.0	0.0	0.0	0.0
1929.0	884.0	2438.0	0.0	0.0	0.0
1947.0	885.0	2451.0	0.0	0.0	0.0
1937.0	886.0	2453.0	0.0	0.0	0.0
1930.0	888.0	2432.0	0.0	0.0	0.0
1930.0	883.0	2450.0	0.0	0.0	0.0
1929.0	884.0	2435.0	0.0	0.0	0.0
1935.0	885.0	2453.0	0.0	0.0	0.0
1930.0	883.0	2438.0	0.0	0.0	0.0
1930.0	883.0	2433.0	0.0	0.0	0.0
1930.0	885.0	2436.0	0.0	0.0	0.0
1929.0	884.0	2435.0	0.0	0.0	0.0
1931.0	884.0	2435.0	0.0	0.0	0.0
1931.0	885.0	2446.0	0.0	0.0	0.0
1930.0	886.0	2452.0	0.0	0.0	0.0
1932.0	884.0	2428.0	0.0	0.0	0.0
1934.0	886.0	2448.0	0.0	0.0	0.0
1931.0	885.0	2440.0	0.0	0.0	0.0
1930.0	884.0	2451.0	0.0	0.0	0.0
1930.0	883.0	2442.0	0.0	0.0	0.0
1932.0	885.0	2440.0	0.0	0.0	0.0
1930.0	885.0	2458.0	0.0	0.0	0.0
1930.0	884.0	2451.0	0.0	0.0	0.0
1932.0	886.0	2454.0	0.0	0.0	0.0
1929.0	884.0	2436.0	0.0	0.0	0.0
1930.0	886.0	2454.0	0.0	0.0	0.0
1931.0	886.0	2448.0	0.0	0.0	0.0
1930.0	884.0	2427.0	0.0	0.0	0.0
1929.0	885.0	2460.0	0.0	0.0	0.0
1930.0	882.0	2439.0	0.0	0.0	0.0
1931.0	879.0	2441.0	0.0	0.0	0.0
1932.0	885.0	2443.0	0.0	0.0	0.0
1930.0	886.0	2425.0	0.0	0.0	0.0
1930.0	884.0	2467.0	0.0	0.0	0.0
1930.0	887.0	2428.0	0.0	0.0	0.0
1930.0	884.0	2442.0	0.0	0.0	0.0
1930.0	885.0	2440.0	0.0	0.0	0.0
1931.0	883.0	2434.0	0.0	0.0	0.0
1932.0	887.0	2441.0	0.0	0.0	0.0
1932.0	886.0	2455.0	0.0	0.0	0.0
1930.0	883.0	2437.0	0.0	0.0	0.0
1929.0	885.0	2439.0	0.0	0.0	0.0
1928.0	884.0	2450.0	0.0	0.0	0.0
1931.0	885.0	2436.0	0.0	0.0	0.0
1931.0	884.0	2442.0	0.0	0.0	0.0
1931.0	886.0	2450.0	0.0	0.0	0.0
1930.0	884.0	2454.0	0.0	0.0	0.0
1931.0	885.0	2445.0	0.0	0.0	0.0
1928.0	887.0	2421.0	0.0	0.0	0.0
1933.0	887.0	2443.0	0.0	0.0	0.0
1931.0	885.0	2469.0	0.0	0.0	0.0
1931.0	883.0	2457.0	0.0	0.0	0.0
1931.0	884.0	2441.0	0.0	0.0	0.0
1929.0	886.0	2461.0	0.0	0.0	0.0
1940.0	886.0	2433.0	0.0	0.0	0.0
1933.0	884.0	2451.0	0.0	0.0	0.0
1937.0	884.0	2423.0	0.0	0.0	0.0
1931.0	883.0	2432.0	0.0	0.0	0.0
1930.0	885.0	2446.0	0.0	0.0	0.0
1928.0	883.0	2436.0	0.0	0.0	0.0
1930.0	884.0	2439.0	0.0	0.0	0.0
1929.0	883.0	2443.0	0.0	0.0	0.0
1931.0	883.0	2450.0	0.0	0.0	0.0
1929.0	883.0	2442.0	0.0	0.0	0.0
1943.0	883.0	2439.0	0.0	0.0	0.0
1933.0	885.0	2440.0	0.0	0.0	0.0
1929.0	887.0	2437.0	0.0	0.0	0.0
1926.0	883.0	2441.0	0.0	0.0	0.0
1932.0	886.0	2441.0	0.0	0.0	0.0
1931.0	884.0	2422.0	0.0	0.0	0.0
1929.0	883.0	2448.0	0.0	0.0	0.0
1930.0	886.0	2452.0	0.0	0.0	0.0
1928.0	890.0	2445.0	0.0	0.0	0.0
1931.0	886.0	2442.0	0.0	0.0	0.0
1930.0	880.0	2459.0	2.0	0.0	0.0
1930.0	887.0	2442.0	0.0	0.0	0.0
1930.0	887.0	2443.0	0.0	0.0	0.0
1930.0	885.0	2451.0	0.0	0.0	0.0
1932.0	884.0	2444.0	0.0	0.0	0.0
1931.0	885.0	2447.0	0.0	0.0	0.0
1930.0	883.0	2454.0	0.0	0.0	0.0
1932.0	883.0	2443.0	0.0	0.0	0.0
1931.0	884.0	2449.0	0.0	0.0	0.0
1932.0	885.0	2439.0	0.0	0.0	0.0
1929.0	884.0	2449.0	0.0	0.0	0.0
1931.0	885.0	2445.0	0.0	0.0	0.0
1933.0	884.0	2449.0	0.0	0.0	0.0
1930.0	884.0	2455.0	0.0	0.0	0.0
1931.0	884.0	2460.0	0.0	0.0	0.0
1931.0	885.0	2421.0	0.0	0.0	0.0
1930.0	885.0	2442.0	0.0	0.0	0.0
1929.0	883.0	2446.0	0.0	0.0	0.0
1931.0	885.0	2454.0	0.0	0.0	0.0
1930.0	885.0	2450.0	0.0	0.0	0.0
1930.0	883.0	2418.0	0.0	0.0	0.0
1928.0	887.0	2416.0	0.0	0.0	0.0
1928.0	884.0	2465.0	0.0	0.0	0.0
1937.0	885.0	2446.0	0.0	0.0	0.0
1930.0	884.0	2465.0	0.0	0.0	0.0
1935.0	883.0	2453.0	0.0	0.0	0.0
1933.0	885.0	2419.0	0.0	0.0	0.0
1931.0	886.0	2432.0	0.0	0.0	0.0
1932.0	884.0	2438.0	0.0	0.0	0.0
1932.0	883.0	2438.0	0.0	0.0	0.0
1932.0	885.0	2450.0	0.0	0.0	0.0
1929.0	884.0	2449.0	0.0	0.0	0.0
1929.0	884.0	2426.0	0.0	0.0	0.0
1933.0	885.0	2431.0	0.0	0.0	0.0
1928.0	882.0	2446.0	0.0	0.0	0.0
1931.0	884.0	2441.0	0.0	0.0	0.0
1930.0	882.0	2437.0	0.0	0.0	0.0
1930.0	885.0	2463.0	0.0	0.0	0.0
1931.0	885.0	2459.0	0.0	0.0	0.0
1931.0	886.0	2445.0	0.0	0.0	0.0
1932.0	859.0	2446.0	0.0	0.0	0.0
1932.0	884.0	2425.0	0.0	0.0	0.0
1932.0	885.0	2452.0	0.0	0.0	0.0
1931.0	885.0	2445.0	0.0	0.0	0.0
1929.0	884.0	2441.0	0.0	0.0	0.0
1930.0	885.0	2432.0	0.0	0.0	0.0
1928.0	884.0	2457.0	0.0	0.0	0.0
1930.0	885.0	2440.0	0.0	0.0	0.0
1931.0	885.0	2434.0	0.0	0.0	0.0
1930.0	883.0	2451.0	0.0	0.0	0.0
1930.0	884.0	2437.0	0.0	0.0	0.0
1931.0	883.0	2449.0	0.0	0.0	0.0
1929.0	885.0	2436.0	0.0	0.0	0.0
1931.0	884.0	2455.0	0.0	0.0	0.0
1930.0	883.0	2448.0	0.0	0.0	0.0
1930.0	885.0	2449.0	0.0	0.0	0.0
1930.0	887.0	2434.0	0.0	0.0	0.0
1929.0	886.0	2458.0	0.0	0.0	0.0
1930.0	887.0	2439.0	0.0	0.0	0.0
1930.0	886.0	2426.0	0.0	0.0	0.0
1929.0	885.0	2458.0	0.0	0.0	0.0
1933.0	885.0	2441.0	0.0	0.0	0.0
1929.0	885.0	2445.0	0.0	0.0	0.0
1929.0	885.0	2425.0	0.0	0.0	0.0
1930.0	887.0	2444.0	0.0	0.0	0.0
1933.0	883.0	2447.0	0.0	0.0	0.0
1929.0	885.0	2454.0	0.0	0.0	0.0
1930.0	884.0	2439.0	0.0	0.0	0.0
1933.0	885.0	2454.0	0.0	0.0	0.0
1930.0	884.0	2468.0	0.0	0.0	0.0
1933.0	884.0	2470.0	0.0	0.0	0.0
1933.0	887.0	2455.0	0.0	0.0	0.0
1929.0	885.0	2443.0	0.0	0.0	0.0
1931.0	884.0	2448.0	0.0	0.0	0.0
1930.0	884.0	2451.0	0.0	0.0	0.0
1930.0	884.0	2422.0	0.0	0.0	0.0
1930.0	885.0	2448.0	0.0	0.0	0.0
1931.0	884.0	2442.0	0.0	0.0	0.0
1931.0	886.0	2451.0	0.0	0.0	0.0
1930.0	885.0	2430.0	0.0	0.0	0.0
1933.0	886.0	2435.0	0.0	0.0	0.0
1931.0	885.0	2461.0	0.0	0.0	0.0
1931.0	884.0	2440.0	0.0	0.0	0.0
1926.0	883.0	2427.0	0.0	0.0	0.0
1929.0	884.0	2449.0	0.0	0.0	0.0
1932.0	884.0	2452.0	0.0	0.0	0.0
1930.0	883.0	2453.0	0.0	0.0	0.0
1931.0	881.0	2458.0	0.0	0.0	0.0
1930.0	879.0	2437.0	0.0	0.0	0.0
1929.0	885.0	2438.0	0.0	0.0	0.0
1931.0	885.0	2448.0	0.0	0.0	0.0
1930.0	885.0	2441.0	0.0	0.0	0.0
1927.0	884.0	2441.0	0.0	0.0	0.0
1928.0	883.0	2452.0	0.0	0.0	0.0
1928.0	883.0	2433.0	0.0	0.0	0.0
1932.0	891.0	2444.0	0.0	0.0	0.0
1929.0	883.0	2437.0	0.0	0.0	0.0
1929.0	888.0	2470.0	0.0	0.0	0.0
1930.0	885.0	2455.0	0.0	0.0	0.0
1930.0	887.0	2446.0	0.0	0.0	0.0
1930.0	885.0	2441.0	0.0	0.0	0.0
1931.0	886.0	2441.0	0.0	0.0	0.0
1930.0	884.0	2448.0	0.0	0.0	0.0
1930.0	883.0	2438.0	0.0	0.0	0.0
1930.0	883.0	2450.0	0.0	0.0	0.0
1932.0	884.0	2433.0	0.0	0.0	0.0
1930.0	883.0	2437.0	0.0	0.0	0.0
1930.0	883.0	2422.0	0.0	0.0	0.0
1930.0	885.0	2449.0	0.0	0.0	0.0
1932.0	887.0	2432.0	0.0	0.0	0.0
1929.0	882.0	2439.0	0.0	0.0	0.0
1933.0	883.0	2435.0	0.0	0.0	0.0
1930.0	884.0	2438.0	0.0	0.0	0.0
1925.0	884.0	2442.0	0.0	0.0	0.0
1929.0	886.0	2448.0	0.0	0.0	0.0
1931.0	884.0	2440.0	0.0	0.0	0.0
1930.0	886.0	2454.0	0.0	0.0	0.0
1933.0	886.0	2458.0	0.0	0.0	0.0
1931.0	885.0	2444.0	0.0	0.0	0.0
1931.0	885.0	2450.0	0.0	0.0	0.0
1930.0	884.0	2444.0	0.0	0.0	0.0
1931.0	886.0	2433.0	0.0	0.0	0.0
1931.0	884.0	2441.0	0.0	0.0	0.0
1930.0	885.0	2447.0	0.0	0.0	0.0
1933.0	886.0	2451.0	0.0	0.0	0.0
1929.0	886.0	2444.0	0.0	0.0	0.0
1930.0	882.0	2438.0	0.0	0.0	0.0
1932.0	882.0	2426.0	0.0	0.0	0.0
1934.0	889.0	2457.0	0.0	0.0	0.0
1930.0	887.0	2427.0	0.0	0.0	0.0
1930.0	883.0	2437.0	0.0	0.0	0.0
1929.0	884.0	2440.0	0.0	0.0	0.0
1930.0	883.0	2441.0	0.0	0.0	0.0
1929.0	882.0	2463.0	0.0	0.0	0.0
1929.0	886.0	2442.0	0.0	0.0	0.0
1930.0	885.0	2439.0	0.0	0.0	0.0
1932.0	885.0	2427.0	0.0	0.0	0.0
1928.0	884.0	2440.0	0.0	0.0	0.0
1930.0	884.0	2447.0	0.0	0.0	0.0
1928.0	884.0	2461.0	0.0	0.0	0.0
1929.0	885.0	2441.0	0.0	0.0	0.0
1931.0	884.0	2444.0	0.0	0.0	0.0
1930.0	885.0	2435.0	0.0	0.0	0.0
1931.0	884.0	2463.0	0.0	0.0	0.0
1932.0	885.0	2450.0	0.0	0.0	0.0
1932.0	885.0	2451.0	0.0	0.0	0.0
1930.0	884.0	2424.0	0.0	0.0	0.0
1929.0	884.0	2442.0	0.0	0.0	0.0
1933.0	885.0	2452.0	0.0	0.0	0.0
1929.0	885.0	2450.0	0.0	0.0	0.0
1930.0	885.0	2445.0	0.0	0.0	0.0
1932.0	885.0	2424.0	0.0	0.0	0.0
1930.0	884.0	2440.0	0.0	0.0	0.0
1930.0	886.0	2430.0	0.0	0.0	0.0
1927.0	886.0	2438.0	0.0	0.0	0.0
1929.0	886.0	2440.0	0.0	0.0	0.0
1932.0	883.0	2445.0	0.0	0.0	0.0
1931.0	885.0	2447.0	0.0	0.0	0.0
1930.0	883.0	2445.0	0.0	0.0	0.0
1930.0	883.0	2447.0	0.0	0.0	0.0
1929.0	885.0	2425.0	0.0	0.0	0.0
1929.0	883.0	2446.0	0.0	0.0	0.0
1930.0	885.0	2431.0	0.0	0.0	0.0
1931.0	884.0	2439.0	0.0	0.0	0.0
1928.0	887.0	2447.0	0.0	0.0	0.0
1929.0	882.0	2452.0	0.0	0.0	0.0
1931.0	886.0	2449.0	0.0	0.0	0.0
1930.0	882.0	2446.0	0.0	0.0	0.0
1933.0	887.0	2436.0	0.0	0.0	0.0
1931.0	885.0	2432.0	0.0	0.0	0.0
1931.0	877.0	2440.0	0.0	0.0	0.0
1931.0	885.0	2473.0	0.0	0.0	0.0
1929.0	885.0	2435.0	0.0	0.0	0.0
1931.0	885.0	2436.0	0.0	0.0	0.0
1930.0	883.0	2450.0	0.0	0.0	0.0
1931.0	883.0	2459.0	0.0	0.0	0.0
1931.0	886.0	2439.0	0.0	0.0	0.0
1930.0	884.0	2460.0	0.0	0.0	0.0
1932.0	886.0	2443.0	0.0	0.0	0.0
1929.0	886.0	2451.0	0.0	0.0	0.0
1929.0	893.0	2423.0	0.0	0.0	0.0
1928.0	883.0	2460.0	0.0	0.0	0.0
1930.0	882.0	2442.0	0.0	0.0	0.0
1931.0	884.0	2441.0	0.0	0.0	0.0
1934.0	886.0	2438.0	0.0	0.0	0.0
1931.0	887.0	2455.0	0.0	0.0	0.0
1928.0	882.0	2428.0	0.0	0.0	0.0
1930.0	886.0	2451.0	0.0	0.0	0.0
1927.0	887.0	2451.0	0.0	0.0	0.0
1931.0	884.0	2438.0	0.0	0.0	0.0
1928.0	882.0	2437.0	0.0	0.0	0.0
1931.0	895.0	2435.0	0.0	0.0	0.0
1930.0	885.0	2426.0	0.0	0.0	0.0
1931.0	882.0	2454.0	0.0	0.0	0.0
1929.0	882.0	2434.0	0.0	0.0	0.0
1932.0	884.0	2421.0	0.0	0.0	0.0
1928.0	885.0	2440.0	0.0	0.0	0.0
1930.0	885.0	2452.0	0.0	0.0	0.0
1930.0	885.0	2434.0	0.0	0.0	0.0
1930.0	884.0	2445.0	0.0	0.0	0.0
1931.0	886.0	2451.0	0.0	0.0	0.0
1930.0	884.0	2447.0	0.0	0.0	0.0
1930.0	886.0	2432.0	0.0	0.0	0.0
1932.0	883.0	2445.0	0.0	0.0	0.0
1929.0	884.0	2436.0	0.0	0.0	0.0
1932.0	886.0	2453.0	0.0	0.0	0.0
1930.0	884.0	2459.0	0.0	0.0	0.0
1931.0	885.0	2429.0	0.0	0.0	0.0
1935.0	884.0	2442.0	0.0	0.0	0.0
1930.0	882.0	2448.0	0.0	0.0	0.0
1929.0	884.0	2449.0	0.0	0.0	0.0
1930.0	882.0	2450.0	0.0	0.0	0.0
1930.0	886.0	2446.0	0.0	0.0	0.0
1931.0	884.0	2440.0	0.0	0.0	0.0
1933.0	884.0	2445.0	0.0	0.0	0.0
1943.0	884.0	2442.0	0.0	0.0	0.0
1934.0	884.0	2454.0	0.0	0.0	0.0
1930.0	885.0	2440.0	0.0	0.0	0.0
1930.0	883.0	2441.0	0.0	0.0	0.0
1932.0	887.0	2444.0	0.0	0.0	0.0
1931.0	892.0	2453.0	0.0	0.0	0.0
1933.0	887.0	2437.0	0.0	0.0	0.0
1930.0	886.0	2456.0	0.0	0.0	0.0
1929.0	888.0	2446.0	0.0	0.0	0.0
1930.0	887.0	2432.0	0.0	0.0	0.0
1930.0	886.0	2448.0	0.0	0.0	0.0
1930.0	882.0	2435.0	0.0	0.0	0.0
1930.0	884.0	2456.0	0.0	0.0	0.0
1929.0	884.0	2448.0	0.0	0.0	0.0
1929.0	885.0	2434.0	0.0	0.0	0.0
1930.0	884.0	2444.0	0.0	0.0	0.0
1930.0	885.0	2438.0	0.0	0.0	0.0
1929.0	883.0	2446.0	0.0	0.0	0.0
1930.0	884.0	2429.0	0.0	0.0	0.0
1932.0	886.0	2449.0	0.0	0.0	0.0
1929.0	884.0	2462.0	0.0	0.0	0.0
1928.0	884.0	2438.0	0.0	0.0	0.0
1927.0	884.0	2444.0	0.0	0.0	0.0
1934.0	884.0	2430.0	0.0	0.0	0.0
1932.0	886.0	2461.0	0.0	0.0	0.0
1932.0	887.0	2454.0	0.0	0.0	0.0
1930.0	884.0	2458.0	0.0	0.0	0.0
1930.0	884.0	2447.0	0.0	0.0	0.0
1929.0	886.0	2447.0	0.0	0.0	0.0
1926.0	882.0	2435.0	0.0	0.0	0.0
1928.0	883.0	2442.0	0.0	0.0	0.0
1928.0	884.0	2434.0	0.0	0.0	0.0
1933.0	883.0	2430.0	0.0	0.0	0.0
1934.0	884.0	2442.0	0.0	0.0	0.0
1930.0	883.0	2460.0	0.0	0.0	0.0
1931.0	885.0	2456.0	0.0	0.0	0.0
1932.0	884.0	2440.0	0.0	0.0	0.0
1929.0	887.0	2460.0	0.0	0.0	0.0
1930.0	885.0	2445.0	0.0	0.0	0.0
1930.0	885.0	2444.0	0.0	0.0	0.0
1931.0	883.0	2444.0	0.0	0.0	0.0
1931.0	885.0	2445.0	0.0	0.0	0.0
1931.0	884.0	2427.0	0.0	0.0	0.0
1932.0	885.0	2444.0	0.0	0.0	0.0
1928.0	884.0	2446.0	0.0	0.0	0.0
1930.0	884.0	2435.0	0.0	0.0	0.0
1931.0	885.0	2441.0	0.0	0.0	0.0
1930.0	885.0	2439.0	0.0	0.0	0.0
1930.0	885.0	2445.0	0.0	0.0	0.0
1933.0	885.0	2447.0	0.0	0.0	0.0
1931.0	884.0	2425.0	0.0	0.0	0.0
1930.0	888.0	2470.0	0.0	0.0	0.0
1931.0	885.0	2462.0	0.0	0.0	0.0
1930.0	883.0	2435.0	0.0	0.0	0.0
1933.0	885.0	2434.0	0.0	0.0	0.0
1931.0	886.0	2453.0	0.0	0.0	0.0
1932.0	884.0	2456.0	0.0	0.0	0.0
1930.0	884.0	2440.0	0.0	0.0	0.0
1932.0	886.0	2443.0	0.0	0.0	0.0
1929.0	885.0	2444.0	0.0	0.0	0.0
1938.0	886.0	2446.0	0.0	0.0	0.0
1930.0	886.0	2469.0	0.0	0.0	0.0
1932.0	884.0	2439.0	0.0	0.0	0.0
1926.0	884.0	2450.0	0.0	0.0	0.0
1931.0	884.0	2433.0	0.0	0.0	0.0
1929.0	886.0	2444.0	0.0	0.0	0.0
1933.0	885.0	2470.0	0.0	0.0	0.0
1931.0	884.0	2455.0	0.0	0.0	0.0
1931.0	884.0	2456.0	0.0	0.0	0.0
1930.0	883.0	2449.0	0.0	0.0	0.0
1930.0	884.0	2454.0	0.0	0.0	0.0
1928.0	885.0	2444.0	0.0	0.0	0.0
1929.0	882.0	2438.0	0.0	0.0	0.0
1927.0	884.0	2445.0	0.0	0.0	0.0
1931.0	886.0	2434.0	0.0	0.0	0.0
1929.0	885.0	2427.0	0.0	0.0	0.0
1929.0	886.0	2443.0	0.0	0.0	0.0
1930.0	884.0	2447.0	0.0	0.0	0.0
1930.0	884.0	2467.0	0.0	0.0	0.0
1930.0	883.0	2453.0	0.0	0.0	0.0
1931.0	884.0	2434.0	0.0	0.0	0.0
1930.0	885.0	2436.0	0.0	0.0	0.0
1931.0	885.0	2445.0	0.0	0.0	0.0
1929.0	883.0	2451.0	0.0	0.0	0.0
1932.0	885.0	2444.0	0.0	0.0	0.0
1932.0	885.0	2438.0	0.0	0.0	0.0
1929.0	885.0	2455.0	0.0	0.0	0.0
1930.0	885.0	2461.0	0.0	0.0	0.0
1930.0	884.0	2450.0	0.0	0.0	0.0
1931.0	885.0	2443.0	0.0	0.0	0.0
1932.0	891.0	2431.0	0.0	0.0	0.0
1930.0	883.0	2432.0	0.0	0.0	0.0
1930.0	881.0	2445.0	0.0	0.0	0.0
1933.0	884.0	2433.0	0.0	0.0	0.0
1900.0	887.0	2430.0	0.0	0.0	0.0
1930.0	884.0	2433.0	0.0	0.0	0.0
1929.0	886.0	2456.0	0.0	0.0	0.0
1932.0	883.0	2437.0	0.0	0.0	0.0
1930.0	884.0	2435.0	0.0	0.0	0.0
1930.0	883.0	2432.0	0.0	0.0	0.0
1931.0	883.0	2465.0	0.0	0.0	0.0
1930.0	877.0	2449.0	0.0	0.0	0.0
1931.0	885.0	2444.0	0.0	0.0	0.0
1931.0	883.0	2441.0	0.0	0.0	0.0
1931.0	882.0	2437.0	0.0	0.0	0.0
1932.0	886.0	2426.0	0.0	0.0	0.0
1929.0	884.0	2455.0	0.0	0.0	0.0
1930.0	886.0	2449.0	0.0	0.0	0.0
1931.0	886.0	2421.0	0.0	0.0	0.0
1931.0	885.0	2435.0	0.0	0.0	0.0
1932.0	887.0	2444.0	0.0	0.0	0.0
1932.0	887.0	2447.0	0.0	0.0	0.0
1930.0	886.0	2443.0	0.0	0.0	0.0
1931.0	884.0	2439.0	0.0	0.0	0.0
1929.0	884.0	2424.0	0.0	0.0	0.0
1928.0	884.0	2448.0	0.0	0.0	0.0
1929.0	883.0	2456.0	0.0	0.0	0.0
1934.0	884.0	2447.0	0.0	0.0	0.0
1932.0	884.0	2434.0	0.0	0.0	0.0
1930.0	884.0	2450.0	0.0	0.0	0.0
1932.0	883.0	2433.0	0.0	0.0	0.0
1928.0	882.0	2441.0	0.0	0.0	0.0
1931.0	883.0	2437.0	0.0	0.0	0.0
1930.0	880.0	2436.0	0.0	0.0	0.0
1945.0	882.0	2442.0	0.0	0.0	0.0
1929.0	884.0	2423.0	0.0	0.0	0.0
1931.0	883.0	2438.0	0.0	0.0	0.0
1934.0	886.0	2446.0	0.0	0.0	0.0
1935.0	890.0	2446.0	0.0	0.0	0.0
1931.0	892.0	2433.0	0.0	0.0	0.0
1932.0	884.0	2440.0	0.0	0.0	0.0
1934.0	885.0	2456.0	0.0	0.0	0.0
1933.0	884.0	2462.0	0.0	0.0	0.0
1931.0	887.0	2412.0	0.0	0.0	0.0
1931.0	881.0	2462.0	0.0	0.0	0.0
1931.0	884.0	2438.0	0.0	0.0	0.0
1931.0	886.0	2426.0	0.0	0.0	0.0
1931.0	886.0	2439.0	0.0	0.0	0.0
1930.0	884.0	2446.0	0.0	0.0	0.0
1930.0	884.0	2460.0	0.0	0.0	0.0
1932.0	885.0	2437.0	0.0	0.0	0.0
1933.0	885.0	2436.0	0.0	0.0	0.0
1929.0	884.0	2429.0	0.0	0.0	0.0
1931.0	885.0	2440.0	0.0	0.0	0.0
1930.0	890.0	2432.0	0.0	0.0	0.0
1929.0	884.0	2441.0	0.0	0.0	0.0
1930.0	883.0	2436.0	0.0	0.0	0.0
1928.0	883.0	2432.0	0.0	0.0	0.0
1925.0	887.0	2439.0	0.0	0.0	0.0
1930.0	884.0	2465.0	0.0	0.0	0.0
1931.0	886.0	2441.0	0.0	0.0	0.0
1930.0	884.0	2422.0	0.0	0.0	0.0
1931.0	887.0	2443.0	0.0	0.0	0.0
1931.0	886.0	2458.0	0.0	0.0	0.0
1929.0	885.0	2444.0	0.0	0.0	0.0
1932.0	884.0	2451.0	0.0	0.0	0.0
1930.0	884.0	2432.0	0.0	0.0	0.0
1929.0	884.0	2454.0	0.0	0.0	0.0
1929.0	882.0	2437.0	0.0	0.0	0.0
1932.0	886.0	2461.0	0.0	0.0	0.0
1936.0	884.0	2468.0	0.0	0.0	0.0
1931.0	884.0	2448.0	0.0	0.0	0.0
1934.0	885.0	2435.0	0.0	0.0	0.0
1931.0	884.0	2439.0	0.0	0.0	0.0
1928.0	883.0	2443.0	0.0	0.0	0.0
1930.0	884.0	2450.0	0.0	0.0	0.0
1929.0	884.0	2444.0	0.0	0.0	0.0
1929.0	884.0	2437.0	0.0	0.0	0.0
1930.0	885.0	2462.0	0.0	0.0	0.0
1930.0	886.0	2435.0	0.0	0.0	0.0
1930.0	883.0	2441.0	0.0	0.0	0.0
1931.0	885.0	2446.0	0.0	0.0	0.0
1929.0	884.0	2448.0	0.0	0.0	0.0
1930.0	885.0	2436.0	0.0	0.0	0.0
1929.0	883.0	2452.0	0.0	0.0	0.0
1929.0	884.0	2436.0	0.0	0.0	0.0
1931.0	884.0	2446.0	0.0	0.0	0.0
1930.0	886.0	2456.0	0.0	0.0	0.0
1930.0	882.0	2443.0	0.0	0.0	0.0
1931.0	885.0	2435.0	0.0	0.0	0.0
1929.0	886.0	2434.0	0.0	0.0	0.0
1929.0	884.0	2438.0	0.0	0.0	0.0
1931.0	883.0	2427.0	0.0	0.0	0.0
1930.0	885.0	2431.0	0.0	0.0	0.0
1931.0	884.0	2451.0	0.0	0.0	0.0
1930.0	885.0	2443.0	0.0	0.0	0.0
1928.0	884.0	2441.0	0.0	0.0	0.0
1929.0	885.0	2417.0	0.0	0.0	0.0
1931.0	886.0	2438.0	0.0	0.0	0.0
1930.0	883.0	2431.0	0.0	0.0	0.0
1932.0	887.0	2436.0	0.0	0.0	0.0
1928.0	883.0	2460.0	0.0	0.0	0.0
1932.0	884.0	2441.0	0.0	0.0	0.0
1930.0	886.0	2437.0	0.0	0.0	0.0
1933.0	885.0	2456.0	0.0	0.0	0.0
1933.0	883.0	2446.0	0.0	0.0	0.0
1929.0	886.0	2432.0	0.0	0.0	0.0
1931.0	883.0	2447.0	0.0	0.0	0.0
1930.0	885.0	2440.0	0.0	0.0	0.0
1930.0	888.0	2456.0	0.0	0.0	0.0
1929.0	885.0	2448.0	0.0	0.0	0.0
1929.0	885.0	2428.0	0.0	0.0	0.0
1932.0	888.0	2438.0	0.0	0.0	0.0
1931.0	886.0	2429.0	0.0	0.0	0.0
1930.0	885.0	2466.0	0.0	0.0	0.0
1930.0	884.0	2426.0	0.0	0.0	0.0
1930.0	884.0	2441.0	0.0	0.0	0.0
1930.0	886.0	2428.0	0.0	0.0	0.0
1931.0	884.0	2451.0	0.0	0.0	0.0
1931.0	885.0	2434.0	0.0	0.0	0.0
1930.0	883.0	2442.0	0.0	0.0	0.0
1931.0	885.0	2432.0	0.0	0.0	0.0
1929.0	884.0	2465.0	0.0	0.0	0.0
1929.0	883.0	2462.0	0.0	0.0	0.0
1930.0	885.0	2452.0	0.0	0.0	0.0
1932.0	885.0	2442.0	0.0	0.0	0.0
1938.0	882.0	2435.0	0.0	0.0	0.0
1935.0	884.0	2463.0	0.0	0.0	0.0
1930.0	883.0	2456.0	0.0	0.0	0.0
1929.0	887.0	2457.0	0.0	0.0	0.0
1933.0	888.0	2446.0	0.0	0.0	0.0
1932.0	883.0	2440.0	0.0	0.0	0.0
1930.0	883.0	2434.0	0.0	0.0	0.0
1931.0	884.0	2455.0	0.0	0.0	0.0
1928.0	885.0	2439.0	0.0	0.0	0.0
1931.0	884.0	2437.0	0.0	0.0	0.0
1931.0	885.0	2432.0	0.0	0.0	0.0
1931.0	885.0	2452.0	0.0	0.0	0.0
1930.0	885.0	2431.0	0.0	0.0	0.0
1929.0	883.0	2426.0	0.0	0.0	0.0
1929.0	885.0	2442.0	0.0	0.0	0.0
1931.0	888.0	2454.0	0.0	0.0	0.0
1930.0	883.0	2448.0	0.0	0.0	0.0
1932.0	887.0	2439.0	0.0	0.0	0.0
1930.0	888.0	2448.0	0.0	0.0	0.0
1929.0	887.0	2446.0	0.0	0.0	0.0
1929.0	884.0	2449.0	0.0	0.0	0.0
1931.0	882.0	2421.0	0.0	0.0	0.0
1930.0	886.0	2436.0	0.0	0.0	0.0
1930.0	884.0	2443.0	0.0	0.0	0.0
1930.0	884.0	2433.0	0.0	0.0	0.0
1931.0	883.0	2468.0	0.0	0.0	0.0
1931.0	885.0	2449.0	0.0	0.0	0.0
1931.0	885.0	2427.0	0.0	0.0	0.0
1931.0	885.0	2433.0	0.0	0.0	0.0
1929.0	883.0	2416.0	0.0	0.0	0.0
1929.0	882.0	2445.0	0.0	0.0	0.0
1944.0	885.0	2440.0	0.0	0.0	0.0
1933.0	886.0	2441.0	0.0	0.0	0.0
1930.0	882.0	2429.0	0.0	0.0	0.0
1932.0	884.0	2462.0	0.0	0.0	0.0
1932.0	885.0	2445.0	0.0	0.0	0.0
1931.0	885.0	2430.0	0.0	0.0	0.0
1932.0	885.0	2432.0	0.0	0.0	0.0
1938.0	884.0	2428.0	0.0	0.0	0.0
1928.0	884.0	2454.0	0.0	0.0	0.0
1940.0	884.0	2440.0	0.0	0.0	0.0
1933.0	886.0	2441.0	0.0	0.0	0.0
1931.0	886.0	2453.0	0.0	0.0	0.0
1932.0	884.0	2445.0	0.0	0.0	0.0
1932.0	888.0	2434.0	0.0	0.0	0.0
1930.0	885.0	2440.0	0.0	0.0	0.0
1930.0	882.0	2437.0	0.0	0.0	0.0
1930.0	893.0	2425.0	0.0	0.0	0.0
1931.0	885.0	2440.0	0.0	0.0	0.0
1931.0	886.0	2447.0	0.0	0.0	0.0
1929.0	882.0	2428.0	0.0	0.0	0.0
1928.0	882.0	2442.0	0.0	0.0	0.0
1931.0	884.0	2442.0	0.0	0.0	0.0
1927.0	885.0	2448.0	0.0	0.0	0.0
1936.0	885.0	2435.0	0.0	0.0	0.0
1929.0	883.0	2430.0	0.0	0.0	0.0
1931.0	883.0	2434.0	0.0	0.0	0.0
1929.0	882.0	2428.0	0.0	0.0	0.0
1932.0	879.0	2448.0	0.0	0.0	0.0
1929.0	883.0	2454.0	0.0	0.0	0.0
1930.0	885.0	2424.0	0.0	0.0	0.0
1931.0	886.0	2437.0	0.0	0.0	0.0
1927.0	885.0	2459.0	0.0	0.0	0.0
1929.0	882.0	2453.0	0.0	0.0	0.0
1930.0	884.0	2438.0	0.0	0.0	0.0
1931.0	883.0	2438.0	0.0	0.0	0.0
1929.0	883.0	2425.0	0.0	0.0	0.0
1930.0	886.0	2430.0	0.0	0.0	0.0
1930.0	884.0	2444.0	0.0	0.0	0.0
1930.0	884.0	2436.0	0.0	0.0	0.0
1933.0	884.0	2433.0	0.0	0.0	0.0
1929.0	883.0	2429.0	0.0	0.0	0.0
1933.0	883.0	2457.0	0.0	0.0	0.0
1928.0	886.0	2455.0	0.0	0.0	0.0
1935.0	886.0	2437.0	0.0	0.0	0.0
1929.0	883.0	2448.0	0.0	0.0	0.0
1930.0	885.0	2443.0	0.0	0.0	0.0
1931.0	884.0	2425.0	0.0	0.0	0.0
1930.0	885.0	2442.0	0.0	0.0	0.0
1931.0	884.0	2447.0	0.0	0.0	0.0
1929.0	883.0	2465.0	0.0	0.0	0.0
1931.0	883.0	2433.0	0.0	0.0	0.0
1931.0	883.0	2436.0	0.0	0.0	0.0
1930.0	885.0	2453.0	0.0	0.0	0.0
1929.0	882.0	2446.0	0.0	0.0	0.0
1931.0	883.0	2441.0	0.0	0.0	0.0
1930.0	886.0	2433.0	0.0	0.0	0.0
1932.0	886.0	2453.0	0.0	0.0	0.0
1927.0	887.0	2436.0	0.0	0.0	0.0
1929.0	885.0	2450.0	0.0	0.0	0.0
1931.0	887.0	2438.0	0.0	0.0	0.0
1930.0	884.0	2431.0	0.0	0.0	0.0
1932.0	886.0	2426.0	0.0	0.0	0.0
1930.0	885.0	2440.0	0.0	0.0	0.0
1930.0	884.0	2440.0	0.0	0.0	0.0
1931.0	884.0	2425.0	0.0	0.0	0.0
1931.0	886.0	2422.0	0.0	0.0	0.0
1932.0	886.0	2449.0	0.0	0.0	0.0
1933.0	884.0	2444.0	0.0	0.0	0.0
1929.0	884.0	2440.0	0.0	0.0	0.0
1931.0	884.0	2427.0	0.0	0.0	0.0
1929.0	882.0	2457.0	0.0	0.0	0.0
1930.0	884.0	2445.0	0.0	0.0	0.0
1929.0	884.0	2440.0	0.0	0.0	0.0
1932.0	885.0	2407.0	0.0	0.0	0.0
1930.0	886.0	2452.0	0.0	0.0	0.0
1932.0	886.0	2439.0	0.0	0.0	0.0
1928.0	883.0	2446.0	0.0	0.0	0.0
1932.0	883.0	2463.0	0.0	0.0	0.0
1931.0	893.0	2429.0	0.0	0.0	0.0
1930.0	887.0	2441.0	0.0	0.0	0.0
1931.0	884.0	2443.0	0.0	0.0	0.0
1930.0	890.0	2466.0	0.0	0.0	0.0
1933.0	885.0	2446.0	0.0	0.0	0.0
1930.0	886.0	2431.0	0.0	0.0	0.0
1931.0	886.0	2441.0	0.0	0.0	0.0
1929.0	885.0	2453.0	0.0	0.0	0.0
1931.0	883.0	2445.0	0.0	0.0	0.0
1930.0	885.0	2451.0	0.0	0.0	0.0
1932.0	886.0	2429.0	0.0	0.0	0.0
1930.0	884.0	2450.0	0.0	0.0	0.0
1929.0	885.0	2446.0	0.0	0.0	0.0
1930.0	885.0	2435.0	0.0	0.0	0.0
1930.0	884.0	2443.0	0.0	0.0	0.0
1929.0	886.0	2414.0	0.0	0.0	0.0
1930.0	885.0	2454.0	0.0	0.0	0.0
1929.0	885.0	2448.0	0.0	0.0	0.0
1933.0	884.0	2425.0	0.0	0.0	0.0
1929.0	887.0	2448.0	0.0	0.0	0.0
1932.0	882.0	2432.0	0.0	0.0	0.0
1929.0	884.0	2441.0	0.0	0.0	0.0
1933.0	883.0	2458.0	0.0	0.0	0.0
1931.0	888.0	2448.0	0.0	0.0	0.0
1930.0	883.0	2433.0	0.0	0.0	0.0
1929.0	887.0	2435.0	0.0	0.0	0.0
1933.0	887.0	2454.0	0.0	0.0	0.0
1931.0	885.0	2450.0	0.0	0.0	0.0
1931.0	884.0	2451.0	0.0	0.0	0.0
1933.0	882.0	2422.0	0.0	0.0	0.0
1931.0	883.0	2445.0	0.0	0.0	0.0
1931.0	889.0	2450.0	0.0	0.0	0.0
1932.0	883.0	2440.0	0.0	0.0	0.0
1931.0	886.0	2425.0	0.0	0.0	0.0
1932.0	884.0	2447.0	0.0	0.0	0.0
1930.0	884.0	2452.0	0.0	0.0	0.0
1931.0	884.0	2447.0	0.0	0.0	0.0
1929.0	884.0	2427.0	0.0	0.0	0.0
1929.0	885.0	2435.0	0.0	0.0	0.0
1930.0	886.0	2434.0	0.0	0.0	0.0
1931.0	886.0	2443.0	0.0	0.0	0.0
1931.0	882.0	2432.0	0.0	0.0	0.0
1933.0	884.0	2422.0	0.0	0.0	0.0
1930.0	884.0	2450.0	0.0	0.0	0.0
1931.0	887.0	2444.0	0.0	0.0	0.0
1929.0	883.0	2430.0	0.0	0.0	0.0
1930.0	884.0	2432.0	0.0	0.0	0.0
1929.0	854.0	2420.0	0.0	0.0	0.0
1926.0	884.0	2442.0	0.0	0.0	0.0
1929.0	885.0	2454.0	0.0	0.0	0.0
1932.0	884.0	2440.0	0.0	0.0	0.0
1930.0	885.0	2427.0	0.0	0.0	0.0
1929.0	886.0	2448.0	0.0	0.0	0.0
1930.0	877.0	2422.0	0.0	0.0	0.0
1930.0	884.0	2440.0	0.0	0.0	0.0
1924.0	885.0	2446.0	0.0	0.0	0.0
1933.0	886.0	2426.0	0.0	0.0	0.0
1933.0	886.0	2455.0	0.0	0.0	0.0
1931.0	885.0	2428.0	0.0	0.0	0.0
1932.0	889.0	2449.0	0.0	0.0	0.0
1930.0	886.0	2434.0	0.0	0.0	0.0
1930.0	885.0	2426.0	0.0	0.0	0.0
1929.0	886.0	2453.0	0.0	0.0	0.0
1930.0	884.0	2431.0	0.0	0.0	0.0
1932.0	885.0	2444.0	0.0	0.0	0.0
1930.0	885.0	2443.0	0.0	0.0	0.0
1933.0	883.0	2444.0	0.0	0.0	0.0
1931.0	884.0	2436.0	0.0	0.0	0.0
1930.0	885.0	2454.0	0.0	0.0	0.0
1934.0	885.0	2456.0	0.0	0.0	0.0
1929.0	885.0	2462.0	0.0	0.0	0.0
1930.0	884.0	2452.0	0.0	0.0	0.0
1931.0	884.0	2452.0	0.0	0.0	0.0
1932.0	883.0	2451.0	0.0	0.0	0.0
1930.0	886.0	2459.0	0.0	0.0	0.0
1930.0	885.0	2444.0	0.0	0.0	0.0
1929.0	885.0	2437.0	0.0	0.0	0.0
1930.0	884.0	2437.0	0.0	0.0	0.0
1931.0	882.0	2437.0	0.0	0.0	0.0
1933.0	885.0	2441.0	0.0	0.0	0.0
1930.0	885.0	2459.0	0.0	0.0	0.0
1930.0	884.0	2422.0	0.0	0.0	0.0
1930.0	886.0	2462.0	0.0	0.0	0.0
1928.0	884.0	2435.0	0.0	0.0	0.0
1928.0	885.0	2440.0	0.0	0.0	0.0
1929.0	886.0	2433.0	0.0	0.0	0.0
1933.0	889.0	2449.0	0.0	0.0	0.0
1932.0	884.0	2442.0	0.0	0.0	0.0
1929.0	882.0	2436.0	0.0	0.0	0.0
1931.0	895.0	2424.0	0.0	0.0	0.0
1929.0	884.0	2447.0	0.0	0.0	0.0
1929.0	884.0	2432.0	0.0	0.0	0.0
1931.0	883.0	2445.0	0.0	0.0	0.0
1931.0	883.0	2443.0	0.0	0.0	0.0
1932.0	884.0	2440.0	0.0	0.0	0.0
1929.0	883.0	2453.0	0.0	0.0	0.0
1930.0	885.0	2455.0	0.0	0.0	0.0
1930.0	885.0	2426.0	0.0	0.0	0.0
1930.0	884.0	2438.0	0.0	0.0	0.0
1930.0	884.0	2431.0	0.0	0.0	0.0
1932.0	885.0	2435.0	0.0	0.0	0.0
1929.0	883.0	2436.0	0.0	0.0	0.0
1932.0	886.0	2446.0	0.0	0.0	0.0
1932.0	886.0	2448.0	0.0	0.0	0.0
1930.0	884.0	2446.0	0.0	0.0	0.0
1930.0	885.0	2446.0	0.0	0.0	0.0
1932.0	883.0	2426.0	0.0	0.0	0.0
1932.0	886.0	2446.0	0.0	0.0	0.0
1930.0	885.0	2428.0	0.0	0.0	0.0
1930.0	884.0	2438.0	0.0	0.0	0.0
1928.0	884.0	2451.0	0.0	0.0	0.0
1933.0	885.0	2452.0	0.0	0.0	0.0
1931.0	882.0	2445.0	0.0	0.0	0.0
1939.0	885.0	2445.0	0.0	0.0	0.0
1934.0	883.0	2418.0	0.0	0.0	0.0
1930.0	887.0	2443.0	0.0	0.0	0.0
1930.0	884.0	2447.0	0.0	0.0	0.0
1929.0	884.0	2465.0	0.0	0.0	0.0
1930.0	885.0	2451.0	0.0	0.0	0.0
1929.0	883.0	2453.0	0.0	0.0	0.0
1933.0	884.0	2421.0	0.0	0.0	0.0
1932.0	885.0	2442.0	0.0	0.0	0.0
1932.0	885.0	2436.0	0.0	0.0	0.0
1931.0	883.0	2439.0	0.0	0.0	0.0
1931.0	884.0	2454.0	0.0	0.0	0.0
1933.0	883.0	2465.0	0.0	0.0	0.0
1932.0	884.0	2447.0	0.0	0.0	0.0
1930.0	884.0	2434.0	0.0	0.0	0.0
1932.0	884.0	2448.0	0.0	0.0	0.0
1932.0	883.0	2440.0	0.0	0.0	0.0
1931.0	883.0	2447.0	0.0	0.0	0.0
1931.0	887.0	2453.0	0.0	0.0	0.0
1929.0	882.0	2420.0	0.0	0.0	0.0
1929.0	884.0	2426.0	0.0	0.0	0.0
1932.0	886.0	2440.0	0.0	0.0	0.0
1930.0	885.0	2446.0	0.0	0.0	0.0
1932.0	887.0	2445.0	0.0	0.0	0.0
1930.0	883.0	2441.0	0.0	0.0	0.0
1929.0	883.0	2438.0	0.0	0.0	0.0
1930.0	883.0	2426.0	0.0	0.0	0.0
1932.0	893.0	2443.0	0.0	0.0	0.0
1929.0	884.0	2465.0	0.0	0.0	0.0
1929.0	882.0	2424.0	0.0	0.0	0.0
1932.0	890.0	2424.0	0.0	0.0	0.0
1929.0	886.0	2434.0	0.0	0.0	0.0
1930.0	879.0	2451.0	0.0	0.0	0.0
1929.0	885.0	2447.0	0.0	0.0	0.0
1929.0	885.0	2452.0	0.0	0.0	0.0
1930.0	881.0	2447.0	0.0	0.0	0.0
1930.0	884.0	2462.0	0.0	0.0	0.0
1931.0	882.0	2433.0	0.0	0.0	0.0
1933.0	892.0	2437.0	0.0	0.0	0.0
1930.0	887.0	2450.0	0.0	0.0	0.0
1932.0	883.0	2462.0	0.0	0.0	0.0
1929.0	885.0	2448.0	0.0	0.0	0.0
1929.0	886.0	2445.0	0.0	0.0	0.0
1931.0	884.0	2446.0	0.0	0.0	0.0
1931.0	885.0	2440.0	0.0	0.0	0.0
1930.0	885.0	2437.0	0.0	0.0	0.0
1929.0	884.0	2441.0	0.0	0.0	0.0
1932.0	885.0	2439.0	0.0	0.0	0.0
1930.0	886.0	2447.0	0.0	0.0	0.0
1931.0	884.0	2432.0	0.0	0.0	0.0
1930.0	883.0	2440.0	0.0	0.0	0.0
1930.0	883.0	2451.0	0.0	0.0	0.0
1936.0	884.0	2447.0	0.0	0.0	0.0
1937.0	885.0	2441.0	0.0	0.0	0.0
1933.0	883.0	2417.0	0.0	0.0	0.0
1934.0	883.0	2456.0	0.0	0.0	0.0
1931.0	885.0	2447.0	0.0	0.0	0.0
1930.0	888.0	2430.0	0.0	0.0	0.0
1933.0	882.0	2458.0	0.0	0.0	0.0
1930.0	887.0	2435.0	0.0	0.0	0.0
1932.0	884.0	2438.0	0.0	0.0	0.0
1930.0	885.0	2449.0	0.0	0.0	0.0
1931.0	884.0	2456.0	0.0	0.0	0.0
1929.0	881.0	2452.0	0.0	0.0	0.0
1932.0	889.0	2454.0	0.0	0.0	0.0
1929.0	880.0	2448.0	0.0	0.0	0.0
1930.0	886.0	2429.0	0.0	0.0	0.0
1931.0	886.0	2446.0	0.0	0.0	0.0
1932.0	887.0	2448.0	0.0	0.0	0.0
1930.0	882.0	2456.0	0.0	0.0	0.0
1929.0	885.0	2434.0	0.0	0.0	0.0
1934.0	886.0	2437.0	0.0	0.0	0.0
1931.0	887.0	2458.0	0.0	0.0	0.0
1931.0	883.0	2447.0	0.0	0.0	0.0
1931.0	885.0	2469.0	0.0	0.0	0.0
1931.0	885.0	2462.0	0.0	0.0	0.0
1931.0	884.0	2465.0	0.0	0.0	0.0
1929.0	883.0	2454.0	0.0	0.0	0.0
1930.0	886.0	2441.0	0.0	0.0	0.0
1930.0	885.0	2426.0	0.0	0.0	0.0
1942.0	887.0	2450.0	0.0	0.0	0.0
1930.0	884.0	2424.0	0.0	0.0	0.0
1928.0	883.0	2424.0	0.0	0.0	0.0
1930.0	886.0	2436.0	0.0	0.0	0.0
1932.0	888.0	2441.0	0.0	0.0	0.0
1932.0	894.0	2439.0	0.0	0.0	0.0
1931.0	885.0	2454.0	0.0	0.0	0.0
1933.0	884.0	2450.0	0.0	0.0	0.0
1931.0	885.0	2435.0	0.0	0.0	0.0
1933.0	884.0	2412.0	0.0	0.0	0.0
1932.0	884.0	2424.0	0.0	0.0	0.0
1931.0	884.0	2453.0	0.0	0.0	0.0
1931.0	882.0	2460.0	0.0	0.0	0.0
1929.0	883.0	2434.0	0.0	0.0	0.0
1935.0	886.0	2437.0	0.0	0.0	0.0
1933.0	884.0	2455.0	0.0	0.0	0.0
1931.0	883.0	2451.0	0.0	0.0	0.0
1931.0	888.0	2434.0	0.0	0.0	0.0
1933.0	885.0	2442.0	0.0	0.0	0.0
1933.0	886.0	2432.0	0.0	0.0	0.0
1932.0	886.0	2449.0	0.0	0.0	0.0
1932.0	885.0	2446.0	0.0	0.0	0.0
1932.0	886.0	2448.0	0.0	0.0	0.0
1930.0	886.0	2408.0	0.0	0.0	0.0
1932.0	883.0	2446.0	0.0	0.0	0.0
1931.0	883.0	2449.0	0.0	0.0	0.0
1932.0	885.0	2450.0	0.0	0.0	0.0
1932.0	885.0	2461.0	0.0	0.0	0.0
1929.0	884.0	2445.0	0.0	0.0	0.0
1931.0	884.0	2423.0	0.0	0.0	0.0
1934.0	883.0	2438.0	0.0	0.0	0.0
1934.0	884.0	2447.0	0.0	0.0	0.0
1929.0	884.0	2428.0	0.0	0.0	0.0
1929.0	884.0	2435.0	0.0	0.0	0.0
1930.0	885.0	2447.0	0.0	0.0	0.0
1934.0	885.0	2448.0	0.0	0.0	0.0
1929.0	884.0	2454.0	0.0	0.0	0.0
1933.0	886.0	2426.0	0.0	0.0	0.0
1929.0	885.0	2423.0	0.0	0.0	0.0
1928.0	883.0	2473.0	0.0	0.0	0.0
1927.0	884.0	2436.0	0.0	0.0	0.0
1932.0	885.0	2448.0	0.0	0.0	0.0
1933.0	883.0	2437.0	0.0	0.0	0.0
1932.0	888.0	2456.0	0.0	0.0	0.0
1930.0	880.0	2412.0	0.0	0.0	0.0
1930.0	884.0	2441.0	0.0	0.0	0.0
1930.0	884.0	2425.0	0.0	0.0	0.0
1933.0	885.0	2417.0	0.0	0.0	0.0
1929.0	882.0	2440.0	0.0	0.0	0.0
1931.0	886.0	2442.0	0.0	0.0	0.0
1931.0	885.0	2445.0	0.0	0.0	0.0
1928.0	885.0	2437.0	0.0	0.0	0.0
1930.0	885.0	2429.0	0.0	0.0	0.0
1929.0	884.0	2451.0	0.0	0.0	0.0
1931.0	882.0	2440.0	0.0	0.0	0.0
1929.0	884.0	2434.0	0.0	0.0	0.0
1931.0	884.0	2450.0	0.0	0.0	0.0
1929.0	886.0	2432.0	0.0	0.0	0.0
1931.0	885.0	2458.0	0.0	0.0	0.0
1928.0	884.0	2454.0	0.0	0.0	0.0
1931.0	884.0	2424.0	0.0	0.0	0.0
1930.0	886.0	2438.0	0.0	0.0	0.0
1931.0	884.0	2444.0	0.0	0.0	0.0
1930.0	886.0	2442.0	0.0	0.0	0.0
1930.0	883.0	2451.0	0.0	0.0	0.0
1927.0	883.0	2437.0	0.0	0.0	0.0
1933.0	883.0	2461.0	0.0	0.0	0.0
1933.0	885.0	2430.0	0.0	0.0	0.0
1931.0	883.0	2450.0	0.0	0.0	0.0
1929.0	885.0	2418.0	0.0	0.0	0.0
1932.0	883.0	2424.0	0.0	0.0	0.0
1929.0	885.0	2437.0	0.0	0.0	0.0
1933.0	886.0	2427.0	0.0	0.0	0.0
1932.0	885.0	2466.0	0.0	0.0	0.0
1930.0	883.0	2456.0	0.0	0.0	0.0
1933.0	885.0	2433.0	0.0	0.0	0.0
1930.0	887.0	2439.0	0.0	0.0	0.0
1931.0	884.0	2450.0	0.0	0.0	0.0
1932.0	884.0	2468.0	0.0	0.0	0.0
1930.0	884.0	2452.0	0.0	0.0	0.0
1930.0	884.0	2432.0	0.0	0.0	0.0
1930.0	884.0	2447.0	0.0	0.0	0.0
1931.0	884.0	2439.0	0.0	0.0	0.0
1930.0	884.0	2431.0	0.0	0.0	0.0
1931.0	886.0	2427.0	0.0	0.0	0.0
1929.0	882.0	2415.0	0.0	0.0	0.0
1930.0	883.0	2452.0	0.0	0.0	0.0
1930.0	884.0	2442.0	0.0	0.0	0.0
1929.0	884.0	2434.0	0.0	0.0	0.0
1931.0	884.0	2435.0	0.0	0.0	0.0
1930.0	884.0	2432.0	0.0	0.0	0.0
1930.0	884.0	2449.0	0.0	0.0	0.0
1932.0	883.0	2430.0	0.0	0.0	0.0
1931.0	886.0	2448.0	0.0	0.0	0.0
1929.0	884.0	2437.0	0.0	0.0	0.0
1931.0	884.0	2444.0	0.0	0.0	0.0
1929.0	885.0	2435.0	0.0	0.0	0.0
1929.0	883.0	2449.0	0.0	0.0	0.0
1932.0	885.0	2449.0	0.0	0.0	0.0
1931.0	882.0	2455.0	0.0	0.0	0.0
1933.0	884.0	2436.0	0.0	0.0	0.0
1931.0	885.0	2435.0	0.0	0.0	0.0
1930.0	883.0	2433.0	0.0	0.0	0.0
1929.0	884.0	2458.0	0.0	0.0	0.0
1929.0	883.0	2443.0	0.0	0.0	0.0
1927.0	883.0	2439.0	0.0	0.0	0.0
1932.0	886.0	2421.0	0.0	0.0	0.0
1933.0	887.0	2435.0	0.0	0.0	0.0
1933.0	886.0	2434.0	0.0	0.0	0.0
1934.0	886.0	2454.0	0.0	0.0	0.0
1931.0	884.0	2431.0	0.0	0.0	0.0
1934.0	886.0	2453.0	0.0	0.0	0.0
1931.0	885.0	2430.0	0.0	0.0	0.0
1931.0	886.0	2457.0	0.0	0.0	0.0
1930.0	884.0	2425.0	0.0	0.0	0.0
1932.0	884.0	2432.0	0.0	0.0	0.0
1932.0	885.0	2425.0	0.0	0.0	0.0
1930.0	883.0	2460.0	0.0	0.0	0.0
1931.0	885.0	2432.0	0.0	0.0	0.0
1930.0	884.0	2459.0	0.0	0.0	0.0
1933.0	885.0	2438.0	0.0	0.0	0.0
1930.0	884.0	2438.0	0.0	0.0	0.0
1931.0	882.0	2448.0	0.0	0.0	0.0
1930.0	882.0	2425.0	0.0	0.0	0.0
1931.0	887.0	2443.0	0.0	0.0	0.0
1931.0	886.0	2429.0	0.0	0.0	0.0
1930.0	883.0	2466.0	0.0	0.0	0.0
1931.0	884.0	2436.0	0.0	0.0	0.0
1929.0	886.0	2446.0	0.0	0.0	0.0
1930.0	881.0	2429.0	0.0	0.0	0.0
1931.0	884.0	2439.0	0.0	0.0	0.0
1930.0	885.0	2450.0	0.0	0.0	0.0
1931.0	887.0	2423.0	0.0	0.0	0.0
1929.0	886.0	2456.0	0.0	0.0	0.0
1931.0	884.0	2433.0	0.0	0.0	0.0
1931.0	889.0	2433.0	0.0	0.0	0.0
1931.0	889.0	2447.0	0.0	0.0	0.0
1931.0	885.0	2441.0	0.0	0.0	0.0
1931.0	885.0	2432.0	0.0	0.0	0.0
1932.0	885.0	2452.0	0.0	0.0	0.0
1929.0	884.0	2441.0	0.0	0.0	0.0
1931.0	885.0	2443.0	0.0	0.0	0.0
1932.0	885.0	2465.0	0.0	0.0	0.0
1932.0	887.0	2431.0	0.0	0.0	0.0
1929.0	884.0	2447.0	0.0	0.0	0.0
1930.0	885.0	2454.0	0.0	0.0	0.0
1929.0	885.0	2458.0	0.0	0.0	0.0
1931.0	884.0	2457.0	0.0	0.0	0.0
1928.0	884.0	2450.0	0.0	0.0	0.0
1928.0	884.0	2432.0	0.0	0.0	0.0
1926.0	884.0	2444.0	0.0	0.0	0.0
1933.0	885.0	2467.0	0.0	0.0	0.0
1930.0	883.0	2456.0	0.0	0.0	0.0
1929.0	880.0	2450.0	0.0	0.0	0.0
1929.0	893.0	2439.0	0.0	0.0	0.0
1929.0	889.0	2447.0	0.0	0.0	0.0
1931.0	883.0	2444.0	0.0	0.0	0.0
1935.0	882.0	2451.0	0.0	0.0	0.0
1929.0	884.0	2453.0	0.0	0.0	0.0
1929.0	883.0	2427.0	0.0	0.0	0.0
1932.0	882.0	2466.0	0.0	0.0	0.0
1931.0	883.0	2437.0	0.0	0.0	0.0
1931.0	889.0	2449.0	0.0	0.0	0.0
1932.0	885.0	2417.0	0.0	0.0	0.0
1931.0	883.0	2448.0	0.0	0.0	0.0
1931.0	885.0	2444.0	0.0	0.0	0.0
1930.0	885.0	2434.0	0.0	0.0	0.0
1929.0	884.0	2437.0	0.0	0.0	0.0
1931.0	884.0	2441.0	0.0	0.0	0.0
1931.0	885.0	2417.0	0.0	0.0	0.0
1929.0	886.0	2447.0	0.0	0.0	0.0
1930.0	887.0	2428.0	0.0	0.0	0.0
1932.0	885.0	2471.0	0.0	0.0	0.0
1930.0	884.0	2450.0	0.0	0.0	0.0
1929.0	884.0	2456.0	0.0	0.0	0.0
1930.0	883.0	2456.0	0.0	0.0	0.0
1929.0	884.0	2447.0	0.0	0.0	0.0
1932.0	885.0	2478.0	0.0	0.0	0.0
1930.0	886.0	2432.0	0.0	0.0	0.0
1935.0	885.0	2425.0	0.0	0.0	0.0
1930.0	885.0	2458.0	0.0	0.0	0.0
1931.0	885.0	2449.0	0.0	0.0	0.0
1930.0	886.0	2438.0	0.0	0.0	0.0
1930.0	884.0	2422.0	0.0	0.0	0.0
1929.0	886.0	2445.0	0.0	0.0	0.0
1929.0	885.0	2443.0	0.0	0.0	0.0
1933.0	886.0	2460.0	0.0	0.0	0.0
1933.0	885.0	2439.0	0.0	0.0	0.0
1928.0	883.0	2431.0	0.0	0.0	0.0
1932.0	882.0	2447.0	0.0	0.0	0.0
1929.0	882.0	2448.0	0.0	0.0	0.0
1929.0	888.0	2422.0	0.0	0.0	0.0
1930.0	882.0	2445.0	0.0	0.0	0.0
1928.0	886.0	2440.0	0.0	0.0	0.0
1932.0	884.0	2444.0	0.0	0.0	0.0
1928.0	887.0	2449.0	0.0	0.0	0.0
1930.0	883.0	2449.0	0.0	0.0	0.0
1929.0	885.0	2437.0	0.0	0.0	0.0
1931.0	884.0	2424.0	0.0	0.0	0.0
1931.0	885.0	2428.0	0.0	0.0	0.0
1932.0	884.0	2442.0	0.0	0.0	0.0
1929.0	886.0	2425.0	0.0	0.0	0.0
1929.0	884.0	2447.0	0.0	0.0	0.0
1930.0	884.0	2424.0	0.0	0.0	0.0
1930.0	884.0	2433.0	0.0	0.0	0.0
1931.0	884.0	2460.0	0.0	0.0	0.0
1928.0	886.0	2455.0	0.0	0.0	0.0
1930.0	884.0	2446.0	0.0	0.0	0.0
1930.0	883.0	2424.0	0.0	0.0	0.0
1929.0	886.0	2432.0	0.0	0.0	0.0
1929.0	884.0	2445.0	0.0	0.0	0.0
1930.0	883.0	2439.0	0.0	0.0	0.0
1929.0	885.0	2443.0	0.0	0.0	0.0
1930.0	884.0	2425.0	0.0	0.0	0.0
1930.0	884.0	2430.0	0.0	0.0	0.0
1929.0	884.0	2425.0	0.0	0.0	0.0
1931.0	884.0	2443.0	0.0	0.0	0.0
1930.0	885.0	2452.0	0.0	0.0	0.0
1928.0	881.0	2453.0	0.0	0.0	0.0
1935.0	887.0	2451.0	0.0	0.0	0.0
1924.0	883.0	2433.0	0.0	0.0	0.0
1927.0	884.0	2429.0	0.0	0.0	0.0
1931.0	885.0	2457.0	0.0	0.0	0.0
1930.0	883.0	2460.0	0.0	0.0	0.0
1934.0	886.0	2459.0	0.0	0.0	0.0
1929.0	884.0	2458.0	0.0	0.0	0.0
1930.0	885.0	2446.0	0.0	0.0	0.0
1929.0	882.0	2445.0	0.0	0.0	0.0
1929.0	883.0	2435.0	0.0	0.0	0.0
1931.0	884.0	2450.0	0.0	0.0	0.0
1931.0	885.0	2453.0	0.0	0.0	0.0
1930.0	886.0	2467.0	0.0	0.0	0.0
1930.0	883.0	2430.0	0.0	0.0	0.0
1929.0	885.0	2445.0	0.0	0.0	0.0
1929.0	883.0	2431.0	0.0	0.0	0.0
1933.0	884.0	2440.0	0.0	0.0	0.0
1931.0	886.0	2433.0	0.0	0.0	0.0
1930.0	883.0	2432.0	0.0	0.0	0.0
1932.0	884.0	2448.0	0.0	0.0	0.0
1929.0	886.0	2425.0	0.0	0.0	0.0
1931.0	881.0	2454.0	0.0	0.0	0.0
1930.0	887.0	2430.0	0.0	0.0	0.0
1933.0	886.0	2429.0	0.0	0.0	0.0
1930.0	887.0	2447.0	0.0	0.0	0.0
1930.0	884.0	2439.0	0.0	0.0	0.0
1930.0	886.0	2435.0	0.0	0.0	0.0
1930.0	884.0	2455.0	0.0	0.0	0.0
1933.0	891.0	2441.0	0.0	0.0	0.0
1929.0	883.0	2417.0	0.0	0.0	0.0
1928.0	883.0	2450.0	0.0	0.0	0.0
1929.0	886.0	2439.0	0.0	0.0	0.0
1930.0	884.0	2451.0	0.0	0.0	0.0
1932.0	888.0	2423.0	0.0	0.0	0.0
1930.0	883.0	2443.0	0.0	0.0	0.0
1929.0	882.0	2459.0	0.0	0.0	0.0
1930.0	884.0	2448.0	0.0	0.0	0.0
1931.0	886.0	2455.0	0.0	0.0	0.0
1929.0	884.0	2451.0	0.0	0.0	0.0
1930.0	887.0	2444.0	0.0	0.0	0.0
1931.0	886.0	2433.0	0.0	0.0	0.0
1929.0	883.0	2439.0	0.0	0.0	0.0
1930.0	884.0	2457.0	0.0	0.0	0.0
1929.0	882.0	2455.0	0.0	0.0	0.0
1931.0	885.0	2462.0	0.0	0.0	0.0
1930.0	884.0	2447.0	0.0	0.0	0.0
1931.0	882.0	2434.0	0.0	0.0	0.0
1931.0	885.0	2430.0	0.0	0.0	0.0
1930.0	884.0	2428.0	0.0	0.0	0.0
1931.0	874.0	2442.0	0.0	0.0	0.0
1930.0	886.0	2435.0	0.0	0.0	0.0
1930.0	887.0	2467.0	0.0	0.0	0.0
1930.0	886.0	2446.0	0.0	0.0	0.0
1935.0	887.0	2452.0	0.0	0.0	0.0
1927.0	886.0	2441.0	0.0	0.0	0.0
1928.0	883.0	2438.0	0.0	0.0	0.0
1928.0	882.0	2429.0	0.0	0.0	0.0
1933.0	885.0	2422.0	0.0	0.0	0.0
1931.0	883.0	2440.0	0.0	0.0	0.0
1930.0	884.0	2408.0	0.0	0.0	0.0
1935.0	888.0	2435.0	0.0	0.0	0.0
1930.0	884.0	2429.0	0.0	0.0	0.0
1931.0	889.0	2459.0	0.0	0.0	0.0
1935.0	885.0	2450.0	0.0	0.0	0.0
1937.0	883.0	2440.0	0.0	0.0	0.0
1930.0	882.0	2436.0	0.0	0.0	0.0
1929.0	889.0	2460.0	0.0	0.0	0.0
1931.0	889.0	2459.0	0.0	0.0	0.0
1932.0	885.0	2437.0	0.0	0.0	0.0
1929.0	887.0	2430.0	0.0	0.0	0.0
1930.0	888.0	2444.0	0.0	0.0	0.0
1930.0	886.0	2432.0	0.0	0.0	0.0
1930.0	884.0	2430.0	0.0	0.0	0.0
1930.0	883.0	2439.0	0.0	0.0	0.0
1929.0	886.0	2450.0	0.0	0.0	0.0
1930.0	885.0	2449.0	0.0	0.0	0.0
1931.0	885.0	2449.0	0.0	0.0	0.0
1931.0	885.0	2423.0	0.0	0.0	0.0
1929.0	885.0	2447.0	0.0	0.0	0.0
1932.0	884.0	2463.0	0.0	0.0	0.0
1929.0	883.0	2433.0	0.0	0.0	0.0
1929.0	884.0	2418.0	0.0	0.0	0.0
1930.0	884.0	2445.0	0.0	0.0	0.0
1931.0	887.0	2451.0	0.0	0.0	0.0
1928.0	883.0	2455.0	0.0	0.0	0.0
1929.0	884.0	2443.0	0.0	0.0	0.0
1934.0	883.0	2434.0	0.0	0.0	0.0
1930.0	888.0	2456.0	0.0	0.0	0.0
1934.0	886.0	2444.0	0.0	0.0	0.0
1932.0	883.0	2461.0	0.0	0.0	0.0
1930.0	885.0	2445.0	0.0	0.0	0.0
1931.0	884.0	2455.0	0.0	0.0	0.0
1933.0	883.0	2458.0	0.0	0.0	0.0
1931.0	881.0	2436.0	0.0	0.0	0.0
1931.0	882.0	2455.0	0.0	0.0	0.0
1931.0	885.0	2427.0	0.0	0.0	0.0
1930.0	887.0	2433.0	0.0	0.0	0.0
1930.0	887.0	2431.0	0.0	0.0	0.0
1931.0	885.0	2432.0	0.0	0.0	0.0
1932.0	886.0	2448.0	0.0	0.0	0.0
1930.0	885.0	2461.0	0.0	0.0	0.0
1930.0	884.0	2435.0	0.0	0.0	0.0
1930.0	884.0	2432.0	0.0	0.0	0.0
1931.0	886.0	2437.0	0.0	0.0	0.0
1930.0	885.0	2459.0	0.0	0.0	0.0
1929.0	884.0	2446.0	0.0	0.0	0.0
1936.0	884.0	2455.0	0.0	0.0	0.0
1931.0	886.0	2433.0	0.0	0.0	0.0
1939.0	885.0	2432.0	0.0	0.0	0.0
1930.0	885.0	2452.0	0.0	0.0	0.0
1931.0	883.0	2442.0	0.0	0.0	0.0
1930.0	883.0	2456.0	0.0	0.0	0.0
1928.0	889.0	2452.0	0.0	0.0	0.0
1928.0	883.0	2450.0	0.0	0.0	0.0
1934.0	894.0	2423.0	0.0	0.0	0.0
1933.0	886.0	2427.0	0.0	0.0	0.0
1931.0	885.0	2446.0	0.0	0.0	0.0
1931.0	887.0	2423.0	0.0	0.0	0.0
1933.0	883.0	2454.0	0.0	0.0	0.0
1932.0	887.0	2461.0	0.0	0.0	0.0
1931.0	884.0	2439.0	0.0	0.0	0.0
1930.0	887.0	2448.0	0.0	0.0	0.0
1929.0	887.0	2434.0	0.0	0.0	0.0
1931.0	883.0	2422.0	0.0	0.0	0.0
1932.0	884.0	2447.0	0.0	0.0	0.0
1929.0	883.0	2417.0	0.0	0.0	0.0
1930.0	884.0	2426.0	0.0	0.0	0.0
1929.0	887.0	2438.0	0.0	0.0	0.0
1933.0	884.0	2451.0	0.0	0.0	0.0
1931.0	884.0	2441.0	0.0	0.0	0.0
1930.0	885.0	2422.0	0.0	0.0	0.0
1930.0	883.0	2430.0	0.0	0.0	0.0
1931.0	884.0	2435.0	0.0	0.0	0.0
1928.0	887.0	2454.0	0.0	0.0	0.0
1933.0	884.0	2439.0	0.0	0.0	0.0
1930.0	883.0	2454.0	0.0	0.0	0.0
1927.0	884.0	2428.0	0.0	0.0	0.0
1932.0	884.0	2440.0	0.0	0.0	0.0
1930.0	885.0	2463.0	0.0	0.0	0.0
1930.0	884.0	2445.0	0.0	0.0	0.0
1935.0	886.0	2438.0	0.0	0.0	0.0
1934.0	884.0	2439.0	0.0	0.0	0.0
1934.0	885.0	2448.0	0.0	0.0	0.0
1932.0	884.0	2455.0	0.0	0.0	0.0
1929.0	888.0	2453.0	0.0	0.0	0.0
1930.0	883.0	2431.0	0.0	0.0	0.0
1930.0	883.0	2431.0	0.0	0.0	0.0
1930.0	887.0	2438.0	0.0	0.0	0.0
1930.0	885.0	2434.0	0.0	0.0	0.0
1928.0	886.0	2462.0	0.0	0.0	0.0
1929.0	883.0	2443.0	0.0	0.0	0.0
1931.0	886.0	2462.0	0.0	0.0	0.0
1930.0	883.0	2434.0	0.0	0.0	0.0
1932.0	886.0	2444.0	0.0	0.0	0.0
1930.0	883.0	2438.0	0.0	0.0	0.0
1930.0	882.0	2464.0	0.0	0.0	0.0
1930.0	885.0	2451.0	0.0	0.0	0.0
1931.0	884.0	2464.0	0.0	0.0	0.0
1931.0	884.0	2437.0	0.0	0.0	0.0
1931.0	883.0	2426.0	0.0	0.0	0.0
1930.0	882.0	2434.0	0.0	0.0	0.0
1929.0	883.0	2446.0	0.0	0.0	0.0
1933.0	885.0	2419.0	0.0	0.0	0.0
1930.0	887.0	2419.0	0.0	0.0	0.0
1930.0	887.0	2445.0	0.0	0.0	0.0
1929.0	884.0	2450.0	0.0	0.0	0.0
1928.0	884.0	2447.0	0.0	0.0	0.0
1915.0	886.0	2433.0	0.0	0.0	0.0
1931.0	884.0	2430.0	0.0	0.0	0.0
1931.0	883.0	2432.0	0.0	0.0	0.0
1929.0	880.0	2459.0	0.0	0.0	0.0
1934.0	888.0	2454.0	0.0	0.0	0.0
1932.0	886.0	2438.0	0.0	0.0	0.0
1931.0	887.0	2437.0	0.0	0.0	0.0
1932.0	885.0	2445.0	0.0	0.0	0.0
1930.0	887.0	2439.0	0.0	0.0	0.0
1932.0	884.0	2440.0	0.0	0.0	0.0
1930.0	887.0	2432.0	0.0	0.0	0.0
1930.0	886.0	2421.0	0.0	0.0	0.0
1929.0	884.0	2439.0	0.0	0.0	0.0
1929.0	885.0	2444.0	0.0	0.0	0.0
1929.0	882.0	2466.0	0.0	0.0	0.0
1929.0	883.0	2444.0	0.0	0.0	0.0
1931.0	884.0	2436.0	0.0	0.0	0.0
1930.0	883.0	2422.0	0.0	0.0	0.0
1929.0	885.0	2432.0	0.0	0.0	0.0
1932.0	883.0	2433.0	0.0	0.0	0.0
1930.0	883.0	2450.0	0.0	0.0	0.0
1929.0	884.0	2421.0	0.0	0.0	0.0
1932.0	886.0	2448.0	0.0	0.0	0.0
1930.0	886.0	2430.0	0.0	0.0	0.0
1930.0	885.0	2428.0	0.0	0.0	0.0
1935.0	884.0	2456.0	0.0	0.0	0.0
1933.0	883.0	2438.0	0.0	0.0	0.0
1928.0	881.0	2431.0	0.0	0.0	0.0
1935.0	886.0	2423.0	0.0	0.0	0.0
1930.0	883.0	2438.0	0.0	0.0	0.0
1931.0	882.0	2451.0	0.0	0.0	0.0
1931.0	886.0	2449.0	0.0	0.0	0.0
1930.0	886.0	2423.0	0.0	0.0	0.0
1932.0	886.0	2432.0	0.0	0.0	0.0
1931.0	886.0	2448.0	0.0	0.0	0.0
1933.0	884.0	2440.0	0.0	0.0	0.0
1932.0	884.0	2445.0	0.0	0.0	0.0
1931.0	885.0	2443.0	0.0	0.0	0.0
1929.0	884.0	2431.0	0.0	0.0	0.0
1931.0	884.0	2459.0	0.0	0.0	0.0
1931.0	885.0	2444.0	0.0	0.0	0.0
1929.0	883.0	2434.0	0.0	0.0	0.0
1928.0	885.0	2430.0	0.0	0.0	0.0
1943.0	884.0	2455.0	0.0	0.0	0.0
1935.0	883.0	2449.0	0.0	0.0	0.0
1932.0	883.0	2448.0	0.0	0.0	0.0
1929.0	885.0	2463.0	0.0	0.0	0.0
1930.0	884.0	2429.0	0.0	0.0	0.0
1930.0	883.0	2435.0	0.0	0.0	0.0
1934.0	885.0	2434.0	0.0	0.0	0.0
1935.0	885.0	2425.0	0.0	0.0	0.0
1932.0	885.0	2424.0	0.0	0.0	0.0
1935.0	884.0	2423.0	0.0	0.0	0.0
1932.0	883.0	2443.0	0.0	0.0	0.0
1932.0	887.0	2454.0	0.0	0.0	0.0
1931.0	884.0	2439.0	0.0	0.0	0.0
1930.0	880.0	2424.0	0.0	0.0	0.0
1932.0	882.0	2439.0	0.0	0.0	0.0
1930.0	883.0	2444.0	0.0	0.0	0.0
1931.0	883.0	2456.0	0.0	0.0	0.0
1931.0	883.0	2441.0	0.0	0.0	0.0
1931.0	885.0	2416.0	0.0	0.0	0.0
1930.0	884.0	2433.0	0.0	0.0	0.0
1932.0	884.0	2452.0	0.0	0.0	0.0
1930.0	884.0	2448.0	0.0	0.0	0.0
1929.0	884.0	2459.0	0.0	0.0	0.0
1930.0	882.0	2429.0	0.0	0.0	0.0
1931.0	885.0	2421.0	0.0	0.0	0.0
1929.0	883.0	2455.0	0.0	0.0	0.0
1930.0	883.0	2441.0	0.0	0.0	0.0
1931.0	884.0	2443.0	0.0	0.0	0.0
1931.0	885.0	2441.0	0.0	0.0	0.0
1930.0	884.0	2438.0	0.0	0.0	0.0
1930.0	885.0	2455.0	0.0	0.0	0.0
1931.0	886.0	2434.0	0.0	0.0	0.0
1930.0	884.0	2435.0	0.0	0.0	0.0
1928.0	885.0	2446.0	0.0	0.0	0.0
1927.0	885.0	2455.0	0.0	0.0	0.0
1933.0	884.0	2448.0	0.0	0.0	0.0
1931.0	886.0	2447.0	0.0	0.0	0.0
1929.0	883.0	2432.0	0.0	0.0	0.0
1934.0	885.0	2439.0	0.0	0.0	0.0
1930.0	895.0	2456.0	0.0	0.0	0.0
1930.0	886.0	2425.0	0.0	0.0	0.0
1932.0	885.0	2437.0	0.0	0.0	0.0
1930.0	888.0	2444.0	0.0	0.0	0.0
1934.0	886.0	2446.0	0.0	0.0	0.0
1929.0	886.0	2441.0	0.0	0.0	0.0
1930.0	886.0	2455.0	0.0	0.0	0.0
1931.0	883.0	2446.0	0.0	0.0	0.0
1930.0	884.0	2436.0	0.0	0.0	0.0
1938.0	884.0	2415.0	0.0	0.0	0.0
1930.0	885.0	2448.0	0.0	0.0	0.0
1930.0	885.0	2452.0	0.0	0.0	0.0
1933.0	883.0	2441.0	0.0	0.0	0.0
1931.0	883.0	2429.0	0.0	0.0	0.0
1931.0	885.0	2417.0	0.0	0.0	0.0
1929.0	885.0	2448.0	0.0	0.0	0.0
1932.0	887.0	2446.0	0.0	0.0	0.0
1930.0	884.0	2449.0	0.0	0.0	0.0
1931.0	884.0	2450.0	0.0	0.0	0.0
1930.0	883.0	2445.0	0.0	0.0	0.0
1929.0	884.0	2429.0	0.0	0.0	0.0
1930.0	885.0	2450.0	0.0	0.0	0.0
1930.0	884.0	2412.0	0.0	0.0	0.0
1929.0	885.0	2421.0	0.0	0.0	0.0
1930.0	882.0	2434.0	0.0	0.0	0.0
1930.0	884.0	2442.0	0.0	0.0	0.0
1938.0	885.0	2463.0	0.0	0.0	0.0
1933.0	884.0	2439.0	0.0	0.0	0.0
1933.0	886.0	2437.0	0.0	0.0	0.0
1929.0	885.0	2434.0	0.0	0.0	0.0
1929.0	885.0	2440.0	0.0	0.0	0.0
1929.0	883.0	2435.0	0.0	0.0	0.0
1930.0	883.0	2453.0	0.0	0.0	0.0
1933.0	885.0	2447.0	0.0	0.0	0.0
1930.0	884.0	2447.0	0.0	0.0	0.0
1932.0	885.0	2423.0	0.0	0.0	0.0
1934.0	884.0	2429.0	0.0	0.0	0.0
1929.0	883.0	2447.0	0.0	0.0	0.0
1930.0	886.0	2464.0	0.0	0.0	0.0
1931.0	886.0	2471.0	0.0	0.0	0.0
1930.0	884.0	2442.0	0.0	0.0	0.0
1930.0	883.0	2428.0	0.0	0.0	0.0
1931.0	886.0	2443.0	0.0	0.0	0.0
1932.0	887.0	2428.0	0.0	0.0	0.0
1931.0	885.0	2427.0	0.0	0.0	0.0
1933.0	888.0	2426.0	0.0	0.0	0.0
1930.0	885.0	2436.0	0.0	0.0	0.0
1930.0	883.0	2445.0	0.0	0.0	0.0
1933.0	885.0	2448.0	0.0	0.0	0.0
1939.0	886.0	2453.0	0.0	0.0	0.0
1930.0	886.0	2456.0	0.0	0.0	0.0
1929.0	884.0	2435.0	0.0	0.0	0.0
1931.0	884.0	2438.0	0.0	0.0	0.0
1932.0	883.0	2440.0	0.0	0.0	0.0
1930.0	890.0	2428.0	0.0	0.0	0.0
1931.0	883.0	2454.0	0.0	0.0	0.0
1930.0	887.0	2450.0	0.0	0.0	0.0
1930.0	884.0	2454.0	0.0	0.0	0.0
1931.0	883.0	2431.0	0.0	0.0	0.0
1930.0	886.0	2429.0	0.0	0.0	0.0
1930.0	884.0	2437.0	0.0	0.0	0.0
1931.0	883.0	2436.0	0.0	0.0	0.0
1931.0	885.0	2435.0	0.0	0.0	0.0
1930.0	885.0	2433.0	0.0	0.0	0.0
1931.0	884.0	2422.0	0.0	0.0	0.0
1930.0	887.0	2446.0	0.0	0.0	0.0
1930.0	884.0	2453.0	0.0	0.0	0.0
1932.0	884.0	2449.0	0.0	0.0	0.0
1931.0	882.0	2441.0	0.0	0.0	0.0
1930.0	885.0	2441.0	0.0	0.0	0.0
1932.0	885.0	2443.0	0.0	0.0	0.0
1931.0	885.0	2432.0	0.0	0.0	0.0
1930.0	887.0	2426.0	0.0	0.0	0.0
1931.0	884.0	2440.0	0.0	0.0	0.0
1929.0	885.0	2443.0	0.0	0.0	0.0
1930.0	886.0	2430.0	0.0	0.0	0.0
1931.0	885.0	2424.0	0.0	0.0	0.0
1930.0	883.0	2446.0	0.0	0.0	0.0
1930.0	885.0	2428.0	0.0	0.0	0.0
1935.0	884.0	2434.0	0.0	0.0	0.0
1933.0	883.0	2449.0	0.0	0.0	0.0
1933.0	884.0	2426.0	0.0	0.0	0.0
1931.0	885.0	2446.0	0.0	0.0	0.0
1927.0	882.0	2419.0	0.0	0.0	0.0
1931.0	885.0	2453.0	0.0	0.0	0.0
1929.0	881.0	2449.0	0.0	0.0	0.0
1931.0	889.0	2414.0	0.0	0.0	0.0
1929.0	886.0	2429.0	0.0	0.0	0.0
1929.0	885.0	2414.0	0.0	0.0	0.0
1933.0	883.0	2444.0	0.0	0.0	0.0
1930.0	886.0	2437.0	0.0	0.0	0.0
1930.0	884.0	2431.0	0.0	0.0	0.0
1932.0	887.0	2448.0	0.0	0.0	0.0
1930.0	884.0	2433.0	0.0	0.0	0.0
1931.0	886.0	2427.0	0.0	0.0	0.0
1930.0	885.0	2429.0	0.0	0.0	0.0
1929.0	884.0	2429.0	0.0	0.0	0.0
1929.0	886.0	2427.0	0.0	0.0	0.0
1931.0	884.0	2439.0	0.0	0.0	0.0
1929.0	885.0	2451.0	0.0	0.0	0.0
1931.0	885.0	2434.0	0.0	0.0	0.0
1929.0	886.0	2439.0	0.0	0.0	0.0
1930.0	884.0	2445.0	0.0	0.0	0.0
1930.0	885.0	2417.0	0.0	0.0	0.0
1930.0	884.0	2425.0	0.0	0.0	0.0
1929.0	883.0	2433.0	0.0	0.0	0.0
1931.0	884.0	2415.0	0.0	0.0	0.0
1931.0	886.0	2437.0	0.0	0.0	0.0
1929.0	883.0	2421.0	0.0	0.0	0.0
1930.0	887.0	2448.0	0.0	0.0	0.0
1928.0	884.0	2423.0	0.0	0.0	0.0
1933.0	884.0	2444.0	0.0	0.0	0.0
1931.0	885.0	2430.0	0.0	0.0	0.0
1932.0	882.0	2445.0	0.0	0.0	0.0
1930.0	884.0	2430.0	0.0	0.0	0.0
1929.0	883.0	2442.0	0.0	0.0	0.0
1934.0	885.0	2430.0	0.0	0.0	0.0
1930.0	886.0	2436.0	0.0	0.0	0.0
1935.0	885.0	2451.0	0.0	0.0	0.0
1930.0	886.0	2457.0	0.0	0.0	0.0
1930.0	881.0	2437.0	0.0	0.0	0.0
1931.0	890.0	2428.0	0.0	0.0	0.0
1930.0	887.0	2443.0	0.0	0.0	0.0
1929.0	886.0	2457.0	0.0	0.0	0.0
1931.0	884.0	2440.0	0.0	0.0	0.0
1929.0	884.0	2435.0	0.0	0.0	0.0
1930.0	883.0	2424.0	0.0	0.0	0.0
1932.0	885.0	2424.0	0.0	0.0	0.0
1929.0	886.0	2436.0	0.0	0.0	0.0
1930.0	883.0	2430.0	0.0	0.0	0.0
1931.0	884.0	2458.0	0.0	0.0	0.0
1929.0	883.0	2436.0	0.0	0.0	0.0
1930.0	885.0	2445.0	0.0	0.0	0.0
1929.0	885.0	2443.0	0.0	0.0	0.0
1930.0	884.0	2433.0	0.0	0.0	0.0
1928.0	883.0	2449.0	0.0	0.0	0.0
1932.0	884.0	2445.0	0.0	0.0	0.0
1933.0	885.0	2442.0	0.0	0.0	0.0
1930.0	883.0	2452.0	0.0	0.0	0.0
1930.0	884.0	2430.0	0.0	0.0	0.0
1930.0	885.0	2435.0	0.0	0.0	0.0
1929.0	883.0	2429.0	0.0	0.0	0.0
1939.0	884.0	2422.0	0.0	0.0	0.0
1938.0	886.0	2428.0	0.0	0.0	0.0
1930.0	884.0	2425.0	0.0	0.0	0.0
1930.0	883.0	2415.0	0.0	0.0	0.0
1932.0	884.0	2434.0	0.0	0.0	0.0
1932.0	880.0	2450.0	0.0	0.0	0.0
1930.0	886.0	2449.0	0.0	0.0	0.0
1931.0	884.0	2464.0	0.0	0.0	0.0
1930.0	883.0	2429.0	0.0	0.0	0.0
1930.0	886.0	2419.0	0.0	0.0	0.0
1928.0	883.0	2423.0	0.0	0.0	0.0
1932.0	883.0	2443.0	0.0	0.0	0.0
1929.0	881.0	2442.0	0.0	0.0	0.0
1932.0	885.0	2436.0	0.0	0.0	0.0
1930.0	884.0	2430.0	0.0	0.0	0.0
1932.0	885.0	2447.0	0.0	0.0	0.0
1930.0	884.0	2456.0	0.0	0.0	0.0
1930.0	883.0	2425.0	0.0	0.0	0.0
1943.0	883.0	2447.0	0.0	0.0	0.0
1926.0	884.0	2428.0	0.0	0.0	0.0
1931.0	885.0	2435.0	0.0	0.0	0.0
1931.0	884.0	2427.0	0.0	0.0	0.0
1931.0	886.0	2443.0	0.0	0.0	0.0
1930.0	885.0	2441.0	0.0	0.0	0.0
1937.0	885.0	2455.0	0.0	0.0	0.0
1933.0	884.0	2450.0	0.0	0.0	0.0
1934.0	885.0	2432.0	0.0	0.0	0.0
1935.0	885.0	2430.0	0.0	0.0	0.0
1934.0	891.0	2448.0	0.0	0.0	0.0
1932.0	882.0	2429.0	0.0	0.0	0.0
1931.0	885.0	2409.0	0.0	0.0	0.0
1931.0	883.0	2445.0	0.0	0.0	0.0
1931.0	884.0	2426.0	0.0	0.0	0.0
1930.0	883.0	2438.0	0.0	0.0	0.0
1933.0	886.0	2433.0	0.0	0.0	0.0
1930.0	885.0	2442.0	0.0	0.0	0.0
1931.0	883.0	2422.0	0.0	0.0	0.0
1930.0	883.0	2449.0	0.0	0.0	0.0
1930.0	883.0	2446.0	0.0	0.0	0.0
1930.0	884.0	2421.0	0.0	0.0	0.0
1929.0	884.0	2436.0	0.0	0.0	0.0
1930.0	885.0	2441.0	0.0	0.0	0.0
1930.0	886.0	2444.0	0.0	0.0	0.0
1926.0	884.0	2446.0	0.0	0.0	0.0
1934.0	883.0	2432.0	0.0	0.0	0.0
1931.0	885.0	2450.0	0.0	0.0	0.0
1931.0	883.0	2423.0	0.0	0.0	0.0
1929.0	885.0	2422.0	0.0	0.0	0.0
1929.0	885.0	2429.0	0.0	0.0	0.0
1929.0	884.0	2438.0	0.0	0.0	0.0
1943.0	883.0	2438.0	0.0	0.0	0.0
1932.0	886.0	2440.0	0.0	0.0	0.0
1931.0	884.0	2435.0	0.0	0.0	0.0
1928.0	883.0	2419.0	0.0	0.0	0.0
1928.0	881.0	2430.0	0.0	0.0	0.0
1930.0	884.0	2432.0	0.0	0.0	0.0
1930.0	885.0	2460.0	0.0	0.0	0.0
1930.0	885.0	2435.0	0.0	0.0	0.0
1930.0	884.0	2436.0	0.0	0.0	0.0
1931.0	887.0	2429.0	0.0	0.0	0.0
1930.0	884.0	2430.0	0.0	0.0	0.0
1929.0	884.0	2461.0	0.0	0.0	0.0
1930.0	883.0	2445.0	0.0	0.0	0.0
1930.0	884.0	2446.0	0.0	0.0	0.0
1933.0	885.0	2434.0	0.0	0.0	0.0
1929.0	883.0	2441.0	0.0	0.0	0.0
1930.0	885.0	2451.0	0.0	0.0	0.0
1932.0	888.0	2438.0	0.0	0.0	0.0
1926.0	883.0	2455.0	0.0	0.0	0.0
1934.0	884.0	2419.0	0.0	0.0	0.0
1932.0	885.0	2439.0	0.0	0.0	0.0
1931.0	885.0	2414.0	0.0	0.0	0.0
1932.0	886.0	2418.0	0.0	0.0	0.0
1931.0	883.0	2441.0	0.0	0.0	0.0
1928.0	887.0	2428.0	0.0	0.0	0.0
1932.0	886.0	2451.0	0.0	0.0	0.0
1936.0	886.0	2453.0	0.0	0.0	0.0
1933.0	886.0	2429.0	0.0	0.0	0.0
1929.0	883.0	2441.0	0.0	0.0	0.0
1931.0	891.0	2429.0	0.0	0.0	0.0
1930.0	880.0	2424.0	0.0	0.0	0.0
1929.0	888.0	2436.0	0.0	0.0	0.0
1930.0	884.0	2456.0	0.0	0.0	0.0
1929.0	884.0	2450.0	0.0	0.0	0.0
1933.0	883.0	2421.0	0.0	0.0	0.0
1930.0	884.0	2440.0	0.0	0.0	0.0
1930.0	885.0	2430.0	0.0	0.0	0.0
1929.0	886.0	2442.0	0.0	0.0	0.0
1929.0	883.0	2429.0	0.0	0.0	0.0
1930.0	882.0	2455.0	0.0	0.0	0.0
1931.0	885.0	2447.0	0.0	0.0	0.0
1930.0	884.0	2425.0	0.0	0.0	0.0
1929.0	888.0	2444.0	0.0	0.0	0.0
1937.0	884.0	2452.0	0.0	0.0	0.0
1932.0	882.0	2441.0	0.0	0.0	0.0
1930.0	885.0	2432.0	0.0	0.0	0.0
1930.0	895.0	2445.0	0.0	0.0	0.0
1931.0	886.0	2445.0	0.0	0.0	0.0
1933.0	885.0	2429.0	0.0	0.0	0.0
1930.0	886.0	2433.0	0.0	0.0	0.0
1935.0	886.0	2427.0	0.0	0.0	0.0
1930.0	883.0	2429.0	0.0	0.0	0.0
1932.0	888.0	2442.0	0.0	0.0	0.0
1933.0	884.0	2446.0	0.0	0.0	0.0
1931.0	885.0	2435.0	0.0	0.0	0.0
1933.0	886.0	2412.0	0.0	0.0	0.0
1932.0	888.0	2456.0	0.0	0.0	0.0
1931.0	886.0	2429.0	0.0	0.0	0.0
1932.0	887.0	2437.0	0.0	0.0	0.0
1930.0	884.0	2436.0	0.0	0.0	0.0
1929.0	883.0	2451.0	0.0	0.0	0.0
1931.0	885.0	2451.0	0.0	0.0	0.0
1930.0	885.0	2435.0	0.0	0.0	0.0
1933.0	885.0	2444.0	0.0	0.0	0.0
1929.0	884.0	2421.0	0.0	0.0	0.0
1930.0	884.0	2439.0	0.0	0.0	0.0
1929.0	886.0	2429.0	0.0	0.0	0.0
1929.0	883.0	2431.0	0.0	0.0	0.0
1929.0	884.0	2443.0	0.0	0.0	0.0
1934.0	884.0	2423.0	0.0	0.0	0.0
1930.0	884.0	2437.0	0.0	0.0	0.0
1929.0	893.0	2436.0	0.0	0.0	0.0
1929.0	885.0	2465.0	0.0	0.0	0.0
1931.0	883.0	2453.0	0.0	0.0	0.0
1937.0	883.0	2438.0	0.0	0.0	0.0
1931.0	883.0	2420.0	0.0	0.0	0.0
1930.0	892.0	2426.0	0.0	0.0	0.0
1929.0	888.0	2429.0	0.0	0.0	0.0
1931.0	884.0	2417.0	0.0	0.0	0.0
1930.0	883.0	2428.0	0.0	0.0	0.0
1932.0	884.0	2426.0	0.0	0.0	0.0
1932.0	885.0	2461.0	0.0	0.0	0.0
1930.0	884.0	2444.0	0.0	0.0	0.0
1931.0	884.0	2452.0	0.0	0.0	0.0
1929.0	883.0	2422.0	0.0	0.0	0.0
1930.0	883.0	2437.0	0.0	0.0	0.0
1931.0	885.0	2443.0	0.0	0.0	0.0
1931.0	885.0	2440.0	0.0	0.0	0.0
1931.0	883.0	2441.0	0.0	0.0	0.0
1930.0	885.0	2424.0	0.0	0.0	0.0
1928.0	884.0	2447.0	0.0	0.0	0.0
1943.0	882.0	2423.0	0.0	0.0	0.0
1930.0	885.0	2464.0	0.0	0.0	0.0
1931.0	885.0	2436.0	0.0	0.0	0.0
1931.0	884.0	2437.0	0.0	0.0	0.0
1930.0	880.0	2420.0	0.0	0.0	0.0
1932.0	885.0	2425.0	0.0	0.0	0.0
1931.0	886.0	2449.0	0.0	0.0	0.0
1946.0	885.0	2439.0	0.0	0.0	0.0
1930.0	883.0	2452.0	0.0	0.0	0.0
1930.0	883.0	2439.0	0.0	0.0	0.0
1933.0	883.0	2455.0	0.0	0.0	0.0
1931.0	888.0	2409.0	0.0	0.0	0.0
1930.0	885.0	2442.0	0.0	0.0	0.0
1931.0	888.0	2457.0	0.0	0.0	0.0
1931.0	883.0	2445.0	0.0	0.0	0.0
1930.0	886.0	2445.0	0.0	0.0	0.0
1933.0	884.0	2434.0	0.0	0.0	0.0
1930.0	883.0	2439.0	0.0	0.0	0.0
1931.0	886.0	2436.0	0.0	0.0	0.0
1930.0	885.0	2430.0	0.0	0.0	0.0
1929.0	885.0	2441.0	0.0	0.0	0.0
1932.0	887.0	2448.0	0.0	0.0	0.0
1933.0	883.0	2432.0	0.0	0.0	0.0
1929.0	884.0	2427.0	0.0	0.0	0.0
1927.0	886.0	2451.0	0.0	0.0	0.0
1946.0	885.0	2440.0	0.0	0.0	0.0
1934.0	887.0	2443.0	0.0	0.0	0.0
1930.0	884.0	2441.0	0.0	0.0	0.0
1931.0	890.0	2447.0	0.0	0.0	0.0
1930.0	888.0	2436.0	0.0	0.0	0.0
1932.0	890.0	2461.0	0.0	0.0	0.0
1938.0	885.0	2450.0	0.0	0.0	0.0
1933.0	885.0	2421.0	0.0	0.0	0.0
1930.0	884.0	2428.0	0.0	0.0	0.0
1929.0	890.0	2454.0	0.0	0.0	0.0
1931.0	885.0	2439.0	0.0	0.0	0.0
1932.0	881.0	2450.0	0.0	0.0	0.0
1929.0	885.0	2433.0	0.0	0.0	0.0
1929.0	889.0	2425.0	0.0	0.0	0.0
1929.0	887.0	2458.0	0.0	0.0	0.0
1930.0	886.0	2437.0	0.0	0.0	0.0
1931.0	886.0	2456.0	0.0	0.0	0.0
1929.0	882.0	2427.0	0.0	0.0	0.0
1930.0	884.0	2450.0	0.0	0.0	0.0
1932.0	886.0	2453.0	0.0	0.0	0.0
1932.0	883.0	2442.0	0.0	0.0	0.0
1929.0	882.0	2424.0	0.0	0.0	0.0
1930.0	883.0	2439.0	0.0	0.0	0.0
1928.0	884.0	2441.0	0.0	0.0	0.0
1932.0	884.0	2441.0	0.0	0.0	0.0
1929.0	884.0	2454.0	0.0	0.0	0.0
1930.0	886.0	2428.0	0.0	0.0	0.0
1931.0	882.0	2443.0	0.0	0.0	0.0
1928.0	879.0	2437.0	0.0	0.0	0.0
1931.0	886.0	2433.0	0.0	0.0	0.0
1930.0	888.0	2426.0	0.0	0.0	0.0
1931.0	884.0	2454.0	0.0	0.0	0.0
1931.0	883.0	2438.0	0.0	0.0	0.0
1931.0	884.0	2445.0	0.0	0.0	0.0
1930.0	889.0	2434.0	0.0	0.0	0.0
1932.0	884.0	2431.0	0.0	0.0	0.0
1929.0	884.0	2440.0	0.0	0.0	0.0
1932.0	887.0	2447.0	0.0	0.0	0.0
1930.0	886.0	2440.0	0.0	0.0	0.0
1930.0	883.0	2449.0	0.0	0.0	0.0
1931.0	884.0	2441.0	0.0	0.0	0.0
1929.0	883.0	2426.0	0.0	0.0	0.0
1932.0	885.0	2436.0	0.0	0.0	0.0
1931.0	884.0	2436.0	0.0	0.0	0.0
1930.0	884.0	2437.0	0.0	0.0	0.0
1931.0	885.0	2426.0	0.0	0.0	0.0
1931.0	884.0	2433.0	0.0	0.0	0.0
1931.0	885.0	2430.0	0.0	0.0	0.0
1930.0	884.0	2432.0	0.0	0.0	0.0
1944.0	885.0	2430.0	0.0	0.0	0.0
1934.0	884.0	2411.0	0.0	0.0	0.0
1931.0	885.0	2431.0	0.0	0.0	0.0
1931.0	889.0	2424.0	0.0	0.0	0.0
1929.0	884.0	2447.0	0.0	0.0	0.0
1930.0	884.0	2427.0	0.0	0.0	0.0
1931.0	885.0	2430.0	0.0	0.0	0.0
1931.0	882.0	2434.0	0.0	0.0	0.0
1932.0	886.0	2463.0	0.0	0.0	0.0
1931.0	883.0	2449.0	0.0	0.0	0.0
1933.0	887.0	2435.0	0.0	0.0	0.0
1931.0	886.0	2431.0	0.0	0.0	0.0
1932.0	886.0	2433.0	0.0	0.0	0.0
1931.0	885.0	2470.0	0.0	0.0	0.0
1930.0	884.0	2423.0	0.0	0.0	0.0
1931.0	884.0	2423.0	0.0	0.0	0.0
1930.0	883.0	2445.0	0.0	0.0	0.0
1930.0	886.0	2457.0	0.0	0.0	0.0
1930.0	886.0	2425.0	0.0	0.0	0.0
1932.0	886.0	2451.0	0.0	0.0	0.0
1931.0	885.0	2431.0	0.0	0.0	0.0
1930.0	885.0	2447.0	0.0	0.0	0.0
1933.0	884.0	2418.0	0.0	0.0	0.0
1939.0	884.0	2425.0	0.0	0.0	0.0
1931.0	884.0	2418.0	0.0	0.0	0.0
1931.0	883.0	2460.0	0.0	0.0	0.0
1934.0	884.0	2445.0	0.0	0.0	0.0
1932.0	883.0	2453.0	0.0	0.0	0.0
1931.0	889.0	2429.0	0.0	0.0	0.0
1931.0	885.0	2445.0	0.0	0.0	0.0
1928.0	885.0	2428.0	0.0	0.0	0.0
1933.0	885.0	2419.0	0.0	0.0	0.0
1928.0	885.0	2439.0	0.0	0.0	0.0
1929.0	883.0	2452.0	0.0	0.0	0.0
1931.0	892.0	2451.0	0.0	0.0	0.0
1932.0	887.0	2457.0	0.0	0.0	0.0
1932.0	885.0	2443.0	0.0	0.0	0.0
1929.0	887.0	2446.0	0.0	0.0	0.0
1931.0	886.0	2430.0	0.0	0.0	0.0
1931.0	885.0	2422.0	0.0	0.0	0.0
1931.0	885.0	2453.0	0.0	0.0	0.0
1931.0	883.0	2451.0	0.0	0.0	0.0
1932.0	883.0	2441.0	0.0	0.0	0.0
1933.0	885.0	2428.0	0.0	0.0	0.0
1932.0	883.0	2435.0	0.0	0.0	0.0
1931.0	884.0	2456.0	0.0	0.0	0.0
1930.0	884.0	2451.0	0.0	0.0	0.0
1930.0	883.0	2442.0	0.0	0.0	0.0
1929.0	883.0	2453.0	0.0	0.0	0.0
1931.0	884.0	2440.0	0.0	0.0	0.0
1929.0	883.0	2441.0	0.0	0.0	0.0
1929.0	883.0	2443.0	0.0	0.0	0.0
1928.0	885.0	2466.0	0.0	0.0	0.0
1928.0	885.0	2441.0	0.0	0.0	0.0
1927.0	883.0	2457.0	0.0	0.0	0.0
1932.0	883.0	2441.0	0.0	0.0	0.0
1934.0	885.0	2420.0	0.0	0.0	0.0
1930.0	884.0	2431.0	0.0	0.0	0.0
1929.0	886.0	2425.0	0.0	0.0	0.0
1930.0	884.0	2426.0	0.0	0.0	0.0
1933.0	886.0	2441.0	0.0	0.0	0.0
1937.0	885.0	2445.0	0.0	0.0	0.0
1931.0	884.0	2450.0	0.0	0.0	0.0
1929.0	883.0	2447.0	0.0	0.0	0.0
1932.0	889.0	2441.0	0.0	0.0	0.0
1932.0	887.0	2454.0	0.0	0.0	0.0
1930.0	887.0	2425.0	0.0	0.0	0.0
1931.0	888.0	2430.0	0.0	0.0	0.0
1929.0	886.0	2433.0	0.0	0.0	0.0
1930.0	884.0	2423.0	0.0	0.0	0.0
1932.0	885.0	2442.0	0.0	0.0	0.0
1932.0	885.0	2454.0	0.0	0.0	0.0
1931.0	886.0	2441.0	0.0	0.0	0.0
1928.0	883.0	2431.0	0.0	0.0	0.0
1930.0	884.0	2435.0	0.0	0.0	0.0
1929.0	884.0	2427.0	0.0	0.0	0.0
1931.0	885.0	2426.0	0.0	0.0	0.0
1931.0	891.0	2436.0	0.0	0.0	0.0
1932.0	884.0	2460.0	0.0	0.0	0.0
1929.0	882.0	2446.0	0.0	0.0	0.0
1928.0	884.0	2432.0	0.0	0.0	0.0
1930.0	884.0	2452.0	0.0	0.0	0.0
1930.0	883.0	2443.0	0.0	0.0	0.0
1930.0	883.0	2442.0	0.0	0.0	0.0
1931.0	882.0	2433.0	0.0	0.0	0.0
1930.0	884.0	2431.0	0.0	0.0	0.0
1929.0	884.0	2455.0	0.0	0.0	0.0
1929.0	885.0	2438.0	0.0	0.0	0.0
1930.0	885.0	2449.0	0.0	0.0	0.0
1924.0	884.0	2441.0	0.0	0.0	0.0
1933.0	885.0	2430.0	0.0	0.0	0.0
1929.0	884.0	2445.0	0.0	0.0	0.0
1931.0	884.0	2429.0	0.0	0.0	0.0
1932.0	885.0	2431.0	0.0	0.0	0.0
1933.0	884.0	2431.0	0.0	0.0	0.0
1932.0	884.0	2442.0	0.0	0.0	0.0
1930.0	885.0	2448.0	0.0	0.0	0.0
1929.0	884.0	2448.0	0.0	0.0	0.0
1931.0	885.0	2452.0	0.0	0.0	0.0
1930.0	883.0	2432.0	0.0	0.0	0.0
1931.0	884.0	2445.0	0.0	0.0	0.0
1931.0	887.0	2453.0	0.0	0.0	0.0
1932.0	884.0	2447.0	0.0	0.0	0.0
1930.0	884.0	2441.0	0.0	0.0	0.0
1932.0	885.0	2440.0	0.0	0.0	0.0
1929.0	884.0	2442.0	0.0	0.0	0.0
1930.0	883.0	2445.0	0.0	0.0	0.0
1932.0	884.0	2451.0	0.0	0.0	0.0
1932.0	882.0	2445.0	0.0	0.0	0.0
1932.0	887.0	2437.0	0.0	0.0	0.0
1930.0	884.0	2409.0	0.0	0.0	0.0
1929.0	884.0	2456.0	0.0	0.0	0.0
1930.0	886.0	2428.0	0.0	0.0	0.0
1930.0	884.0	2439.0	0.0	0.0	0.0
1928.0	887.0	2421.0	0.0	0.0	0.0
1934.0	884.0	2460.0	0.0	0.0	0.0
1941.0	884.0	2427.0	0.0	0.0	0.0
1926.0	884.0	2456.0	0.0	0.0	0.0
1932.0	884.0	2437.0	0.0	0.0	0.0
1928.0	884.0	2451.0	0.0	0.0	0.0
1931.0	889.0	2431.0	0.0	0.0	0.0
1929.0	885.0	2457.0	0.0	0.0	0.0
1934.0	886.0	2425.0	0.0	0.0	0.0
1930.0	884.0	2456.0	0.0	0.0	0.0
1929.0	885.0	2455.0	0.0	0.0	0.0
1930.0	885.0	2432.0	0.0	0.0	0.0
1932.0	884.0	2437.0	0.0	0.0	0.0
1933.0	885.0	2438.0	0.0	0.0	0.0
1931.0	885.0	2447.0	0.0	0.0	0.0
1929.0	884.0	2422.0	0.0	0.0	0.0
1930.0	881.0	2444.0	0.0	0.0	0.0
1932.0	886.0	2437.0	0.0	0.0	0.0
1930.0	885.0	2424.0	0.0	0.0	0.0
1931.0	884.0	2441.0	0.0	0.0	0.0
1930.0	884.0	2434.0	0.0	0.0	0.0
1933.0	884.0	2429.0	0.0	0.0	0.0
1931.0	884.0	2451.0	0.0	0.0	0.0
1929.0	884.0	2460.0	0.0	0.0	0.0
1930.0	886.0	2447.0	0.0	0.0	0.0
1930.0	882.0	2450.0	0.0	0.0	0.0
1928.0	885.0	2446.0	0.0	0.0	0.0
1929.0	885.0	2445.0	0.0	0.0	0.0
1931.0	884.0	2439.0	0.0	0.0	0.0
1931.0	885.0	2434.0	0.0	0.0	0.0
1929.0	881.0	2461.0	0.0	0.0	0.0
1930.0	886.0	2445.0	0.0	0.0	0.0
1929.0	886.0	2422.0	0.0	0.0	0.0
1931.0	887.0	2437.0	0.0	0.0	0.0
1931.0	883.0	2448.0	0.0	0.0	0.0
1931.0	884.0	2456.0	0.0	0.0	0.0
1930.0	883.0	2433.0	0.0	0.0	0.0
1930.0	882.0	2450.0	0.0	0.0	0.0
1932.0	885.0	2425.0	0.0	0.0	0.0
1930.0	885.0	2446.0	0.0	0.0	0.0
1930.0	884.0	2427.0	0.0	0.0	0.0
1933.0	884.0	2453.0	0.0	0.0	0.0
1929.0	885.0	2441.0	0.0	0.0	0.0
1930.0	884.0	2444.0	0.0	0.0	0.0
1930.0	885.0	2448.0	0.0	0.0	0.0
1929.0	883.0	2438.0	0.0	0.0	0.0
1931.0	885.0	2436.0	0.0	0.0	0.0
1930.0	883.0	2446.0	0.0	0.0	0.0
1931.0	884.0	2460.0	0.0	0.0	0.0
1930.0	884.0	2443.0	0.0	0.0	0.0
1929.0	882.0	2445.0	0.0	0.0	0.0
1929.0	883.0	2443.0	0.0	0.0	0.0
1930.0	885.0	2457.0	0.0	0.0	0.0
1933.0	884.0	2426.0	0.0	0.0	0.0
1932.0	884.0	2418.0	0.0	0.0	0.0
1931.0	881.0	2442.0	0.0	0.0	0.0
1930.0	884.0	2441.0	0.0	0.0	0.0
1930.0	884.0	2442.0	0.0	0.0	0.0
1932.0	890.0	2429.0	0.0	0.0	0.0
1930.0	885.0	2432.0	0.0	0.0	0.0
1931.0	885.0	2452.0	0.0	0.0	0.0
1930.0	884.0	2458.0	0.0	0.0	0.0
1924.0	883.0	2453.0	0.0	0.0	0.0
1939.0	885.0	2447.0	0.0	0.0	0.0
1930.0	884.0	2429.0	0.0	0.0	0.0
1930.0	884.0	2441.0	0.0	0.0	0.0
1931.0	884.0	2448.0	0.0	0.0	0.0
1930.0	885.0	2432.0	0.0	0.0	0.0
1929.0	885.0	2456.0	0.0	0.0	0.0
1930.0	885.0	2446.0	0.0	0.0	0.0
1915.0	885.0	2449.0	0.0	0.0	0.0
1929.0	885.0	2427.0	0.0	0.0	0.0
1931.0	885.0	2421.0	0.0	0.0	0.0
1931.0	886.0	2453.0	0.0	0.0	0.0
1929.0	884.0	2468.0	0.0	0.0	0.0
1930.0	885.0	2449.0	0.0	0.0	0.0
1931.0	886.0	2429.0	0.0	0.0	0.0
1939.0	885.0	2441.0	0.0	0.0	0.0
1931.0	884.0	2445.0	0.0	0.0	0.0
1932.0	887.0	2452.0	0.0	0.0	0.0
1933.0	885.0	2434.0	0.0	0.0	0.0
1928.0	880.0	2444.0	0.0	0.0	0.0
1930.0	894.0	2397.0	0.0	0.0	0.0
1931.0	886.0	2440.0	0.0	0.0	0.0
1932.0	885.0	2436.0	0.0	0.0	0.0
1930.0	884.0	2452.0	0.0	0.0	0.0
1931.0	885.0	2442.0	0.0	0.0	0.0
1930.0	885.0	2450.0	0.0	0.0	0.0
1927.0	885.0	2461.0	0.0	0.0	0.0
1932.0	885.0	2411.0	0.0	0.0	0.0
1930.0	884.0	2427.0	0.0	0.0	0.0
1930.0	884.0	2441.0	0.0	0.0	0.0
1930.0	885.0	2448.0	0.0	0.0	0.0
1929.0	885.0	2443.0	0.0	0.0	0.0
1930.0	884.0	2427.0	0.0	0.0	0.0
1931.0	884.0	2447.0	0.0	0.0	0.0
1932.0	886.0	2451.0	0.0	0.0	0.0
1930.0	884.0	2446.0	0.0	0.0	0.0
1928.0	885.0	2442.0	0.0	0.0	0.0
1931.0	886.0	2454.0	0.0	0.0	0.0
1928.0	883.0	2438.0	0.0	0.0	0.0
1928.0	885.0	2439.0	0.0	0.0	0.0
1942.0	885.0	2407.0	0.0	0.0	0.0
1928.0	885.0	2437.0	0.0	0.0	0.0
1932.0	882.0	2445.0	0.0	0.0	0.0
1930.0	894.0	2461.0	0.0	0.0	0.0
1932.0	889.0	2455.0	0.0	0.0	0.0
1930.0	883.0	2435.0	0.0	0.0	0.0
1929.0	886.0	2433.0	0.0	0.0	0.0
1931.0	884.0	2441.0	0.0	0.0	0.0
1930.0	883.0	2443.0	0.0	0.0	0.0
1931.0	885.0	2431.0	0.0	0.0	0.0
1929.0	885.0	2454.0	0.0	0.0	0.0
1934.0	887.0	2447.0	0.0	0.0	0.0
1929.0	884.0	2458.0	0.0	0.0	0.0
1931.0	884.0	2431.0	0.0	0.0	0.0
1929.0	884.0	2429.0	0.0	0.0	0.0
1932.0	887.0	2433.0	0.0	0.0	0.0
1930.0	887.0	2440.0	0.0	0.0	0.0
1929.0	883.0	2435.0	0.0	0.0	0.0
1931.0	885.0	2460.0	0.0	0.0	0.0
1931.0	885.0	2456.0	0.0	0.0	0.0
1931.0	886.0	2436.0	0.0	0.0	0.0
1930.0	886.0	2440.0	0.0	0.0	0.0
1930.0	884.0	2430.0	0.0	0.0	0.0
1932.0	885.0	2455.0	0.0	0.0	0.0
1931.0	883.0	2444.0	0.0	0.0	0.0
1927.0	883.0	2447.0	0.0	0.0	0.0
1933.0	882.0	2458.0	0.0	0.0	0.0
1933.0	884.0	2438.0	0.0	0.0	0.0
1930.0	884.0	2431.0	0.0	0.0	0.0
1931.0	886.0	2443.0	0.0	0.0	0.0
1931.0	889.0	2443.0	0.0	0.0	0.0
1930.0	886.0	2444.0	0.0	0.0	0.0
1930.0	884.0	2450.0	0.0	0.0	0.0
1930.0	884.0	2451.0	0.0	0.0	0.0
1929.0	885.0	2461.0	0.0	0.0	0.0
1930.0	884.0	2440.0	0.0	0.0	0.0
1931.0	883.0	2454.0	0.0	0.0	0.0
1932.0	884.0	2453.0	0.0	0.0	0.0
1929.0	885.0	2453.0	0.0	0.0	0.0
1930.0	883.0	2439.0	0.0	0.0	0.0
1932.0	883.0	2442.0	0.0	0.0	0.0
1929.0	884.0	2442.0	0.0	0.0	0.0
1929.0	883.0	2448.0	0.0	0.0	0.0
1932.0	885.0	2440.0	0.0	0.0	0.0
1930.0	884.0	2437.0	0.0	0.0	0.0
1933.0	884.0	2416.0	0.0	0.0	0.0
1931.0	884.0	2441.0	0.0	0.0	0.0
1930.0	885.0	2441.0	0.0	0.0	0.0
1931.0	885.0	2453.0	0.0	0.0	0.0
1928.0	886.0	2440.0	0.0	0.0	0.0
1929.0	883.0	2437.0	0.0	0.0	0.0
1930.0	884.0	2426.0	0.0	0.0	0.0
1926.0	884.0	2434.0	0.0	0.0	0.0
1934.0	885.0	2438.0	0.0	0.0	0.0
1930.0	883.0	2453.0	0.0	0.0	0.0
1931.0	884.0	2433.0	0.0	0.0	0.0
1931.0	883.0	2435.0	0.0	0.0	0.0
1929.0	883.0	2459.0	0.0	0.0	0.0
1930.0	884.0	2433.0	0.0	0.0	0.0
1930.0	884.0	2447.0	0.0	0.0	0.0
1930.0	883.0	2451.0	0.0	0.0	0.0
1931.0	886.0	2441.0	0.0	0.0	0.0
1929.0	885.0	2447.0	0.0	0.0	0.0
1931.0	885.0	2430.0	0.0	0.0	0.0
1931.0	884.0	2422.0	0.0	0.0	0.0
1931.0	883.0	2466.0	0.0	0.0	0.0
1931.0	883.0	2435.0	0.0	0.0	0.0
1931.0	886.0	2444.0	0.0	0.0	0.0
1930.0	884.0	2453.0	0.0	0.0	0.0
1931.0	886.0	2451.0	0.0	0.0	0.0
1931.0	884.0	2433.0	0.0	0.0	0.0
1930.0	882.0	2426.0	0.0	0.0	0.0
1929.0	883.0	2441.0	0.0	0.0	0.0
1931.0	885.0	2432.0	0.0	0.0	0.0
1931.0	885.0	2455.0	0.0	0.0	0.0
1930.0	883.0	2440.0	0.0	0.0	0.0
1929.0	884.0	2457.0	0.0	0.0	0.0
1930.0	883.0	2460.0	0.0	0.0	0.0
1932.0	886.0	2453.0	0.0	0.0	0.0
1931.0	886.0	2448.0	0.0	0.0	0.0
1928.0	884.0	2436.0	0.0	0.0	0.0
1930.0	885.0	2436.0	0.0	0.0	0.0
1930.0	883.0	2467.0	0.0	0.0	0.0
1929.0	885.0	2449.0	0.0	0.0	0.0
1934.0	885.0	2434.0	0.0	0.0	0.0
1931.0	884.0	2440.0	0.0	0.0	0.0
1927.0	884.0	2467.0	0.0	0.0	0.0
1930.0	885.0	2445.0	0.0	0.0	0.0
1932.0	885.0	2424.0	0.0	0.0	0.0
1930.0	886.0	2437.0	0.0	0.0	0.0
1930.0	884.0	2457.0	0.0	0.0	0.0
1931.0	887.0	2449.0	0.0	0.0	0.0
1933.0	886.0	2444.0	0.0	0.0	0.0
1931.0	885.0	2450.0	0.0	0.0	0.0
1933.0	885.0	2435.0	0.0	0.0	0.0
1929.0	886.0	2464.0	0.0	0.0	0.0
1930.0	884.0	2444.0	0.0	0.0	0.0
1931.0	883.0	2459.0	0.0	0.0	0.0
1932.0	885.0	2456.0	0.0	0.0	0.0
1929.0	885.0	2444.0	0.0	0.0	0.0
1929.0	885.0	2440.0	0.0	0.0	0.0
1928.0	883.0	2439.0	0.0	0.0	0.0
1930.0	884.0	2422.0	0.0	0.0	0.0
1930.0	883.0	2445.0	0.0	0.0	0.0
1933.0	886.0	2446.0	0.0	0.0	0.0
1930.0	891.0	2447.0	0.0	0.0	0.0
1930.0	891.0	2455.0	0.0	0.0	0.0
1931.0	883.0	2448.0	0.0	0.0	0.0
1929.0	883.0	2467.0	0.0	0.0	0.0
1929.0	884.0	2425.0	0.0	0.0	0.0
1930.0	884.0	2439.0	0.0	0.0	0.0
1932.0	883.0	2465.0	0.0	0.0	0.0
1930.0	881.0	2436.0	0.0	0.0	0.0
1932.0	884.0	2433.0	0.0	0.0	0.0
1930.0	884.0	2427.0	0.0	0.0	0.0
1932.0	884.0	2459.0	0.0	0.0	0.0
1932.0	886.0	2444.0	0.0	0.0	0.0
1931.0	883.0	2435.0	0.0	0.0	0.0
1930.0	884.0	2430.0	0.0	0.0	0.0
1930.0	885.0	2447.0	0.0	0.0	0.0
1930.0	883.0	2475.0	0.0	0.0	0.0
1929.0	882.0	2448.0	0.0	0.0	0.0
1931.0	886.0	2447.0	0.0	0.0	0.0
1930.0	885.0	2436.0	0.0	0.0	0.0
1929.0	883.0	2450.0	0.0	0.0	0.0
1931.0	885.0	2448.0	0.0	0.0	0.0
1932.0	883.0	2458.0	0.0	0.0	0.0
1931.0	882.0	2442.0	0.0	0.0	0.0
1934.0	883.0	2431.0	0.0	0.0	0.0
1930.0	884.0	2445.0	0.0	0.0	0.0
1929.0	883.0	2441.0	0.0	0.0	0.0
1931.0	882.0	2422.0	0.0	0.0	0.0
1930.0	885.0	2422.0	0.0	0.0	0.0
1929.0	884.0	2434.0	0.0	0.0	0.0
1933.0	884.0	2450.0	0.0	0.0	0.0
1931.0	885.0	2458.0	0.0	0.0	0.0
1929.0	885.0	2462.0	0.0	0.0	0.0
1931.0	884.0	2432.0	0.0	0.0	0.0
1929.0	883.0	2423.0	0.0	0.0	0.0
1931.0	883.0	2445.0	0.0	0.0	0.0
1934.0	886.0	2437.0	0.0	0.0	0.0
1930.0	886.0	2459.0	0.0	0.0	0.0
1931.0	885.0	2453.0	0.0	0.0	0.0
1930.0	884.0	2435.0	0.0	0.0	0.0
1932.0	884.0	2426.0	0.0	0.0	0.0
1930.0	884.0	2432.0	0.0	0.0	0.0
1930.0	886.0	2435.0	0.0	0.0	0.0
1941.0	886.0	2446.0	0.0	0.0	0.0
1934.0	886.0	2458.0	0.0	0.0	0.0
1929.0	884.0	2445.0	0.0	0.0	0.0
1931.0	885.0	2442.0	0.0	0.0	0.0
1928.0	884.0	2416.0	0.0	0.0	0.0
1943.0	885.0	2457.0	0.0	0.0	0.0
1932.0	884.0	2442.0	0.0	0.0	0.0
1934.0	884.0	2427.0	0.0	0.0	0.0
1931.0	883.0	2432.0	0.0	0.0	0.0
1932.0	882.0	2454.0	0.0	0.0	0.0
1929.0	885.0	2439.0	0.0	0.0	0.0
1929.0	882.0	2424.0	0.0	0.0	0.0
1931.0	883.0	2422.0	0.0	0.0	0.0
1931.0	885.0	2431.0	0.0	0.0	0.0
1929.0	885.0	2451.0	0.0	0.0	0.0
1929.0	884.0	2450.0	0.0	0.0	0.0
1932.0	883.0	2434.0	0.0	0.0	0.0
1931.0	883.0	2441.0	0.0	0.0	0.0
1929.0	885.0	2437.0	0.0	0.0	0.0
1934.0	886.0	2452.0	0.0	0.0	0.0
1932.0	885.0	2431.0	0.0	0.0	0.0
1931.0	885.0	2470.0	0.0	0.0	0.0
1930.0	884.0	2464.0	0.0	0.0	0.0
1931.0	885.0	2454.0	0.0	0.0	0.0
1932.0	885.0	2429.0	0.0	0.0	0.0
1932.0	886.0	2449.0	0.0	0.0	0.0
1932.0	886.0	2443.0	0.0	0.0	0.0
1929.0	883.0	2468.0	0.0	0.0	0.0
1932.0	884.0	2420.0	0.0	0.0	0.0
1933.0	885.0	2432.0	0.0	0.0	0.0
1935.0	883.0	2443.0	0.0	0.0	0.0
1931.0	886.0	2431.0	0.0	0.0	0.0
1931.0	885.0	2442.0	0.0	0.0	0.0
1932.0	883.0	2433.0	0.0	0.0	0.0
1933.0	888.0	2432.0	0.0	0.0	0.0
1933.0	886.0	2448.0	0.0	0.0	0.0
1932.0	885.0	2459.0	0.0	0.0	0.0
1931.0	883.0	2429.0	0.0	0.0	0.0
1930.0	885.0	2444.0	0.0	0.0	0.0
1933.0	884.0	2428.0	0.0	0.0	0.0
1930.0	883.0	2441.0	0.0	0.0	0.0
1929.0	883.0	2428.0	0.0	0.0	0.0
1931.0	885.0	2432.0	0.0	0.0	0.0
1931.0	883.0	2439.0	0.0	0.0	0.0
1929.0	883.0	2464.0	0.0	0.0	0.0
1932.0	885.0	2435.0	0.0	0.0	0.0
1929.0	883.0	2433.0	0.0	0.0	0.0
1930.0	884.0	2431.0	0.0	0.0	0.0
1929.0	884.0	2439.0	0.0	0.0	0.0
1932.0	884.0	2450.0	0.0	0.0	0.0
1931.0	884.0	2445.0	0.0	0.0	0.0
1930.0	883.0	2430.0	0.0	0.0	0.0
1929.0	886.0	2431.0	0.0	0.0	0.0
1929.0	883.0	2453.0	0.0	0.0	0.0
1930.0	886.0	2456.0	0.0	0.0	0.0
1933.0	884.0	2433.0	0.0	0.0	0.0
1933.0	883.0	2437.0	0.0	0.0	0.0
1933.0	884.0	2455.0	0.0	0.0	0.0
1928.0	884.0	2464.0	0.0	0.0	0.0
1930.0	885.0	2421.0	0.0	0.0	0.0
1931.0	886.0	2436.0	0.0	0.0	0.0
1931.0	884.0	2446.0	0.0	0.0	0.0
1930.0	885.0	2445.0	0.0	0.0	0.0
1931.0	884.0	2454.0	0.0	0.0	0.0
1930.0	884.0	2441.0	0.0	0.0	0.0
1931.0	885.0	2438.0	0.0	0.0	0.0
1929.0	883.0	2430.0	0.0	0.0	0.0
1930.0	885.0	2445.0	0.0	0.0	0.0
1932.0	886.0	2431.0	0.0	0.0	0.0
1932.0	886.0	2438.0	0.0	0.0	0.0
1931.0	885.0	2460.0	0.0	0.0	0.0
1929.0	886.0	2441.0	0.0	0.0	0.0
1930.0	886.0	2426.0	0.0	0.0	0.0
1931.0	884.0	2446.0	0.0	0.0	0.0
1930.0	884.0	2457.0	0.0	0.0	0.0
1931.0	884.0	2441.0	0.0	0.0	0.0
1932.0	886.0	2451.0	0.0	0.0	0.0
1930.0	885.0	2438.0	0.0	0.0	0.0
1930.0	885.0	2437.0	0.0	0.0	0.0
1930.0	884.0	2447.0	0.0	0.0	0.0
1927.0	884.0	2443.0	0.0	0.0	0.0
1930.0	886.0	2426.0	0.0	0.0	0.0
1926.0	885.0	2437.0	0.0	0.0	0.0
1929.0	886.0	2437.0	0.0	0.0	0.0
1942.0	884.0	2432.0	0.0	0.0	0.0
1930.0	883.0	2439.0	0.0	0.0	0.0
1931.0	885.0	2468.0	0.0	0.0	0.0
1930.0	883.0	2452.0	0.0	0.0	0.0
1929.0	886.0	2432.0	0.0	0.0	0.0
1932.0	886.0	2429.0	0.0	0.0	0.0
1930.0	886.0	2442.0	0.0	0.0	0.0
1929.0	885.0	2439.0	0.0	0.0	0.0
1932.0	884.0	2445.0	0.0	0.0	0.0
1930.0	885.0	2435.0	0.0	0.0	0.0
1932.0	884.0	2435.0	0.0	0.0	0.0
1929.0	883.0	2430.0	0.0	0.0	0.0
1929.0	883.0	2458.0	0.0	0.0	0.0
1929.0	882.0	2451.0	0.0	0.0	0.0
1930.0	884.0	2435.0	0.0	0.0	0.0
1930.0	886.0	2429.0	0.0	0.0	0.0
1932.0	885.0	2426.0	0.0	0.0	0.0
1933.0	884.0	2421.0	0.0	0.0	0.0
1932.0	886.0	2419.0	0.0	0.0	0.0
1930.0	884.0	2458.0	0.0	0.0	0.0
1931.0	888.0	2444.0	0.0	0.0	0.0
1931.0	886.0	2449.0	0.0	0.0	0.0
1931.0	884.0	2446.0	0.0	0.0	0.0
1930.0	886.0	2442.0	0.0	0.0	0.0
1929.0	885.0	2445.0	0.0	0.0	0.0
1930.0	883.0	2448.0	0.0	0.0	0.0
1929.0	882.0	2441.0	0.0	0.0	0.0
1931.0	891.0	2446.0	0.0	0.0	0.0
1930.0	887.0	2439.0	0.0	0.0	0.0
1931.0	884.0	2449.0	0.0	0.0	0.0
1933.0	885.0	2432.0	0.0	0.0	0.0
1929.0	887.0	2431.0	0.0	0.0	0.0
1930.0	885.0	2465.0	0.0	0.0	0.0
1929.0	884.0	2451.0	0.0	0.0	0.0
1931.0	884.0	2441.0	0.0	0.0	0.0
1930.0	888.0	2419.0	0.0	0.0	0.0
1934.0	888.0	2440.0	0.0	0.0	0.0
1931.0	884.0	2439.0	0.0	0.0	0.0
1931.0	884.0	2459.0	0.0	0.0	0.0
1931.0	887.0	2454.0	0.0	0.0	0.0
1930.0	884.0	2431.0	0.0	0.0	0.0
1927.0	888.0	2442.0	0.0	0.0	0.0
1930.0	884.0	2436.0	0.0	0.0	0.0
1932.0	884.0	2434.0	0.0	0.0	0.0
1930.0	884.0	2434.0	0.0	0.0	0.0
1933.0	885.0	2432.0	0.0	0.0	0.0
1929.0	883.0	2431.0	0.0	0.0	0.0
1930.0	883.0	2437.0	0.0	0.0	0.0
1933.0	885.0	2440.0	0.0	0.0	0.0
1930.0	883.0	2443.0	0.0	0.0	0.0
1930.0	884.0	2449.0	0.0	0.0	0.0
1932.0	884.0	2439.0	0.0	0.0	0.0
1933.0	882.0	2460.0	0.0	0.0	0.0
1931.0	888.0	2433.0	0.0	0.0	0.0
1931.0	884.0	2441.0	0.0	0.0	0.0
1930.0	883.0	2423.0	0.0	0.0	0.0
1931.0	886.0	2436.0	0.0	0.0	0.0
1931.0	886.0	2447.0	0.0	0.0	0.0
1931.0	883.0	2437.0	0.0	0.0	0.0
1931.0	885.0	2473.0	0.0	0.0	0.0
1929.0	883.0	2438.0	0.0	0.0	0.0
1932.0	886.0	2448.0	0.0	0.0	0.0
1931.0	887.0	2453.0	0.0	0.0	0.0
1930.0	884.0	2435.0	0.0	0.0	0.0
1930.0	886.0	2458.0	0.0	0.0	0.0
1934.0	887.0	2432.0	0.0	0.0	0.0
1927.0	886.0	2426.0	0.0	0.0	0.0
1931.0	886.0	2431.0	0.0	0.0	0.0
1931.0	882.0	2451.0	0.0	0.0	0.0
1933.0	885.0	2447.0	0.0	0.0	0.0
1930.0	885.0	2442.0	0.0	0.0	0.0
1929.0	884.0	2426.0	0.0	0.0	0.0
1931.0	885.0	2452.0	0.0	0.0	0.0
1932.0	885.0	2425.0	0.0	0.0	0.0
1931.0	882.0	2443.0	0.0	0.0	0.0
1932.0	885.0	2454.0	0.0	0.0	0.0
1932.0	885.0	2442.0	0.0	0.0	0.0
1929.0	884.0	2441.0	0.0	0.0	0.0
1942.0	882.0	2452.0	0.0	0.0	0.0
1936.0	884.0	2449.0	0.0	0.0	0.0
1931.0	886.0	2427.0	0.0	0.0	0.0
1930.0	883.0	2433.0	0.0	0.0	0.0
1932.0	883.0	2440.0	0.0	0.0	0.0
1930.0	880.0	2442.0	0.0	0.0	0.0
1929.0	882.0	2441.0	0.0	0.0	0.0
1927.0	883.0	2441.0	0.0	0.0	0.0
1934.0	884.0	2438.0	0.0	0.0	0.0
1930.0	885.0	2445.0	0.0	0.0	0.0
1932.0	894.0	2451.0	0.0	0.0	0.0
1930.0	889.0	2442.0	0.0	0.0	0.0
1932.0	893.0	2440.0	0.0	0.0	0.0
1930.0	887.0	2444.0	0.0	0.0	0.0
1928.0	887.0	2443.0	0.0	0.0	0.0
1930.0	881.0	2428.0	0.0	0.0	0.0
1931.0	889.0	2450.0	0.0	0.0	0.0
1932.0	885.0	2423.0	0.0	0.0	0.0
1932.0	886.0	2444.0	0.0	0.0	0.0
1929.0	882.0	2458.0	0.0	0.0	0.0
1929.0	884.0	2456.0	0.0	0.0	0.0
1931.0	883.0	2444.0	0.0	0.0	0.0
1931.0	884.0	2438.0	0.0	0.0	0.0
1929.0	884.0	2433.0	0.0	0.0	0.0
1930.0	884.0	2453.0	0.0	0.0	0.0
1930.0	884.0	2457.0	0.0	0.0	0.0
1929.0	884.0	2445.0	0.0	0.0	0.0
1930.0	886.0	2420.0	0.0	0.0	0.0
1929.0	882.0	2452.0	0.0	0.0	0.0
1931.0	884.0	2458.0	0.0	0.0	0.0
1928.0	885.0	2420.0	0.0	0.0	0.0
1932.0	884.0	2451.0	0.0	0.0	0.0
1930.0	885.0	2434.0	0.0	0.0	0.0
1930.0	886.0	2449.0	0.0	0.0	0.0
1929.0	886.0	2448.0	0.0	0.0	0.0
1932.0	884.0	2454.0	0.0	0.0	0.0
1934.0	885.0	2450.0	0.0	0.0	0.0
1937.0	886.0	2449.0	0.0	0.0	0.0
1930.0	883.0	2420.0	0.0	0.0	0.0
1932.0	883.0	2442.0	0.0	0.0	0.0
1931.0	888.0	2436.0	0.0	0.0	0.0
1930.0	883.0	2439.0	0.0	0.0	0.0
1929.0	883.0	2442.0	0.0	0.0	0.0
1930.0	885.0	2464.0	0.0	0.0	0.0
1931.0	881.0	2443.0	0.0	0.0	0.0
1930.0	881.0	2428.0	0.0	0.0	0.0
1930.0	885.0	2439.0	0.0	0.0	0.0
1930.0	886.0	2446.0	0.0	0.0	0.0
1931.0	886.0	2442.0	0.0	0.0	0.0
1930.0	884.0	2435.0	0.0	0.0	0.0
1931.0	884.0	2443.0	0.0	0.0	0.0
1929.0	884.0	2438.0	0.0	0.0	0.0
1930.0	885.0	2453.0	0.0	0.0	0.0
1929.0	882.0	2418.0	0.0	0.0	0.0
1929.0	883.0	2432.0	0.0	0.0	0.0
1928.0	883.0	2447.0	0.0	0.0	0.0
1931.0	884.0	2445.0	0.0	0.0	0.0
1930.0	884.0	2445.0	0.0	0.0	0.0
1932.0	884.0	2434.0	0.0	0.0	0.0
1930.0	881.0	2446.0	0.0	0.0	0.0
1929.0	884.0	2438.0	0.0	0.0	0.0
1930.0	886.0	2453.0	0.0	0.0	0.0
1929.0	885.0	2457.0	0.0	0.0	0.0
1929.0	886.0	2456.0	0.0	0.0	0.0
1931.0	884.0	2453.0	0.0	0.0	0.0
1929.0	884.0	2469.0	0.0	0.0	0.0
1934.0	884.0	2444.0	0.0	0.0	0.0
1932.0	882.0	2453.0	0.0	0.0	0.0
1933.0	884.0	2449.0	0.0	0.0	0.0
1933.0	891.0	2420.0	0.0	0.0	0.0
1931.0	880.0	2426.0	0.0	0.0	0.0
1933.0	882.0	2439.0	0.0	0.0	0.0
1930.0	885.0	2442.0	0.0	0.0	0.0
1930.0	885.0	2444.0	0.0	0.0	0.0
1928.0	885.0	2440.0	0.0	0.0	0.0
1931.0	884.0	2415.0	0.0	0.0	0.0
1932.0	884.0	2428.0	0.0	0.0	0.0
1930.0	884.0	2453.0	0.0	0.0	0.0
1931.0	886.0	2438.0	0.0	0.0	0.0
1931.0	884.0	2438.0	0.0	0.0	0.0
1930.0	884.0	2431.0	0.0	0.0	0.0
1931.0	884.0	2432.0	0.0	0.0	0.0
1929.0	885.0	2438.0	0.0	0.0	0.0
1931.0	885.0	2454.0	0.0	0.0	0.0
1931.0	883.0	2437.0	0.0	0.0	0.0
1930.0	884.0	2435.0	0.0	0.0	0.0
1932.0	882.0	2443.0	0.0	0.0	0.0
1929.0	885.0	2440.0	0.0	0.0	0.0
1932.0	886.0	2446.0	0.0	0.0	0.0
1928.0	883.0	2453.0	0.0	0.0	0.0
1932.0	886.0	2452.0	0.0	0.0	0.0
1928.0	885.0	2444.0	0.0	0.0	0.0
1929.0	885.0	2445.0	0.0	0.0	0.0
1933.0	884.0	2447.0	0.0	0.0	0.0
1931.0	886.0	2433.0	0.0	0.0	0.0
1932.0	884.0	2458.0	0.0	0.0	0.0
1930.0	883.0	2457.0	0.0	0.0	0.0
1931.0	883.0	2434.0	0.0	0.0	0.0
1932.0	884.0	2440.0	0.0	0.0	0.0
1930.0	882.0	2441.0	0.0	0.0	0.0
1930.0	884.0	2447.0	0.0	0.0	0.0
1929.0	884.0	2436.0	0.0	0.0	0.0
1931.0	884.0	2428.0	0.0	0.0	0.0
1929.0	884.0	2428.0	0.0	0.0	0.0
1930.0	883.0	2442.0	0.0	0.0	0.0
1929.0	884.0	2454.0	0.0	0.0	0.0
1930.0	885.0	2441.0	0.0	0.0	0.0
1929.0	885.0	2441.0	0.0	0.0	0.0
1930.0	886.0	2427.0	0.0	0.0	0.0
1929.0	887.0	2441.0	0.0	0.0	0.0
1932.0	885.0	2451.0	0.0	0.0	0.0
1930.0	884.0	2444.0	0.0	0.0	0.0
1930.0	885.0	2465.0	0.0	0.0	0.0
1931.0	885.0	2463.0	0.0	0.0	0.0
1930.0	885.0	2437.0	0.0	0.0	0.0
1932.0	884.0	2439.0	0.0	0.0	0.0
1930.0	883.0	2454.0	0.0	0.0	0.0
1931.0	885.0	2451.0	0.0	0.0	0.0
1929.0	883.0	2436.0	0.0	0.0	0.0
1930.0	884.0	2454.0	0.0	0.0	0.0
1956.0	886.0	2436.0	0.0	0.0	0.0
1932.0	886.0	2443.0	0.0	0.0	0.0
1930.0	883.0	2436.0	0.0	0.0	0.0
1931.0	886.0	2461.0	0.0	0.0	0.0
1931.0	883.0	2448.0	0.0	0.0	0.0
1930.0	887.0	2450.0	0.0	0.0	0.0
1931.0	883.0	2450.0	0.0	0.0	0.0
1931.0	885.0	2425.0	0.0	0.0	0.0
1931.0	885.0	2445.0	0.0	0.0	0.0
1930.0	883.0	2463.0	0.0	0.0	0.0
1929.0	885.0	2464.0	0.0	0.0	0.0
1930.0	885.0	2436.0	0.0	0.0	0.0
1931.0	885.0	2448.0	0.0	0.0	0.0
1930.0	884.0	2442.0	0.0	0.0	0.0
1930.0	887.0	2434.0	0.0	0.0	0.0
1932.0	886.0	2443.0	0.0	0.0	0.0
1930.0	882.0	2447.0	0.0	0.0	0.0
1930.0	898.0	2449.0	0.0	0.0	0.0
1933.0	885.0	2454.0	0.0	0.0	0.0
1929.0	883.0	2430.0	0.0	0.0	0.0
1930.0	885.0	2447.0	0.0	0.0	0.0
1929.0	885.0	2439.0	0.0	0.0	0.0
1930.0	882.0	2444.0	0.0	0.0	0.0
1931.0	885.0	2449.0	0.0	0.0	0.0
1932.0	887.0	2454.0	0.0	0.0	0.0
1931.0	886.0	2455.0	0.0	0.0	0.0
1929.0	884.0	2452.0	0.0	0.0	0.0
1930.0	883.0	2443.0	0.0	0.0	0.0
1933.0	884.0	2429.0	0.0	0.0	0.0
1934.0	884.0	2417.0	0.0	0.0	0.0
1932.0	884.0	2436.0	0.0	0.0	0.0
1932.0	884.0	2448.0	0.0	0.0	0.0
1931.0	886.0	2426.0	0.0	0.0	0.0
1930.0	883.0	2421.0	0.0	0.0	0.0
1930.0	883.0	2447.0	0.0	0.0	0.0
1929.0	883.0	2450.0	0.0	0.0	0.0
1931.0	883.0	2430.0	0.0	0.0	0.0
1936.0	884.0	2436.0	0.0	0.0	0.0
1933.0	883.0	2448.0	0.0	0.0	0.0
1927.0	883.0	2424.0	0.0	0.0	0.0
1931.0	882.0	2465.0	0.0	0.0	0.0
1930.0	881.0	2447.0	0.0	0.0	0.0
1933.0	890.0	2425.0	0.0	0.0	0.0
1931.0	882.0	2449.0	0.0	0.0	0.0
1934.0	889.0	2425.0	0.0	0.0	0.0
1930.0	885.0	2453.0	0.0	0.0	0.0
1931.0	881.0	2426.0	0.0	0.0	0.0
1930.0	881.0	2434.0	0.0	0.0	0.0
1931.0	885.0	2454.0	0.0	0.0	0.0
1930.0	886.0	2436.0	0.0	0.0	0.0
1931.0	885.0	2431.0	0.0	0.0	0.0
1929.0	885.0	2436.0	0.0	0.0	0.0
1932.0	885.0	2446.0	0.0	0.0	0.0
1932.0	884.0	2451.0	0.0	0.0	0.0
1931.0	884.0	2439.0	0.0	0.0	0.0
1933.0	886.0	2448.0	0.0	0.0	0.0
1929.0	882.0	2433.0	0.0	0.0	0.0
1930.0	884.0	2423.0	0.0	0.0	0.0
1930.0	883.0	2431.0	0.0	0.0	0.0
1936.0	883.0	2425.0	0.0	0.0	0.0
1931.0	882.0	2432.0	0.0	0.0	0.0
1928.0	885.0	2438.0	0.0	0.0	0.0
1929.0	883.0	2437.0	0.0	0.0	0.0
1931.0	884.0	2438.0	0.0	0.0	0.0
1931.0	886.0	2436.0	0.0	0.0	0.0
1929.0	883.0	2465.0	0.0	0.0	0.0
1932.0	884.0	2432.0	0.0	0.0	0.0
1932.0	887.0	2453.0	0.0	0.0	0.0
1928.0	885.0	2424.0	0.0	0.0	0.0
1932.0	883.0	2454.0	0.0	0.0	0.0
1932.0	884.0	2445.0	0.0	0.0	0.0
1932.0	882.0	2459.0	0.0	0.0	0.0
1929.0	884.0	2441.0	0.0	0.0	0.0
1931.0	887.0	2437.0	0.0	0.0	0.0
1931.0	888.0	2450.0	0.0	0.0	0.0
1931.0	885.0	2450.0	0.0	0.0	0.0
1930.0	884.0	2452.0	0.0	0.0	0.0
1929.0	884.0	2460.0	0.0	0.0	0.0
1930.0	883.0	2450.0	0.0	0.0	0.0
1930.0	883.0	2435.0	0.0	0.0	0.0
1929.0	885.0	2416.0	0.0	0.0	0.0
1929.0	884.0	2445.0	0.0	0.0	0.0
1930.0	886.0	2435.0	0.0	0.0	0.0
1931.0	884.0	2442.0	0.0	0.0	0.0
1930.0	883.0	2437.0	0.0	0.0	0.0
1930.0	884.0	2461.0	0.0	0.0	0.0
1932.0	883.0	2446.0	0.0	0.0	0.0
1934.0	884.0	2442.0	0.0	0.0	0.0
1930.0	885.0	2450.0	0.0	0.0	0.0
1933.0	885.0	2422.0	0.0	0.0	0.0
1931.0	885.0	2463.0	0.0	0.0	0.0
1932.0	884.0	2454.0	0.0	0.0	0.0
1931.0	885.0	2445.0	0.0	0.0	0.0
1931.0	887.0	2433.0	0.0	0.0	0.0
1930.0	884.0	2447.0	0.0	0.0	0.0
1932.0	885.0	2446.0	0.0	0.0	0.0
1929.0	886.0	2438.0	0.0	0.0	0.0
1930.0	885.0	2426.0	0.0	0.0	0.0
1931.0	885.0	2431.0	0.0	0.0	0.0
1932.0	892.0	2440.0	0.0	0.0	0.0
1931.0	884.0	2461.0	0.0	0.0	0.0
1929.0	883.0	2429.0	0.0	0.0	0.0
1929.0	882.0	2429.0	0.0	0.0	0.0
1930.0	883.0	2446.0	0.0	0.0	0.0
1930.0	885.0	2439.0	0.0	0.0	0.0
1929.0	884.0	2449.0	0.0	0.0	0.0
1928.0	884.0	2447.0	0.0	0.0	0.0
1929.0	884.0	2456.0	0.0	0.0	0.0
1931.0	884.0	2443.0	0.0	0.0	0.0
1931.0	883.0	2443.0	0.0	0.0	0.0
1930.0	884.0	2429.0	0.0	0.0	0.0
1932.0	884.0	2453.0	0.0	0.0	0.0
1929.0	886.0	2436.0	0.0	0.0	0.0
1930.0	886.0	2452.0	0.0	0.0	0.0
1930.0	884.0	2434.0	0.0	0.0	0.0
1929.0	886.0	2443.0	0.0	0.0	0.0
1929.0	886.0	2441.0	0.0	0.0	0.0
1930.0	885.0	2435.0	0.0	0.0	0.0
1930.0	885.0	2447.0	0.0	0.0	0.0
1930.0	885.0	2443.0	0.0	0.0	0.0
1931.0	886.0	2427.0	0.0	0.0	0.0
1930.0	884.0	2430.0	0.0	0.0	0.0
1932.0	885.0	2439.0	0.0	0.0	0.0
1934.0	886.0	2457.0	0.0	0.0	0.0
1930.0	884.0	2453.0	0.0	0.0	0.0
1932.0	886.0	2433.0	0.0	0.0	0.0
1929.0	884.0	2438.0	0.0	0.0	0.0
1930.0	885.0	2456.0	0.0	0.0	0.0
1931.0	882.0	2435.0	0.0	0.0	0.0
1930.0	885.0	2433.0	0.0	0.0	0.0
1933.0	885.0	2448.0	0.0	0.0	0.0
1930.0	886.0	2449.0	0.0	0.0	0.0
1931.0	883.0	2432.0	0.0	0.0	0.0
1930.0	884.0	2466.0	0.0	0.0	0.0
1929.0	886.0	2446.0	0.0	0.0	0.0
1930.0	885.0	2448.0	0.0	0.0	0.0
1930.0	886.0	2447.0	0.0	0.0	0.0
1931.0	888.0	2438.0	0.0	0.0	0.0
1930.0	884.0	2433.0	0.0	0.0	0.0
1930.0	886.0	2429.0	0.0	0.0	0.0
1931.0	883.0	2438.0	0.0	0.0	0.0
1931.0	885.0	2440.0	0.0	0.0	0.0
1931.0	884.0	2402.0	0.0	0.0	0.0
1932.0	885.0	2456.0	0.0	0.0	0.0
1931.0	886.0	2440.0	0.0	0.0	0.0
1931.0	885.0	2433.0	0.0	0.0	0.0
1931.0	884.0	2436.0	0.0	0.0	0.0
1931.0	884.0	2425.0	0.0	0.0	0.0
1930.0	884.0	2441.0	0.0	0.0	0.0
1931.0	886.0	2452.0	0.0	0.0	0.0
1931.0	883.0	2444.0	0.0	0.0	0.0
1929.0	884.0	2443.0	0.0	0.0	0.0
1931.0	883.0	2447.0	0.0	0.0	0.0
1930.0	883.0	2452.0	0.0	0.0	0.0
1933.0	885.0	2463.0	0.0	0.0	0.0
1930.0	884.0	2444.0	0.0	0.0	0.0
1928.0	882.0	2458.0	0.0	0.0	0.0
1933.0	884.0	2457.0	0.0	0.0	0.0
1930.0	881.0	2437.0	0.0	0.0	0.0
1929.0	888.0	2437.0	0.0	0.0	0.0
1930.0	883.0	2447.0	0.0	0.0	0.0
1930.0	886.0	2436.0	0.0	0.0	0.0
1931.0	884.0	2453.0	0.0	0.0	0.0
1934.0	885.0	2443.0	0.0	0.0	0.0
1929.0	882.0	2436.0	0.0	0.0	0.0
1931.0	883.0	2435.0	0.0	0.0	0.0
1933.0	887.0	2452.0	0.0	0.0	0.0
1930.0	893.0	2438.0	0.0	0.0	0.0
1929.0	886.0	2445.0	0.0	0.0	0.0
1929.0	887.0	2438.0	0.0	0.0	0.0
1931.0	884.0	2422.0	0.0	0.0	0.0
1931.0	884.0	2442.0	0.0	0.0	0.0
1929.0	884.0	2452.0	0.0	0.0	0.0
1933.0	883.0	2456.0	0.0	0.0	0.0
1930.0	885.0	2451.0	0.0	0.0	0.0
1930.0	883.0	2444.0	0.0	0.0	0.0
1930.0	885.0	2449.0	0.0	0.0	0.0
1929.0	882.0	2444.0	0.0	0.0	0.0
1932.0	885.0	2433.0	0.0	0.0	0.0
1933.0	884.0	2447.0	0.0	0.0	0.0
1929.0	885.0	2447.0	0.0	0.0	0.0
1928.0	886.0	2455.0	0.0	0.0	0.0
1930.0	884.0	2442.0	0.0	0.0	0.0
1933.0	886.0	2443.0	0.0	0.0	0.0
1933.0	883.0	2426.0	0.0	0.0	0.0
1929.0	884.0	2424.0	0.0	0.0	0.0
1930.0	884.0	2441.0	0.0	0.0	0.0
1929.0	882.0	2442.0	0.0	0.0	0.0
1929.0	884.0	2455.0	0.0	0.0	0.0
1942.0	884.0	2435.0	0.0	0.0	0.0
1931.0	886.0	2447.0	0.0	0.0	0.0
1928.0	883.0	2444.0	0.0	0.0	0.0
1933.0	884.0	2445.0	0.0	0.0	0.0
1932.0	885.0	2425.0	0.0	0.0	0.0
1927.0	884.0	2436.0	0.0	0.0	0.0
1930.0	883.0	2447.0	0.0	0.0	0.0
1932.0	887.0	2444.0	0.0	0.0	0.0
1929.0	887.0	2434.0	0.0	0.0	0.0
1928.0	882.0	2436.0	0.0	0.0	0.0
1930.0	884.0	2422.0	0.0	0.0	0.0
1933.0	885.0	2439.0	0.0	0.0	0.0
1930.0	885.0	2458.0	0.0	0.0	0.0
1929.0	882.0	2444.0	0.0	0.0	0.0
1931.0	884.0	2446.0	0.0	0.0	0.0
1929.0	885.0	2438.0	0.0	0.0	0.0
1929.0	884.0	2450.0	0.0	0.0	0.0
1929.0	886.0	2452.0	0.0	0.0	0.0
1931.0	885.0	2433.0	0.0	0.0	0.0
1930.0	883.0	2456.0	0.0	0.0	0.0
1931.0	882.0	2439.0	0.0	0.0	0.0
1931.0	884.0	2448.0	0.0	0.0	0.0
1931.0	885.0	2451.0	0.0	0.0	0.0
1930.0	881.0	2431.0	0.0	0.0	0.0
1930.0	884.0	2427.0	0.0	0.0	0.0
1930.0	886.0	2437.0	0.0	0.0	0.0
1932.0	884.0	2459.0	0.0	0.0	0.0
1928.0	886.0	2447.0	0.0	0.0	0.0
1931.0	883.0	2436.0	0.0	0.0	0.0
1930.0	884.0	2451.0	0.0	0.0	0.0
1929.0	887.0	2447.0	0.0	0.0	0.0
1930.0	884.0	2425.0	0.0	0.0	0.0
1929.0	882.0	2445.0	0.0	0.0	0.0
1928.0	883.0	2460.0	0.0	0.0	0.0
1930.0	884.0	2444.0	0.0	0.0	0.0
1935.0	886.0	2448.0	0.0	0.0	0.0
1932.0	887.0	2447.0	0.0	0.0	0.0
1933.0	886.0	2443.0	0.0	0.0	0.0
1927.0	884.0	2450.0	0.0	0.0	0.0
1931.0	885.0	2464.0	0.0	0.0	0.0
1931.0	885.0	2438.0	0.0	0.0	0.0
1930.0	884.0	2442.0	0.0	0.0	0.0
1930.0	885.0	2448.0	0.0	0.0	0.0
1930.0	884.0	2437.0	0.0	0.0	0.0
1928.0	884.0	2451.0	0.0	0.0	0.0
1931.0	884.0	2456.0	0.0	0.0	0.0
1929.0	884.0	2443.0	0.0	0.0	0.0
1929.0	883.0	2441.0	0.0	0.0	0.0
1930.0	885.0	2440.0	0.0	0.0	0.0
1931.0	885.0	2449.0	0.0	0.0	0.0
1929.0	885.0	2443.0	0.0	0.0	0.0
1929.0	884.0	2445.0	0.0	0.0	0.0
1931.0	886.0	2464.0	0.0	0.0	0.0
1931.0	885.0	2408.0	0.0	0.0	0.0
1931.0	885.0	2424.0	0.0	0.0	0.0
1931.0	886.0	2436.0	0.0	0.0	0.0
1931.0	884.0	2439.0	0.0	0.0	0.0
1932.0	884.0	2461.0	0.0	0.0	0.0
1930.0	872.0	2461.0	0.0	0.0	0.0
1930.0	885.0	2439.0	0.0	0.0	0.0
1933.0	884.0	2444.0	0.0	0.0	0.0
1932.0	886.0	2431.0	0.0	0.0	0.0
1929.0	884.0	2460.0	0.0	0.0	0.0
1930.0	884.0	2433.0	0.0	0.0	0.0
1929.0	885.0	2439.0	0.0	0.0	0.0
1931.0	882.0	2467.0	0.0	0.0	0.0
1929.0	886.0	2442.0	0.0	0.0	0.0
1932.0	888.0	2444.0	0.0	0.0	0.0
1930.0	886.0	2457.0	0.0	0.0	0.0
1930.0	884.0	2418.0	0.0	0.0	0.0
1929.0	885.0	2442.0	0.0	0.0	0.0
1930.0	883.0	2448.0	0.0	0.0	0.0
1930.0	884.0	2435.0	0.0	0.0	0.0
1930.0	884.0	2432.0	0.0	0.0	0.0
1930.0	887.0	2448.0	0.0	0.0	0.0
1931.0	885.0	2442.0	0.0	0.0	0.0
1931.0	885.0	2440.0	0.0	0.0	0.0
1930.0	884.0	2473.0	0.0	0.0	0.0
1930.0	883.0	2440.0	0.0	0.0	0.0
1930.0	885.0	2430.0	0.0	0.0	0.0
1930.0	886.0	2443.0	0.0	0.0	0.0
1931.0	885.0	2442.0	0.0	0.0	0.0
1931.0	885.0	2457.0	0.0	0.0	0.0
1929.0	885.0	2453.0	0.0	0.0	0.0
1930.0	887.0	2439.0	0.0	0.0	0.0
1929.0	883.0	2439.0	0.0	0.0	0.0
1931.0	883.0	2433.0	0.0	0.0	0.0
1931.0	884.0	2456.0	0.0	0.0	0.0
1931.0	883.0	2457.0	0.0	0.0	0.0
1933.0	884.0	2438.0	0.0	0.0	0.0
1927.0	884.0	2445.0	0.0	0.0	0.0
1932.0	884.0	2460.0	0.0	0.0	0.0
1933.0	885.0	2453.0	0.0	0.0	0.0
1929.0	884.0	2457.0	0.0	0.0	0.0
1930.0	883.0	2459.0	0.0	0.0	0.0
1930.0	883.0	2434.0	0.0	0.0	0.0
1931.0	883.0	2427.0	0.0	0.0	0.0
1932.0	883.0	2451.0	0.0	0.0	0.0
1929.0	884.0	2439.0	0.0	0.0	0.0
1929.0	885.0	2433.0	0.0	0.0	0.0
1931.0	883.0	2452.0	0.0	0.0	0.0
1928.0	884.0	2429.0	0.0	0.0	0.0
1935.0	884.0	2436.0	0.0	0.0	0.0
1930.0	884.0	2427.0	0.0	0.0	0.0
1930.0	884.0	2459.0	0.0	0.0	0.0
1932.0	883.0	2440.0	0.0	0.0	0.0
1931.0	883.0	2456.0	0.0	0.0	0.0
1931.0	887.0	2448.0	0.0	0.0	0.0
1931.0	889.0	2430.0	0.0	0.0	0.0
1929.0	887.0	2443.0	0.0	0.0	0.0
1930.0	884.0	2436.0	0.0	0.0	0.0
1930.0	887.0	2444.0	0.0	0.0	0.0
1933.0	886.0	2439.0	0.0	0.0	0.0
1932.0	886.0	2458.0	0.0	0.0	0.0
1931.0	886.0	2441.0	0.0	0.0	0.0
1932.0	884.0	2434.0	0.0	0.0	0.0
1931.0	882.0	2443.0	0.0	0.0	0.0
1932.0	883.0	2448.0	0.0	0.0	0.0
1929.0	885.0	2443.0	0.0	0.0	0.0
1930.0	884.0	2455.0	0.0	0.0	0.0
1931.0	885.0	2465.0	0.0	0.0	0.0
1933.0	883.0	2456.0	0.0	0.0	0.0
1931.0	883.0	2439.0	0.0	0.0	0.0
1930.0	885.0	2457.0	0.0	0.0	0.0
1931.0	884.0	2466.0	0.0	0.0	0.0
1931.0	885.0	2440.0	0.0	0.0	0.0
1931.0	882.0	2421.0	0.0	0.0	0.0
1931.0	885.0	2429.0	0.0	0.0	0.0
1930.0	887.0	2443.0	0.0	0.0	0.0
1931.0	885.0	2461.0	0.0	0.0	0.0
1930.0	884.0	2463.0	0.0	0.0	0.0
1931.0	886.0	2441.0	0.0	0.0	0.0
1930.0	883.0	2451.0	0.0	0.0	0.0
1929.0	885.0	2424.0	0.0	0.0	0.0
1930.0	885.0	2437.0	0.0	0.0	0.0
1933.0	885.0	2449.0	0.0	0.0	0.0
1929.0	884.0	2449.0	0.0	0.0	0.0
1928.0	884.0	2457.0	0.0	0.0	0.0
1946.0	885.0	2440.0	0.0	0.0	0.0
1930.0	885.0	2459.0	0.0	0.0	0.0
1928.0	883.0	2447.0	0.0	0.0	0.0
1930.0	885.0	2435.0	0.0	0.0	0.0
1929.0	883.0	2442.0	0.0	0.0	0.0
1932.0	885.0	2436.0	0.0	0.0	0.0
1930.0	885.0	2451.0	0.0	0.0	0.0
1931.0	885.0	2447.0	0.0	0.0	0.0
1930.0	883.0	2458.0	0.0	0.0	0.0
1929.0	885.0	2478.0	0.0	0.0	0.0
1933.0	886.0	2445.0	0.0	0.0	0.0
1934.0	886.0	2448.0	0.0	0.0	0.0
1930.0	884.0	2427.0	0.0	0.0	0.0
1930.0	884.0	2453.0	0.0	0.0	0.0
1931.0	884.0	2458.0	0.0	0.0	0.0
1932.0	885.0	2448.0	0.0	0.0	0.0
1929.0	884.0	2437.0	0.0	0.0	0.0
1932.0	885.0	2427.0	0.0	0.0	0.0
1934.0	885.0	2463.0	0.0	0.0	0.0
1931.0	886.0	2441.0	0.0	0.0	0.0
1930.0	886.0	2452.0	0.0	0.0	0.0
1932.0	884.0	2429.0	0.0	0.0	0.0
1930.0	884.0	2452.0	0.0	0.0	0.0
1931.0	884.0	2449.0	0.0	0.0	0.0
1931.0	887.0	2431.0	0.0	0.0	0.0
1930.0	884.0	2427.0	0.0	0.0	0.0
1929.0	884.0	2440.0	0.0	0.0	0.0
1934.0	886.0	2437.0	0.0	0.0	0.0
1933.0	885.0	2431.0	0.0	0.0	0.0
1930.0	884.0	2440.0	0.0	0.0	0.0
1930.0	883.0	2463.0	0.0	0.0	0.0
1926.0	885.0	2447.0	0.0	0.0	0.0
1931.0	884.0	2477.0	0.0	0.0	0.0
1930.0	882.0	2456.0	0.0	0.0	0.0
1930.0	884.0	2433.0	0.0	0.0	0.0
1930.0	885.0	2437.0	0.0	0.0	0.0
1929.0	886.0	2427.0	0.0	0.0	0.0
1934.0	885.0	2437.0	0.0	0.0	0.0
1934.0	885.0	2447.0	0.0	0.0	0.0
1932.0	884.0	2454.0	0.0	0.0	0.0
1933.0	884.0	2467.0	0.0	0.0	0.0
1929.0	884.0	2447.0	0.0	0.0	0.0
1937.0	883.0	2442.0	0.0	0.0	0.0
1931.0	884.0	2429.0	0.0	0.0	0.0
1931.0	886.0	2434.0	0.0	0.0	0.0
1930.0	881.0	2433.0	0.0	0.0	0.0
1932.0	883.0	2430.0	0.0	0.0	0.0
1930.0	885.0	2462.0	0.0	0.0	0.0
1930.0	893.0	2440.0	0.0	0.0	0.0
1931.0	887.0	2435.0	0.0	0.0	0.0
1929.0	881.0	2445.0	0.0	0.0	0.0
1932.0	884.0	2435.0	0.0	0.0	0.0
1931.0	885.0	2424.0	0.0	0.0	0.0
1929.0	882.0	2431.0	0.0	0.0	0.0
1931.0	884.0	2460.0	0.0	0.0	0.0
1930.0	884.0	2458.0	0.0	0.0	0.0
1929.0	883.0	2442.0	0.0	0.0	0.0
1928.0	883.0	2469.0	0.0	0.0	0.0
1931.0	884.0	2451.0	0.0	0.0	0.0
1931.0	884.0	2447.0	0.0	0.0	0.0
1930.0	885.0	2430.0	0.0	0.0	0.0
1929.0	884.0	2437.0	0.0	0.0	0.0
1930.0	883.0	2436.0	0.0	0.0	0.0
1930.0	885.0	2445.0	0.0	0.0	0.0
1929.0	886.0	2424.0	0.0	0.0	0.0
1931.0	885.0	2451.0	0.0	0.0	0.0
1929.0	885.0	2463.0	0.0	0.0	0.0
1930.0	886.0	2452.0	0.0	0.0	0.0
1930.0	886.0	2455.0	0.0	0.0	0.0
1932.0	884.0	2419.0	0.0	0.0	0.0
1929.0	884.0	2448.0	0.0	0.0	0.0
1929.0	883.0	2408.0	0.0	0.0	0.0
1931.0	883.0	2459.0	0.0	0.0	0.0
1930.0	883.0	2431.0	0.0	0.0	0.0
1929.0	886.0	2427.0	0.0	0.0	0.0
1930.0	883.0	2440.0	0.0	0.0	0.0
1932.0	884.0	2436.0	0.0	0.0	0.0
1943.0	883.0	2464.0	0.0	0.0	0.0
1938.0	883.0	2445.0	0.0	0.0	0.0
1934.0	884.0	2441.0	0.0	0.0	0.0
1930.0	883.0	2445.0	0.0	0.0	0.0
1932.0	883.0	2422.0	0.0	0.0	0.0
1930.0	879.0	2445.0	0.0	0.0	0.0
1931.0	887.0	2431.0	0.0	0.0	0.0
1933.0	894.0	2446.0	0.0	0.0	0.0
1931.0	883.0	2438.0	0.0	0.0	0.0
1929.0	881.0	2424.0	0.0	0.0	0.0
1928.0	887.0	2449.0	0.0	0.0	0.0
1931.0	884.0	2460.0	0.0	0.0	0.0
1935.0	886.0	2447.0	0.0	0.0	0.0
1936.0	884.0	2446.0	0.0	0.0	0.0
1927.0	886.0	2430.0	0.0	0.0	0.0
1931.0	884.0	2447.0	0.0	0.0	0.0
1932.0	891.0	2458.0	0.0	0.0	0.0
1932.0	888.0	2441.0	0.0	0.0	0.0
1931.0	886.0	2453.0	0.0	0.0	0.0
1930.0	883.0	2451.0	0.0	0.0	0.0
1928.0	886.0	2455.0	0.0	0.0	0.0
1929.0	884.0	2463.0	0.0	0.0	0.0
1932.0	885.0	2431.0	0.0	0.0	0.0
1931.0	885.0	2423.0	0.0	0.0	0.0
1933.0	884.0	2428.0	0.0	0.0	0.0
1930.0	882.0	2422.0	0.0	0.0	0.0
1931.0	887.0	2442.0	0.0	0.0	0.0
1930.0	883.0	2444.0	0.0	0.0	0.0
1934.0	883.0	2458.0	0.0	0.0	0.0
1929.0	884.0	2444.0	0.0	0.0	0.0
1929.0	883.0	2424.0	0.0	0.0	0.0
1929.0	883.0	2430.0	0.0	0.0	0.0
1929.0	884.0	2451.0	0.0	0.0	0.0
1929.0	884.0	2450.0	0.0	0.0	0.0
1931.0	886.0	2451.0	0.0	0.0	0.0
1930.0	884.0	2451.0	0.0	0.0	0.0
1930.0	885.0	2456.0	0.0	0.0	0.0
1928.0	884.0	2448.0	0.0	0.0	0.0
1931.0	885.0	2451.0	0.0	0.0	0.0
1930.0	883.0	2441.0	0.0	0.0	0.0
1930.0	884.0	2440.0	0.0	0.0	0.0
1931.0	886.0	2458.0	0.0	0.0	0.0
1930.0	883.0	2439.0	0.0	0.0	0.0
1931.0	886.0	2443.0	0.0	0.0	0.0
1931.0	886.0	2456.0	0.0	0.0	0.0
1931.0	883.0	2447.0	0.0	0.0	0.0
1929.0	905.0	2448.0	0.0	0.0	0.0
1930.0	885.0	2445.0	0.0	0.0	0.0
1930.0	883.0	2435.0	0.0	0.0	0.0
1931.0	886.0	2440.0	0.0	0.0	0.0
1930.0	886.0	2427.0	0.0	0.0	0.0
1931.0	883.0	2432.0	0.0	0.0	0.0
1933.0	887.0	2453.0	0.0	0.0	0.0
1931.0	885.0	2453.0	0.0	0.0	0.0
1933.0	885.0	2439.0	0.0	0.0	0.0
1930.0	885.0	2450.0	0.0	0.0	0.0
1931.0	885.0	2449.0	0.0	0.0	0.0
1931.0	884.0	2439.0	0.0	0.0	0.0
1930.0	885.0	2429.0	0.0	0.0	0.0
1930.0	886.0	2449.0	0.0	0.0	0.0
1929.0	884.0	2432.0	0.0	0.0	0.0
1932.0	886.0	2467.0	0.0	0.0	0.0
1930.0	883.0	2458.0	0.0	0.0	0.0
1932.0	884.0	2444.0	0.0	0.0	0.0
1929.0	884.0	2453.0	0.0	0.0	0.0
1929.0	885.0	2424.0	0.0	0.0	0.0
1931.0	886.0	2443.0	0.0	0.0	0.0
1930.0	887.0	2453.0	0.0	0.0	0.0
1931.0	886.0	2434.0	0.0	0.0	0.0
1931.0	887.0	2469.0	0.0	0.0	0.0
1931.0	885.0	2425.0	0.0	0.0	0.0
1930.0	884.0	2452.0	0.0	0.0	0.0
1931.0	884.0	2428.0	0.0	0.0	0.0
1931.0	885.0	2445.0	0.0	0.0	0.0
1931.0	883.0	2446.0	0.0	0.0	0.0
1932.0	883.0	2444.0	0.0	0.0	0.0
1929.0	883.0	2439.0	0.0	0.0	0.0
1929.0	884.0	2454.0	0.0	0.0	0.0
1931.0	883.0	2439.0	0.0	0.0	0.0
1928.0	883.0	2438.0	0.0	0.0	0.0
1927.0	883.0	2443.0	0.0	0.0	0.0
1927.0	884.0	2450.0	0.0	0.0	0.0
1945.0	884.0	2431.0	0.0	0.0	0.0
1931.0	885.0	2426.0	0.0	0.0	0.0
1930.0	885.0	2427.0	0.0	0.0	0.0
1930.0	886.0	2441.0	0.0	0.0	0.0
1929.0	883.0	2439.0	0.0	0.0	0.0
1929.0	885.0	2460.0	0.0	0.0	0.0
1899.0	884.0	2443.0	0.0	0.0	0.0
1928.0	883.0	2434.0	0.0	0.0	0.0
1931.0	884.0	2449.0	0.0	0.0	0.0
1934.0	885.0	2453.0	0.0	0.0	0.0
1929.0	884.0	2424.0	0.0	0.0	0.0
1931.0	885.0	2444.0	0.0	0.0	0.0
1931.0	884.0	2422.0	0.0	0.0	0.0
1931.0	889.0	2443.0	0.0	0.0	0.0
1929.0	883.0	2448.0	0.0	0.0	0.0
1930.0	885.0	2449.0	0.0	0.0	0.0
1932.0	891.0	2432.0	0.0	0.0	0.0
1932.0	884.0	2448.0	0.0	0.0	0.0
1930.0	884.0	2436.0	0.0	0.0	0.0
1930.0	884.0	2440.0	0.0	0.0	0.0
1931.0	885.0	2465.0	0.0	0.0	0.0
1932.0	884.0	2415.0	0.0	0.0	0.0
1931.0	882.0	2430.0	0.0	0.0	0.0
1931.0	883.0	2433.0	0.0	0.0	0.0
1930.0	884.0	2450.0	0.0	0.0	0.0
1929.0	884.0	2455.0	0.0	0.0	0.0
1930.0	884.0	2443.0	0.0	0.0	0.0
1928.0	886.0	2440.0	0.0	0.0	0.0
1930.0	884.0	2424.0	0.0	0.0	0.0
1931.0	884.0	2435.0	0.0	0.0	0.0
1929.0	883.0	2445.0	0.0	0.0	0.0
1930.0	884.0	2460.0	0.0	0.0	0.0
1930.0	883.0	2460.0	0.0	0.0	0.0
1930.0	884.0	2450.0	0.0	0.0	0.0
1931.0	883.0	2455.0	0.0	0.0	0.0
1932.0	885.0	2445.0	0.0	0.0	0.0
1929.0	884.0	2434.0	0.0	0.0	0.0
1929.0	884.0	2442.0	0.0	0.0	0.0
1931.0	885.0	2465.0	0.0	0.0	0.0
1931.0	886.0	2458.0	0.0	0.0	0.0
1931.0	886.0	2474.0	0.0	0.0	0.0
1931.0	885.0	2460.0	0.0	0.0	0.0
1933.0	885.0	2441.0	0.0	0.0	0.0
1928.0	883.0	2447.0	0.0	0.0	0.0
1931.0	884.0	2439.0	0.0	0.0	0.0
1931.0	882.0	2443.0	0.0	0.0	0.0
1929.0	882.0	2435.0	0.0	0.0	0.0
1929.0	887.0	2440.0	0.0	0.0	0.0
1929.0	884.0	2459.0	0.0	0.0	0.0
