2144.0	2210.0	1158.5880126953125
2144.0	2209.0	1158.0533447265625
2144.0	2210.0	1157.493408203125
2142.0	2206.0	1162.0728759765625
2144.0	2210.0	1156.5926513671875
2152.0	2208.0	1136.0386962890625
2153.0	2205.0	1134.0997314453125
2152.0	2208.0	1137.2235107421875
2155.0	2209.0	1130.1400146484375
2155.0	2206.0	1130.6732177734375
2153.0	2209.0	1136.2601318359375
2154.0	2208.0	1134.2220458984375
2153.0	2207.0	1137.17626953125
2154.0	2214.0	1135.0137939453125
2152.0	2211.0	1140.517822265625
2152.0	2222.0	1140.8602294921875
2151.0	2223.0	1143.792236328125
2151.0	2223.0	1144.0828857421875
2152.0	2223.0	1141.8951416015625
2152.0	2224.0	1142.1536865234375
2153.0	2224.0	1139.9375
2153.0	2222.0	1140.156982421875
2151.0	2225.0	1145.400390625
2153.0	2221.0	1140.4598388671875
2152.0	2223.0	1143.30615234375
2155.0	2222.0	1135.8746337890625
2151.0	2224.0	1146.1556396484375
2151.0	2222.0	1146.31005859375
2155.0	2222.0	1136.1702880859375
2152.0	2223.0	1143.92138671875
2152.0	2225.0	1144.0625
2152.0	2220.0	1144.2109375
2151.0	2220.0	1146.9246826171875
2166.0	2224.0	1109.403076171875
2162.0	2222.0	1120.787109375
2162.0	2220.0	1121.875244140625
2162.0	2222.0	1122.932861328125
2163.0	2223.0	1121.399658203125
2162.0	2224.0	1124.891357421875
2163.0	2221.0	1123.1588134765625
2162.0	2208.0	1126.5172119140625
2164.0	2211.0	1122.196044921875
2164.0	2209.0	1122.9512939453125
2162.0	2209.0	1128.6837158203125
2163.0	2209.0	1126.81591796875
2164.0	2207.0	1124.9261474609375
2162.0	2222.0	1130.6448974609375
2162.0	2206.0	1131.0982666015625
2163.0	2207.0	1129.1005859375
2165.0	2207.0	1124.5343017578125
2166.0	2207.0	1122.4356689453125
2163.0	2210.0	1130.607421875
2163.0	2210.0	1130.93603515625
2164.0	2206.0	1128.778076171875
2165.0	2215.0	1126.6251220703125
2153.0	2214.0	1156.4105224609375
2152.0	2209.0	1158.2181396484375
2151.0	2208.0	1160.065185546875
2153.0	2208.0	1154.3800048828125
2152.0	2208.0	1156.37744140625
2152.0	2208.0	1155.82080078125
2152.0	2208.0	1155.274658203125
2152.0	2208.0	1154.7791748046875
2152.0	2215.0	1154.25
2151.0	2208.0	1156.3419189453125
2154.0	2209.0	1148.1866455078125
2155.0	2209.0	1145.218505859375
2153.0	2208.0	1149.906494140625
2153.0	2209.0	1149.5093994140625
2152.0	2207.0	1151.75634765625
2151.0	2214.0	1153.908203125
2142.0	2213.0	1176.024169921875
2143.0	2209.0	1172.1859130859375
2144.0	2209.0	1168.42431640625
2143.0	2209.0	1169.7823486328125
2143.0	2210.0	1168.6114501953125
2145.0	2211.0	1162.5345458984375
2144.0	2208.0	1164.166259765625
2134.0	2210.0	1187.810302734375
2134.0	2209.0	1185.8809814453125
2132.0	2208.0	1189.2310791015625
2132.0	2209.0	1187.5618896484375
2134.0	2210.0	1180.81982421875
2133.0	2210.0	1181.76318359375
2141.0	2208.0	1160.01025390625
2133.0	2207.0	1179.0374755859375
2133.0	2216.0	1177.7093505859375
2132.0	2213.0	1178.9635009765625
2133.0	2210.0	1175.3104248046875
2135.0	2208.0	1169.2510986328125
2133.0	2210.0	1173.271728515625
2123.0	2208.0	1197.7791748046875
2134.0	2207.0	1168.9302978515625
2133.0	2210.0	1170.6492919921875
2134.0	2204.0	1167.31787109375
2133.0	2209.0	1169.01123046875
2131.0	2210.0	1173.42431640625
2145.0	2209.0	1137.1129150390625
2133.0	2208.0	1166.9429931640625
2133.0	2208.0	1166.2088623046875
2134.0	2211.0	1163.0941162109375
2133.0	2210.0	1165.1004638671875
2134.0	2201.0	1162.0748291015625
2136.0	2210.0	1156.4310302734375
2128.0	2209.0	1176.2786865234375
2132.0	2210.0	1165.697265625
2132.0	2208.0	1165.25244140625
2135.0	2222.0	1157.2061767578125
2133.0	2222.0	1161.89697265625
2132.0	2223.0	1164.078857421875
2133.0	2223.0	1161.191162109375
2145.0	2224.0	1130.6427001953125
2141.0	2222.0	1141.5689697265625
2145.0	2221.0	1132.15966796875
2142.0	2224.0	1140.477294921875
2146.0	2221.0	1130.914306640625
2144.0	2224.0	1136.6024169921875
2153.0	2221.0	1114.852294921875
2153.0	2228.0	1116.3084716796875
2152.0	2224.0	1120.3331298828125
2150.0	2223.0	1126.775390625
2153.0	2236.0	1120.486083984375
2154.0	2236.0	1119.0989990234375
2152.0	2236.0	1125.3775634765625
2151.0	2237.0	1129.0865478515625
2152.0	2231.0	1127.4669189453125
2154.0	2237.0	1123.399169921875
2152.0	2235.0	1129.4249267578125
2160.0	2235.0	1109.9427490234375
2153.0	2236.0	1128.5867919921875
2153.0	2234.0	1129.416015625
2152.0	2236.0	1132.623779296875
2154.0	2235.0	1128.22802734375
2153.0	2234.0	1131.4495849609375
2154.0	2241.0	1129.60693359375
2152.0	2233.0	1135.3382568359375
2157.0	2234.0	1123.20654296875
2164.0	2235.0	1106.481689453125
2162.0	2237.0	1113.1256103515625
2162.0	2236.0	1114.6141357421875
2162.0	2235.0	1116.0999755859375
2164.0	2241.0	1112.333251953125
2165.0	2236.0	1111.011962890625
2161.0	2235.0	1122.447021484375
2167.0	2234.0	1108.31787109375
2160.0	2236.0	1127.1478271484375
2163.0	2234.0	1120.4940185546875
2161.0	2236.0	1126.613525390625
2162.0	2234.0	1124.91357421875
2163.0	2230.0	1123.193115234375
2162.0	2236.0	1126.597900390625
2162.0	2236.0	1127.3446044921875
2162.0	2236.0	1128.0435791015625
2163.0	2237.0	1126.063232421875
2165.0	2236.0	1121.59423828125
2161.0	2237.0	1132.34521484375
2163.0	2234.0	1127.8162841796875
2161.0	2240.0	1133.4498291015625
2162.0	2234.0	1131.3338623046875
2160.0	2234.0	1136.952392578125
2163.0	2234.0	1129.7901611328125
2163.0	2235.0	1130.204833984375
2162.0	2223.0	1133.1444091796875
2162.0	2224.0	1133.5087890625
2162.0	2229.0	1133.919189453125
2162.0	2223.0	1134.24560546875
2162.0	2222.0	1134.560791015625
2157.0	2223.0	1147.4288330078125
2161.0	2222.0	1137.5146484375
2162.0	2222.0	1135.19384765625
2163.0	2223.0	1132.855224609375
2163.0	2223.0	1133.068603515625
2162.0	2228.0	1135.833251953125
2162.0	2220.0	1136.06884765625
2162.0	2221.0	1136.4302978515625
2167.0	2223.0	1123.87890625
2160.0	2207.0	1141.9442138671875
2162.0	2208.0	1137.0716552734375
2163.0	2210.0	1134.6439208984375
2162.0	2204.0	1137.2547607421875
2152.0	2214.0	1161.8883056640625
2152.0	2209.0	1160.8944091796875
2152.0	2205.0	1160.0455322265625
2155.0	2209.0	1151.6343994140625
2153.0	2206.0	1155.910888671875
2154.0	2210.0	1152.57568359375
2153.0	2207.0	1154.4464111328125
2154.0	2209.0	1151.20751953125
2152.0	2210.0	1155.636474609375
2155.0	2210.0	1147.3963623046875
2150.0	2208.0	1159.5360107421875
2154.0	2207.0	1148.9327392578125
2154.0	2209.0	1148.2574462890625
2144.0	2210.0	1172.641845703125
2146.0	2209.0	1166.097412109375
2143.0	2210.0	1172.3690185546875
2146.0	2213.0	1163.383544921875
2143.0	2199.0	1169.77734375
2145.0	2198.0	1163.4715576171875
2144.0	2194.0	1164.9381103515625
2132.0	2194.0	1193.571044921875
2133.0	2196.0	1189.0125732421875
2131.0	2195.0	1192.2252197265625
2133.0	2199.0	1185.115478515625
2133.0	2198.0	1183.4256591796875
2132.0	2195.0	1184.3095703125
2133.0	2197.0	1180.2218017578125
2134.0	2196.0	1176.2503662109375
2133.0	2195.0	1177.4425048828125
2133.0	2197.0	1176.2142333984375
2135.0	2195.0	1169.9290771484375
2134.0	2197.0	1171.3248291015625
2134.0	2195.0	1170.2908935546875
2132.0	2197.0	1174.34375
2134.0	2197.0	1168.2076416015625
2133.0	2198.0	1169.8065185546875
2133.0	2196.0	1169.0399169921875
2132.0	2196.0	1170.830078125
2133.0	2212.0	1167.395751953125
2132.0	2195.0	1169.16943359375
2133.0	2196.0	1165.924560546875
2132.0	2197.0	1167.900146484375
2134.0	2196.0	1162.189697265625
2134.0	2197.0	1161.5753173828125
2133.0	2208.0	1163.5172119140625
2134.0	2189.0	1160.422607421875
2138.0	2197.0	1149.7135009765625
2131.0	2199.0	1167.021240234375
2133.0	2195.0	1161.455810546875
2133.0	2195.0	1160.96142578125
2135.0	2194.0	1155.489013671875
2133.0	2197.0	1160.16650390625
2132.0	2194.0	1162.3680419921875
2132.0	2203.0	1162.06201171875
2133.0	2195.0	1159.19873046875
2130.0	2196.0	1166.4150390625
2134.0	2195.0	1155.9259033203125
2136.0	2195.0	1150.6236572265625
2133.0	2181.0	1157.9996337890625
2133.0	2182.0	1157.7611083984375
2132.0	2187.0	1160.08544921875
2132.0	2183.0	1159.92333984375
2131.0	2183.0	1162.3370361328125
2131.0	2181.0	1162.1861572265625
2134.0	2184.0	1154.3868408203125
2134.0	2184.0	1154.3179931640625
2131.0	2183.0	1161.748779296875
2134.0	2181.0	1153.9998779296875
2133.0	2186.0	1156.441162109375
2132.0	2184.0	1158.947998046875
2126.0	2185.0	1174.173828125
2134.0	2182.0	1153.719970703125
2133.0	2181.0	1156.2381591796875
2134.0	2184.0	1153.499755859375
2132.0	2182.0	1158.5184326171875
2130.0	2198.0	1163.4776611328125
2133.0	2183.0	1155.7486572265625
2133.0	2180.0	1155.6927490234375
2149.0	2184.0	1115.8016357421875
2142.0	2185.0	1134.6492919921875
2143.0	2183.0	1133.092529296875
2143.0	2183.0	1133.9757080078125
2141.0	2184.0	1139.9620361328125
2143.0	2187.0	1135.6693115234375
2143.0	2187.0	1136.4271240234375
2143.0	2181.0	1137.2362060546875
2142.0	2182.0	1140.3956298828125
2143.0	2185.0	1138.447998046875
2144.0	2185.0	1136.482666015625
2143.0	2170.0	1139.5523681640625
2145.0	2168.0	1135.052490234375
2144.0	2169.0	1138.1881103515625
2142.0	2172.0	1143.8466796875
2147.0	2171.0	1131.55419921875
2141.0	2170.0	1147.240478515625
2153.0	2170.0	1118.030029296875
2155.0	2172.0	1114.3209228515625
2153.0	2170.0	1120.7071533203125
2152.0	2170.0	1124.41064453125
2151.0	2171.0	1128.099853515625
2148.0	2170.0	1136.8553466796875
2155.0	2171.0	1120.0584716796875
2153.0	2170.0	1126.119873046875
2152.0	2171.0	1129.51416015625
2154.0	2171.0	1125.2926025390625
2152.0	2164.0	1131.1728515625
2152.0	2171.0	1131.939208984375
2151.0	2172.0	1135.271728515625
2153.0	2170.0	1130.862548828125
2153.0	2170.0	1131.45166015625
2151.0	2172.0	1137.1763916015625
2152.0	2172.0	1135.220703125
2155.0	2168.0	1128.1368408203125
2154.0	2175.0	1131.2049560546875
2153.0	2169.0	1134.1739501953125
2154.0	2170.0	1132.08642578125
2153.0	2169.0	1135.0386962890625
2152.0	2170.0	1137.9468994140625
2154.0	2168.0	1133.2274169921875
2153.0	2171.0	1136.119873046875
2143.0	2175.0	1161.5400390625
2143.0	2167.0	1160.8572998046875
2142.0	2172.0	1162.8409423828125
2142.0	2172.0	1162.29833984375
2144.0	2170.0	1156.6611328125
2146.0	2168.0	1151.043212890625
2143.0	2169.0	1158.249755859375
2145.0	2178.0	1152.7503662109375
2133.0	2168.0	1182.496826171875
2132.0	2172.0	1183.55322265625
2133.0	2172.0	1179.5931396484375
2132.0	2170.0	1180.7506103515625
2132.0	2170.0	1179.5504150390625
2134.0	2171.0	1173.3592529296875
2132.0	2173.0	1177.3038330078125
2133.0	2167.0	1173.6124267578125
2134.0	2174.0	1170.120361328125
2136.0	2171.0	1164.0906982421875
2132.0	2171.0	1173.3115234375
2132.0	2169.0	1172.5001220703125
2132.0	2171.0	1171.7841796875
2134.0	2169.0	1165.853759765625
2132.0	2166.0	1170.3056640625
2132.0	2169.0	1169.599853515625
2134.0	2172.0	1163.84228515625
2133.0	2183.0	1165.7686767578125
2132.0	2183.0	1167.7572021484375
2123.0	2184.0	1189.5469970703125
2123.0	2183.0	1188.0555419921875
2127.0	2184.0	1176.4678955078125
2123.0	2183.0	1185.3748779296875
2128.0	2184.0	1171.3931884765625
2124.0	2183.0	1180.41259765625
2124.0	2182.0	1179.248046875
2126.0	2181.0	1173.196044921875
2123.0	2185.0	1179.82958984375
2123.0	2186.0	1178.8436279296875
2124.0	2183.0	1175.4708251953125
2129.0	2183.0	1161.7301025390625
2125.0	2183.0	1171.0396728515625
2124.0	2185.0	1172.7681884765625
2124.0	2183.0	1172.083984375
2125.0	2181.0	1168.8480224609375
2123.0	2183.0	1173.28857421875
2123.0	2183.0	1172.7640380859375
2125.0	2183.0	1167.1175537109375
2125.0	2183.0	1166.5706787109375
2124.0	2183.0	1168.52099609375
2124.0	2183.0	1168.0703125
2123.0	2181.0	1170.2200927734375
2124.0	2180.0	1167.242919921875
2125.0	2183.0	1164.3326416015625
2131.0	2182.0	1148.6600341796875
2125.0	2181.0	1163.63134765625
2126.0	2181.0	1160.7545166015625
2123.0	2183.0	1168.1319580078125
2125.0	2182.0	1162.754638671875
2123.0	2181.0	1167.512451171875
2124.0	2182.0	1164.6951904296875
2124.0	2184.0	1164.4610595703125
2122.0	2181.0	1169.260498046875
2124.0	2181.0	1164.0294189453125
2124.0	2183.0	1163.8585205078125
2123.0	2179.0	1166.15576171875
2124.0	2181.0	1163.47705078125
2125.0	2183.0	1160.9017333984375
2122.0	2183.0	1168.362548828125
2124.0	2185.0	1163.0723876953125
2123.0	2182.0	1165.484619140625
2124.0	2183.0	1162.8372802734375
2125.0	2179.0	1160.142822265625
2135.0	2183.0	1135.509033203125
2132.0	2183.0	1144.039306640625
2137.0	2183.0	1132.1414794921875
2135.0	2182.0	1137.9952392578125
2132.0	2184.0	1146.4315185546875
2132.0	2185.0	1147.088134765625
2133.0	2186.0	1145.2899169921875
2133.0	2183.0	1145.9007568359375
2134.0	2185.0	1143.9390869140625
2133.0	2184.0	1147.0771484375
2134.0	2182.0	1145.139404296875
2133.0	2184.0	1148.1439208984375
2132.0	2170.0	1151.1295166015625
2133.0	2170.0	1149.0052490234375
2133.0	2170.0	1149.4324951171875
2133.0	2172.0	1149.795166015625
2135.0	2170.0	1145.1083984375
2133.0	2171.0	1150.58544921875
2135.0	2171.0	1145.8797607421875
2132.0	2171.0	1153.9052734375
2143.0	2175.0	1126.8819580078125
2145.0	2171.0	1123.2261962890625
2144.0	2169.0	1127.1103515625
2147.0	2171.0	1120.7501220703125
2145.0	2170.0	1127.0037841796875
2143.0	2169.0	1133.1702880859375
2152.0	2174.0	1111.5732421875
2153.0	2170.0	1110.9990234375
2151.0	2172.0	1117.9228515625
2152.0	2171.0	1117.1307373046875
2155.0	2169.0	1111.119873046875
2152.0	2170.0	1120.43115234375
2154.0	2170.0	1116.8204345703125
2153.0	2156.0	1120.804443359375
2152.0	2157.0	1124.706298828125
2152.0	2157.0	1125.9483642578125
2152.0	2157.0	1127.203857421875
2155.0	2157.0	1120.67333984375
2152.0	2157.0	1129.4576416015625
2155.0	2158.0	1122.88525390625
2151.0	2157.0	1133.9459228515625
2150.0	2156.0	1137.3873291015625
2152.0	2148.0	1133.0347900390625
2152.0	2143.0	1133.8394775390625
2153.0	2144.0	1132.1339111328125
2154.0	2147.0	1130.2669677734375
2152.0	2143.0	1136.135009765625
2151.0	2143.0	1139.28662109375
2152.0	2143.0	1137.3480224609375
2153.0	2149.0	1135.4136962890625
2152.0	2144.0	1138.4642333984375
2152.0	2145.0	1138.967529296875
2151.0	2147.0	1141.9747314453125
2152.0	2143.0	1139.853515625
2154.0	2144.0	1135.1796875
2152.0	2149.0	1140.7030029296875
2153.0	2142.0	1138.453369140625
2155.0	2130.0	1133.689697265625
2152.0	2129.0	1141.7109375
2153.0	2130.0	1139.547119140625
2155.0	2130.0	1134.86962890625
2153.0	2130.0	1140.27978515625
2151.0	2133.0	1145.65185546875
2152.0	2134.0	1143.27001953125
2160.0	2132.0	1123.2078857421875
2154.0	2131.0	1138.74560546875
2152.0	2130.0	1144.041259765625
2154.0	2131.0	1139.228515625
2151.0	2128.0	1147.0916748046875
2153.0	2131.0	1142.207763671875
2152.0	2131.0	1144.9376220703125
2150.0	2132.0	1150.1724853515625
2153.0	2131.0	1142.7108154296875
2152.0	2131.0	1145.3240966796875
2143.0	2136.0	1167.47998046875
2144.0	2132.0	1164.1029052734375
2143.0	2121.0	1165.8533935546875
2143.0	2119.0	1165.0394287109375
2144.0	2118.0	1161.841064453125
2143.0	2118.0	1163.7069091796875
2134.0	2119.0	1185.360595703125
2132.0	2120.0	1188.752197265625
2132.0	2123.0	1187.1656494140625
2137.0	2119.0	1173.02099609375
2147.0	2118.0	1146.1719970703125
2134.0	2119.0	1177.978271484375
2135.0	2115.0	1174.20703125
2135.0	2117.0	1173.15380859375
2129.0	2120.0	1187.3447265625
2133.0	2117.0	1176.0948486328125
2133.0	2118.0	1175.0867919921875
2132.0	2119.0	1176.596435546875
2133.0	2118.0	1173.12939453125
2132.0	2119.0	1174.86962890625
2133.0	2119.0	1171.521728515625
2133.0	2120.0	1170.767578125
2133.0	2124.0	1170.066650390625
2131.0	2116.0	1174.502197265625
2134.0	2118.0	1166.23046875
2132.0	2119.0	1170.703125
2134.0	2117.0	1165.0572509765625
2133.0	2119.0	1167.010009765625
2133.0	2122.0	1166.4974365234375
2132.0	2119.0	1168.49951171875
2135.0	2115.0	1160.3741455078125
2136.0	2119.0	1157.4210205078125
2137.0	2117.0	1154.3807373046875
2134.0	2117.0	1161.6317138671875
2132.0	2125.0	1166.274169921875
2134.0	2117.0	1160.741943359375
2131.0	2119.0	1168.126953125
2136.0	2116.0	1155.0599365234375
2134.0	2120.0	1159.84765625
2134.0	2119.0	1159.5931396484375
2134.0	2116.0	1159.3251953125
2133.0	2118.0	1161.6182861328125
2131.0	2120.0	1166.4581298828125
2142.0	2118.0	1138.2540283203125
2135.0	2118.0	1155.94384765625
2134.0	2120.0	1158.322265625
2134.0	2118.0	1158.1702880859375
2133.0	2115.0	1160.5960693359375
2136.0	2119.0	1152.7752685546875
2131.0	2117.0	1165.35107421875
2133.0	2117.0	1160.125
2133.0	2119.0	1159.988525390625
2133.0	2116.0	1159.844970703125
2133.0	2117.0	1159.7159423828125
2133.0	2121.0	1159.7454833984375
2143.0	2121.0	1134.566650390625
2142.0	2117.0	1138.113525390625
2145.0	2117.0	1131.4632568359375
2143.0	2117.0	1137.420166015625
2144.0	2118.0	1135.8006591796875
2146.0	2120.0	1131.5743408203125
2142.0	2121.0	1142.5155029296875
2142.0	2121.0	1143.143310546875
2147.0	2116.0	1130.9898681640625
2154.0	2120.0	1114.04296875
2152.0	2117.0	1120.6661376953125
2153.0	2117.0	1119.59521484375
2152.0	2118.0	1123.5401611328125
2153.0	2119.0	1122.32666015625
2151.0	2117.0	1128.69091796875
2150.0	2117.0	1132.4537353515625
2153.0	2118.0	1125.9188232421875
2153.0	2118.0	1127.0279541015625
2151.0	2118.0	1133.0888671875
2152.0	2129.0	1131.538330078125
2152.0	2115.0	1132.4588623046875
2148.0	2119.0	1143.5291748046875
2156.0	2118.0	1123.97998046875
2154.0	2118.0	1129.9490966796875
2152.0	2118.0	1135.74609375
2151.0	2116.0	1138.98486328125
2153.0	2119.0	1134.5501708984375
2152.0	2119.0	1137.7578125
2150.0	2130.0	1143.5093994140625
2152.0	2130.0	1138.95703125
2153.0	2131.0	1136.90478515625
2152.0	2131.0	1139.9576416015625
2151.0	2130.0	1142.994873046875
2152.0	2134.0	1140.8824462890625
2150.0	2133.0	1146.355712890625
2151.0	2131.0	1144.2933349609375
2151.0	2131.0	1144.6529541015625
2153.0	2130.0	1139.8773193359375
2153.0	2129.0	1140.2369384765625
2154.0	2125.0	1138.0028076171875
2153.0	2130.0	1140.8033447265625
2158.0	2132.0	1128.4732666015625
2153.0	2132.0	1141.4210205078125
2152.0	2131.0	1144.3035888671875
2154.0	2131.0	1139.4031982421875
2151.0	2133.0	1147.285400390625
2152.0	2129.0	1144.8997802734375
2152.0	2129.0	1145.0760498046875
2151.0	2132.0	1147.8367919921875
2144.0	2117.0	1164.8389892578125
2144.0	2117.0	1164.065185546875
2144.0	2116.0	1163.298828125
2144.0	2117.0	1162.54541015625
2134.0	2118.0	1186.6551513671875
2136.0	2115.0	1179.8944091796875
2132.0	2117.0	1188.4337158203125
2134.0	2119.0	1181.8302001953125
2132.0	2116.0	1185.470458984375
2131.0	2121.0	1186.6689453125
2133.0	2118.0	1180.260009765625
2135.0	2118.0	1174.051513671875
2133.0	2119.0	1177.9647216796875
2132.0	2120.0	1179.3863525390625
2134.0	2121.0	1173.266357421875
2133.0	2117.0	1174.8482666015625
2133.0	2115.0	1173.848388671875
2123.0	2117.0	1197.97412109375
2125.0	2115.0	1191.1336669921875
2123.0	2119.0	1194.5091552734375
2123.0	2119.0	1192.9093017578125
2126.0	2114.0	1183.8577880859375
2125.0	2119.0	1185.0042724609375
2123.0	2118.0	1188.7552490234375
2125.0	2119.0	1182.431640625
2125.0	2119.0	1181.305908203125
2124.0	2117.0	1182.6715087890625
2124.0	2118.0	1181.6041259765625
2124.0	2116.0	1180.612060546875
2123.0	2118.0	1182.277587890625
2126.0	2118.0	1173.7625732421875
2124.0	2117.0	1177.9990234375
2125.0	2119.0	1174.6102294921875
2122.0	2118.0	1181.41650390625
2124.0	2111.0	1175.57958984375
2123.0	2122.0	1177.411376953125
2119.0	2117.0	1186.8680419921875
2126.0	2118.0	1168.4837646484375
2124.0	2119.0	1172.9755859375
2124.0	2119.0	1172.4383544921875
2124.0	2119.0	1171.9197998046875
2123.0	2121.0	1174.0216064453125
2124.0	2119.0	1171.093994140625
2125.0	2119.0	1168.072265625
2124.0	2118.0	1170.2952880859375
2132.0	2117.0	1149.7720947265625
2131.0	2118.0	1152.9500732421875
2132.0	2123.0	1150.9757080078125
2133.0	2117.0	1149.01953125
2139.0	2119.0	1134.22021484375
2134.0	2118.0	1147.3658447265625
2133.0	2118.0	1150.456787109375
2132.0	2118.0	1153.463623046875
2135.0	2115.0	1146.26416015625
2133.0	2119.0	1151.95361328125
2131.0	2119.0	1157.460205078125
2133.0	2119.0	1152.763427734375
2135.0	2117.0	1147.9947509765625
2143.0	2118.0	1129.0206298828125
2144.0	2117.0	1127.9251708984375
2143.0	2121.0	1131.704345703125
2145.0	2118.0	1127.8052978515625
2146.0	2120.0	1126.39208984375
2154.0	2118.0	1107.4456787109375
2153.0	2117.0	1112.048095703125
2152.0	2116.0	1116.5426025390625
2154.0	2122.0	1113.2554931640625
2151.0	2115.0	1122.4610595703125
2156.0	2118.0	1111.334716796875
2151.0	2118.0	1125.6285400390625
2153.0	2118.0	1122.008056640625
2152.0	2118.0	1125.893310546875
2152.0	2115.0	1127.20458984375
2164.0	2121.0	1098.1932373046875
2155.0	2119.0	1123.3338623046875
2165.0	2118.0	1100.0400390625
2163.0	2117.0	1107.1038818359375
2163.0	2118.0	1109.0673828125
2161.0	2119.0	1115.9073486328125
2161.0	2130.0	1117.6260986328125
2161.0	2118.0	1119.2108154296875
2162.0	2118.0	1118.2462158203125
2164.0	2119.0	1114.6256103515625
2162.0	2117.0	1121.0311279296875
2163.0	2120.0	1119.7696533203125
2162.0	2115.0	1123.625244140625
2164.0	2120.0	1119.6553955078125
2162.0	2116.0	1125.885986328125
2165.0	2117.0	1119.2911376953125
2165.0	2117.0	1120.246826171875
2164.0	2118.0	1123.6585693359375
2162.0	2115.0	1129.3973388671875
2160.0	2119.0	1135.320068359375
2164.0	2130.0	1125.8939208984375
2170.0	2132.0	1111.4110107421875
2165.0	2129.0	1124.8896484375
2163.0	2131.0	1130.6929931640625
2162.0	2130.0	1133.8800048828125
2162.0	2131.0	1134.414306640625
2162.0	2131.0	1134.984375
2165.0	2132.0	1127.8546142578125
2166.0	2130.0	1125.7548828125
2163.0	2132.0	1133.861572265625
2164.0	2131.0	1131.7064208984375
2163.0	2137.0	1134.6259765625
2163.0	2129.0	1134.986572265625
2161.0	2130.0	1140.4190673828125
2165.0	2152.0	1130.5677490234375
2152.0	2131.0	1163.3133544921875
2152.0	2131.0	1162.658447265625
2152.0	2129.0	1162.00439453125
2154.0	2129.0	1156.26416015625
2152.0	2129.0	1160.679443359375
2155.0	2130.0	1152.4874267578125
2153.0	2131.0	1156.9769287109375
2151.0	2131.0	1161.6204833984375
2151.0	2130.0	1161.0355224609375
2151.0	2131.0	1160.455810546875
2153.0	2130.0	1154.928466796875
2167.0	2132.0	1118.88427734375
2142.0	2134.0	1181.48486328125
2141.0	2129.0	1182.61083984375
2142.0	2131.0	1178.7666015625
2143.0	2129.0	1175.0001220703125
2134.0	2130.0	1196.55859375
2132.0	2130.0	1199.4306640625
2133.0	2130.0	1194.7623291015625
2132.0	2130.0	1195.3218994140625
2133.0	2129.0	1190.8756103515625
2135.0	2128.0	1184.0460205078125
2135.0	2126.0	1182.3621826171875
2134.0	2132.0	1183.456298828125
2130.0	2131.0	1192.12939453125
2133.0	2131.0	1183.093017578125
2134.0	2131.0	1179.2513427734375
2134.0	2133.0	1177.99951171875
2134.0	2132.0	1176.8480224609375
2121.0	2131.0	1208.068603515625
2126.0	2119.0	1193.37451171875
2124.0	2117.0	1196.62353515625
2123.0	2118.0	1197.4080810546875
2122.0	2119.0	1198.3455810546875
2124.0	2121.0	1191.59521484375
2123.0	2116.0	1192.6251220703125
2127.0	2117.0	1180.851318359375
2124.0	2118.0	1187.09228515625
2125.0	2119.0	1183.1864013671875
2124.0	2118.0	1184.4532470703125
2124.0	2115.0	1183.33349609375
2124.0	2120.0	1182.1785888671875
2122.0	2122.0	1186.1517333984375
2123.0	2118.0	1182.666259765625
2125.0	2118.0	1176.6644287109375
2123.0	2117.0	1180.829345703125
2123.0	2117.0	1179.98583984375
2122.0	2120.0	1181.7152099609375
2123.0	2116.0	1178.455078125
2125.0	2103.0	1172.659423828125
2124.0	2105.0	1174.5946044921875
2133.0	2105.0	1151.3533935546875
2132.0	2105.0	1154.3211669921875
2134.0	2104.0	1149.5621337890625
2131.0	2105.0	1157.5711669921875
2139.0	2104.0	1137.45263671875
2134.0	2106.0	1150.533447265625
2134.0	2105.0	1150.9154052734375
2132.0	2105.0	1156.4056396484375
2134.0	2104.0	1151.6217041015625
2132.0	2101.0	1156.9937744140625
2136.0	2104.0	1147.15771484375
2132.0	2105.0	1157.55908203125
2132.0	2107.0	1157.8160400390625
2134.0	2102.0	1152.9595947265625
2133.0	2103.0	1155.708984375
2132.0	2106.0	1158.4534912109375
2148.0	2105.0	1118.80517578125
2142.0	2106.0	1135.3387451171875
2144.0	2106.0	1131.391357421875
2145.0	2104.0	1130.0225830078125
2143.0	2101.0	1136.217041015625
2143.0	2105.0	1137.217529296875
2148.0	2105.0	1125.45703125
2142.0	2104.0	1141.5606689453125
2143.0	2105.0	1139.7471923828125
2144.0	2104.0	1137.919921875
2142.0	2107.0	1143.7381591796875
2142.0	2103.0	1144.5487060546875
2141.0	2107.0	1147.7666015625
2150.0	2108.0	1125.738525390625
2152.0	2106.0	1122.184326171875
2154.0	2104.0	1118.644287109375
2153.0	2105.0	1122.652099609375
2154.0	2110.0	1121.390869140625
2153.0	2107.0	1125.28662109375
2152.0	2104.0	1129.0478515625
2153.0	2103.0	1127.68310546875
2154.0	2103.0	1126.2327880859375
2152.0	2103.0	1132.367431640625
2152.0	2122.0	1133.480712890625
2151.0	2119.0	1136.9261474609375
2152.0	2119.0	1135.268310546875
2152.0	2115.0	1136.1065673828125
2152.0	2118.0	1136.9195556640625
2154.0	2114.0	1132.5321044921875
2154.0	2117.0	1133.2520751953125
2152.0	2119.0	1138.9796142578125
2149.0	2118.0	1147.241943359375
2153.0	2131.0	1137.586181640625
2153.0	2132.0	1138.1715087890625
2153.0	2130.0	1138.7098388671875
2154.0	2132.0	1136.6273193359375
2152.0	2130.0	1142.1817626953125
2157.0	2130.0	1129.8824462890625
2152.0	2131.0	1142.9913330078125
2151.0	2132.0	1145.850830078125
2152.0	2130.0	1143.7486572265625
2151.0	2129.0	1146.6611328125
2153.0	2129.0	1141.954833984375
2149.0	2130.0	1152.56396484375
2152.0	2132.0	1145.1900634765625
2150.0	2143.0	1150.6268310546875
2152.0	2150.0	1145.769775390625
2154.0	2143.0	1140.859130859375
2152.0	2145.0	1146.1927490234375
2154.0	2147.0	1141.30126953125
2153.0	2146.0	1144.0177001953125
2153.0	2145.0	1144.2110595703125
2154.0	2140.0	1141.913330078125
2142.0	2151.0	1172.44921875
2141.0	2145.0	1174.129638671875
2143.0	2145.0	1168.314697265625
2142.0	2148.0	1170.1080322265625
2143.0	2143.0	1166.848388671875
2145.0	2142.0	1161.1248779296875
2142.0	2148.0	1168.1116943359375
2130.0	2158.0	1197.694091796875
2134.0	2158.0	1185.8834228515625
2135.0	2159.0	1181.84033203125
2132.0	2157.0	1188.03515625
2133.0	2166.0	1184.1474609375
2134.0	2158.0	1180.295166015625
2130.0	2159.0	1189.1708984375
2135.0	2157.0	1175.2320556640625
2133.0	2159.0	1179.1661376953125
2134.0	2161.0	1175.56005859375
2132.0	2154.0	1179.68359375
2133.0	2162.0	1176.1370849609375
2135.0	2157.0	1170.1988525390625
2133.0	2155.0	1174.4329833984375
2124.0	2156.0	1195.6651611328125
2124.0	2155.0	1194.078125
2123.0	2164.0	1195.010986328125
2123.0	2157.0	1193.431884765625
2125.0	2157.0	1186.9185791015625
2124.0	2159.0	1188.1278076171875
2123.0	2158.0	1189.355224609375
2125.0	2155.0	1183.1624755859375
2123.0	2162.0	1187.037841796875
2124.0	2157.0	1183.4349365234375
2123.0	2155.0	1184.943603515625
2124.0	2160.0	1181.5020751953125
2126.0	2155.0	1175.4910888671875
2124.0	2159.0	1179.7747802734375
2124.0	2149.0	1178.8935546875
2121.0	2145.0	1185.7666015625
2125.0	2143.0	1174.82568359375
2123.0	2144.0	1179.26171875
2124.0	2144.0	1176.0322265625
2125.0	2139.0	1172.9000244140625
2125.0	2141.0	1172.3087158203125
2121.0	2144.0	1181.97900390625
2123.0	2144.0	1176.353271484375
2125.0	2144.0	1170.78076171875
2125.0	2144.0	1170.3876953125
2123.0	2139.0	1175.0396728515625
2123.0	2147.0	1174.5496826171875
2134.0	2146.0	1147.1513671875
2133.0	2143.0	1150.2978515625
2133.0	2146.0	1150.8831787109375
2133.0	2145.0	1151.52880859375
2133.0	2145.0	1152.0465087890625
2132.0	2133.0	1155.03076171875
2134.0	2131.0	1150.3780517578125
2132.0	2129.0	1155.92626953125
2133.0	2132.0	1153.818603515625
2132.0	2131.0	1156.7540283203125
2134.0	2128.0	1152.0391845703125
2132.0	2131.0	1157.526611328125
2134.0	2130.0	1152.7314453125
2145.0	2129.0	1125.904296875
2144.0	2131.0	1129.7591552734375
2143.0	2130.0	1133.563232421875
2145.0	2127.0	1129.6993408203125
2152.0	2129.0	1113.3128662109375
2153.0	2129.0	1112.8277587890625
2154.0	2132.0	1112.2060546875
2153.0	2132.0	1116.53515625
2151.0	2148.0	1123.3739013671875
2152.0	2131.0	1122.463134765625
2158.0	2130.0	1108.7735595703125
2153.0	2118.0	1123.004638671875
2152.0	2118.0	1126.9498291015625
2155.0	2120.0	1120.7459716796875
2153.0	2120.0	1127.050537109375
2161.0	2119.0	1108.0537109375
2160.0	2118.0	1112.8515625
2162.0	2117.0	1109.79052734375
2161.0	2117.0	1114.23681640625
2162.0	2117.0	1113.53857421875
2164.0	2122.0	1110.2611083984375
2162.0	2115.0	1117.10205078125
2163.0	2117.0	1116.163818359375
2163.0	2117.0	1117.66259765625
2162.0	2117.0	1121.6768798828125
2161.0	2116.0	1125.4775390625
2162.0	2119.0	1124.25
2157.0	2117.0	1138.195556640625
2166.0	2117.0	1116.3616943359375
2162.0	2118.0	1127.6328125
2162.0	2117.0	1128.638427734375
2164.0	2121.0	1124.499267578125
2161.0	2118.0	1133.0751953125
2168.0	2117.0	1116.155029296875
2163.0	2120.0	1129.6358642578125
2162.0	2118.0	1133.0277099609375
2163.0	2115.0	1131.1661376953125
2162.0	2118.0	1134.3858642578125
2161.0	2119.0	1137.658447265625
2162.0	2118.0	1135.707763671875
2161.0	2119.0	1138.8218994140625
2162.0	2117.0	1136.895751953125
2163.0	2115.0	1134.8468017578125
2163.0	2118.0	1135.2611083984375
2161.0	2118.0	1140.811279296875
2161.0	2118.0	1141.1943359375
2165.0	2120.0	1131.488525390625
2161.0	2116.0	1142.1396484375
2163.0	2124.0	1137.403564453125
2161.0	2118.0	1142.8138427734375
2165.0	2120.0	1132.858642578125
2163.0	2118.0	1138.1632080078125
2163.0	2117.0	1138.4478759765625
2162.0	2117.0	1141.23779296875
2163.0	2117.0	1138.9334716796875
2151.0	2117.0	1168.6009521484375
2153.0	2118.0	1162.70458984375
2151.0	2117.0	1167.0228271484375
2152.0	2118.0	1163.6829833984375
2152.0	2113.0	1162.9888916015625
2153.0	2120.0	1159.7735595703125
2151.0	2118.0	1164.25927734375
2143.0	2115.0	1184.0164794921875
2153.0	2118.0	1157.989013671875
2154.0	2118.0	1154.9176025390625
2155.0	2122.0	1151.81787109375
2153.0	2115.0	1156.355712890625
2145.0	2117.0	1175.568359375
2143.0	2115.0	1179.3094482421875
2143.0	2119.0	1178.0057373046875
2147.0	2119.0	1166.6221923828125
2144.0	2130.0	1173.0487060546875
2144.0	2130.0	1171.98779296875
2143.0	2133.0	1173.4700927734375
2133.0	2133.0	1196.975830078125
2131.0	2129.0	1200.003662109375
2133.0	2127.0	1193.0003662109375
2132.0	2129.0	1193.7890625
2132.0	2131.0	1192.1181640625
2135.0	2130.0	1182.84619140625
2134.0	2131.0	1183.8192138671875
2133.0	2131.0	1184.984130859375
2132.0	2135.0	1186.210693359375
2134.0	2133.0	1179.8739013671875
2137.0	2130.0	1171.0203857421875
2133.0	2134.0	1179.9927978515625
2134.0	2131.0	1176.40966796875
2133.0	2130.0	1177.9759521484375
2132.0	2133.0	1179.541259765625
2132.0	2145.0	1178.5555419921875
2135.0	2146.0	1170.092529296875
2134.0	2143.0	1171.8060302734375
2135.0	2144.0	1168.41064453125
2133.0	2141.0	1172.72314453125
2133.0	2143.0	1172.0064697265625
2137.0	2144.0	1161.1339111328125
2134.0	2146.0	1168.20751953125
2133.0	2145.0	1170.1175537109375
2134.0	2143.0	1167.10693359375
2135.0	2144.0	1164.0869140625
2134.0	2146.0	1166.0635986328125
2133.0	2144.0	1168.1640625
2132.0	2145.0	1170.2529296875
2134.0	2145.0	1164.6903076171875
2135.0	2143.0	1161.76318359375
2132.0	2146.0	1169.0076904296875
2133.0	2143.0	1166.203857421875
2137.0	2145.0	1155.740966796875
2133.0	2144.0	1165.6138916015625
2133.0	2145.0	1165.308837890625
2133.0	2147.0	1165.002685546875
2132.0	2143.0	1167.3009033203125
2136.0	2144.0	1156.91015625
2133.0	2144.0	1164.299072265625
2135.0	2147.0	1159.0946044921875
2133.0	2143.0	1163.989990234375
2136.0	2143.0	1156.1219482421875
2132.0	2145.0	1166.123779296875
2132.0	2146.0	1165.957763671875
2133.0	2142.0	1163.1881103515625
2134.0	2144.0	1160.5992431640625
2133.0	2150.0	1163.0068359375
2133.0	2146.0	1162.908447265625
2143.0	2144.0	1138.4154052734375
2144.0	2147.0	1136.8431396484375
2142.0	2144.0	1142.8331298828125
2145.0	2146.0	1136.0093994140625
2146.0	2160.0	1134.222412109375
2152.0	2145.0	1119.9840087890625
2151.0	2146.0	1124.296630859375
2152.0	2144.0	1123.3753662109375
2152.0	2146.0	1124.864990234375
2152.0	2145.0	1126.3231201171875
2152.0	2148.0	1127.6175537109375
2151.0	2147.0	1131.4395751953125
2150.0	2146.0	1135.1551513671875
2152.0	2144.0	1131.2060546875
2152.0	2145.0	1132.4136962890625
2153.0	2142.0	1130.854248046875
2152.0	2144.0	1134.3060302734375
2156.0	2145.0	1124.99609375
2164.0	2146.0	1106.53369140625
2162.0	2145.0	1113.4957275390625
2162.0	2130.0	1115.2840576171875
2164.0	2126.0	1111.9295654296875
2163.0	2130.0	1116.016845703125
2162.0	2133.0	1119.9927978515625
2163.0	2133.0	1118.8623046875
2164.0	2131.0	1117.621826171875
2163.0	2129.0	1121.45361328125
2162.0	2131.0	1125.2232666015625
2161.0	2131.0	1128.9400634765625
2161.0	2133.0	1130.0240478515625
2165.0	2129.0	1120.9046630859375
2162.0	2130.0	1129.500732421875
2164.0	2135.0	1125.3065185546875
2163.0	2130.0	1128.65234375
2165.0	2130.0	1124.371826171875
2161.0	2133.0	1135.332763671875
2162.0	2130.0	1133.441162109375
2165.0	2117.0	1126.48291015625
2163.0	2116.0	1132.173095703125
2162.0	2118.0	1135.398193359375
2162.0	2118.0	1135.9739990234375
2161.0	2119.0	1139.048828125
2166.0	2119.0	1126.8114013671875
2163.0	2125.0	1134.8988037109375
2163.0	2118.0	1135.350341796875
2174.0	2117.0	1107.7161865234375
2164.0	2116.0	1133.5936279296875
2163.0	2118.0	1136.5308837890625
2163.0	2118.0	1136.8587646484375
2163.0	2120.0	1137.2579345703125
2161.0	2119.0	1142.5977783203125
2162.0	2117.0	1140.2764892578125
2165.0	2117.0	1132.9322509765625
2163.0	2120.0	1138.2557373046875
2164.0	2110.0	1135.8958740234375
2162.0	2119.0	1141.1824951171875
2166.0	2117.0	1131.1982421875
2165.0	2118.0	1134.0560302734375
2163.0	2117.0	1139.294189453125
2163.0	2118.0	1139.5423583984375
2182.0	2120.0	1091.299560546875
2151.0	2116.0	1170.002197265625
2153.0	2118.0	1163.9710693359375
2155.0	2117.0	1157.8909912109375
2153.0	2117.0	1162.12158203125
2153.0	2132.0	1161.356201171875
2151.0	2115.0	1165.7320556640625
2154.0	2119.0	1157.2978515625
2154.0	2119.0	1156.6419677734375
2153.0	2118.0	1158.5770263671875
2154.0	2118.0	1155.45849609375
2152.0	2114.0	1159.9365234375
2141.0	2119.0	1187.1326904296875
2146.0	2121.0	1172.9765625
2143.0	2119.0	1179.16552734375
2140.0	2116.0	1185.504150390625
2144.0	2118.0	1174.0067138671875
2132.0	2116.0	1202.4078369140625
2135.0	2118.0	1192.5716552734375
2134.0	2117.0	1193.0078125
2133.0	2120.0	1193.546142578125
2133.0	2131.0	1191.6988525390625
2134.0	2134.0	1187.357421875
2133.0	2131.0	1188.2779541015625
2131.0	2132.0	1191.7542724609375
2132.0	2131.0	1187.420654296875
2132.0	2131.0	1186.068603515625
2133.0	2129.0	1182.21728515625
2132.0	2130.0	1183.495849609375
2137.0	2131.0	1169.5791015625
2132.0	2131.0	1181.1900634765625
2135.0	2130.0	1172.521240234375
2132.0	2132.0	1179.207763671875
2133.0	2129.0	1175.71826171875
2134.0	2131.0	1172.25927734375
2139.0	2143.0	1158.696044921875
2133.0	2144.0	1173.154541015625
2136.0	2144.0	1164.74853515625
2133.0	2143.0	1171.633544921875
2133.0	2147.0	1170.9752197265625
2135.0	2145.0	1165.21923828125
2131.0	2147.0	1174.778564453125
2132.0	2145.0	1171.620849609375
2134.0	2145.0	1165.9910888671875
2134.0	2149.0	1165.467529296875
2132.0	2145.0	1170.1524658203125
2133.0	2145.0	1167.24853515625
2133.0	2142.0	1166.87890625
2134.0	2144.0	1163.941162109375
2134.0	2161.0	1163.558349609375
2133.0	2156.0	1165.6737060546875
2131.0	2156.0	1170.443359375
2133.0	2159.0	1165.072021484375
2134.0	2156.0	1162.2271728515625
2132.0	2158.0	1167.0352783203125
2135.0	2158.0	1159.109619140625
2131.0	2158.0	1169.036865234375
2133.0	2134.0	1163.7518310546875
2133.0	2157.0	1163.572998046875
2134.0	2156.0	1160.7930908203125
2134.0	2166.0	1160.6541748046875
2133.0	2172.0	1163.00390625
2136.0	2171.0	1155.1953125
2133.0	2169.0	1162.6617431640625
2132.0	2170.0	1165.123779296875
2133.0	2168.0	1162.4788818359375
2132.0	2170.0	1164.870849609375
2133.0	2171.0	1162.2021484375
2136.0	2170.0	1154.4364013671875
2131.0	2169.0	1167.0018310546875
2143.0	2171.0	1136.5787353515625
2142.0	2170.0	1140.108642578125
2143.0	2172.0	1138.4046630859375
2144.0	2170.0	1136.8505859375
2142.0	2170.0	1142.75634765625
2143.0	2169.0	1140.9901123046875
2144.0	2168.0	1139.2298583984375
2143.0	2180.0	1142.4654541015625
2152.0	2184.0	1120.5592041015625
2153.0	2182.0	1119.5911865234375
2151.0	2183.0	1126.162841796875
2153.0	2182.0	1122.495849609375
2153.0	2188.0	1123.8662109375
2152.0	2184.0	1127.7275390625
2148.0	2184.0	1139.129150390625
2151.0	2185.0	1132.6163330078125
2152.0	2180.0	1131.2286376953125
2155.0	2181.0	1124.7130126953125
2152.0	2189.0	1133.2764892578125
2150.0	2182.0	1139.2823486328125
2152.0	2183.0	1135.1009521484375
2153.0	2185.0	1133.3704833984375
2154.0	2182.0	1131.7156982421875
2153.0	2184.0	1134.9793701171875
2162.0	2183.0	1113.489990234375
2165.0	2181.0	1107.645263671875
2162.0	2183.0	1116.8609619140625
2162.0	2183.0	1118.4849853515625
2162.0	2190.0	1119.854248046875
2163.0	2186.0	1118.7147216796875
2158.0	2183.0	1132.8145751953125
2163.0	2183.0	1121.247802734375
2162.0	2170.0	1124.83154296875
2163.0	2169.0	1123.384765625
2162.0	2174.0	1127.0029296875
2162.0	2168.0	1128.0048828125
2165.0	2170.0	1121.36376953125
2162.0	2168.0	1129.850341796875
2163.0	2168.0	1128.1429443359375
2164.0	2168.0	1126.382080078125
2162.0	2171.0	1132.17529296875
2166.0	2169.0	1122.69287109375
2162.0	2170.0	1133.4971923828125
2161.0	2170.0	1136.5758056640625
2164.0	2168.0	1129.53076171875
2163.0	2170.0	1132.643798828125
2161.0	2169.0	1138.1805419921875
2160.0	2170.0	1141.24072265625
2163.0	2171.0	1134.0926513671875
2155.0	2169.0	1154.9630126953125
2151.0	2171.0	1164.509765625
2152.0	2171.0	1161.2646484375
2151.0	2170.0	1163.190185546875
2152.0	2170.0	1160.0714111328125
2153.0	2170.0	1156.9798583984375
2151.0	2169.0	1161.53955078125
2155.0	2158.0	1150.87255859375
2166.0	2156.0	1122.401611328125
2153.0	2158.0	1155.20263671875
2152.0	2158.0	1157.3048095703125
2153.0	2157.0	1154.3048095703125
2153.0	2157.0	1153.954345703125
2151.0	2159.0	1158.696533203125
2155.0	2158.0	1148.1890869140625
2154.0	2157.0	1150.4339599609375
2153.0	2143.0	1152.668212890625
2153.0	2141.0	1152.340087890625
2151.0	2145.0	1157.118408203125
2150.0	2145.0	1159.3184814453125
2153.0	2145.0	1151.4716796875
2153.0	2145.0	1151.22998046875
2152.0	2149.0	1153.6812744140625
2151.0	2146.0	1156.079833984375
2160.0	2147.0	1132.9649658203125
2143.0	2143.0	1175.8277587890625
2146.0	2145.0	1166.96826171875
2143.0	2142.0	1173.546142578125
2144.0	2147.0	1169.9078369140625
2142.0	2144.0	1173.9248046875
2147.0	2145.0	1160.2734375
2146.0	2143.0	1161.9132080078125
2144.0	2145.0	1166.15576171875
2147.0	2147.0	1157.720947265625
2142.0	2143.0	1169.750244140625
2142.0	2144.0	1169.1253662109375
2144.0	2146.0	1163.329833984375
2144.0	2131.0	1162.6197509765625
2143.0	2126.0	1164.5701904296875
2142.0	2131.0	1166.4696044921875
2146.0	2132.0	1155.7977294921875
2143.0	2131.0	1162.86572265625
2145.0	2134.0	1157.302978515625
2143.0	2130.0	1161.873779296875
2141.0	2131.0	1166.6680908203125
2142.0	2128.0	1163.792236328125
2144.0	2130.0	1158.227294921875
2146.0	2133.0	1152.7156982421875
2143.0	2139.0	1160.044677734375
2143.0	2128.0	1159.6640625
2144.0	2130.0	1156.8135986328125
2143.0	2131.0	1159.082763671875
2143.0	2133.0	1158.69091796875
2142.0	2131.0	1161.0721435546875
2144.0	2127.0	1155.714599609375
2143.0	2132.0	1158.0545654296875
2142.0	2130.0	1160.3739013671875
2143.0	2131.0	1157.57470703125
2143.0	2131.0	1157.3531494140625
2144.0	2135.0	1154.6256103515625
2143.0	2133.0	1156.998291015625
2147.0	2131.0	1146.6507568359375
2143.0	2125.0	1156.663330078125
2144.0	2132.0	1153.9105224609375
2143.0	2126.0	1156.3804931640625
2146.0	2131.0	1148.5865478515625
2143.0	2148.0	1156.105224609375
2144.0	2145.0	1153.450439453125
2154.0	2142.0	1128.666015625
2153.0	2144.0	1132.0675048828125
2152.0	2142.0	1135.3515625
2157.0	2144.0	1123.45556640625
2144.0	2145.0	1157.3238525390625
2152.0	2144.0	1137.53955078125
2154.0	2144.0	1133.0965576171875
2152.0	2147.0	1138.78271484375
2156.0	2147.0	1129.181396484375
2153.0	2146.0	1137.3648681640625
2154.0	2144.0	1135.29345703125
2151.0	2144.0	1143.420166015625
2153.0	2144.0	1138.7249755859375
2153.0	2145.0	1139.17919921875
2151.0	2146.0	1144.6905517578125
2152.0	2145.0	1142.5169677734375
2152.0	2147.0	1142.9288330078125
2152.0	2148.0	1143.2073974609375
2152.0	2158.0	1143.5054931640625
2154.0	2157.0	1138.79345703125
2154.0	2156.0	1138.9541015625
2152.0	2158.0	1144.365234375
2153.0	2158.0	1142.0980224609375
2162.0	2157.0	1119.6495361328125
2164.0	2157.0	1115.8177490234375
2163.0	2157.0	1119.5955810546875
2162.0	2158.0	1123.3974609375
2163.0	2161.0	1121.9398193359375
2163.0	2156.0	1122.9949951171875
2163.0	2156.0	1124.0247802734375
2162.0	2157.0	1127.503662109375
2164.0	2171.0	1123.31689453125
2165.0	2179.0	1121.572509765625
2162.0	2172.0	1130.0064697265625
2162.0	2170.0	1130.7183837890625
2163.0	2169.0	1128.843994140625
2162.0	2172.0	1132.060546875
2162.0	2174.0	1132.70849609375
2163.0	2169.0	1130.755126953125
2176.0	2169.0	1098.251220703125
2162.0	2170.0	1134.39794921875
2162.0	2173.0	1134.9554443359375
2165.0	2185.0	1127.7786865234375
2162.0	2173.0	1135.83935546875
2158.0	2171.0	1146.408935546875
2163.0	2171.0	1134.03173828125
2164.0	2172.0	1131.6597900390625
2161.0	2168.0	1139.6331787109375
2163.0	2169.0	1134.8931884765625
2163.0	2170.0	1135.2467041015625
2163.0	2169.0	1135.5582275390625
2162.0	2172.0	1138.3975830078125
2162.0	2170.0	1138.57958984375
2162.0	2166.0	1138.91162109375
2163.0	2172.0	1136.6396484375
2158.0	2170.0	1149.5616455078125
2161.0	2169.0	1142.130859375
2162.0	2171.0	1139.7647705078125
2164.0	2172.0	1134.8270263671875
2162.0	2172.0	1140.075927734375
2169.0	2172.0	1122.5177001953125
2163.0	2171.0	1137.9510498046875
2162.0	2172.0	1140.67041015625
2160.0	2173.0	1145.8651123046875
2162.0	2160.0	1140.812744140625
2163.0	2160.0	1138.386962890625
2163.0	2158.0	1138.6268310546875
2162.0	2159.0	1141.2547607421875
2153.0	2155.0	1163.4266357421875
2156.0	2152.0	1154.8765869140625
2153.0	2157.0	1161.5732421875
2150.0	2157.0	1168.3170166015625
2151.0	2158.0	1165.010009765625
2152.0	2144.0	1161.6865234375
2152.0	2147.0	1160.89453125
2150.0	2145.0	1165.2611083984375
2152.0	2145.0	1159.5181884765625
2152.0	2144.0	1158.8526611328125
2152.0	2143.0	1158.2464599609375
2152.0	2147.0	1157.62841796875
2152.0	2145.0	1157.06591796875
2154.0	2146.0	1151.396484375
2152.0	2144.0	1155.9552001953125
2152.0	2144.0	1155.51611328125
2151.0	2146.0	1157.6380615234375
2153.0	2145.0	1152.1014404296875
2151.0	2130.0	1156.8262939453125
2152.0	2129.0	1153.97119140625
2142.0	2130.0	1178.676025390625
2142.0	2138.0	1177.302734375
2144.0	2130.0	1170.9468994140625
2143.0	2133.0	1172.3497314453125
2147.0	2131.0	1161.0240478515625
2144.0	2131.0	1167.4759521484375
2142.0	2129.0	1171.581298828125
2144.0	2130.0	1165.54248046875
2145.0	2132.0	1162.0711669921875
2145.0	2133.0	1161.2445068359375
2132.0	2130.0	1193.1334228515625
2132.0	2131.0	1191.302490234375
2131.0	2132.0	1192.084716796875
2133.0	2133.0	1185.422119140625
2135.0	2118.0	1178.6993408203125
2134.0	2118.0	1179.7996826171875
2132.0	2115.0	1183.5643310546875
2133.0	2118.0	1179.6768798828125
2146.0	2116.0	1145.2586669921875
2132.0	2119.0	1179.78515625
2151.0	2121.0	1130.3392333984375
2131.0	2117.0	1180.2489013671875
2132.0	2117.0	1176.652099609375
2138.0	2118.0	1160.475830078125
2134.0	2119.0	1169.7474365234375
2134.0	2117.0	1168.9603271484375
2133.0	2117.0	1170.6661376953125
2133.0	2118.0	1169.8538818359375
2131.0	2120.0	1174.3199462890625
2134.0	2117.0	1166.0784912109375
2132.0	2119.0	1170.501708984375
2132.0	2118.0	1169.8614501953125
2132.0	2114.0	1169.222900390625
2133.0	2119.0	1166.1689453125
2135.0	2118.0	1160.552001953125
2134.0	2117.0	1162.5106201171875
2133.0	2119.0	1164.570068359375
2142.0	2125.0	1141.93359375
2145.0	2118.0	1134.9725341796875
2145.0	2116.0	1135.6153564453125
2145.0	2117.0	1136.24365234375
2142.0	2117.0	1144.4400634765625
2143.0	2127.0	1142.4970703125
2143.0	2113.0	1142.9468994140625
2143.0	2116.0	1143.5086669921875
2142.0	2116.0	1146.4722900390625
2152.0	2116.0	1122.3118896484375
2152.0	2124.0	1123.6767578125
2153.0	2123.0	1122.4559326171875
2155.0	2132.0	1118.6893310546875
2152.0	2130.0	1127.4356689453125
2154.0	2132.0	1123.4359130859375
2153.0	2132.0	1127.0526123046875
2153.0	2128.0	1127.99658203125
2151.0	2131.0	1133.9630126953125
2151.0	2133.0	1134.8236083984375
2153.0	2129.0	1130.51953125
2155.0	2131.0	1126.2613525390625
2152.0	2129.0	1134.5743408203125
2151.0	2129.0	1137.8638916015625
2153.0	2130.0	1133.473388671875
2163.0	2132.0	1108.8619384765625
2161.0	2132.0	1115.59814453125
2162.0	2128.0	1114.7227783203125
2163.0	2130.0	1113.6563720703125
2163.0	2130.0	1115.1201171875
2163.0	2132.0	1116.408447265625
2162.0	2131.0	1120.246337890625
2162.0	2142.0	1121.4066162109375
2162.0	2145.0	1122.506591796875
2160.0	2144.0	1128.6998291015625
2163.0	2144.0	1122.072998046875
2162.0	2144.0	1125.5234375
2163.0	2142.0	1123.9364013671875
2165.0	2141.0	1119.678955078125
2162.0	2143.0	1128.0841064453125
2162.0	2144.0	1128.8011474609375
2163.0	2145.0	1126.8963623046875
2162.0	2142.0	1130.259033203125
2163.0	2144.0	1128.333984375
2162.0	2145.0	1131.4713134765625
2165.0	2145.0	1124.4642333984375
2163.0	2144.0	1130.015380859375
2162.0	2143.0	1133.0775146484375
2161.0	2144.0	1136.0667724609375
2153.0	2145.0	1156.2720947265625
2151.0	2143.0	1160.71923828125
2155.0	2143.0	1149.9580078125
2152.0	2144.0	1156.9716796875
2147.0	2148.0	1169.1444091796875
2153.0	2144.0	1153.4405517578125
2184.0	2146.0	1074.0721435546875
2152.0	2145.0	1155.044921875
2152.0	2146.0	1154.58447265625
2153.0	2145.0	1151.654296875
2152.0	2157.0	1153.75146484375
2149.0	2156.0	1161.083740234375
2153.0	2156.0	1150.50634765625
2153.0	2157.0	1150.110595703125
2143.0	2159.0	1174.9552001953125
2144.0	2160.0	1171.1263427734375
2142.0	2159.0	1175.0079345703125
2145.0	2158.0	1166.2406005859375
2143.0	2159.0	1170.2093505859375
2143.0	2158.0	1169.1722412109375
2142.0	2158.0	1170.7491455078125
2141.0	2158.0	1172.416748046875
2142.0	2172.0	1168.9910888671875
2142.0	2170.0	1168.1793212890625
2135.0	2170.0	1184.9798583984375
2133.0	2171.0	1188.21044921875
2133.0	2169.0	1186.48291015625
2132.0	2172.0	1187.3480224609375
2134.0	2172.0	1180.704345703125
2134.0	2171.0	1179.285400390625
2133.0	2173.0	1180.4095458984375
2132.0	2172.0	1181.6171875
2135.0	2171.0	1172.79296875
2134.0	2171.0	1174.10791015625
2133.0	2173.0	1175.441162109375
2132.0	2167.0	1176.904052734375
2133.0	2168.0	1173.3370361328125
2134.0	2173.0	1169.8004150390625
2133.0	2170.0	1171.485107421875
2133.0	2171.0	1170.59521484375
2132.0	2163.0	1172.2724609375
2133.0	2168.0	1169.0142822265625
2133.0	2170.0	1168.2880859375
2132.0	2171.0	1170.1488037109375
2133.0	2169.0	1166.9783935546875
2134.0	2171.0	1163.7840576171875
2131.0	2169.0	1170.895263671875
2133.0	2170.0	1165.310791015625
2133.0	2172.0	1164.838623046875
2132.0	2170.0	1166.9017333984375
2134.0	2178.0	1161.3253173828125
2132.0	2171.0	1166.0010986328125
2137.0	2172.0	1152.8060302734375
2133.0	2170.0	1162.5382080078125
2133.0	2172.0	1162.1893310546875
2133.0	2165.0	1161.8599853515625
2133.0	2170.0	1161.516357421875
2136.0	2171.0	1153.568603515625
2132.0	2169.0	1163.451904296875
2133.0	2171.0	1160.67919921875
2133.0	2185.0	1160.5054931640625
2143.0	2172.0	1134.8157958984375
2147.0	2169.0	1125.45166015625
2143.0	2170.0	1136.4827880859375
2141.0	2172.0	1142.402099609375
2143.0	2170.0	1138.10546875
2145.0	2170.0	1133.69873046875
2149.0	2169.0	1125.0255126953125
2152.0	2171.0	1118.9432373046875
2138.0	2169.0	1156.1328125
2151.0	2164.0	1124.510009765625
2152.0	2169.0	1123.3004150390625
2151.0	2170.0	1127.1484375
2152.0	2172.0	1125.8216552734375
2152.0	2170.0	1126.9429931640625
2154.0	2164.0	1122.9678955078125
2152.0	2169.0	1129.1119384765625
2152.0	2171.0	1130.0155029296875
2153.0	2171.0	1128.37841796875
2153.0	2170.0	1129.28076171875
2153.0	2170.0	1130.16748046875
2152.0	2171.0	1133.4715576171875
2160.0	2169.0	1113.8585205078125
2154.0	2172.0	1129.8155517578125
2152.0	2171.0	1135.582275390625
2152.0	2168.0	1136.3316650390625
2155.0	2173.0	1129.2613525390625
2160.0	2170.0	1116.967041015625
2152.0	2172.0	1137.8446044921875
2152.0	2169.0	1138.466064453125
2154.0	2169.0	1133.764404296875
2151.0	2174.0	1141.7930908203125
2161.0	2171.0	1116.7515869140625
2151.0	2171.0	1142.5909423828125
2154.0	2170.0	1135.2657470703125
2152.0	2168.0	1140.6904296875
2153.0	2169.0	1138.4996337890625
2147.0	2169.0	1154.1282958984375
2152.0	2173.0	1141.71142578125
2153.0	2171.0	1139.5064697265625
2154.0	2171.0	1137.2615966796875
2153.0	2170.0	1140.0648193359375
2149.0	2174.0	1150.5653076171875
2153.0	2170.0	1140.5916748046875
2154.0	2170.0	1138.24365234375
2151.0	2169.0	1146.1014404296875
2152.0	2171.0	1143.7615966796875
2150.0	2170.0	1149.0250244140625
2155.0	2170.0	1136.421142578125
2151.0	2172.0	1146.7493896484375
2142.0	2171.0	1169.619140625
2145.0	2164.0	1161.0552978515625
2142.0	2173.0	1167.927978515625
2145.0	2169.0	1159.455810546875
2141.0	2169.0	1168.906982421875
2143.0	2169.0	1163.25048828125
2143.0	2170.0	1162.5789794921875
2131.0	2171.0	1192.020263671875
2132.0	2169.0	1187.8140869140625
2133.0	2171.0	1183.719482421875
2134.0	2170.0	1179.6318359375
2133.0	2169.0	1180.769775390625
2132.0	2172.0	1181.8883056640625
2132.0	2171.0	1180.6141357421875
2134.0	2170.0	1174.3275146484375
2132.0	2172.0	1178.231689453125
2131.0	2177.0	1179.6922607421875
2119.0	2167.0	1208.796142578125
2123.0	2171.0	1196.6485595703125
2121.0	2172.0	1199.906005859375
2125.0	2169.0	1187.9989013671875
2125.0	2169.0	1186.4239501953125
2130.0	2170.0	1172.2001953125
2124.0	2171.0	1186.0869140625
2123.0	2172.0	1187.2730712890625
2123.0	2168.0	1186.0328369140625
2124.0	2171.0	1182.1978759765625
2121.0	2170.0	1188.71826171875
2125.0	2171.0	1177.45068359375
2122.0	2169.0	1184.1334228515625
2123.0	2170.0	1180.623779296875
2123.0	2172.0	1179.636474609375
2125.0	2170.0	1173.6734619140625
2124.0	2170.0	1175.38037109375
2123.0	2170.0	1177.2117919921875
2124.0	2170.0	1173.941650390625
2124.0	2169.0	1173.3267822265625
2128.0	2171.0	1162.466796875
2123.0	2158.0	1174.547607421875
2123.0	2157.0	1173.93359375
2125.0	2165.0	1168.383544921875
2122.0	2157.0	1175.4447021484375
2128.0	2156.0	1159.7862548828125
2127.0	2158.0	1161.901123046875
2126.0	2155.0	1163.9344482421875
2124.0	2159.0	1168.6484375
2124.0	2159.0	1168.220458984375
2126.0	2158.0	1162.7149658203125
2124.0	2155.0	1167.5699462890625
2124.0	2144.0	1167.2763671875
2124.0	2148.0	1166.981689453125
2125.0	2144.0	1164.14306640625
2133.0	2146.0	1144.052490234375
2133.0	2145.0	1144.787353515625
2136.0	2145.0	1137.79931640625
2135.0	2160.0	1140.95703125
2132.0	2145.0	1149.117431640625
2133.0	2144.0	1147.1063232421875
2132.0	2146.0	1150.164306640625
2135.0	2144.0	1143.074951171875
2133.0	2144.0	1148.6285400390625
2134.0	2145.0	1146.5548095703125
2133.0	2143.0	1149.658203125
2135.0	2144.0	1144.957275390625
2132.0	2146.0	1152.8900146484375
2134.0	2132.0	1148.2108154296875
2142.0	2130.0	1128.4359130859375
2144.0	2130.0	1124.82568359375
2143.0	2130.0	1128.6221923828125
2142.0	2130.0	1132.4686279296875
2144.0	2132.0	1128.6636962890625
2143.0	2131.0	1132.418701171875
2144.0	2131.0	1130.961181640625
2144.0	2129.0	1132.0205078125
2152.0	2131.0	1112.96240234375
2152.0	2129.0	1114.8409423828125
2152.0	2132.0	1116.69873046875
2150.0	2131.0	1123.44970703125
2152.0	2134.0	1119.9722900390625
2150.0	2130.0	1126.65625
2153.0	2126.0	1120.4561767578125
2153.0	2129.0	1121.79345703125
2151.0	2119.0	1128.17333984375
2152.0	2119.0	1126.9105224609375
2151.0	2119.0	1130.7406005859375
2152.0	2117.0	1129.284423828125
2153.0	2120.0	1127.882568359375
2151.0	2120.0	1133.9608154296875
2153.0	2118.0	1129.7164306640625
2152.0	2118.0	1133.1085205078125
2152.0	2114.0	1133.9248046875
2151.0	2117.0	1137.22802734375
2154.0	2117.0	1130.402587890625
2152.0	2117.0	1136.1275634765625
2151.0	2116.0	1139.429931640625
2155.0	2123.0	1129.854248046875
2150.0	2117.0	1143.2784423828125
2152.0	2117.0	1138.7684326171875
2152.0	2117.0	1139.256103515625
2153.0	2115.0	1137.23876953125
2152.0	2118.0	1140.2987060546875
2155.0	2118.0	1133.1732177734375
2151.0	2118.0	1143.762939453125
2152.0	2117.0	1141.6649169921875
2153.0	2118.0	1139.4739990234375
2155.0	2121.0	1134.8580322265625
2156.0	2117.0	1132.66015625
2152.0	2115.0	1143.0255126953125
2153.0	2118.0	1140.719482421875
2152.0	2118.0	1143.4764404296875
2153.0	2117.0	1141.2093505859375
2155.0	2118.0	1136.4268798828125
2151.0	2117.0	1146.8941650390625
2155.0	2118.0	1136.92822265625
2152.0	2120.0	1144.7952880859375
2151.0	2119.0	1147.53955078125
2152.0	2118.0	1145.2069091796875
2143.0	2117.0	1167.4111328125
2142.0	2117.0	1169.1881103515625
2144.0	2121.0	1163.31201171875
2142.0	2118.0	1167.646240234375
2145.0	2119.0	1159.3702392578125
2143.0	2131.0	1163.8216552734375
2143.0	2131.0	1163.1719970703125
2145.0	2128.0	1157.563232421875
2133.0	2130.0	1187.54150390625
2133.0	2132.0	1185.96533203125
2133.0	2133.0	1184.385498046875
2135.0	2132.0	1177.9041748046875
2135.0	2139.0	1176.4859619140625
2134.0	2131.0	1177.72900390625
2132.0	2130.0	1181.595947265625
2132.0	2131.0	1180.394287109375
2134.0	2130.0	1174.2469482421875
2135.0	2127.0	1170.69140625
2144.0	2131.0	1146.6884765625
2133.0	2132.0	1173.7913818359375
2136.0	2145.0	1165.2685546875
2135.0	2139.0	1167.03955078125
2132.0	2145.0	1173.8775634765625
2135.0	2146.0	1165.5496826171875
2136.0	2146.0	1162.320556640625
2133.0	2145.0	1169.2493896484375
2133.0	2156.0	1168.6712646484375
2135.0	2148.0	1162.92626953125
2134.0	2145.0	1164.9774169921875
2133.0	2145.0	1167.0587158203125
2133.0	2143.0	1166.633056640625
2136.0	2144.0	1158.5291748046875
2133.0	2144.0	1165.69580078125
2132.0	2145.0	1167.7877197265625
2131.0	2144.0	1169.9464111328125
2133.0	2145.0	1164.4376220703125
2131.0	2145.0	1169.154052734375
2133.0	2144.0	1163.67919921875
2135.0	2145.0	1158.345703125
2133.0	2144.0	1163.1837158203125
2133.0	2141.0	1162.9305419921875
2133.0	2141.0	1162.6055908203125
2135.0	2145.0	1157.328369140625
2133.0	2145.0	1162.238525390625
2133.0	2143.0	1162.11279296875
2132.0	2142.0	1164.4520263671875
2133.0	2144.0	1161.69775390625
2137.0	2145.0	1151.3487548828125
2132.0	2144.0	1163.9136962890625
2133.0	2146.0	1161.1673583984375
2133.0	2145.0	1161.010009765625
2129.0	2146.0	1170.93408203125
2129.0	2144.0	1170.88623046875
2133.0	2143.0	1160.630615234375
2133.0	2145.0	1160.5047607421875
2133.0	2150.0	1160.4210205078125
2132.0	2145.0	1162.9102783203125
2134.0	2147.0	1157.634033203125
2133.0	2144.0	1160.0694580078125
2133.0	2144.0	1160.0225830078125
2133.0	2142.0	1159.959228515625
2132.0	2144.0	1162.5057373046875
2135.0	2144.0	1154.819091796875
2133.0	2144.0	1159.8153076171875
2134.0	2144.0	1157.174560546875
2135.0	2145.0	1154.5863037109375
2129.0	2143.0	1169.8226318359375
2131.0	2145.0	1164.6727294921875
2133.0	2144.0	1159.5413818359375
2132.0	2145.0	1162.060302734375
2134.0	2144.0	1156.97412109375
2139.0	2132.0	1144.239013671875
2132.0	2131.0	1161.9364013671875
2138.0	2131.0	1146.677001953125
2135.0	2130.0	1154.30712890625
2132.0	2133.0	1161.8692626953125
2100.0	2133.0	1243.2957763671875
2132.0	2130.0	1161.8310546875
2134.0	2132.0	1156.7542724609375
2133.0	2131.0	1159.33203125
2132.0	2130.0	1161.84912109375
2134.0	2132.0	1156.8017578125
2134.0	2132.0	1156.824951171875
2132.0	2129.0	1161.916015625
2142.0	2120.0	1137.3609619140625
2141.0	2117.0	1140.9232177734375
2143.0	2119.0	1136.84912109375
2144.0	2119.0	1135.290283203125
2142.0	2118.0	1141.417236328125
2145.0	2118.0	1134.6160888671875
2147.0	2118.0	1130.34228515625
2143.0	2116.0	1141.2716064453125
2152.0	2119.0	1118.9964599609375
2152.0	2127.0	1120.6436767578125
2153.0	2119.0	1119.6571044921875
2151.0	2119.0	1126.2421875
2152.0	2116.0	1125.0709228515625
2152.0	2104.0	1126.416748046875
2154.0	2108.0	1122.57861328125
2152.0	2106.0	1129.0079345703125
2152.0	2104.0	1130.2752685546875
2154.0	2106.0	1126.257568359375
2152.0	2106.0	1132.31201171875
2153.0	2103.0	1130.81689453125
2152.0	2107.0	1134.30859375
2154.0	2103.0	1130.1287841796875
2154.0	2105.0	1130.955810546875
2162.0	2105.0	1112.1226806640625
2163.0	2106.0	1111.3292236328125
2162.0	2105.0	1115.61376953125
2165.0	2104.0	1109.556884765625
2161.0	2105.0	1121.240234375
2162.0	2103.0	1120.1749267578125
2161.0	2106.0	1124.0262451171875
2159.0	2106.0	1130.3616943359375
2162.0	2120.0	1123.8980712890625
2186.0	2118.0	1063.9638671875
2161.0	2116.0	1128.7943115234375
2164.0	2114.0	1122.05029296875
2175.0	2117.0	1095.006591796875
2162.0	2117.0	1129.053466796875
2162.0	2118.0	1129.8570556640625
2162.0	2127.0	1130.6153564453125
2161.0	2120.0	1133.9237060546875
2166.0	2118.0	1121.8978271484375
2161.0	2116.0	1135.3023681640625
2162.0	2119.0	1133.35498046875
2162.0	2114.0	1133.98095703125
2162.0	2117.0	1134.478759765625
2162.0	2119.0	1135.027587890625
2163.0	2117.0	1133.0025634765625
2162.0	2118.0	1136.01513671875
2162.0	2127.0	1136.4339599609375
2164.0	2129.0	1131.799560546875
2167.0	2130.0	1124.5906982421875
2162.0	2129.0	1137.764404296875
2162.0	2133.0	1138.113037109375
2163.0	2131.0	1135.9534912109375
2162.0	2130.0	1138.838623046875
2162.0	2130.0	1139.1171875
2162.0	2131.0	1139.4224853515625
2162.0	2131.0	1139.62890625
2163.0	2135.0	1137.3800048828125
2162.0	2132.0	1140.162109375
2164.0	2130.0	1135.3353271484375
2161.0	2132.0	1143.1610107421875
2162.0	2139.0	1140.7747802734375
2152.0	2129.0	1166.0946044921875
2150.0	2130.0	1170.322509765625
2152.0	2131.0	1164.3399658203125
2151.0	2133.0	1165.999755859375
2155.0	2137.0	1155.06396484375
2152.0	2133.0	1161.9720458984375
2157.0	2129.0	1148.6534423828125
2152.0	2130.0	1160.740234375
2152.0	2131.0	1160.10693359375
2151.0	2129.0	1161.9781494140625
2151.0	2126.0	1161.3768310546875
2150.0	2133.0	1163.3427734375
2154.0	2131.0	1152.591552734375
2143.0	2132.0	1180.1190185546875
2142.0	2134.0	1181.186279296875
2144.0	2130.0	1174.62744140625
2144.0	2130.0	1173.2879638671875
2142.0	2144.0	1177.14208984375
2142.0	2144.0	1175.949951171875
2143.0	2150.0	1172.3074951171875
2133.0	2144.0	1196.4168701171875
2135.0	2144.0	1189.2620849609375
2133.0	2145.0	1192.359619140625
2132.0	2145.0	1193.1220703125
2131.0	2148.0	1193.92236328125
2148.0	2146.0	1148.9766845703125
2135.0	2146.0	1180.467529296875
2133.0	2143.0	1184.0596923828125
2135.0	2143.0	1177.6390380859375
2132.0	2148.0	1183.8519287109375
2130.0	2144.0	1187.6297607421875
2133.0	2144.0	1178.7899169921875
2132.0	2143.0	1180.1390380859375
2124.0	2144.0	1198.6134033203125
2122.0	2145.0	1201.8370361328125
2125.0	2145.0	1192.1431884765625
2122.0	2143.0	1198.0423583984375
2124.0	2144.0	1191.235595703125
2126.0	2143.0	1184.71923828125
2123.0	2164.0	1190.8409423828125
2125.0	2130.0	1184.294189453125
2126.0	2134.0	1180.4095458984375
2124.0	2130.0	1184.3602294921875
2126.0	2131.0	1178.086181640625
2119.0	2132.0	1194.73291015625
2124.0	2131.0	1180.9781494140625
2124.0	2130.0	1179.9560546875
2122.0	2138.0	1184.221923828125
2124.0	2126.0	1178.2342529296875
2125.0	2131.0	1174.8365478515625
2124.0	2131.0	1176.5938720703125
2124.0	2131.0	1175.774658203125
2123.0	2132.0	1177.6343994140625
2132.0	2134.0	1155.1678466796875
2130.0	2129.0	1160.5816650390625
2134.0	2132.0	1150.62646484375
2132.0	2130.0	1156.103515625
2133.0	2130.0	1153.7662353515625
2134.0	2131.0	1151.535400390625
2136.0	2131.0	1146.7213134765625
2133.0	2132.0	1154.65771484375
2133.0	2124.0	1154.84716796875
2132.0	2131.0	1157.570068359375
2132.0	2132.0	1157.807861328125
2135.0	2131.0	1150.3148193359375
2145.0	2132.0	1125.4918212890625
2144.0	2132.0	1129.2972412109375
2144.0	2135.0	1130.44677734375
2152.0	2130.0	1111.2210693359375
2145.0	2131.0	1130.098388671875
2142.0	2131.0	1138.7403564453125
2152.0	2146.0	1115.076171875
2153.0	2132.0	1114.341552734375
2153.0	2131.0	1116.120849609375
2151.0	2130.0	1122.8740234375
2152.0	2130.0	1121.9385986328125
2152.0	2134.0	1123.454833984375
2152.0	2132.0	1124.8436279296875
2155.0	2130.0	1118.4150390625
2154.0	2131.0	1122.192626953125
2152.0	2132.0	1128.50390625
2153.0	2131.0	1127.1219482421875
2153.0	2131.0	1128.10498046875
2163.0	2131.0	1104.1470947265625
2163.0	2130.0	1106.1768798828125
2162.0	2131.0	1110.6466064453125
2162.0	2130.0	1112.5042724609375
2160.0	2130.0	1119.3385009765625
2162.0	2130.0	1115.832763671875
2160.0	2131.0	1122.446533203125
2162.0	2129.0	1118.88330078125
2163.0	2133.0	1117.621826171875
2163.0	2130.0	1118.857666015625
2164.0	2130.0	1117.5467529296875
2163.0	2131.0	1121.20556640625
2164.0	2127.0	1119.7239990234375
2161.0	2133.0	1128.3509521484375
2171.0	2131.0	1103.83984375
2164.0	2131.0	1122.57275390625
2161.0	2130.0	1130.8712158203125
2163.0	2137.0	1126.650390625
2163.0	2128.0	1127.36376953125
2163.0	2129.0	1128.1053466796875
2162.0	2131.0	1131.4559326171875
2164.0	2131.0	1127.0469970703125
2162.0	2137.0	1132.7420654296875
2162.0	2130.0	1133.416015625
2166.0	2130.0	1123.806396484375
2161.0	2130.0	1137.051513671875
2162.0	2130.0	1135.122314453125
2162.0	2133.0	1135.6136474609375
2161.0	2130.0	1138.544677734375
2163.0	2130.0	1133.799072265625
2162.0	2129.0	1136.7088623046875
2163.0	2125.0	1134.50537109375
2164.0	2131.0	1132.3492431640625
2163.0	2132.0	1135.149658203125
2163.0	2130.0	1135.4671630859375
2161.0	2132.0	1140.8419189453125
2162.0	2132.0	1138.5848388671875
2164.0	2130.0	1133.7694091796875
2164.0	2133.0	1134.05126953125
2162.0	2129.0	1139.4368896484375
2163.0	2130.0	1137.1904296875
2162.0	2130.0	1139.97607421875
2163.0	2131.0	1137.611083984375
2160.0	2131.0	1145.3798828125
2162.0	2130.0	1140.4288330078125
2162.0	2130.0	1140.603271484375
2163.0	2134.0	1138.1676025390625
2161.0	2129.0	1143.401611328125
2162.0	2133.0	1140.912353515625
2161.0	2133.0	1143.5196533203125
2166.0	2126.0	1130.934814453125
2162.0	2131.0	1141.1304931640625
2164.0	2131.0	1135.990478515625
2162.0	2131.0	1141.206298828125
2162.0	2130.0	1141.2310791015625
2162.0	2133.0	1141.320556640625
2162.0	2132.0	1141.366943359375
2158.0	2133.0	1151.600830078125
2163.0	2128.0	1139.021484375
2153.0	2133.0	1164.247802734375
2152.0	2135.0	1165.7900390625
2153.0	2130.0	1162.400390625
2156.0	2129.0	1153.8804931640625
2153.0	2130.0	1160.6324462890625
2153.0	2131.0	1159.7904052734375
2152.0	2123.0	1161.5303955078125
2153.0	2131.0	1158.3963623046875
2152.0	2127.0	1160.228759765625
2153.0	2129.0	1157.010986328125
2153.0	2131.0	1156.366943359375
2151.0	2129.0	1160.8048095703125
2150.0	2130.0	1162.7525634765625
2153.0	2130.0	1154.551513671875
2151.0	2130.0	1159.0662841796875
2154.0	2129.0	1150.9935302734375
2153.0	2132.0	1153.1136474609375
2152.0	2131.0	1155.2806396484375
2153.0	2130.0	1152.3201904296875
2152.0	2130.0	1154.3531494140625
2146.0	2127.0	1168.9927978515625
2141.0	2133.0	1180.395751953125
2145.0	2131.0	1168.89013671875
2142.0	2131.0	1175.3670654296875
2143.0	2130.0	1171.699462890625
2143.0	2134.0	1170.5849609375
2146.0	2131.0	1161.9346923828125
2143.0	2130.0	1168.5186767578125
2144.0	2132.0	1165.0662841796875
2143.0	2128.0	1166.77392578125
2132.0	2132.0	1193.6029052734375
2137.0	2132.0	1179.0733642578125
2132.0	2132.0	1190.0750732421875
2132.0	2130.0	1188.397216796875
2134.0	2136.0	1181.728271484375
2134.0	2130.0	1180.218994140625
2136.0	2129.0	1173.82373046875
2134.0	2130.0	1177.506591796875
2134.0	2131.0	1176.29931640625
2133.0	2133.0	1177.679931640625
2131.0	2130.0	1181.7078857421875
2135.0	2130.0	1170.4970703125
2133.0	2133.0	1174.501953125
2135.0	2132.0	1168.472900390625
2135.0	2131.0	1167.5277099609375
2132.0	2133.0	1174.3304443359375
2132.0	2131.0	1173.473388671875
2135.0	2130.0	1165.1170654296875
2134.0	2128.0	1167.0030517578125
2133.0	2131.0	1168.800537109375
2135.0	2132.0	1163.0194091796875
2133.0	2131.0	1167.5343017578125
2132.0	2128.0	1169.4412841796875
2132.0	2130.0	1168.85693359375
2131.0	2131.0	1170.8807373046875
2136.0	2129.0	1157.7301025390625
2135.0	2131.0	1159.7608642578125
2132.0	2129.0	1166.9884033203125
2133.0	2130.0	1163.9822998046875
2137.0	2131.0	1153.4256591796875
2136.0	2133.0	1155.647216796875
2133.0	2129.0	1162.97021484375
2131.0	2135.0	1167.7681884765625
2132.0	2133.0	1164.91455078125
2135.0	2130.0	1156.9942626953125
2133.0	2132.0	1161.805419921875
2131.0	2128.0	1166.685546875
2136.0	2127.0	1153.7135009765625
2133.0	2145.0	1161.1656494140625
2135.0	2144.0	1155.8792724609375
2133.0	2145.0	1160.7716064453125
2132.0	2142.0	1163.1536865234375
2133.0	2145.0	1160.2623291015625
2131.0	2144.0	1165.2122802734375
2131.0	2144.0	1164.9976806640625
2132.0	2143.0	1162.316650390625
2133.0	2145.0	1159.5594482421875
2136.0	2146.0	1151.7784423828125
2135.0	2145.0	1154.2205810546875
2134.0	2144.0	1156.6376953125
2133.0	2143.0	1159.0145263671875
2135.0	2147.0	1153.82373046875
2131.0	2143.0	1163.8917236328125
2133.0	2144.0	1158.7265625
2134.0	2144.0	1156.0526123046875
2134.0	2151.0	1156.0982666015625
2133.0	2146.0	1158.56298828125
2141.0	2143.0	1138.1220703125
2133.0	2143.0	1158.435791015625
2133.0	2142.0	1158.372802734375
2134.0	2137.0	1155.7705078125
2133.0	2143.0	1158.3206787109375
2133.0	2145.0	1158.315673828125
2135.0	2145.0	1153.14453125
2132.0	2142.0	1160.8658447265625
2133.0	2146.0	1158.2891845703125
2145.0	2144.0	1127.644287109375
2132.0	2145.0	1160.7745361328125
2134.0	2143.0	1155.7373046875
2133.0	2144.0	1158.1898193359375
2135.0	2144.0	1153.0887451171875
2133.0	2145.0	1158.228759765625
2133.0	2146.0	1158.1866455078125
2133.0	2144.0	1158.12744140625
2132.0	2144.0	1160.6165771484375
2134.0	2144.0	1155.5482177734375
2146.0	2144.0	1125.3575439453125
2143.0	2145.0	1134.1217041015625
2143.0	2143.0	1135.097900390625
2143.0	2144.0	1136.0731201171875
2141.0	2144.0	1142.0687255859375
2145.0	2145.0	1132.7537841796875
2144.0	2145.0	1136.1048583984375
2143.0	2147.0	1139.4759521484375
2144.0	2145.0	1137.6727294921875
2143.0	2142.0	1140.921875
2142.0	2144.0	1144.124267578125
2152.0	2144.0	1119.360595703125
2151.0	2147.0	1123.4842529296875
2153.0	2144.0	1119.8704833984375
2153.0	2143.0	1121.304931640625
2151.0	2144.0	1127.74951171875
2153.0	2143.0	1123.9940185546875
2152.0	2146.0	1127.682373046875
2148.0	2142.0	1139.02197265625
2152.0	2143.0	1129.909423828125
2154.0	2144.0	1125.7860107421875
2151.0	2145.0	1134.4810791015625
2152.0	2145.0	1132.91259765625
2154.0	2145.0	1128.6966552734375
2151.0	2145.0	1137.078125
2153.0	2142.0	1132.7135009765625
2153.0	2143.0	1133.4822998046875
2152.0	2146.0	1136.6807861328125
2151.0	2144.0	1139.91943359375
2153.0	2143.0	1135.4251708984375
2152.0	2141.0	1138.572509765625
2156.0	2146.0	1128.9547119140625
2154.0	2144.0	1134.6405029296875
2152.0	2145.0	1140.22802734375
2152.0	2143.0	1140.7587890625
2155.0	2148.0	1133.5672607421875
2151.0	2146.0	1144.13525390625
2152.0	2144.0	1142.0107421875
2152.0	2143.0	1142.3873291015625
2152.0	2144.0	1142.7200927734375
2151.0	2144.0	1145.5614013671875
2146.0	2133.0	1158.6396484375
2143.0	2130.0	1165.6265869140625
2144.0	2134.0	1162.44189453125
2143.0	2131.0	1164.404052734375
2145.0	2131.0	1158.677490234375
2142.0	2131.0	1165.7269287109375
2142.0	2129.0	1165.1309814453125
2143.0	2131.0	1162.0528564453125
2143.0	2132.0	1161.674560546875
2140.0	2132.0	1168.860595703125
2132.0	2131.0	1187.7822265625
2135.0	2133.0	1178.7666015625
2134.0	2130.0	1179.93359375
2133.0	2129.0	1181.140380859375
2129.0	2132.0	1190.1182861328125
2132.0	2131.0	1181.244873046875
2133.0	2132.0	1177.578857421875
2132.0	2129.0	1179.0833740234375
2132.0	2128.0	1177.9400634765625
2133.0	2131.0	1174.4254150390625
2132.0	2130.0	1176.138916015625
2133.0	2132.0	1172.766357421875
2133.0	2131.0	1171.93994140625
2134.0	2130.0	1168.6192626953125
2134.0	2130.0	1167.9180908203125
2132.0	2130.0	1172.32373046875
2132.0	2128.0	1171.705078125
2133.0	2132.0	1168.588134765625
2133.0	2130.0	1168.0223388671875
2134.0	2132.0	1164.96435546875
2133.0	2131.0	1167.0257568359375
2134.0	2151.0	1163.9991455078125
2136.0	2146.0	1158.439208984375
2124.0	2143.0	1187.9019775390625
2124.0	2148.0	1186.506591796875
2124.0	2150.0	1185.2491455078125
2124.0	2142.0	1184.0213623046875
2126.0	2146.0	1177.75537109375
2121.0	2144.0	1189.3927001953125
2124.0	2142.0	1180.7734375
2124.0	2147.0	1179.81201171875
2130.0	2145.0	1163.596923828125
2123.0	2144.0	1180.6025390625
2125.0	2145.0	1174.6588134765625
2123.0	2154.0	1178.9677734375
2133.0	2145.0	1153.134765625
2132.0	2146.0	1155.9666748046875
2134.0	2143.0	1151.1036376953125
2134.0	2143.0	1151.338134765625
2132.0	2141.0	1156.6553955078125
2133.0	2144.0	1154.350830078125
2132.0	2144.0	1157.136474609375
2134.0	2143.0	1152.334228515625
2133.0	2150.0	1155.10595703125
2132.0	2144.0	1157.859619140625
2137.0	2143.0	1145.32763671875
2133.0	2145.0	1155.7103271484375
2133.0	2142.0	1156.0792236328125
2133.0	2146.0	1156.268310546875
2126.0	2147.0	1174.242919921875
2134.0	2145.0	1154.0125732421875
2133.0	2144.0	1156.66015625
2144.0	2141.0	1129.3936767578125
2143.0	2144.0	1133.0526123046875
2145.0	2143.0	1129.21142578125
2143.0	2146.0	1135.3392333984375
2143.0	2142.0	1136.32275390625
2144.0	2147.0	1134.73779296875
2140.0	2144.0	1145.8421630859375
2142.0	2146.0	1141.77685546875
2154.0	2144.0	1112.47607421875
2155.0	2152.0	1111.714111328125
2152.0	2143.0	1121.046630859375
2159.0	2144.0	1104.8787841796875
2153.0	2143.0	1121.6632080078125
2152.0	2145.0	1125.66357421875
2152.0	2149.0	1127.052001953125
2151.0	2146.0	1130.8193359375
2154.0	2145.0	1124.387451171875
2151.0	2146.0	1133.1212158203125
2152.0	2142.0	1131.6890869140625
2153.0	2146.0	1130.1337890625
2175.0	2143.0	1075.5550537109375
2162.0	2143.0	1110.6881103515625
2163.0	2146.0	1109.974365234375
2165.0	2138.0	1106.605712890625
2163.0	2145.0	1113.351318359375
2163.0	2146.0	1114.9892578125
2164.0	2142.0	1113.89111328125
2163.0	2143.0	1117.945068359375
2163.0	2146.0	1119.2705078125
2162.0	2145.0	1123.0703125
2163.0	2145.0	1121.749755859375
2158.0	2145.0	1135.5986328125
2162.0	2143.0	1126.42529296875
2165.0	2149.0	1119.847900390625
2165.0	2157.0	1120.7838134765625
2163.0	2157.0	1126.7557373046875
2164.0	2156.0	1125.0465087890625
2163.0	2164.0	1128.3673095703125
2164.0	2158.0	1126.5626220703125
2163.0	2157.0	1129.8653564453125
2163.0	2159.0	1130.52880859375
2164.0	2156.0	1128.54833984375
2163.0	2157.0	1131.7052001953125
2161.0	2155.0	1137.34716796875
2163.0	2157.0	1132.804443359375
2164.0	2158.0	1130.7677001953125
2163.0	2162.0	1133.7674560546875
2162.0	2158.0	1136.6605224609375
2167.0	2157.0	1124.3123779296875
2153.0	2157.0	1160.154296875
2152.0	2156.0	1162.053466796875
2152.0	2155.0	1161.3814697265625
2151.0	2143.0	1163.27880859375
2152.0	2144.0	1160.0709228515625
2153.0	2147.0	1156.90234375
2152.0	2143.0	1158.947509765625
2153.0	2143.0	1155.9234619140625
2155.0	2146.0	1150.4649658203125
2152.0	2146.0	1157.6356201171875
2154.0	2144.0	1152.128173828125
2142.0	2144.0	1182.185546875
2143.0	2142.0	1178.241943359375
2141.0	2143.0	1181.9866943359375
2143.0	2147.0	1175.6075439453125
2144.0	2135.0	1171.824462890625
2133.0	2140.0	1197.963623046875
2131.0	2145.0	1200.9830322265625
2133.0	2144.0	1193.940185546875
2133.0	2144.0	1192.08203125
2135.0	2146.0	1185.243896484375
2132.0	2148.0	1191.1129150390625
2135.0	2143.0	1181.864013671875
2132.0	2146.0	1187.9581298828125
2132.0	2145.0	1186.5606689453125
2134.0	2158.0	1180.0921630859375
2132.0	2145.0	1183.8841552734375
2134.0	2145.0	1177.5538330078125
2124.0	2146.0	1201.5054931640625
2125.0	2143.0	1196.9134521484375
2126.0	2145.0	1192.40380859375
2124.0	2143.0	1195.60986328125
2125.0	2145.0	1191.35791015625
2127.0	2145.0	1184.5482177734375
2124.0	2142.0	1190.6632080078125
2124.0	2144.0	1189.169921875
2123.0	2146.0	1190.3824462890625
2123.0	2144.0	1189.001220703125
2123.0	2143.0	1187.807861328125
2123.0	2152.0	1186.6212158203125
2122.0	2145.0	1188.063232421875
2126.0	2146.0	1176.8748779296875
2125.0	2145.0	1178.3741455078125
2123.0	2140.0	1182.553955078125
2122.0	2140.0	1184.1851806640625
2125.0	2144.0	1175.7056884765625
2123.0	2143.0	1179.986328125
2125.0	2144.0	1174.0972900390625
2124.0	2145.0	1175.9747314453125
2133.0	2145.0	1152.51708984375
2133.0	2144.0	1152.87158203125
2133.0	2145.0	1153.2296142578125
2132.0	2139.0	1156.0635986328125
2134.0	2146.0	1151.270751953125
2132.0	2144.0	1156.6807861328125
2134.0	2145.0	1151.8590087890625
2134.0	2143.0	1152.1361083984375
2135.0	2143.0	1149.8389892578125
2131.0	2143.0	1160.3348388671875
2133.0	2146.0	1155.427490234375
2136.0	2144.0	1148.0263671875
2144.0	2142.0	1128.947998046875
2144.0	2146.0	1130.18017578125
2146.0	2145.0	1126.2584228515625
2151.0	2132.0	1115.193359375
2152.0	2133.0	1114.615478515625
2153.0	2133.0	1113.9700927734375
2153.0	2131.0	1115.7841796875
2155.0	2130.0	1112.4493408203125
2153.0	2133.0	1119.1898193359375
2152.0	2130.0	1123.3577880859375
2153.0	2132.0	1122.28369140625
2155.0	2129.0	1118.51025390625
2151.0	2130.0	1129.9677734375
2164.0	2133.0	1098.8509521484375
2163.0	2127.0	1103.659423828125
2162.0	2130.0	1108.28515625
2163.0	2132.0	1107.71630859375
2164.0	2131.0	1107.017578125
2163.0	2132.0	1111.3270263671875
2164.0	2123.0	1110.4718017578125
2159.0	2129.0	1124.8492431640625
2162.0	2130.0	1118.6494140625
2162.0	2131.0	1120.088623046875
2165.0	2131.0	1113.7843017578125
2162.0	2130.0	1122.6322021484375
2162.0	2130.0	1123.7828369140625
2162.0	2131.0	1124.9349365234375
2162.0	2129.0	1125.9632568359375
2165.0	2134.0	1119.35595703125
2163.0	2131.0	1125.5234375
2174.0	2130.0	1099.3770751953125
2172.0	2131.0	1106.3140869140625
2173.0	2130.0	1105.4949951171875
2172.0	2132.0	1109.6279296875
2179.0	2130.0	1093.3232421875
2173.0	2131.0	1110.0286865234375
2172.0	2131.0	1113.8807373046875
2172.0	2137.0	1115.138916015625
2169.0	2131.0	1123.9923095703125
2175.0	2132.0	1109.9404296875
2171.0	2132.0	1121.201904296875
2172.0	2129.0	1119.6798095703125
2172.0	2130.0	1120.5322265625
2184.0	2131.0	1090.884765625
2171.0	2131.0	1124.8326416015625
2172.0	2131.0	1123.152587890625
2174.0	2131.0	1118.840576171875
2172.0	2130.0	1124.701904296875
2175.0	2131.0	1117.7269287109375
2171.0	2134.0	1128.5245361328125
2165.0	2128.0	1144.072998046875
2162.0	2128.0	1151.25439453125
2165.0	2131.0	1143.2156982421875
2124.0	2132.0	1247.3087158203125
2162.0	2130.0	1150.14208984375
2161.0	2130.0	1152.335205078125
2164.0	2128.0	1144.4833984375
2164.0	2131.0	1144.227783203125
2163.0	2131.0	1146.496826171875
2163.0	2129.0	1146.2611083984375
2163.0	2127.0	1145.96435546875
2160.0	2130.0	1153.3138427734375
2164.0	2131.0	1142.8321533203125
2153.0	2132.0	1170.291015625
2153.0	2131.0	1168.938232421875
2152.0	2132.0	1170.1885986328125
2154.0	2132.0	1163.960205078125
2153.0	2130.0	1165.3648681640625
2152.0	2131.0	1166.8880615234375
2152.0	2132.0	1165.880859375
2161.0	2130.0	1142.0513916015625
2152.0	2131.0	1164.076171875
2154.0	2130.0	1158.123291015625
2152.0	2136.0	1162.431884765625
2150.0	2131.0	1166.765625
2154.0	2129.0	1155.8389892578125
2153.0	2130.0	1157.772216796875
2152.0	2131.0	1159.690673828125
2142.0	2131.0	1183.6103515625
2145.0	2131.0	1174.4281005859375
2144.0	2130.0	1175.5338134765625
2144.0	2131.0	1174.1829833984375
2144.0	2132.0	1172.8836669921875
2141.0	2132.0	1179.3306884765625
2147.0	2131.0	1162.9063720703125
2143.0	2132.0	1172.0771484375
2134.0	2127.0	1192.99072265625
2132.0	2134.0	1196.136962890625
2133.0	2130.0	1191.6634521484375
2132.0	2132.0	1192.3055419921875
2134.0	2132.0	1185.4901123046875
2133.0	2128.0	1186.340576171875
2132.0	2131.0	1187.3331298828125
2133.0	2133.0	1183.2669677734375
2134.0	2131.0	1179.282958984375
2132.0	2130.0	1183.15966796875
2132.0	2142.0	1181.8692626953125
2133.0	2146.0	1178.184326171875
2135.0	2145.0	1171.9271240234375
2134.0	2144.0	1173.4263916015625
2133.0	2147.0	1175.0103759765625
2131.0	2144.0	1179.1737060546875
2135.0	2145.0	1168.1236572265625
2135.0	2143.0	1167.2669677734375
2133.0	2144.0	1171.5557861328125
2133.0	2147.0	1170.7569580078125
2133.0	2146.0	1170.0819091796875
2129.0	2146.0	1179.562255859375
2132.0	2146.0	1171.24755859375
2133.0	2150.0	1168.123779296875
2148.0	2143.0	1129.3685302734375
2135.0	2145.0	1162.0306396484375
2133.0	2145.0	1166.560546875
2134.0	2145.0	1163.505615234375
2132.0	2146.0	1168.11376953125
2135.0	2143.0	1160.155517578125
2133.0	2145.0	1164.965087890625
2133.0	2140.0	1164.5718994140625
2135.0	2145.0	1159.0859375
2137.0	2146.0	1153.59912109375
2133.0	2144.0	1163.4337158203125
2132.0	2143.0	1165.656982421875
2131.0	2149.0	1167.8603515625
2130.0	2144.0	1170.2659912109375
2135.0	2146.0	1157.2757568359375
2132.0	2146.0	1164.6141357421875
2131.0	2152.0	1167.041259765625
2132.0	2144.0	1164.287109375
2135.0	2143.0	1156.40966796875
2143.0	2145.0	1136.1798095703125
2143.0	2144.0	1137.0987548828125
2144.0	2149.0	1135.355712890625
2144.0	2144.0	1136.1240234375
2143.0	2144.0	1139.4327392578125
2143.0	2142.0	1140.1478271484375
2145.0	2151.0	1135.841552734375
2152.0	2146.0	1119.06982421875
2151.0	2144.0	1123.210693359375
2154.0	2146.0	1117.05908203125
2152.0	2144.0	1123.5450439453125
2152.0	2149.0	1124.8563232421875
2155.0	2146.0	1118.4573974609375
2156.0	2141.0	1117.1546630859375
2151.0	2145.0	1131.11572265625
2152.0	2144.0	1129.7467041015625
2152.0	2145.0	1130.732177734375
2154.0	2140.0	1126.5718994140625
2153.0	2144.0	1130.0284423828125
2152.0	2136.0	1133.5009765625
2162.0	2146.0	1109.2281494140625
2168.0	2145.0	1095.7786865234375
2163.0	2145.0	1110.2843017578125
2162.0	2145.0	1114.450439453125
2163.0	2141.0	1113.436279296875
2163.0	2144.0	1114.9442138671875
2161.0	2145.0	1121.4967041015625
2161.0	2144.0	1122.8795166015625
2162.0	2142.0	1121.52392578125
2162.0	2147.0	1122.6636962890625
2168.0	2146.0	1108.5118408203125
2165.0	2143.0	1117.181640625
2163.0	2145.0	1123.2652587890625
2162.0	2143.0	1126.8065185546875
2160.0	2144.0	1132.8359375
2163.0	2145.0	1126.095703125
2162.0	2144.0	1129.3214111328125
2163.0	2149.0	1127.51171875
2164.0	2144.0	1125.7427978515625
2162.0	2144.0	1131.5223388671875
2164.0	2158.0	1126.9423828125
2162.0	2156.0	1132.58056640625
2162.0	2160.0	1133.171875
2174.0	2158.0	1103.19482421875
2164.0	2156.0	1129.110595703125
2164.0	2158.0	1129.6766357421875
2162.0	2157.0	1135.2093505859375
2162.0	2157.0	1135.5430908203125
2163.0	2159.0	1133.357666015625
2152.0	2158.0	1161.719482421875
2151.0	2155.0	1163.60888671875
2154.0	2159.0	1155.2498779296875
2148.0	2157.0	1169.874755859375
2153.0	2157.0	1156.5113525390625
2153.0	2156.0	1155.959716796875
2153.0	2163.0	1155.3153076171875
2150.0	2157.0	1162.5098876953125
2150.0	2156.0	1162.0015869140625
2155.0	2156.0	1148.839599609375
2152.0	2155.0	1156.0057373046875
2150.0	2160.0	1160.7052001953125
2141.0	2157.0	1182.346923828125
2143.0	2158.0	1175.8616943359375
2143.0	2158.0	1174.6007080078125
2143.0	2157.0	1173.3697509765625
2138.0	2158.0	1184.44775390625
2131.0	2155.0	1200.1065673828125
2133.0	2159.0	1193.052734375
2133.0	2156.0	1191.1844482421875
2131.0	2156.0	1194.481689453125
2133.0	2157.0	1187.6651611328125
2133.0	2158.0	1185.9686279296875
2132.0	2172.0	1186.9820556640625
2133.0	2155.0	1182.9315185546875
2134.0	2158.0	1179.021484375
2131.0	2158.0	1185.3792724609375
2134.0	2154.0	1176.4462890625
2133.0	2155.0	1177.8092041015625
2126.0	2158.0	1194.2545166015625
2125.0	2156.0	1194.7991943359375
2123.0	2154.0	1197.8720703125
2125.0	2151.0	1190.9483642578125
2122.0	2143.0	1196.8118896484375
2127.0	2146.0	1182.48193359375
2124.0	2143.0	1188.5750732421875
2122.0	2154.0	1192.1688232421875
2123.0	2147.0	1188.199951171875
2123.0	2146.0	1187.036376953125
2124.0	2145.0	1183.252685546875
2125.0	2144.0	1179.5247802734375
2124.0	2144.0	1180.996826171875
2127.0	2144.0	1172.223388671875
2123.0	2143.0	1181.3758544921875
2127.0	2145.0	1170.255615234375
2123.0	2164.0	1179.5870361328125
2121.0	2146.0	1183.850341796875
2121.0	2146.0	1183.1112060546875
2123.0	2145.0	1177.255615234375
2126.0	2139.0	1168.970458984375
2133.0	2145.0	1151.3350830078125
2132.0	2146.0	1154.2042236328125
2132.0	2144.0	1154.5692138671875
2135.0	2142.0	1147.248291015625
2131.0	2140.0	1157.8477783203125
2142.0	2145.0	1130.0992431640625
2133.0	2132.0	1153.2144775390625
2133.0	2130.0	1153.4530029296875
2133.0	2131.0	1153.7017822265625
2131.0	2128.0	1158.9822998046875
2132.0	2129.0	1156.662841796875
2132.0	2131.0	1156.871337890625
2144.0	2128.0	1127.5380859375
2142.0	2131.0	1133.8443603515625
2140.0	2133.0	1140.124267578125
2144.0	2129.0	1131.09228515625
2153.0	2131.0	1109.2415771484375
2151.0	2133.0	1116.343994140625
2160.0	2129.0	1095.451416015625
2153.0	2132.0	1115.0701904296875
2150.0	2131.0	1124.42529296875
2154.0	2126.0	1115.90283203125
2151.0	2132.0	1125.099365234375
2151.0	2131.0	1126.5374755859375
2152.0	2130.0	1125.3460693359375
2150.0	2136.0	1131.6956787109375
2152.0	2129.0	1127.71484375
2153.0	2130.0	1126.351806640625
2162.0	2131.0	1104.497802734375
2161.0	2129.0	1109.10791015625
2163.0	2131.0	1106.0537109375
2164.0	2130.0	1105.4364013671875
2162.0	2130.0	1112.320556640625
2166.0	2134.0	1103.734130859375
2161.0	2130.0	1118.0703125
2162.0	2131.0	1117.0946044921875
2162.0	2133.0	1118.5167236328125
2163.0	2131.0	1117.2618408203125
2163.0	2125.0	1118.498046875
2164.0	2132.0	1117.195068359375
2165.0	2129.0	1115.8228759765625
2162.0	2131.0	1124.5794677734375
2164.0	2132.0	1120.546142578125
2163.0	2131.0	1124.0233154296875
2165.0	2132.0	1119.906005859375
2161.0	2131.0	1130.97216796875
2161.0	2131.0	1131.8966064453125
2162.0	2135.0	1130.0601806640625
2162.0	2126.0	1130.7664794921875
2163.0	2132.0	1128.9080810546875
2162.0	2132.0	1132.03515625
2161.0	2139.0	1135.1400146484375
2163.0	2131.0	1130.757080078125
2161.0	2131.0	1136.3984375
2164.0	2131.0	1129.290283203125
2164.0	2137.0	1129.737548828125
2163.0	2133.0	1132.667724609375
2177.0	2131.0	1097.4508056640625
2161.0	2131.0	1138.5654296875
2163.0	2129.0	1133.7637939453125
2162.0	2130.0	1136.66162109375
2165.0	2130.0	1129.320068359375
2161.0	2130.0	1139.82275390625
2165.0	2131.0	1130.0533447265625
2161.0	2134.0	1140.5013427734375
2161.0	2131.0	1140.7408447265625
2161.0	2131.0	1140.9852294921875
2163.0	2129.0	1136.1766357421875
2163.0	2136.0	1136.455078125
2161.0	2131.0	1141.73388671875
2151.0	2131.0	1166.95751953125
2153.0	2130.0	1160.91943359375
2151.0	2132.0	1165.1544189453125
2164.0	2130.0	1131.2542724609375
2166.0	2130.0	1125.440673828125
2155.0	2131.0	1152.7041015625
2151.0	2130.0	1162.2447509765625
2155.0	2133.0	1151.396728515625
2151.0	2130.0	1160.9453125
2151.0	2129.0	1160.297119140625
2151.0	2132.0	1159.7274169921875
2152.0	2135.0	1156.6484375
2143.0	2131.0	1179.14599609375
2144.0	2133.0	1175.1419677734375
2142.0	2134.0	1178.8570556640625
2145.0	2132.0	1169.9747314453125
2145.0	2130.0	1168.7286376953125
2145.0	2131.0	1167.5777587890625
2145.0	2126.0	1166.402587890625
2136.0	2130.0	1187.5426025390625
2132.0	2122.0	1195.6131591796875
2130.0	2131.0	1198.822509765625
2132.0	2132.0	1191.849853515625
2133.0	2132.0	1187.57861328125
2136.0	2140.0	1178.262451171875
2134.0	2144.0	1181.7469482421875
2135.0	2144.0	1177.7041015625
2133.0	2145.0	1181.3402099609375
2134.0	2143.0	1177.4700927734375
2127.0	2146.0	1193.9986572265625
2123.0	2146.0	1202.5909423828125
2123.0	2145.0	1200.4678955078125
2123.0	2145.0	1198.536376953125
2127.0	2142.0	1186.45947265625
2127.0	2143.0	1184.696044921875
2123.0	2147.0	1193.2030029296875
2122.0	2146.0	1194.17138671875
2126.0	2146.0	1182.570068359375
2122.0	2145.0	1191.3941650390625
2123.0	2145.0	1187.5576171875
2126.0	2144.0	1178.61083984375
2124.0	2139.0	1182.552978515625
2121.0	2147.0	1189.0565185546875
2121.0	2145.0	1187.9801025390625
2123.0	2146.0	1181.822021484375
2122.0	2146.0	1183.4044189453125
2123.0	2149.0	1179.93359375
2122.0	2144.0	1181.6287841796875
2126.0	2144.0	1170.610107421875
2124.0	2144.0	1174.91259765625
2123.0	2145.0	1176.71044921875
2119.0	2143.0	1186.2301025390625
2124.0	2145.0	1172.7838134765625
2124.0	2145.0	1172.23876953125
2125.0	2142.0	1169.1685791015625
2123.0	2144.0	1173.7415771484375
2133.0	2147.0	1148.6768798828125
2133.0	2148.0	1149.1214599609375
2132.0	2146.0	1152.17626953125
2133.0	2147.0	1150.0120849609375
2129.0	2145.0	1160.6060791015625
2134.0	2145.0	1148.126220703125
2133.0	2144.0	1151.0294189453125
2134.0	2147.0	1148.8104248046875
2132.0	2142.0	1154.1746826171875
2131.0	2146.0	1157.02783203125
2133.0	2146.0	1152.2255859375
2143.0	2148.0	1127.818115234375
2145.0	2144.0	1124.03564453125
2140.0	2143.0	1138.078369140625
2143.0	2145.0	1131.6077880859375
2142.0	2144.0	1135.34765625
2151.0	2145.0	1114.2996826171875
2153.0	2148.0	1111.1298828125
2155.0	2146.0	1107.8814697265625
2153.0	2144.0	1114.7347412109375
2151.0	2143.0	1121.5010986328125
2152.0	2144.0	1120.5078125
2155.0	2144.0	1114.32958984375
2152.0	2144.0	1123.4647216796875
2154.0	2145.0	1119.6761474609375
2150.0	2146.0	1131.098876953125
2151.0	2144.0	1129.7652587890625
2163.0	2146.0	1101.1226806640625
2162.0	2149.0	1105.7288818359375
2161.0	2144.0	1110.3458251953125
2162.0	2146.0	1109.768798828125
2162.0	2144.0	1111.5574951171875
2163.0	2144.0	1110.784423828125
2162.0	2142.0	1114.934326171875
2162.0	2145.0	1116.601318359375
2163.0	2143.0	1115.4576416015625
2163.0	2145.0	1116.80517578125
2161.0	2145.0	1123.12109375
2166.0	2147.0	1111.5843505859375
2163.0	2146.0	1120.3883056640625
2161.0	2156.0	1126.5889892578125
2163.0	2151.0	1122.542724609375
2158.0	2157.0	1136.2391357421875
2162.0	2159.0	1126.9737548828125
2164.0	2159.0	1122.6806640625
2163.0	2153.0	1126.09716796875
2162.0	2158.0	1129.486572265625
2162.0	2156.0	1130.181396484375
2162.0	2158.0	1130.8546142578125
2164.0	2156.0	1126.3856201171875
2127.0	2159.0	1221.068115234375
2160.0	2157.0	1137.562255859375
2164.0	2158.0	1127.9615478515625
2162.0	2156.0	1133.4736328125
2151.0	2157.0	1161.97216796875
2150.0	2157.0	1163.844970703125
2152.0	2156.0	1158.191162109375
2150.0	2159.0	1162.7606201171875
2151.0	2168.0	1159.61083984375
2151.0	2160.0	1159.0552978515625
2152.0	2156.0	1156.0814208984375
2152.0	2157.0	1155.64111328125
2144.0	2158.0	1175.576171875
2142.0	2162.0	1179.254150390625
2144.0	2158.0	1172.8431396484375
2144.0	2157.0	1171.4925537109375
2143.0	2155.0	1172.824951171875
2135.0	2154.0	1191.383056640625
2144.0	2157.0	1166.4681396484375
2134.0	2155.0	1189.9085693359375
2133.0	2158.0	1190.4820556640625
2132.0	2160.0	1191.1739501953125
2132.0	2158.0	1189.5350341796875
2132.0	2157.0	1187.8914794921875
2132.0	2158.0	1186.3358154296875
2123.0	2157.0	1207.0823974609375
2124.0	2158.0	1202.244384765625
2122.0	2158.0	1205.1397705078125
2124.0	2156.0	1198.0198974609375
2124.0	2157.0	1196.0982666015625
2125.0	2160.0	1191.59619140625
2126.0	2158.0	1187.285888671875
2125.0	2157.0	1188.2108154296875
2124.0	2158.0	1189.226318359375
2124.0	2161.0	1187.74169921875
2112.0	2158.0	1216.0301513671875
2115.0	2145.0	1205.966064453125
2113.0	2147.0	1208.734619140625
2114.0	2149.0	1204.0550537109375
2112.0	2144.0	1207.2598876953125
2113.0	2144.0	1202.88232421875
2114.0	2145.0	1198.5299072265625
2114.0	2147.0	1196.6541748046875
2113.0	2144.0	1197.6707763671875
2114.0	2145.0	1193.703369140625
2113.0	2148.0	1194.77490234375
2114.0	2144.0	1190.8631591796875
2115.0	2144.0	1187.076171875
2115.0	2145.0	1185.8614501953125
2113.0	2145.0	1189.7940673828125
2114.0	2145.0	1186.1571044921875
2117.0	2150.0	1177.6024169921875
2128.0	2144.0	1148.7479248046875
2114.0	2145.0	1183.540771484375
2113.0	2144.0	1185.2078857421875
2117.0	2144.0	1174.2183837890625
2113.0	2143.0	1183.6123046875
2114.0	2145.0	1180.3056640625
2113.0	2143.0	1182.1297607421875
2113.0	2150.0	1181.4742431640625
2125.0	2146.0	1150.3028564453125
2126.0	2143.0	1148.2935791015625
2123.0	2144.0	1156.4027099609375
2135.0	2145.0	1126.2122802734375
2124.0	2147.0	1154.6728515625
2122.0	2145.0	1160.1822509765625
2124.0	2145.0	1155.448486328125
2124.0	2145.0	1155.8909912109375
2123.0	2148.0	1158.7877197265625
2122.0	2145.0	1161.677001953125
2133.0	2146.0	1134.1143798828125
2133.0	2144.0	1135.4736328125
2133.0	2144.0	1136.7481689453125
2134.0	2145.0	1135.405517578125
2133.0	2145.0	1139.1090087890625
2134.0	2145.0	1137.5989990234375
2137.0	2143.0	1131.052734375
2131.0	2143.0	1147.31005859375
2146.0	2143.0	1110.09326171875
2143.0	2143.0	1119.6641845703125
2142.0	2142.0	1124.1373291015625
2143.0	2146.0	1123.3802490234375
2149.0	2145.0	1110.716064453125
2151.0	2144.0	1108.025634765625
2153.0	2145.0	1105.3609619140625
2154.0	2150.0	1105.09765625
2151.0	2149.0	1114.9114990234375
2152.0	2145.0	1114.419189453125
2152.0	2146.0	1116.3665771484375
2153.0	2143.0	1115.6519775390625
2162.0	2135.0	1095.4732666015625
2162.0	2144.0	1098.18359375
2163.0	2143.0	1098.157470703125
2162.0	2144.0	1103.0657958984375
2163.0	2146.0	1102.81005859375
2159.0	2143.0	1115.1898193359375
2163.0	2144.0	1106.9847412109375
2164.0	2144.0	1106.2645263671875
2172.0	2150.0	1087.7999267578125
2170.0	2144.0	1095.5186767578125
2171.0	2144.0	1095.5638427734375
2171.0	2142.0	1097.958984375
2171.0	2143.0	1100.3375244140625
2171.0	2142.0	1102.4964599609375
2173.0	2143.0	1099.547119140625
2170.0	2145.0	1109.1063232421875
2172.0	2143.0	1105.8746337890625
2171.0	2145.0	1110.1502685546875
2179.0	2145.0	1091.42626953125
2172.0	2144.0	1110.8392333984375
2171.0	2147.0	1114.8636474609375
2174.0	2147.0	1108.6297607421875
2171.0	2145.0	1117.590087890625
2171.0	2143.0	1118.89599609375
2174.0	2143.0	1112.44921875
2172.0	2148.0	1118.6202392578125
2169.0	2142.0	1127.317626953125
2145.0	2145.0	1189.4368896484375
2171.0	2145.0	1124.0885009765625
2172.0	2144.0	1122.4967041015625
2172.0	2142.0	1123.392578125
2171.0	2143.0	1126.65625
2171.0	2143.0	1127.341552734375
2172.0	2144.0	1125.5159912109375
2180.0	2145.0	1105.7386474609375
2185.0	2144.0	1093.6795654296875
2171.0	2145.0	1129.90966796875
2171.0	2143.0	1130.4346923828125
2174.0	2146.0	1123.2633056640625
2174.0	2144.0	1123.781494140625
2172.0	2145.0	1129.280517578125
2171.0	2145.0	1132.1749267578125
2171.0	2147.0	1132.64453125
2173.0	2144.0	1128.0611572265625
2173.0	2142.0	1128.4228515625
2173.0	2146.0	1128.6781005859375
2163.0	2146.0	1154.6173095703125
2164.0	2146.0	1151.3497314453125
2162.0	2146.0	1155.7274169921875
2163.0	2146.0	1152.464111328125
2162.0	2144.0	1154.4722900390625
2163.0	2142.0	1151.31494140625
2160.0	2145.0	1158.433349609375
2162.0	2145.0	1152.8082275390625
2163.0	2145.0	1149.75146484375
2162.0	2150.0	1151.8023681640625
2163.0	2144.0	1148.8924560546875
2166.0	2160.0	1140.8824462890625
2154.0	2144.0	1169.9566650390625
2152.0	2158.0	1173.6993408203125
2153.0	2142.0	1169.7071533203125
2155.0	2146.0	1163.3857421875
2153.0	2145.0	1167.231201171875
2150.0	2143.0	1173.6888427734375
2153.0	2145.0	1164.9044189453125
2147.0	2145.0	1178.83349609375
2144.0	2143.0	1184.58154296875
2144.0	2145.0	1182.668212890625
2143.0	2140.0	1183.413330078125
2137.0	2144.0	1196.9544677734375
2133.0	2145.0	1205.1248779296875
2133.0	2145.0	1202.57470703125
2133.0	2141.0	1200.099365234375
2132.0	2143.0	1200.26904296875
2132.0	2143.0	1198.04150390625
2132.0	2143.0	1195.9554443359375
2132.0	2142.0	1194.0010986328125
2133.0	2145.0	1189.584228515625
2137.0	2144.0	1177.685791015625
2136.0	2147.0	1178.55859375
2124.0	2148.0	1207.1611328125
2124.0	2146.0	1204.6829833984375
2128.0	2147.0	1192.260498046875
2123.0	2145.0	1202.7552490234375
2125.0	2129.0	1195.572998046875
2124.0	2132.0	1196.1300048828125
2127.0	2130.0	1186.6243896484375
2126.0	2129.0	1187.4527587890625
2121.0	2130.0	1198.497314453125
2124.0	2125.0	1189.3372802734375
