1506.0	1926.0	2441.33447265625
1527.0	1936.0	2400.20263671875
1525.0	1936.0	2418.75390625
1554.0	1949.0	2359.01708984375
1552.0	1950.0	2379.096923828125
1571.0	1949.0	2346.921875
1580.0	1964.0	2340.292236328125
1597.0	1963.0	2313.968505859375
1619.0	1976.0	2276.645263671875
1638.0	1977.0	2247.52294921875
1655.0	1988.0	2224.127197265625
1673.0	1990.0	2198.7529296875
1674.0	1991.0	2217.269287109375
1710.0	2002.0	2148.05908203125
1731.0	2009.0	2117.632080078125
1731.0	2001.0	2141.405517578125
1741.0	2015.0	2139.418701171875
1758.0	2031.0	2119.794189453125
1779.0	2040.0	2090.494384765625
1797.0	2046.0	2070.0498046875
1816.0	2048.0	2047.582275390625
1835.0	2051.0	2025.391357421875
1854.0	2062.0	2003.408203125
1854.0	2066.0	2030.405517578125
1892.0	2079.0	1961.08935546875
1892.0	2079.0	1989.410400390625
1911.0	2081.0	1969.5389404296875
1932.0	2091.0	1944.7919921875
1949.0	2093.0	1930.410888671875
1970.0	2103.0	1905.8653564453125
1988.0	2104.0	1890.14453125
2006.0	2105.0	1874.59130859375
2018.0	2118.0	1874.272705078125
2017.0	2119.0	1906.5843505859375
2038.0	2117.0	1882.8294677734375
2056.0	2130.0	1866.9549560546875
2076.0	2131.0	1846.85400390625
2094.0	2129.0	1831.8623046875
2103.0	2146.0	1839.479736328125
2124.0	2146.0	1816.1600341796875
2142.0	2142.0	1800.3856201171875
2152.0	2157.0	1805.907958984375
2172.0	2159.0	1785.133544921875
2173.0	2159.0	1813.0145263671875
2191.0	2169.0	1797.7835693359375
2201.0	2170.0	1802.368896484375
2212.0	2169.0	1803.9312744140625
2229.0	2184.0	1790.19140625
2242.0	2182.0	1786.3038330078125
2250.0	2184.0	1794.452392578125
2269.0	2183.0	1773.86279296875
2279.0	2195.0	1777.0919189453125
2288.0	2194.0	1782.1446533203125
2291.0	2196.0	1802.148193359375
2298.0	2198.0	1811.1669921875
2309.0	2196.0	1809.529296875
2321.0	2201.0	1804.6910400390625
2329.0	2209.0	1809.9505615234375
2337.0	2211.0	1814.7344970703125
2347.0	2206.0	1813.8043212890625
2347.0	2209.0	1837.8597412109375
2356.0	2210.0	1838.6748046875
2375.0	2207.0	1814.6077880859375
2387.0	2209.0	1808.3599853515625
2397.0	2209.0	1806.67138671875
2404.0	2212.0	1812.2540283203125
2406.0	2211.0	1829.7833251953125
2415.0	2208.0	1828.4095458984375
2426.0	2208.0	1822.109130859375
2423.0	2207.0	1850.8419189453125
2425.0	2211.0	1865.659423828125
2434.0	2208.0	1862.49609375
2434.0	2210.0	1881.27001953125
2444.0	2207.0	1874.1138916015625
2443.0	2210.0	1894.52392578125
2456.0	2208.0	1878.9561767578125
2453.0	2210.0	1903.5081787109375
2465.0	2211.0	1889.240478515625
2464.0	2208.0	1907.953125
2464.0	2208.0	1923.265380859375
2461.0	2209.0	1945.3668212890625
2473.0	2208.0	1929.4580078125
2481.0	2209.0	1923.0863037109375
2475.0	2209.0	1951.552001953125
2480.0	2207.0	1951.260986328125
2488.0	2210.0	1942.6654052734375
2471.0	2210.0	1996.95703125
2468.0	2196.0	2014.8447265625
2473.0	2197.0	2011.96337890625
2483.0	2196.0	1995.9664306640625
2482.0	2197.0	2008.2939453125
2484.0	2197.0	2012.23583984375
2486.0	2196.0	2015.8321533203125
2473.0	2196.0	2056.453857421875
2473.0	2191.0	2063.07080078125
2474.0	2197.0	2066.8095703125
2475.0	2183.0	2070.194580078125
2475.0	2183.0	2075.90478515625
2474.0	2185.0	2083.712158203125
2475.0	2183.0	2086.14892578125
2473.0	2181.0	2095.892578125
2474.0	2185.0	2097.686767578125
2473.0	2180.0	2104.2373046875
2466.0	2170.0	2125.201904296875
2465.0	2167.0	2130.271484375
2463.0	2172.0	2137.7265625
2463.0	2165.0	2139.905029296875
2455.0	2172.0	2162.100341796875
2456.0	2164.0	2160.426025390625
2456.0	2174.0	2161.178466796875
2454.0	2160.0	2167.001220703125
2443.0	2152.0	2194.91552734375
2443.0	2161.0	2194.363037109375
2435.0	2160.0	2213.520263671875
2436.0	2142.0	2209.34912109375
2433.0	2145.0	2215.44775390625
2436.0	2145.0	2206.33447265625
2424.0	2146.0	2235.217529296875
2424.0	2144.0	2232.875244140625
2425.0	2144.0	2228.018310546875
2416.0	2130.0	2247.764404296875
2417.0	2130.0	2241.998291015625
2414.0	2129.0	2246.568603515625
2407.0	2130.0	2260.864501953125
2406.0	2130.0	2259.624267578125
2394.0	2119.0	2286.337158203125
2396.0	2117.0	2276.7158203125
2385.0	2118.0	2300.036865234375
2389.0	2119.0	2284.7890625
2388.0	2120.0	2282.36572265625
2377.0	2118.0	2304.842529296875
2366.0	2118.0	2326.76513671875
2366.0	2103.0	2320.626708984375
2366.0	2106.0	2314.718505859375
2356.0	2106.0	2334.067626953125
2355.0	2104.0	2330.168212890625
2359.0	2102.0	2313.923828125
2346.0	2107.0	2340.248291015625
2349.0	2105.0	2326.147705078125
2347.0	2103.0	2325.142822265625
2337.0	2105.0	2343.70654296875
2337.0	2092.0	2337.0068359375
2338.0	2092.0	2328.0908203125
2337.0	2092.0	2324.5576171875
2329.0	2090.0	2338.781494140625
2329.0	2091.0	2332.370361328125
2327.0	2096.0	2331.35009765625
2333.0	2092.0	2310.2919921875
2319.0	2093.0	2339.546142578125
2315.0	2092.0	2343.4716796875
2315.0	2093.0	2337.539306640625
2321.0	2091.0	2316.61767578125
2308.0	2093.0	2343.8564453125
2311.0	2092.0	2330.0869140625
2310.0	2093.0	2326.880859375
2307.0	2091.0	2329.018798828125
2308.0	2093.0	2321.185791015625
2306.0	2093.0	2321.260986328125
2312.0	2094.0	2301.304443359375
2310.0	2090.0	2301.896728515625
2300.0	2093.0	2322.60498046875
2300.0	2090.0	2317.50390625
2312.0	2093.0	2282.16748046875
2296.0	2093.0	2318.367919921875
2293.0	2092.0	2321.443603515625
2297.0	2091.0	2307.011962890625
2296.0	2093.0	2305.489013671875
2299.0	2092.0	2293.99462890625
2298.0	2092.0	2293.0205078125
2298.0	2105.0	2289.64794921875
2301.0	2103.0	2278.768310546875
2299.0	2105.0	2280.72314453125
2298.0	2106.0	2280.21142578125
2298.0	2107.0	2277.34130859375
2297.0	2105.0	2277.203857421875
2298.0	2107.0	2272.064453125
2298.0	2104.0	2269.7255859375
2298.0	2105.0	2267.38427734375
2308.0	2105.0	2240.6162109375
2309.0	2106.0	2236.94921875
2308.0	2106.0	2238.3779296875
2307.0	2106.0	2239.88720703125
2308.0	2118.0	2236.339111328125
2308.0	2118.0	2235.36279296875
2309.0	2116.0	2232.037353515625
2310.0	2118.0	2228.560546875
2309.0	2118.0	2230.25830078125
2317.0	2115.0	2209.635009765625
2317.0	2120.0	2209.77001953125
2317.0	2120.0	2209.86181640625
2319.0	2131.0	2204.88427734375
2318.0	2131.0	2207.511474609375
2318.0	2132.0	2207.546630859375
2327.0	2131.0	2185.717529296875
2328.0	2133.0	2184.26171875
2327.0	2133.0	2187.734130859375
2326.0	2137.0	2191.145263671875
2329.0	2135.0	2184.35546875
2337.0	2133.0	2165.547607421875
2337.0	2145.0	2167.258056640625
2338.0	2142.0	2166.302734375
2335.0	2143.0	2175.339599609375
2336.0	2144.0	2174.10009765625
2337.0	2144.0	2172.82470703125
2336.0	2147.0	2176.55859375
2345.0	2145.0	2155.6708984375
2346.0	2142.0	2155.12890625
2347.0	2142.0	2154.462158203125
2348.0	2145.0	2153.653076171875
2350.0	2143.0	2150.20751953125
2356.0	2145.0	2136.93505859375
2358.0	2142.0	2134.34033203125
2356.0	2147.0	2141.70947265625
2356.0	2146.0	2143.78369140625
2356.0	2158.0	2145.796875
2366.0	2161.0	2123.341552734375
2365.0	2159.0	2128.72216796875
2368.0	2164.0	2123.843994140625
2368.0	2160.0	2126.316162109375
2368.0	2162.0	2128.58984375
2366.0	2162.0	2135.690185546875
2367.0	2160.0	2135.22216796875
2366.0	2160.0	2139.57763671875
2376.0	2158.0	2116.838134765625
2375.0	2160.0	2121.88720703125
2376.0	2154.0	2121.743408203125
2385.0	2160.0	2101.95556640625
2385.0	2150.0	2105.169677734375
2385.0	2160.0	2108.1015625
2387.0	2158.0	2105.74267578125
2386.0	2158.0	2110.886474609375
2395.0	2158.0	2091.2998046875
2395.0	2156.0	2094.511962890625
2395.0	2152.0	2097.55615234375
2395.0	2172.0	2100.378173828125
2396.0	2164.0	2100.520751953125
2395.0	2178.0	2105.47216796875
2395.0	2176.0	2107.697998046875
2396.0	2166.0	2107.283935546875
2394.0	2166.0	2114.394775390625
2394.0	2165.0	2116.226318359375
2394.0	2174.0	2117.910400390625
2395.0	2170.0	2116.9619140625
2394.0	2172.0	2121.01171875
2394.0	2171.0	2122.410400390625
2395.0	2169.0	2121.067138671875
2395.0	2171.0	2122.29248046875
2397.0	2170.0	2118.337158203125
2396.0	2157.0	2121.984375
2397.0	2157.0	2120.423583984375
2396.0	2158.0	2123.592529296875
2396.0	2158.0	2124.383056640625
2395.0	2158.0	2127.673828125
2395.0	2157.0	2128.259033203125
2396.0	2158.0	2126.282958984375
2394.0	2158.0	2131.88330078125
2395.0	2159.0	2129.8564453125
2394.0	2157.0	2132.76611328125
2397.0	2157.0	2125.56689453125
2387.0	2159.0	2151.092041015625
2386.0	2158.0	2152.99609375
2386.0	2157.0	2152.27294921875
2385.0	2156.0	2154.0556640625
2375.0	2156.0	2178.16552734375
2375.0	2158.0	2176.447509765625
2377.0	2157.0	2169.6796875
2377.0	2157.0	2168.05712890625
2366.0	2157.0	2194.238037109375
2369.0	2160.0	2184.114990234375
2365.0	2145.0	2191.825927734375
2368.0	2145.0	2181.891845703125
2366.0	2144.0	2184.758544921875
2364.0	2143.0	2187.60595703125
2370.0	2145.0	2170.293212890625
2355.0	2145.0	2205.612060546875
2355.0	2143.0	2202.6572265625
2354.0	2145.0	2202.4072265625
2356.0	2144.0	2194.628662109375
2360.0	2145.0	2181.94384765625
2343.0	2146.0	2222.5556640625
2343.0	2145.0	2219.171142578125
2347.0	2141.0	2205.85498046875
2345.0	2145.0	2207.912353515625
2345.0	2142.0	2205.044921875
2348.0	2146.0	2194.66162109375
2346.0	2146.0	2197.0751953125
2336.0	2145.0	2219.4169921875
2335.0	2144.0	2218.428955078125
2337.0	2144.0	2210.03076171875
2337.0	2146.0	2206.8095703125
2337.0	2142.0	2203.851806640625
2337.0	2145.0	2200.897705078125
2337.0	2143.0	2198.041015625
2337.0	2145.0	2195.485107421875
2327.0	2143.0	2217.97119140625
2329.0	2143.0	2209.46826171875
2327.0	2146.0	2211.364990234375
2329.0	2147.0	2203.152099609375
2327.0	2148.0	2205.306884765625
2329.0	2141.0	2197.39892578125
2318.0	2149.0	2221.8017578125
2319.0	2146.0	2215.58935546875
2316.0	2130.0	2219.753173828125
2320.0	2143.0	2206.287841796875
2316.0	2133.0	2213.25537109375
2317.0	2129.0	2207.763671875
2284.0	2130.0	2288.957763671875
2310.0	2130.0	2219.07568359375
2308.0	2130.0	2220.712890625
2310.0	2131.0	2212.22021484375
2308.0	2130.0	2214.134765625
2311.0	2131.0	2203.3818359375
2308.0	2130.0	2208.08203125
2308.0	2131.0	2205.312744140625
2298.0	2130.0	2227.5498046875
2297.0	2132.0	2226.506103515625
2299.0	2129.0	2217.932373046875
2298.0	2130.0	2217.2236328125
2298.0	2129.0	2214.118408203125
2298.0	2131.0	2211.176513671875
2289.0	2132.0	2230.423095703125
2291.0	2132.0	2221.79443359375
2289.0	2132.0	2223.372314453125
2291.0	2129.0	2215.088623046875
2291.0	2132.0	2212.001708984375
2291.0	2129.0	2209.092529296875
2289.0	2130.0	2211.2685546875
2290.0	2130.0	2206.06005859375
2292.0	2132.0	2198.325927734375
2288.0	2132.0	2206.008544921875
2289.0	2128.0	2200.9970703125
2277.0	2129.0	2228.523193359375
2279.0	2131.0	2220.14697265625
2279.0	2131.0	2217.023193359375
2281.0	2132.0	2208.928955078125
2285.0	2130.0	2195.905517578125
2283.0	2131.0	2198.451904296875
2284.0	2131.0	2193.3740234375
2294.0	2130.0	2165.5009765625
2278.0	2132.0	2203.96240234375
2277.0	2130.0	2204.22607421875
2266.0	2130.0	2229.427734375
2271.0	2132.0	2213.756103515625
2269.0	2132.0	2216.0126953125
2270.0	2131.0	2210.80029296875
2270.0	2130.0	2208.35107421875
2268.0	2132.0	2211.033203125
2271.0	2144.0	2201.181884765625
2268.0	2146.0	2206.623291015625
2270.0	2144.0	2199.359375
2270.0	2143.0	2197.3291015625
2258.0	2143.0	2225.32666015625
2259.0	2144.0	2219.861572265625
2261.0	2145.0	2212.02978515625
2259.0	2145.0	2214.663330078125
2260.0	2144.0	2209.63134765625
2259.0	2146.0	2209.822998046875
2260.0	2141.0	2204.968994140625
2259.0	2145.0	2205.247802734375
2258.0	2151.0	2205.716796875
2260.0	2143.0	2198.61474609375
2260.0	2151.0	2196.6650390625
2260.0	2140.0	2194.8544921875
2262.0	2157.0	2188.04833984375
2260.0	2151.0	2191.46142578125
2259.0	2156.0	2192.4150390625
2261.0	2156.0	2185.818603515625
2259.0	2155.0	2189.466796875
2259.0	2157.0	2188.095947265625
2259.0	2157.0	2186.818115234375
2261.0	2155.0	2180.54541015625
2259.0	2157.0	2184.476318359375
2259.0	2170.0	2183.35986328125
2258.0	2171.0	2184.76708984375
2262.0	2169.0	2173.4931640625
2259.0	2171.0	2180.0439453125
2262.0	2167.0	2171.4013671875
2261.0	2171.0	2172.9931640625
2258.0	2172.0	2179.74755859375
2258.0	2169.0	2178.874755859375
2260.0	2171.0	2172.899658203125
2260.0	2172.0	2172.003662109375
2259.0	2169.0	2173.88232421875
2259.0	2170.0	2173.120361328125
2270.0	2171.0	2144.382080078125
2269.0	2173.0	2147.34716796875
2272.0	2170.0	2140.106689453125
2269.0	2171.0	2148.065673828125
2268.0	2172.0	2150.902587890625
2269.0	2173.0	2148.66455078125
2269.0	2170.0	2149.070556640625
2273.0	2171.0	2139.138671875
2270.0	2171.0	2147.000732421875
2269.0	2171.0	2149.794677734375
2269.0	2169.0	2149.969970703125
2271.0	2172.0	2144.9013671875
2268.0	2185.0	2152.6533203125
2279.0	2183.0	2125.3330078125
2280.0	2181.0	2123.73876953125
2279.0	2183.0	2127.197509765625
2275.0	2183.0	2138.263916015625
2278.0	2183.0	2131.3994140625
2279.0	2184.0	2129.562744140625
2278.0	2183.0	2132.80859375
2282.0	2183.0	2123.3037109375
2283.0	2184.0	2121.341796875
2276.0	2183.0	2139.55615234375
2274.0	2183.0	2145.099853515625
2277.0	2183.0	2137.8232421875
2278.0	2183.0	2135.58544921875
2277.0	2185.0	2138.53955078125
2279.0	2171.0	2133.74609375
2278.0	2170.0	2136.623046875
2279.0	2171.0	2134.4931640625
2279.0	2171.0	2134.739990234375
2277.0	2170.0	2140.039794921875
2279.0	2170.0	2135.18701171875
2278.0	2166.0	2137.854736328125
2280.0	2170.0	2132.873291015625
2280.0	2168.0	2133.031982421875
2271.0	2169.0	2155.448974609375
2269.0	2170.0	2159.607666015625
2269.0	2174.0	2158.700439453125
2268.0	2172.0	2160.3642578125
2270.0	2177.0	2154.43603515625
2269.0	2171.0	2156.224853515625
2270.0	2166.0	2152.88134765625
2270.0	2185.0	2152.209716796875
2269.0	2167.0	2154.02099609375
2270.0	2185.0	2150.732666015625
2261.0	2176.0	2172.80615234375
2259.0	2169.0	2176.12060546875
2260.0	2169.0	2171.95361328125
2260.0	2171.0	2170.434814453125
2259.0	2171.0	2171.44677734375
2260.0	2169.0	2167.569580078125
2262.0	2170.0	2161.126220703125
2257.0	2170.0	2172.47216796875
2253.0	2157.0	2180.9169921875
2249.0	2150.0	2188.853759765625
2251.0	2156.0	2181.552001953125
2252.0	2156.0	2176.8525390625
2248.0	2156.0	2185.05078125
2249.0	2158.0	2180.616943359375
2242.0	2158.0	2195.72509765625
2239.0	2157.0	2200.642333984375
2241.0	2155.0	2193.065185546875
2240.0	2157.0	2193.157470703125
2239.0	2158.0	2193.39794921875
2241.0	2157.0	2186.17529296875
2229.0	2146.0	2214.536865234375
2229.0	2143.0	2211.55419921875
2230.0	2145.0	2206.080078125
2229.0	2144.0	2205.8544921875
2232.0	2147.0	2195.5625
2219.0	2143.0	2225.46826171875
2219.0	2143.0	2222.11328125
2222.0	2145.0	2211.22998046875
2223.0	2145.0	2205.631591796875
2226.0	2145.0	2195.06005859375
2219.0	2145.0	2210.225341796875
2224.0	2144.0	2194.889892578125
2205.0	2144.0	2239.979248046875
2211.0	2145.0	2221.364013671875
2207.0	2145.0	2228.367919921875
2211.0	2144.0	2215.16845703125
2213.0	2147.0	2207.127685546875
2200.0	2145.0	2237.345458984375
2201.0	2145.0	2231.179931640625
2202.0	2144.0	2225.205810546875
2201.0	2142.0	2224.375
2201.0	2148.0	2221.396484375
2202.0	2145.0	2215.956298828125
2201.0	2130.0	2215.67236328125
2200.0	2130.0	2215.533447265625
2191.0	2129.0	2235.213623046875
2191.0	2132.0	2231.765625
2190.0	2126.0	2230.9833984375
2191.0	2131.0	2225.336669921875
2191.0	2132.0	2222.41064453125
2191.0	2131.0	2219.583740234375
2191.0	2130.0	2216.861083984375
2190.0	2140.0	2216.928466796875
2184.0	2135.0	2229.254638671875
2182.0	2129.0	2231.086181640625
2181.0	2131.0	2230.55712890625
2182.0	2145.0	2225.088134765625
2182.0	2135.0	2222.346435546875
2181.0	2129.0	2222.28564453125
2184.0	2131.0	2212.1474609375
2172.0	2130.0	2239.500732421875
2172.0	2129.0	2236.38525390625
2171.0	2132.0	2235.871826171875
2174.0	2133.0	2225.3095703125
2172.0	2131.0	2227.51953125
2171.0	2131.0	2227.4208984375
2172.0	2131.0	2222.363037109375
2171.0	2131.0	2222.495361328125
2194.0	2131.0	2161.881103515625
2171.0	2131.0	2218.335693359375
2171.0	2148.0	2216.262939453125
2163.0	2130.0	2234.1064453125
2163.0	2132.0	2231.2802734375
2162.0	2131.0	2231.151611328125
2165.0	2132.0	2220.904541015625
2161.0	2131.0	2228.607177734375
2163.0	2130.0	2221.292236328125
2162.0	2132.0	2221.672607421875
2163.0	2132.0	2217.03466796875
2161.0	2132.0	2220.182373046875
2162.0	2131.0	2215.800537109375
2166.0	2130.0	2203.9169921875
2152.0	2145.0	2237.412353515625
2154.0	2146.0	2229.657958984375
2153.0	2143.0	2229.74267578125
2154.0	2145.0	2224.827880859375
2143.0	2145.0	2250.594482421875
2154.0	2144.0	2220.45947265625
2161.0	2144.0	2200.59423828125
2152.0	2145.0	2221.69091796875
2154.0	2143.0	2214.867431640625
2148.0	2145.0	2228.48876953125
2151.0	2144.0	2219.20947265625
2149.0	2144.0	2222.74853515625
2151.0	2144.0	2216.215576171875
2153.0	2147.0	2209.664794921875
2151.0	2145.0	2213.468505859375
2151.0	2143.0	2212.194580078125
2152.0	2144.0	2208.43994140625
2150.0	2146.0	2212.336669921875
2154.0	2144.0	2201.03759765625
2151.0	2147.0	2207.704833984375
2152.0	2146.0	2204.132080078125
2151.0	2138.0	2205.74462890625
2155.0	2147.0	2194.724365234375
2154.0	2149.0	2196.45849609375
2153.0	2146.0	2198.278076171875
2154.0	2144.0	2195.017578125
2153.0	2141.0	2196.855712890625
2154.0	2141.0	2193.64990234375
2153.0	2152.0	2195.5546875
2153.0	2141.0	2194.945068359375
2151.0	2150.0	2199.4912109375
2151.0	2166.0	2198.959228515625
2153.0	2153.0	2193.2841796875
2151.0	2163.0	2197.852783203125
2153.0	2157.0	2192.503173828125
2151.0	2156.0	2197.131591796875
2154.0	2157.0	2189.083251953125
2154.0	2155.0	2188.7548828125
2152.0	2156.0	2193.50537109375
2155.0	2158.0	2185.553955078125
2153.0	2157.0	2190.36572265625
2152.0	2157.0	2192.617431640625
2151.0	2157.0	2194.833740234375
2151.0	2157.0	2194.565185546875
2154.0	2157.0	2186.708984375
2152.0	2158.0	2191.52783203125
2151.0	2157.0	2193.985107421875
2152.0	2156.0	2191.111572265625
2150.0	2157.0	2195.922119140625
2152.0	2157.0	2190.6494140625
2152.0	2159.0	2190.376220703125
2152.0	2156.0	2190.1640625
2152.0	2157.0	2189.970947265625
2151.0	2159.0	2192.30224609375
2152.0	2159.0	2189.59033203125
2152.0	2156.0	2189.530029296875
2154.0	2158.0	2184.29736328125
2151.0	2156.0	2191.8466796875
2155.0	2157.0	2181.474609375
2151.0	2157.0	2191.51318359375
2153.0	2156.0	2186.3056640625
2152.0	2158.0	2188.72998046875
2155.0	2159.0	2180.99169921875
2160.0	2157.0	2168.206298828125
2155.0	2157.0	2180.892333984375
2154.0	2158.0	2183.37841796875
2148.0	2159.0	2198.612060546875
2151.0	2158.0	2190.802490234375
2151.0	2158.0	2190.638916015625
2152.0	2158.0	2187.981689453125
2153.0	2157.0	2185.380615234375
2153.0	2155.0	2185.301513671875
2155.0	2158.0	2180.15380859375
2152.0	2161.0	2187.770263671875
2162.0	2160.0	2163.207763671875
2161.0	2155.0	2166.648193359375
2164.0	2154.0	2160.01513671875
2163.0	2164.0	2163.457275390625
2162.0	2148.0	2166.784912109375
2162.0	2149.0	2167.495849609375
2162.0	2145.0	2168.276611328125
2163.0	2151.0	2166.439453125
2165.0	2141.0	2162.056640625
2163.0	2149.0	2167.760009765625
2163.0	2158.0	2168.431640625
2162.0	2140.0	2171.486083984375
2160.0	2143.0	2177.085205078125
2162.0	2143.0	2172.469482421875
2163.0	2145.0	2170.348876953125
2162.0	2147.0	2173.292724609375
2163.0	2143.0	2171.138427734375
2161.0	2144.0	2176.532470703125
2152.0	2144.0	2199.810791015625
2153.0	2143.0	2196.56396484375
2152.0	2146.0	2198.4326171875
2153.0	2144.0	2195.33251953125
2152.0	2144.0	2197.212646484375
2156.0	2146.0	2186.390625
2152.0	2146.0	2196.035888671875
2153.0	2144.0	2192.91064453125
2152.0	2144.0	2194.920166015625
2154.0	2143.0	2189.3134765625
2152.0	2145.0	2193.92138671875
2153.0	2145.0	2190.917724609375
2152.0	2146.0	2193.0166015625
2154.0	2146.0	2187.537841796875
2153.0	2144.0	2189.719970703125
2151.0	2156.0	2194.4052734375
2153.0	2158.0	2188.970703125
2153.0	2155.0	2188.635498046875
2161.0	2159.0	2167.99609375
2149.0	2158.0	2198.315185546875
2145.0	2157.0	2207.405029296875
2139.0	2157.0	2221.48046875
2143.0	2157.0	2210.155029296875
2142.0	2157.0	2211.652587890625
2142.0	2157.0	2210.577392578125
2145.0	2158.0	2201.8974609375
2144.0	2158.0	2203.633544921875
2133.0	2157.0	2230.583740234375
2132.0	2156.0	2231.2080078125
2132.0	2154.0	2229.32177734375
2133.0	2160.0	2225.017333984375
2133.0	2155.0	2223.40576171875
2133.0	2160.0	2221.828125
2134.0	2159.0	2217.798828125
2135.0	2171.0	2213.86572265625
2133.0	2166.0	2217.684326171875
2133.0	2175.0	2216.448486328125
2132.0	2170.0	2217.896728515625
2132.0	2170.0	2216.788330078125
2133.0	2170.0	2213.191650390625
2134.0	2173.0	2209.61083984375
2126.0	2169.0	2228.45751953125
2123.0	2169.0	2234.322998046875
2124.0	2169.0	2230.10205078125
2124.0	2170.0	2228.48291015625
2126.0	2170.0	2221.7060546875
2124.0	2172.0	2225.380615234375
2123.0	2172.0	2226.53662109375
2124.0	2169.0	2222.692138671875
2124.0	2172.0	2221.474609375
2125.0	2169.0	2217.8427734375
2123.0	2170.0	2221.832275390625
2124.0	2170.0	2218.204345703125
2125.0	2172.0	2214.715087890625
2123.0	2170.0	2218.869873046875
2126.0	2182.0	2210.379638671875
2122.0	2185.0	2219.686767578125
2126.0	2183.0	2208.681396484375
2124.0	2184.0	2213.005615234375
2125.0	2186.0	2209.665771484375
2129.0	2181.0	2198.88671875
2126.0	2183.0	2205.923583984375
2137.0	2181.0	2177.381591796875
2123.0	2184.0	2212.4716796875
2125.0	2184.0	2206.898193359375
2122.0	2184.0	2214.007568359375
2123.0	2182.0	2211.020263671875
2124.0	2182.0	2208.127197265625
2123.0	2181.0	2210.18408203125
2124.0	2183.0	2207.19775390625
2123.0	2185.0	2209.470703125
2123.0	2185.0	2209.139892578125
2120.0	2183.0	2216.376220703125
2124.0	2185.0	2205.895263671875
2123.0	2185.0	2208.195068359375
2124.0	2189.0	2205.4111328125
2122.0	2177.0	2210.3076171875
2124.0	2182.0	2204.978515625
2123.0	2198.0	2207.3212890625
2122.0	2180.0	2209.63330078125
2124.0	2182.0	2204.34521484375
2114.0	2182.0	2229.479248046875
2115.0	2184.0	2225.509033203125
2114.0	2181.0	2226.880126953125
2115.0	2183.0	2223.2060546875
2114.0	2184.0	2224.725341796875
2114.0	2184.0	2223.7255859375
2113.0	2182.0	2225.2568359375
2113.0	2183.0	2224.471923828125
2114.0	2181.0	2221.09716796875
2114.0	2183.0	2220.27880859375
2114.0	2182.0	2219.572509765625
2114.0	2185.0	2218.812744140625
2117.0	2184.0	2210.5400390625
2116.0	2184.0	2212.363037109375
2116.0	2183.0	2211.8359375
2114.0	2186.0	2216.332275390625
2115.0	2183.0	2213.371826171875
2118.0	2182.0	2205.311279296875
2120.0	2181.0	2199.73828125
2112.0	2182.0	2219.7314453125
2112.0	2170.0	2219.28369140625
2113.0	2171.0	2216.41162109375
2112.0	2169.0	2218.572021484375
2114.0	2171.0	2213.154052734375
2112.0	2169.0	2217.89306640625
2114.0	2171.0	2212.53759765625
2128.0	2170.0	2177.21826171875
2123.0	2177.0	2190.842529296875
2123.0	2171.0	2191.576416015625
2123.0	2177.0	2192.30126953125
2123.0	2172.0	2192.95849609375
2125.0	2178.0	2188.498779296875
2125.0	2172.0	2189.058837890625
2125.0	2168.0	2189.647216796875
2125.0	2169.0	2190.16748046875
2124.0	2169.0	2193.219482421875
2121.0	2168.0	2201.3447265625
2124.0	2170.0	2194.23095703125
2122.0	2172.0	2199.764892578125
2125.0	2170.0	2192.517333984375
2123.0	2170.0	2197.958740234375
2124.0	2172.0	2195.82470703125
2122.0	2171.0	2201.256591796875
2126.0	2171.0	2191.3974609375
2124.0	2170.0	2196.805908203125
2127.0	2171.0	2189.50244140625
2123.0	2170.0	2199.990478515625
2125.0	2168.0	2195.2578125
2126.0	2169.0	2192.99609375
2123.0	2171.0	2200.883544921875
2126.0	2172.0	2193.52685546875
2128.0	2171.0	2188.67529296875
2126.0	2171.0	2194.017333984375
2124.0	2172.0	2199.357666015625
2129.0	2169.0	2186.874755859375
2124.0	2173.0	2199.8662109375
2126.0	2157.0	2195.17431640625
2136.0	2156.0	2169.89599609375
2122.0	2127.0	2205.624267578125
2124.0	2156.0	2200.72509765625
2123.0	2156.0	2203.491943359375
2125.0	2158.0	2198.603271484375
2123.0	2158.0	2203.767822265625
2122.0	2156.0	2206.499755859375
2124.0	2155.0	2201.6474609375
2123.0	2158.0	2204.2998046875
2125.0	2153.0	2199.32861328125
2124.0	2154.0	2202.06494140625
2124.0	2139.0	2202.209716796875
2134.0	2141.0	2176.941650390625
2124.0	2137.0	2202.500244140625
2124.0	2139.0	2202.573974609375
2124.0	2143.0	2202.65087890625
2126.0	2150.0	2197.69140625
2125.0	2146.0	2200.303955078125
2123.0	2145.0	2205.690673828125
2125.0	2144.0	2200.681640625
2124.0	2144.0	2203.250244140625
2124.0	2145.0	2203.32666015625
2113.0	2144.0	2231.488525390625
2116.0	2143.0	2222.916015625
2113.0	2144.0	2229.523193359375
2113.0	2146.0	2228.64013671875
2114.0	2142.0	2225.345458984375
2113.0	2144.0	2227.139892578125
2114.0	2145.0	2223.913818359375
2113.0	2144.0	2225.723388671875
2114.0	2144.0	2222.4677734375
2115.0	2146.0	2219.283447265625
2115.0	2144.0	2218.682861328125
2116.0	2144.0	2215.560791015625
2113.0	2145.0	2222.6611328125
2115.0	2144.0	2217.099365234375
2117.0	2145.0	2211.636962890625
2110.0	2144.0	2229.089599609375
2111.0	2145.0	2226.109375
2113.0	2146.0	2220.654296875
2113.0	2161.0	2220.380859375
2116.0	2147.0	2212.393310546875
2112.0	2143.0	2222.258544921875
2117.0	2145.0	2209.24169921875
2113.0	2144.0	2219.189453125
2113.0	2146.0	2218.88134765625
2124.0	2141.0	2191.17822265625
2122.0	2148.0	2197.07958984375
2124.0	2145.0	2192.815185546875
2123.0	2145.0	2196.095458984375
2124.0	2152.0	2194.26123046875
2124.0	2142.0	2194.921630859375
2123.0	2146.0	2198.154296875
2124.0	2143.0	2196.258544921875
2126.0	2145.0	2191.835205078125
2124.0	2144.0	2197.485107421875
2124.0	2144.0	2198.079833984375
2125.0	2145.0	2196.001953125
2126.0	2141.0	2193.923095703125
2133.0	2157.0	2176.73193359375
2135.0	2158.0	2173.04931640625
2132.0	2157.0	2181.977783203125
2133.0	2157.0	2180.595703125
2133.0	2157.0	2181.819091796875
2134.0	2158.0	2180.385986328125
2131.0	2159.0	2189.060546875
2135.0	2158.0	2179.89892578125
2135.0	2157.0	2180.86962890625
2133.0	2156.0	2186.87060546875
2137.0	2159.0	2177.5673828125
2136.0	2144.0	2181.077392578125
2136.0	2146.0	2181.96337890625
2130.0	2143.0	2197.96923828125
2132.0	2148.0	2193.542236328125
2132.0	2146.0	2194.242919921875
2132.0	2147.0	2194.8212890625
2132.0	2146.0	2195.442626953125
2133.0	2141.0	2193.534912109375
2133.0	2141.0	2194.157958984375
2131.0	2146.0	2199.79052734375
2134.0	2145.0	2192.65478515625
2134.0	2140.0	2193.167724609375
2135.0	2147.0	2190.9892578125
2132.0	2139.0	2198.996826171875
2133.0	2140.0	2196.844970703125
2122.0	2142.0	2224.52783203125
2125.0	2141.0	2216.281494140625
2126.0	2142.0	2213.248779296875
2124.0	2146.0	2217.76953125
2123.0	2144.0	2219.839111328125
2124.0	2145.0	2216.86572265625
2123.0	2143.0	2218.986572265625
2127.0	2145.0	2208.4267578125
2122.0	2143.0	2220.801513671875
2124.0	2142.0	2215.3173828125
2123.0	2145.0	2217.48193359375
2124.0	2145.0	2214.71337890625
2124.0	2147.0	2214.484130859375
2125.0	2143.0	2211.724853515625
2126.0	2144.0	2208.9794921875
2124.0	2146.0	2213.748291015625
2126.0	2146.0	2208.434814453125
2122.0	2130.0	2218.355224609375
2124.0	2131.0	2213.10986328125
2126.0	2131.0	2207.84228515625
2119.0	2131.0	2225.4375
2121.0	2132.0	2220.09521484375
2122.0	2132.0	2217.44140625
2123.0	2131.0	2214.68212890625
2123.0	2129.0	2214.5146484375
2124.0	2132.0	2211.856689453125
2124.0	2126.0	2211.651611328125
2123.0	2131.0	2214.01953125
2123.0	2129.0	2213.884033203125
2124.0	2137.0	2211.1767578125
2124.0	2130.0	2211.040283203125
2125.0	2136.0	2208.385009765625
2121.0	2128.0	2218.487060546875
2123.0	2127.0	2213.340087890625
2122.0	2129.0	2215.809326171875
2121.0	2131.0	2218.35595703125
2122.0	2130.0	2215.854736328125
2123.0	2131.0	2213.31201171875
2125.0	2132.0	2208.2041015625
2123.0	2130.0	2213.306640625
2123.0	2129.0	2213.343994140625
2123.0	2131.0	2213.412841796875
2123.0	2133.0	2213.388671875
2125.0	2130.0	2208.26806640625
2124.0	2129.0	2210.819580078125
2132.0	2134.0	2191.276611328125
2132.0	2128.0	2192.17236328125
2132.0	2130.0	2192.989990234375
2146.0	2131.0	2158.193359375
2136.0	2131.0	2184.4658203125
2135.0	2131.0	2187.767578125
2136.0	2131.0	2185.96826171875
2137.0	2130.0	2184.141845703125
2131.0	2128.0	2200.095947265625
2130.0	2130.0	2203.249267578125
2132.0	2118.0	2198.790283203125
2132.0	2119.0	2199.371337890625
2133.0	2120.0	2197.35205078125
2135.0	2117.0	2192.841552734375
2134.0	2118.0	2195.875
2133.0	2118.0	2198.851318359375
2133.0	2119.0	2199.21826171875
2133.0	2121.0	2199.612060546875
2132.0	2118.0	2202.5361328125
2134.0	2124.0	2197.78759765625
2132.0	2126.0	2203.250732421875
2134.0	2116.0	2198.43603515625
2133.0	2116.0	2201.271484375
2133.0	2117.0	2201.567626953125
2134.0	2117.0	2199.344482421875
2133.0	2119.0	2202.18212890625
2127.0	2118.0	2217.6435546875
2133.0	2117.0	2202.6240234375
2135.0	2117.0	2197.855712890625
2132.0	2117.0	2205.757080078125
2134.0	2118.0	2200.890380859375
2131.0	2117.0	2208.7470703125
2135.0	2118.0	2198.81787109375
2132.0	2117.0	2206.542724609375
2134.0	2120.0	2201.806396484375
2134.0	2119.0	2201.882568359375
2134.0	2120.0	2202.007568359375
2132.0	2119.0	2207.23876953125
2132.0	2119.0	2207.357177734375
2135.0	2116.0	2199.884765625
2136.0	2119.0	2197.4931640625
2144.0	2117.0	2177.3212890625
2131.0	2117.0	2210.556884765625
2131.0	2117.0	2210.6884765625
2133.0	2119.0	2205.764404296875
2132.0	2118.0	2208.337646484375
2132.0	2117.0	2208.442626953125
2132.0	2119.0	2208.61474609375
2132.0	2121.0	2208.705078125
2133.0	2122.0	2206.164794921875
2133.0	2116.0	2206.20263671875
2135.0	2118.0	2201.1904296875
2136.0	2111.0	2198.675537109375
2133.0	2112.0	2206.490966796875
2133.0	2124.0	2206.6513671875
2133.0	2114.0	2206.70263671875
2131.0	2118.0	2211.81787109375
2132.0	2118.0	2209.353515625
2133.0	2116.0	2206.90380859375
2132.0	2119.0	2209.495849609375
2134.0	2118.0	2204.439453125
2134.0	2117.0	2204.536376953125
2132.0	2130.0	2209.73583984375
2133.0	2132.0	2207.218994140625
2133.0	2132.0	2207.268798828125
2134.0	2132.0	2204.900634765625
2133.0	2130.0	2207.47021484375
2134.0	2132.0	2204.89208984375
2123.0	2133.0	2232.447998046875
2123.0	2132.0	2231.6875
2123.0	2131.0	2230.77734375
2123.0	2131.0	2229.939208984375
2124.0	2130.0	2226.580078125
2123.0	2133.0	2228.43017578125
2126.0	2131.0	2220.0654296875
2126.0	2132.0	2219.5
2121.0	2132.0	2231.7109375
2122.0	2130.0	2228.523681640625
2127.0	2131.0	2215.193115234375
2122.0	2132.0	2227.44921875
2123.0	2131.0	2224.378662109375
2124.0	2132.0	2221.3779296875
2125.0	2131.0	2218.367431640625
2124.0	2131.0	2220.521728515625
2124.0	2133.0	2220.0966796875
2125.0	2130.0	2217.162841796875
2125.0	2129.0	2216.734375
2123.0	2134.0	2221.44384765625
2113.0	2125.0	2245.959228515625
2113.0	2131.0	2244.59814453125
2112.0	2129.0	2245.83740234375
2113.0	2132.0	2242.131103515625
2113.0	2131.0	2241.073974609375
2114.0	2128.0	2237.4619140625
2114.0	2132.0	2236.4208984375
2115.0	2130.0	2232.95361328125
2115.0	2130.0	2232.010498046875
2115.0	2129.0	2231.24365234375
2112.0	2129.0	2238.052734375
2114.0	2129.0	2232.254638671875
2112.0	2132.0	2236.57666015625
2114.0	2133.0	2230.90234375
2116.0	2130.0	2225.14599609375
2113.0	2128.0	2232.260498046875
2115.0	2130.0	2226.4267578125
2115.0	2132.0	2225.923583984375
2119.0	2130.0	2215.27001953125
2118.0	2135.0	2217.383056640625
2111.0	2131.0	2234.734619140625
2114.0	2133.0	2226.752197265625
2111.0	2130.0	2234.072021484375
2115.0	2134.0	2223.55712890625
2124.0	2130.0	2200.299560546875
2124.0	2126.0	2201.09765625
2125.0	2130.0	2199.23681640625
2124.0	2136.0	2202.497802734375
2124.0	2139.0	2203.182373046875
2123.0	2134.0	2206.42919921875
2123.0	2137.0	2207.048828125
2125.0	2133.0	2202.513427734375
2124.0	2128.0	2205.586181640625
2126.0	2132.0	2200.976318359375
2124.0	2130.0	2206.596435546875
2123.0	2131.0	2209.653076171875
2123.0	2132.0	2210.080078125
2123.0	2133.0	2210.53759765625
2124.0	2129.0	2208.394775390625
2124.0	2131.0	2208.754638671875
2122.0	2133.0	2214.227783203125
2125.0	2130.0	2206.941650390625
2124.0	2135.0	2209.768310546875
2125.0	2135.0	2207.573974609375
2125.0	2129.0	2207.986083984375
2135.0	2130.0	2183.44775390625
2135.0	2130.0	2184.69482421875
2133.0	2132.0	2190.8759765625
2136.0	2130.0	2184.381591796875
2132.0	2133.0	2195.603759765625
2136.0	2130.0	2186.457763671875
2131.0	2130.0	2200.181396484375
2127.0	2116.0	2211.22998046875
2133.0	2120.0	2196.785888671875
2133.0	2117.0	2197.6572265625
2133.0	2118.0	2198.4833984375
2133.0	2118.0	2199.23974609375
2135.0	2121.0	2194.770751953125
2132.0	2118.0	2203.095947265625
2134.0	2117.0	2198.70849609375
2133.0	2120.0	2201.839111328125
2132.0	2114.0	2204.869873046875
2133.0	2131.0	2202.833984375
2134.0	2116.0	2200.779296875
2131.0	2122.0	2208.81689453125
2133.0	2117.0	2204.220947265625
2133.0	2117.0	2204.771240234375
2133.0	2118.0	2205.20458984375
2133.0	2118.0	2205.5478515625
2133.0	2115.0	2205.8798828125
2133.0	2107.0	2206.1533203125
2134.0	2105.0	2203.992919921875
2133.0	2107.0	2206.85302734375
2134.0	2104.0	2204.610107421875
2132.0	2104.0	2210.05029296875
2133.0	2107.0	2207.744140625
2133.0	2105.0	2208.009033203125
2133.0	2106.0	2208.27197265625
2136.0	2104.0	2200.8935546875
2133.0	2106.0	2208.779541015625
2140.0	2104.0	2191.17431640625
2149.0	2105.0	2168.593017578125
2130.0	2106.0	2217.115234375
2133.0	2103.0	2209.665771484375
2132.0	2105.0	2212.379150390625
2133.0	2106.0	2210.0244140625
2133.0	2104.0	2210.24072265625
2135.0	2105.0	2205.315185546875
2132.0	2105.0	2213.100341796875
2133.0	2107.0	2210.654052734375
2134.0	2110.0	2208.3134765625
2132.0	2122.0	2213.49853515625
2134.0	2114.0	2208.54638671875
2133.0	2118.0	2211.27783203125
2133.0	2119.0	2211.359130859375
2133.0	2118.0	2211.5888671875
2135.0	2118.0	2206.670654296875
2135.0	2116.0	2206.68408203125
2132.0	2118.0	2214.438720703125
2133.0	2120.0	2211.99169921875
2133.0	2117.0	2212.1533203125
2133.0	2120.0	2212.188720703125
2133.0	2131.0	2212.348876953125
2133.0	2130.0	2212.425537109375
2124.0	2131.0	2234.840087890625
2123.0	2133.0	2236.473876953125
2125.0	2130.0	2230.51318359375
2126.0	2128.0	2227.181640625
2124.0	2131.0	2231.55517578125
2129.0	2131.0	2218.14892578125
2135.0	2131.0	2202.193359375
2122.0	2131.0	2234.627197265625
2125.0	2132.0	2226.418212890625
2123.0	2131.0	2230.913330078125
2124.0	2131.0	2227.898193359375
2120.0	2131.0	2237.578369140625
2125.0	2127.0	2224.358642578125
2125.0	2145.0	2223.827880859375
2123.0	2143.0	2228.530517578125
2123.0	2152.0	2228.150634765625
2125.0	2157.0	2222.732177734375
2124.0	2148.0	2224.894287109375
2124.0	2144.0	2224.529052734375
2113.0	2145.0	2251.57421875
2115.0	2145.0	2245.13720703125
2113.0	2144.0	2248.97607421875
2113.0	2146.0	2247.800537109375
2116.0	2146.0	2239.02978515625
2114.0	2144.0	2243.156494140625
2114.0	2146.0	2242.107666015625
2131.0	2144.0	2197.838134765625
2113.0	2144.0	2242.7666015625
2113.0	2143.0	2241.898193359375
2115.0	2144.0	2235.97509765625
2114.0	2148.0	2237.733642578125
2116.0	2147.0	2231.894775390625
2114.0	2145.0	2236.3115234375
2115.0	2143.0	2233.18115234375
2115.0	2145.0	2232.63525390625
2107.0	2146.0	2252.353515625
2111.0	2144.0	2241.638427734375
2116.0	2147.0	2228.45654296875
2113.0	2144.0	2235.61767578125
2113.0	2144.0	2235.22802734375
2114.0	2145.0	2232.24072265625
2113.0	2146.0	2234.434814453125
2115.0	2146.0	2228.986572265625
2112.0	2146.0	2236.221435546875
2116.0	2150.0	2225.661865234375
2114.0	2143.0	2230.455810546875
2114.0	2145.0	2230.163818359375
2115.0	2144.0	2227.421142578125
2116.0	2144.0	2224.69189453125
2113.0	2145.0	2232.130859375
2123.0	2145.0	2207.0107421875
2123.0	2146.0	2207.915283203125
2124.0	2147.0	2206.24609375
2124.0	2147.0	2207.03369140625
2123.0	2144.0	2210.22412109375
2125.0	2144.0	2205.883544921875
2125.0	2145.0	2206.54443359375
2123.0	2144.0	2212.26953125
2125.0	2146.0	2207.803466796875
2126.0	2146.0	2205.79638671875
2126.0	2144.0	2206.349853515625
2141.0	2144.0	2168.905029296875
2126.0	2145.0	2208.625732421875
2131.0	2143.0	2197.246337890625
2132.0	2145.0	2195.970458984375
2133.0	2145.0	2194.708740234375
2152.0	2146.0	2147.461181640625
2133.0	2147.0	2196.97705078125
2132.0	2144.0	2200.553955078125
2132.0	2145.0	2201.615478515625
2134.0	2145.0	2197.47265625
2136.0	2146.0	2193.27587890625
2133.0	2142.0	2201.7646484375
2133.0	2140.0	2202.5087890625
2133.0	2142.0	2203.273681640625
2134.0	2144.0	2201.413330078125
2133.0	2144.0	2204.68310546875
2132.0	2143.0	2207.8837890625
2133.0	2144.0	2206.026123046875
2133.0	2147.0	2206.6376953125
2134.0	2143.0	2204.568359375
2132.0	2144.0	2210.205078125
2143.0	2145.0	2183.67041015625
2145.0	2147.0	2180.056884765625
2143.0	2144.0	2186.600341796875
2143.0	2146.0	2188.01806640625
2142.0	2145.0	2191.85498046875
2144.0	2144.0	2188.00146484375
2138.0	2145.0	2204.48095703125
2151.0	2148.0	2172.812255859375
2150.0	2146.0	2177.41015625
2150.0	2145.0	2179.31787109375
2151.0	2147.0	2178.615234375
2152.0	2144.0	2177.928955078125
2152.0	2146.0	2179.64404296875
2152.0	2139.0	2181.221435546875
2153.0	2150.0	2180.147216796875
2152.0	2146.0	2184.05810546875
2153.0	2149.0	2182.83935546875
2153.0	2140.0	2184.07568359375
2151.0	2150.0	2190.349365234375
2152.0	2159.0	2188.839599609375
2161.0	2145.0	2167.973388671875
2162.0	2143.0	2167.496337890625
2162.0	2145.0	2169.4833984375
2163.0	2143.0	2168.73681640625
2164.0	2144.0	2168.0
2161.0	2146.0	2177.225830078125
2164.0	2144.0	2171.158935546875
2164.0	2143.0	2172.603515625
2157.0	2144.0	2191.8349609375
2165.0	2146.0	2172.729736328125
2162.0	2144.0	2181.546142578125
2164.0	2145.0	2177.605224609375
2163.0	2143.0	2181.205810546875
2165.0	2144.0	2177.108642578125
2162.0	2145.0	2185.72802734375
2168.0	2144.0	2171.411865234375
2168.0	2144.0	2172.2998046875
2159.0	2145.0	2196.03759765625
2163.0	2145.0	2186.718994140625
2161.0	2146.0	2192.62841796875
2162.0	2145.0	2190.840087890625
2161.0	2144.0	2193.984375
2162.0	2144.0	2192.138671875
2154.0	2142.0	2212.838623046875
2154.0	2143.0	2212.330322265625
2152.0	2150.0	2216.896728515625
2153.0	2145.0	2213.872314453125
2152.0	2148.0	2216.009033203125
2152.0	2143.0	2215.632080078125
2151.0	2144.0	2217.765380859375
2153.0	2144.0	2212.1171875
2152.0	2145.0	2214.2861328125
2152.0	2144.0	2213.98583984375
2155.0	2143.0	2205.99072265625
2153.0	2130.0	2210.806884765625
2153.0	2132.0	2210.4736328125
2151.0	2133.0	2215.296875
2151.0	2132.0	2215.028564453125
2144.0	2130.0	2231.658203125
2145.0	2132.0	2227.912109375
2143.0	2132.0	2231.8876953125
2132.0	2129.0	2258.161376953125
2132.0	2130.0	2256.020263671875
2124.0	2130.0	2274.184326171875
2109.0	2118.0	2309.40673828125
2110.0	2119.0	2303.13818359375
2105.0	2119.0	2312.268798828125
2103.0	2120.0	2312.9560546875
2094.0	2104.0	2330.740234375
2095.0	2113.0	2323.265380859375
2087.0	2102.0	2338.429443359375
2076.0	2090.0	2360.667236328125
2065.0	2093.0	2382.00341796875
2066.0	2095.0	2372.6474609375
2056.0	2080.0	2391.734130859375
2055.0	2079.0	2387.104736328125
2056.0	2076.0	2377.72802734375
2058.0	2069.0	2366.178466796875
2058.0	2067.0	2360.07177734375
2055.0	2054.0	2362.070068359375
2058.0	2052.0	2348.997802734375
2055.0	2054.0	2351.4912109375
2067.0	2038.0	2316.151123046875
2073.0	2026.0	2297.5712890625
2073.0	2029.0	2295.263671875
2074.0	2028.0	2290.552734375
2075.0	2026.0	2285.904541015625
2075.0	2027.0	2283.91552734375
2073.0	2027.0	2287.187744140625
2075.0	2029.0	2280.372314453125
2179.0	1987.0	2018.809326171875
2186.0	1986.0	2010.8546142578125
2180.0	1988.0	2035.3974609375
2182.0	1990.0	2039.1004638671875
2182.0	1986.0	2047.4532470703125
2183.0	1985.0	2052.7041015625
2182.0	1990.0	2062.698486328125
2183.0	1978.0	2067.207763671875
2182.0	1978.0	2076.385986328125
2182.0	1979.0	2082.66357421875
2181.0	1973.0	2091.164306640625
2183.0	1975.0	2091.603271484375
2170.0	1974.0	2129.41015625
2172.0	1973.0	2128.403076171875
2161.0	1978.0	2159.6865234375
2152.0	1976.0	2184.95556640625
2143.0	1961.0	2209.20654296875
2142.0	1963.0	2212.021728515625
2113.0	1964.0	2284.24755859375
2114.0	1962.0	2278.887451171875
2106.0	1964.0	2295.70361328125
2086.0	1961.0	2341.844970703125
2076.0	1952.0	2361.37841796875
2066.0	1951.0	2380.11865234375
2056.0	1951.0	2398.2822265625
2048.0	1950.0	2410.891845703125
2038.0	1936.0	2428.3017578125
2036.0	1939.0	2424.787841796875
2026.0	1937.0	2441.054931640625
2026.0	1936.0	2432.47021484375
2016.0	1934.0	2448.705810546875
2018.0	1934.0	2434.77490234375
2018.0	1935.0	2426.509765625
2006.0	1932.0	2448.873779296875
2006.0	1934.0	2440.345947265625
2006.0	1936.0	2432.357177734375
1999.0	1936.0	2442.536376953125
1997.0	1936.0	2439.428466796875
1999.0	1936.0	2426.68798828125
1998.0	1938.0	2421.976318359375
2001.0	1937.0	2407.409912109375
1997.0	1938.0	2411.139892578125
1986.0	1952.0	2432.429931640625
1988.0	1950.0	2420.49462890625
1990.0	1949.0	2408.957275390625
1988.0	1949.0	2408.033935546875
1987.0	1949.0	2404.7529296875
1988.0	1950.0	2396.785888671875
1989.0	1948.0	2389.14599609375
1986.0	1950.0	2391.89013671875
2004.0	1949.0	2341.52685546875
1988.0	1948.0	2378.0244140625
1986.0	1962.0	2378.982666015625
1988.0	1962.0	2370.054443359375
1999.0	1961.0	2338.435546875
1987.0	1963.0	2365.63330078125
1987.0	1964.0	2362.442626953125
1989.0	1966.0	2354.2734375
1988.0	1971.0	2353.9873046875
1998.0	1977.0	2326.581298828125
1997.0	1975.0	2327.710693359375
1999.0	1976.0	2321.30419921875
1998.0	1975.0	2322.57470703125
1999.0	1975.0	2318.8095703125
2000.0	1974.0	2315.1904296875
1997.0	1975.0	2321.921142578125
1985.0	1962.0	2350.611572265625
1988.0	1962.0	2341.00146484375
1989.0	1951.0	2336.705810546875
1978.0	1938.0	2362.398681640625
1970.0	1925.0	2379.74267578125
1958.0	1912.0	2406.573974609375
1947.0	1901.0	2429.802734375
1943.0	1884.0	2434.672119140625
1921.0	1861.0	2483.90673828125
1922.0	1860.0	2474.01318359375
1891.0	1846.0	2543.029296875
1883.0	1819.0	2553.231689453125
1862.0	1809.0	2594.692138671875
1845.0	1797.0	2625.277587890625
1825.0	1769.0	2662.211181640625
1815.0	1746.0	2673.2265625
1797.0	1732.0	2704.702880859375
1777.0	1707.0	2739.521484375
1767.0	1694.0	2748.2353515625
1768.0	1697.0	2728.833984375
1749.0	1669.0	2759.45166015625
1725.0	1657.0	2802.271484375
1719.0	1632.0	2799.034912109375
1702.0	1618.0	2823.119140625
1683.0	1605.0	2851.563720703125
1674.0	1594.0	2854.26904296875
1656.0	1567.0	2879.9951171875
1655.0	1568.0	2861.918701171875
1627.0	1530.0	2911.85400390625
1626.0	1530.0	2893.00732421875
1613.0	1521.0	2904.173828125
1608.0	1508.0	2895.46044921875
1589.0	1494.0	2922.49658203125
1582.0	1484.0	2919.0625
1562.0	1476.0	2948.669921875
1551.0	1471.0	2955.262451171875
1543.0	1459.0	2954.45849609375
1544.0	1456.0	2931.145751953125
1525.0	1435.0	2959.102783203125
1524.0	1435.0	2941.3447265625
1515.0	1434.0	2944.01025390625
1507.0	1425.0	2944.64990234375
1501.0	1421.0	2940.41650390625
1489.0	1411.0	2951.77978515625
1490.0	1411.0	2930.487060546875
1489.0	1410.0	2915.150390625
1480.0	1397.0	2920.399658203125
1480.0	1392.0	2903.814697265625
1469.0	1398.0	2915.244384765625
1470.0	1397.0	2897.02294921875
1472.0	1398.0	2877.140869140625
1466.0	1399.0	2877.99951171875
1461.0	1398.0	2876.621337890625
1462.0	1396.0	2860.901611328125
1462.0	1396.0	2848.42138671875
1463.0	1410.0	2834.296142578125
1461.0	1411.0	2828.357421875
1461.0	1408.0	2818.0693359375
1460.0	1409.0	2810.97119140625
1462.0	1423.0	2796.75732421875
1471.0	1418.0	2765.809814453125
1469.0	1435.0	2763.816650390625
1471.0	1432.0	2752.009765625
1480.0	1444.0	2723.225341796875
1478.0	1446.0	2723.535888671875
1486.0	1456.0	2698.938720703125
1488.0	1474.0	2690.66552734375
1487.0	1470.0	2690.23974609375
1497.0	1473.0	2663.04931640625
1508.0	1482.0	2634.14599609375
1517.0	1496.0	2611.3466796875
1528.0	1499.0	2584.65966796875
1525.0	1520.0	2594.044189453125
1534.0	1530.0	2573.126953125
1544.0	1545.0	2550.316650390625
1543.0	1541.0	2556.434326171875
1571.0	1576.0	2489.54443359375
1573.0	1566.0	2490.741943359375
1581.0	1580.0	2477.410400390625
1589.0	1592.0	2464.215576171875
1599.0	1605.0	2446.723876953125
1611.0	1619.0	2424.478759765625
1629.0	1646.0	2388.3701171875
1635.0	1657.0	2383.659912109375
1645.0	1669.0	2368.96875
1646.0	1667.0	2377.671875
1665.0	1686.0	2341.859130859375
1674.0	1689.0	2331.71533203125
1691.0	1722.0	2302.814208984375
1701.0	1719.0	2291.945068359375
1721.0	1743.0	2256.302001953125
1731.0	1758.0	2246.64208984375
1751.0	1771.0	2211.513916015625
1758.0	1785.0	2210.934814453125
1779.0	1808.0	2174.653076171875
1780.0	1809.0	2190.326904296875
1784.0	1822.0	2198.4267578125
1804.0	1835.0	2166.310791015625
1818.0	1847.0	2150.006103515625
1833.0	1862.0	2131.736083984375
1843.0	1873.0	2126.397705078125
1863.0	1885.0	2095.703125
1873.0	1910.0	2091.04248046875
1894.0	1924.0	2058.882080078125
1911.0	1937.0	2037.2890625
1911.0	1930.0	2059.857177734375
1933.0	1949.0	2027.2288818359375
1942.0	1962.0	2027.3128662109375
1960.0	1990.0	2004.802490234375
1971.0	1987.0	2000.474609375
1987.0	2001.0	1983.656005859375
2007.0	2016.0	1956.9556884765625
2019.0	2040.0	1950.8544921875
2017.0	2040.0	1980.210693359375
2045.0	2067.0	1932.9656982421875
2046.0	2066.0	1955.3050537109375
2055.0	2081.0	1956.92333984375
2076.0	2092.0	1928.3082275390625
2084.0	2105.0	1932.5860595703125
2093.0	2116.0	1933.8028564453125
2103.0	2120.0	1932.5430908203125
2122.0	2129.0	1908.27783203125
2139.0	2145.0	1889.328857421875
2135.0	2143.0	1923.5018310546875
2159.0	2156.0	1887.1712646484375
2163.0	2169.0	1901.13623046875
2172.0	2183.0	1902.6043701171875
2182.0	2194.0	1900.9180908203125
2202.0	2195.0	1873.9864501953125
2211.0	2207.0	1875.134521484375
2221.0	2221.0	1873.1807861328125
2228.0	2230.0	1878.909423828125
2240.0	2237.0	1871.5089111328125
2239.0	2238.0	1896.8304443359375
2240.0	2257.0	1915.9007568359375
2249.0	2247.0	1914.1324462890625
2261.0	2260.0	1904.541015625
2269.0	2274.0	1905.1536865234375
2278.0	2288.0	1903.0726318359375
2289.0	2286.0	1895.5169677734375
2290.0	2300.0	1913.1444091796875
2297.0	2300.0	1914.7550048828125
2308.0	2313.0	1905.851806640625
2307.0	2312.0	1927.599365234375
2308.0	2314.0	1943.177490234375
2317.0	2326.0	1937.941650390625
2329.0	2326.0	1925.1397705078125
2328.0	2338.0	1944.9554443359375
2338.0	2339.0	1936.2410888671875
2337.0	2339.0	1955.189453125
2343.0	2352.0	1955.5546875
2345.0	2353.0	1966.295654296875
2354.0	2353.0	1958.3865966796875
2359.0	2352.0	1960.8408203125
2355.0	2363.0	1985.327392578125
2358.0	2362.0	1991.328125
2366.0	2368.0	1984.25927734375
2367.0	2368.0	1994.771728515625
2367.0	2379.0	2007.1536865234375
2366.0	2380.0	2021.362060546875
2378.0	2378.0	2002.06982421875
2376.0	2377.0	2018.5771484375
2378.0	2378.0	2024.31884765625
2386.0	2378.0	2014.8155517578125
2387.0	2378.0	2023.050537109375
2387.0	2378.0	2033.1075439453125
2396.0	2379.0	2020.3018798828125
2393.0	2379.0	2037.87060546875
2395.0	2379.0	2042.2005615234375
2395.0	2379.0	2051.10595703125
2395.0	2379.0	2059.481689453125
2398.0	2379.0	2059.735107421875
2394.0	2379.0	2077.443115234375
2397.0	2380.0	2076.853271484375
2404.0	2377.0	2065.744873046875
2393.0	2379.0	2100.037841796875
2393.0	2379.0	2105.908935546875
2395.0	2379.0	2106.400390625
2395.0	2377.0	2111.60302734375
2396.0	2380.0	2113.983154296875
2386.0	2382.0	2143.083984375
2388.0	2379.0	2141.398681640625
2388.0	2385.0	2144.57763671875
2376.0	2382.0	2177.408203125
2377.0	2374.0	2176.66162109375
2377.0	2376.0	2178.284423828125
2376.0	2364.0	2182.452880859375
2368.0	2367.0	2203.83935546875
2367.0	2364.0	2206.746826171875
2366.0	2367.0	2209.477294921875
2354.0	2366.0	2240.269775390625
2356.0	2363.0	2234.254150390625
2359.0	2365.0	2225.740478515625
2359.0	2365.0	2224.896728515625
2360.0	2365.0	2221.505615234375
2346.0	2366.0	2256.024658203125
2347.0	2364.0	2251.765380859375
2350.0	2364.0	2242.431884765625
2335.0	2364.0	2278.893798828125
2337.0	2366.0	2271.025146484375
2337.0	2352.0	2268.5625
2336.0	2351.0	2268.585205078125
2336.0	2352.0	2266.271240234375
2337.0	2351.0	2261.5029296875
2330.0	2351.0	2276.59375
2326.0	2358.0	2283.751708984375
2326.0	2358.0	2280.843017578125
2318.0	2356.0	2298.1474609375
2321.0	2338.0	2286.81591796875
2317.0	2339.0	2293.397216796875
2316.0	2339.0	2292.5322265625
2320.0	2341.0	2279.08056640625
2308.0	2340.0	2306.032958984375
2308.0	2340.0	2302.20703125
2308.0	2338.0	2298.44189453125
2309.0	2340.0	2292.361328125
2298.0	2338.0	2316.9296875
2301.0	2339.0	2305.010498046875
2300.0	2338.0	2303.37353515625
2299.0	2339.0	2302.04052734375
2302.0	2340.0	2290.62939453125
2302.0	2327.0	2287.12353515625
2288.0	2326.0	2318.85888671875
2290.0	2326.0	2309.562255859375
2288.0	2327.0	2310.472900390625
2288.0	2328.0	2306.643310546875
2288.0	2331.0	2303.018798828125
2288.0	2325.0	2299.61669921875
2289.0	2329.0	2293.7685546875
2288.0	2330.0	2293.20751953125
2276.0	2323.0	2319.73486328125
2279.0	2324.0	2308.206298828125
2280.0	2326.0	2301.963623046875
2281.0	2326.0	2296.00390625
2279.0	2326.0	2297.7216796875
2279.0	2327.0	2294.60693359375
2278.0	2326.0	2294.05810546875
2278.0	2327.0	2291.145751953125
2278.0	2326.0	2288.40478515625
2279.0	2325.0	2283.29638671875
2278.0	2330.0	2283.44580078125
2270.0	2327.0	2300.883056640625
2267.0	2326.0	2305.218994140625
2270.0	2326.0	2294.4140625
2272.0	2327.0	2286.47119140625
2266.0	2325.0	2298.977294921875
2268.0	2327.0	2291.16455078125
2269.0	2326.0	2286.06787109375
2271.0	2326.0	2278.667236328125
2269.0	2323.0	2281.48486328125
2270.0	2323.0	2276.758544921875
2271.0	2330.0	2272.044921875
2270.0	2328.0	2272.585693359375
2270.0	2339.0	2270.72412109375
2270.0	2339.0	2268.922607421875
2270.0	2340.0	2267.189697265625
2268.0	2343.0	2270.578369140625
2268.0	2341.0	2268.93603515625
2274.0	2339.0	2252.19189453125
2271.0	2340.0	2258.317626953125
2269.0	2339.0	2261.9541015625
2271.0	2339.0	2255.51025390625
2281.0	2338.0	2229.3759765625
2279.0	2339.0	2234.1005859375
2280.0	2338.0	2231.41748046875
2280.0	2338.0	2231.14697265625
2282.0	2339.0	2225.796875
2283.0	2339.0	2223.014892578125
2272.0	2338.0	2250.7177734375
2278.0	2336.0	2235.1015625
2299.0	2340.0	2181.3896484375
2278.0	2351.0	2234.607666015625
2280.0	2349.0	2229.207275390625
2278.0	2354.0	2233.964599609375
2280.0	2354.0	2228.45458984375
2279.0	2353.0	2230.636962890625
2279.0	2362.0	2230.423095703125
2278.0	2354.0	2232.67626953125
2289.0	2350.0	2205.445556640625
2289.0	2351.0	2206.298828125
2288.0	2354.0	2209.50927734375
2290.0	2352.0	2205.109130859375
2291.0	2351.0	2203.166015625
2289.0	2350.0	2208.831298828125
2288.0	2350.0	2212.088623046875
2289.0	2354.0	2209.939453125
2289.0	2365.0	2210.31640625
2292.0	2366.0	2203.02734375
2291.0	2364.0	2206.044677734375
2289.0	2364.0	2211.4599609375
2292.0	2365.0	2204.10107421875
2301.0	2364.0	2181.82421875
2298.0	2366.0	2190.610107421875
2297.0	2366.0	2194.205322265625
2300.0	2365.0	2187.6181640625
2300.0	2362.0	2188.644775390625
2300.0	2370.0	2189.494873046875
2298.0	2366.0	2195.44091796875
2299.0	2367.0	2193.736572265625
2298.0	2373.0	2197.054443359375
2309.0	2364.0	2170.19189453125
2308.0	2365.0	2174.345703125
2309.0	2363.0	2173.400390625
2307.0	2365.0	2179.841064453125
2307.0	2366.0	2181.1611328125
2309.0	2365.0	2177.233642578125
2310.0	2365.0	2175.865966796875
2308.0	2365.0	2182.061767578125
2307.0	2366.0	2185.568603515625
2311.0	2365.0	2176.3876953125
2312.0	2367.0	2174.741943359375
2309.0	2366.0	2183.072509765625
2313.0	2365.0	2173.662353515625
2311.0	2366.0	2179.4501953125
2307.0	2365.0	2190.182373046875
2318.0	2366.0	2163.308837890625
2317.0	2364.0	2167.396240234375
2317.0	2368.0	2168.80615234375
2317.0	2367.0	2170.077392578125
2319.0	2362.0	2166.1806640625
2319.0	2369.0	2167.268798828125
2317.0	2352.0	2173.39990234375
2318.0	2355.0	2172.07275390625
2320.0	2359.0	2167.91015625
2318.0	2350.0	2173.861572265625
2317.0	2352.0	2177.2197265625
2322.0	2352.0	2165.114501953125
2317.0	2352.0	2178.45263671875
2318.0	2352.0	2176.57666015625
2317.0	2352.0	2179.521240234375
2318.0	2352.0	2177.453369140625
2318.0	2353.0	2177.890380859375
2317.0	2337.0	2180.951171875
2317.0	2340.0	2181.38916015625
2316.0	2340.0	2184.316650390625
2318.0	2340.0	2179.548583984375
2320.0	2338.0	2174.78271484375
2318.0	2340.0	2180.021240234375
2317.0	2339.0	2182.665283203125
2317.0	2339.0	2182.8505859375
2317.0	2339.0	2182.988525390625
2317.0	2339.0	2183.114501953125
2317.0	2346.0	2183.170166015625
2317.0	2343.0	2183.172607421875
2318.0	2347.0	2180.6162109375
2318.0	2337.0	2180.5693359375
2319.0	2345.0	2177.895751953125
2318.0	2324.0	2180.45703125
2318.0	2327.0	2180.4091796875
2317.0	2327.0	2182.85986328125
2310.0	2326.0	2200.548095703125
2308.0	2327.0	2204.474609375
2308.0	2326.0	2203.493896484375
2307.0	2325.0	2204.950439453125
2308.0	2326.0	2201.298828125
2310.0	2324.0	2195.150390625
2307.0	2329.0	2201.76416015625
2311.0	2327.0	2190.63720703125
2312.0	2328.0	2187.15185546875
2307.0	2316.0	2199.019287109375
2306.0	2314.0	2200.65673828125
2307.0	2312.0	2197.313232421875
2307.0	2314.0	2196.586669921875
2308.0	2314.0	2193.25341796875
2308.0	2310.0	2192.703369140625
2309.0	2316.0	2189.47998046875
2299.0	2310.0	2213.62109375
2298.0	2319.0	2214.4765625
2299.0	2313.0	2210.24658203125
2299.0	2314.0	2208.603515625
2298.0	2311.0	2209.654541015625
2298.0	2313.0	2208.11376953125
2298.0	2312.0	2206.59814453125
2300.0	2313.0	2200.150146484375
2289.0	2313.0	2226.35888671875
2288.0	2313.0	2226.6328125
2289.0	2316.0	2221.885986328125
2289.0	2314.0	2219.82373046875
2290.0	2313.0	2215.323974609375
2290.0	2315.0	2213.431640625
2293.0	2301.0	2204.003173828125
2304.0	2302.0	2174.294189453125
2287.0	2303.0	2215.927978515625
2289.0	2301.0	2209.247314453125
2289.0	2301.0	2207.762451171875
2277.0	2298.0	2236.582763671875
2269.0	2299.0	2254.431640625
2278.0	2303.0	2229.122314453125
2278.0	2299.0	2226.8916015625
2279.0	2301.0	2222.250732421875
2280.0	2306.0	2217.693115234375
2281.0	2299.0	2213.19091796875
2280.0	2299.0	2213.908447265625
2279.0	2301.0	2214.679931640625
2279.0	2301.0	2212.97607421875
2271.0	2300.0	2231.447265625
2268.0	2301.0	2236.551025390625
2271.0	2301.0	2226.546875
2268.0	2302.0	2231.9130859375
2269.0	2301.0	2227.072021484375
2271.0	2301.0	2219.904296875
2259.0	2301.0	2247.732177734375
2260.0	2319.0	2242.275146484375
2260.0	2300.0	2239.483642578125
2260.0	2301.0	2236.78515625
2267.0	2302.0	2216.498291015625
2275.0	2300.0	2193.66943359375
2259.0	2300.0	2232.008056640625
2257.0	2299.0	2234.82421875
2258.0	2300.0	2230.224365234375
2259.0	2300.0	2225.681396484375
2248.0	2302.0	2251.0419921875
2250.0	2301.0	2243.0927734375
2249.0	2295.0	2242.7607421875
2250.0	2306.0	2237.601318359375
2250.0	2303.0	2235.147705078125
2249.0	2302.0	2235.280517578125
2249.0	2301.0	2233.021240234375
2250.0	2301.0	2228.30029296875
2249.0	2303.0	2228.766845703125
2249.0	2300.0	2226.759765625
2248.0	2297.0	2227.481689453125
2250.0	2299.0	2220.71630859375
2238.0	2301.0	2249.234619140625
2242.0	2291.0	2236.445556640625
2240.0	2302.0	2238.93994140625
2240.0	2301.0	2236.658447265625
2235.0	2300.0	2247.121826171875
2240.0	2302.0	2232.213623046875
2239.0	2300.0	2232.753662109375
2242.0	2300.0	2223.072021484375
2238.0	2299.0	2231.46826171875
2240.0	2300.0	2224.572998046875
2239.0	2303.0	2225.408447265625
2239.0	2299.0	2223.857666015625
2239.0	2300.0	2222.325439453125
2240.0	2303.0	2218.38134765625
2240.0	2302.0	2216.919921875
2238.0	2302.0	2220.687255859375
2241.0	2297.0	2211.799072265625
2239.0	2292.0	2215.69384765625
2240.0	2289.0	2211.931884765625
2241.0	2287.0	2208.32568359375
2241.0	2285.0	2207.29052734375
2238.0	2285.0	2213.813232421875
2240.0	2286.0	2207.74365234375
2229.0	2275.0	2234.634521484375
2229.0	2273.0	2232.650634765625
2229.0	2276.0	2230.7080078125
2230.0	2272.0	2226.287109375
2231.0	2274.0	2222.0908203125
2230.0	2275.0	2223.041259765625
2230.0	2274.0	2221.546630859375
2227.0	2275.0	2227.841064453125
2227.0	2274.0	2226.4052734375
2230.0	2273.0	2217.40234375
2229.0	2273.0	2218.662353515625
2228.0	2271.0	2219.90283203125
2231.0	2271.0	2211.123046875
2230.0	2277.0	2212.59814453125
2228.0	2278.0	2216.548583984375
2229.0	2280.0	2212.843505859375
2231.0	2276.0	2206.819580078125
2229.0	2277.0	2211.07373046875
2230.0	2270.0	2207.558349609375
2231.0	2274.0	2204.09716796875
2229.0	2274.0	2208.401611328125
2231.0	2259.0	2202.5712890625
2230.0	2262.0	2204.3916015625
2229.0	2263.0	2206.20751953125
2232.0	2261.0	2197.839111328125
2229.0	2263.0	2204.78759765625
2230.0	2263.0	2201.63427734375
2229.0	2263.0	2203.56201171875
2234.0	2259.0	2190.266357421875
2229.0	2260.0	2202.42724609375
2229.0	2262.0	2201.803466796875
2230.0	2260.0	2198.649658203125
2233.0	2262.0	2190.453369140625
2222.0	2262.0	2217.92626953125
2211.0	2262.0	2245.326416015625
2230.0	2260.0	2196.525390625
2233.0	2262.0	2188.449951171875
2229.0	2263.0	2198.13720703125
2228.0	2262.0	2200.26171875
2231.0	2262.0	2192.260498046875
2230.0	2254.0	2194.4248046875
2230.0	2262.0	2194.0576171875
2231.0	2266.0	2191.045654296875
2228.0	2261.0	2198.2734375
2222.0	2261.0	2213.187744140625
2228.0	2259.0	2197.54638671875
2230.0	2260.0	2192.09765625
2229.0	2262.0	2194.27001953125
2229.0	2262.0	2193.982177734375
2230.0	2261.0	2191.048583984375
2229.0	2260.0	2193.3994140625
2230.0	2258.0	2190.579833984375
2231.0	2262.0	2187.743408203125
2230.0	2260.0	2190.05078125
2230.0	2261.0	2189.65576171875
2230.0	2261.0	2189.37109375
2235.0	2264.0	2176.40283203125
2234.0	2263.0	2178.5947265625
2227.0	2262.0	2196.171142578125
2231.0	2261.0	2185.7265625
2233.0	2260.0	2180.39111328125
2230.0	2261.0	2187.779296875
2231.0	2260.0	2184.955810546875
2229.0	2262.0	2189.773681640625
2231.0	2257.0	2184.425537109375
2230.0	2261.0	2186.68212890625
2229.0	2261.0	2188.94873046875
2230.0	2262.0	2186.149658203125
2231.0	2261.0	2183.345458984375
2229.0	2263.0	2188.214111328125
2228.0	2261.0	2190.574462890625
2227.0	2260.0	2192.961181640625
2232.0	2262.0	2179.97314453125
2231.0	2263.0	2182.389892578125
2232.0	2258.0	2179.678955078125
2232.0	2263.0	2179.41259765625
2219.0	2263.0	2212.25341796875
2220.0	2261.0	2208.4375
2221.0	2260.0	2204.700927734375
2219.0	2261.0	2208.670166015625
2225.0	2260.0	2192.310791015625
2221.0	2260.0	2201.471435546875
2223.0	2273.0	2195.46240234375
2214.0	2274.0	2217.505615234375
2220.0	2276.0	2201.32373046875
2222.0	2271.0	2195.420654296875
2221.0	2275.0	2197.094970703125
2220.0	2275.0	2198.808837890625
2222.0	2274.0	2192.993408203125
2221.0	2277.0	2194.815185546875
2224.0	2266.0	2186.47216796875
2220.0	2272.0	2195.991943359375
2220.0	2275.0	2195.271484375
2222.0	2272.0	2189.523193359375
2221.0	2272.0	2191.41943359375
2221.0	2274.0	2190.92236328125
2221.0	2272.0	2190.42041015625
2220.0	2276.0	2192.44775390625
2219.0	2276.0	2194.451416015625
2219.0	2276.0	2193.91796875
2219.0	2274.0	2193.362060546875
2220.0	2273.0	2190.37451171875
2223.0	2275.0	2182.365966796875
2221.0	2274.0	2187.033447265625
2219.0	2274.0	2191.703857421875
2219.0	2274.0	2191.270263671875
2221.0	2276.0	2185.89990234375
2226.0	2273.0	2172.809326171875
2218.0	2272.0	2192.828857421875
2221.0	2273.0	2184.802490234375
2220.0	2275.0	2186.91064453125
2219.0	2276.0	2189.07470703125
2221.0	2272.0	2183.65673828125
2222.0	2277.0	2180.68798828125
2229.0	2263.0	2162.727783203125
2229.0	2266.0	2163.419189453125
2230.0	2277.0	2161.597412109375
2230.0	2259.0	2162.23681640625
2230.0	2262.0	2162.878662109375
2231.0	2262.0	2160.856201171875
2230.0	2260.0	2163.906982421875
2231.0	2259.0	2161.793212890625
2230.0	2256.0	2164.765625
2229.0	2262.0	2167.766357421875
2231.0	2263.0	2163.0234375
2229.0	2261.0	2168.424072265625
2232.0	2261.0	2161.07958984375
2228.0	2260.0	2171.558837890625
2231.0	2260.0	2164.099853515625
2231.0	2248.0	2164.3291015625
2230.0	2248.0	2167.15625
2234.0	2247.0	2157.293212890625
2229.0	2249.0	2170.23681640625
2228.0	2249.0	2172.783203125
2229.0	2247.0	2170.29052734375
2229.0	2248.0	2170.443115234375
2219.0	2248.0	2195.04150390625
2220.0	2251.0	2191.4990234375
2223.0	2247.0	2183.090087890625
2221.0	2248.0	2187.287353515625
2220.0	2252.0	2188.98828125
2220.0	2239.0	2188.344482421875
2221.0	2248.0	2185.017822265625
2222.0	2249.0	2181.831787109375
2223.0	2235.0	2178.644775390625
2222.0	2234.0	2180.505615234375
2220.0	2236.0	2184.925048828125
2220.0	2235.0	2184.28564453125
2219.0	2237.0	2186.26025390625
2211.0	2234.0	2205.77978515625
2210.0	2235.0	2206.700439453125
2212.0	2234.0	2200.063720703125
2212.0	2234.0	2198.683349609375
2213.0	2234.0	2194.8349609375
2209.0	2235.0	2203.68896484375
2215.0	2223.0	2187.235107421875
2204.0	2223.0	2214.00634765625
2208.0	2222.0	2202.63525390625
2201.0	2223.0	2218.829345703125
2201.0	2223.0	2216.78271484375
2203.0	2210.0	2209.72802734375
2202.0	2212.0	2210.478515625
2201.0	2212.0	2211.291015625
2203.0	2212.0	2204.5693359375
2201.0	2212.0	2208.170166015625
2201.0	2209.0	2206.6982421875
2200.0	2203.0	2207.901123046875
2191.0	2207.0	2229.1591796875
2192.0	2195.0	2224.23974609375
2191.0	2196.0	2224.4736328125
2191.0	2194.0	2222.40234375
2189.0	2196.0	2225.480712890625
2190.0	2196.0	2220.976806640625
2190.0	2195.0	2219.220947265625
2182.0	2194.0	2237.087646484375
2181.0	2183.0	2236.982666015625
2180.0	2186.0	2236.9736328125
2181.0	2185.0	2232.087158203125
2189.0	2182.0	2209.473388671875
2182.0	2184.0	2224.904052734375
2168.0	2181.0	2257.4541015625
2171.0	2183.0	2246.915283203125
2172.0	2170.0	2241.689453125
2171.0	2168.0	2241.62060546875
2174.0	2168.0	2231.482421875
2191.0	2175.0	2185.857421875
2171.0	2173.0	2234.500732421875
2163.0	2177.0	2252.47998046875
2162.0	2170.0	2252.034423828125
2163.0	2169.0	2246.584716796875
2162.0	2157.0	2246.465087890625
2165.0	2158.0	2236.2763671875
2162.0	2157.0	2241.505615234375
2164.0	2155.0	2234.110107421875
2152.0	2157.0	2261.78466796875
2155.0	2148.0	2250.99365234375
2152.0	2145.0	2255.659423828125
2153.0	2144.0	2250.3349609375
2153.0	2145.0	2247.6669921875
2152.0	2142.0	2247.71142578125
2142.0	2143.0	2269.891845703125
2144.0	2143.0	2261.569580078125
2146.0	2144.0	2253.486572265625
2132.0	2147.0	2285.5283203125
2133.0	2144.0	2279.227783203125
2132.0	2132.0	2278.168212890625
2134.0	2130.0	2269.68359375
2133.0	2128.0	2268.95947265625
2133.0	2130.0	2265.874755859375
2135.0	2131.0	2257.918212890625
2135.0	2126.0	2255.154052734375
2122.0	2133.0	2285.0166015625
2124.0	2130.0	2276.509521484375
2128.0	2129.0	2263.021484375
2122.0	2121.0	2275.240966796875
2124.0	2118.0	2267.349853515625
2123.0	2118.0	2267.16552734375
2125.0	2119.0	2259.487060546875
2127.0	2116.0	2251.9248046875
2125.0	2120.0	2254.693115234375
2113.0	2119.0	2282.057373046875
2112.0	2118.0	2281.478515625
2112.0	2121.0	2278.5048828125
2115.0	2118.0	2268.0625
2116.0	2117.0	2262.88623046875
2115.0	2121.0	2263.002197265625
2118.0	2117.0	2253.062255859375
2109.0	2120.0	2273.87548828125
2114.0	2120.0	2259.1982421875
2111.0	2117.0	2264.9052734375
2113.0	2118.0	2257.94140625
2104.0	2118.0	2278.4306640625
2104.0	2123.0	2275.7236328125
2104.0	2114.0	2273.19775390625
2106.0	2124.0	2265.814697265625
2106.0	2115.0	2263.537841796875
2104.0	2116.0	2266.448486328125
2107.0	2120.0	2256.7900390625
2107.0	2119.0	2254.906982421875
2105.0	2118.0	2258.176025390625
2104.0	2117.0	2258.9892578125
2098.0	2119.0	2272.670166015625
2103.0	2117.0	2258.545654296875
2105.0	2118.0	2252.074951171875
2105.0	2119.0	2250.7802734375
2105.0	2119.0	2249.669921875
2105.0	2117.0	2248.4462890625
2106.0	2116.0	2244.82080078125
2105.0	2117.0	2246.353271484375
2106.0	2118.0	2242.830810546875
2103.0	2118.0	2249.5068359375
2105.0	2117.0	2243.494140625
2094.0	2118.0	2270.097900390625
2094.0	2120.0	2268.295654296875
2094.0	2116.0	2266.447265625
2094.0	2122.0	2264.896728515625
2095.0	2129.0	2260.828857421875
2095.0	2135.0	2259.317138671875
2094.0	2128.0	2260.47900390625
2096.0	2134.0	2254.05322265625
2094.0	2131.0	2257.932373046875
2094.0	2129.0	2256.754638671875
2095.0	2129.0	2253.192138671875
2089.0	2131.0	2267.4580078125
2098.0	2131.0	2243.572998046875
2094.0	2132.0	2252.87451171875
2096.0	2131.0	2246.900146484375
2093.0	2130.0	2253.747802734375
2093.0	2131.0	2252.960205078125
2095.0	2128.0	2247.13671875
2095.0	2131.0	2246.49169921875
2094.0	2132.0	2248.38671875
2090.0	2131.0	2257.929931640625
2106.0	2132.0	2216.65576171875
2092.0	2132.0	2251.8876953125
2095.0	2132.0	2243.7294921875
2094.0	2132.0	2245.815673828125
2097.0	2132.0	2237.83203125
2096.0	2129.0	2240.01025390625
2094.0	2135.0	2244.692626953125
2095.0	2135.0	2241.670166015625
2095.0	2132.0	2241.37158203125
2093.0	2128.0	2246.165283203125
2094.0	2128.0	2243.38037109375
2096.0	2129.0	2238.086669921875
2094.0	2128.0	2243.001953125
2094.0	2130.0	2242.84326171875
2096.0	2120.0	2237.60302734375
2095.0	2118.0	2239.91015625
2095.0	2118.0	2239.756591796875
2096.0	2119.0	2237.052978515625
2094.0	2120.0	2241.99560546875
2094.0	2117.0	2241.900634765625
2097.0	2118.0	2234.075927734375
2097.0	2118.0	2233.975341796875
2094.0	2118.0	2241.548583984375
2110.0	2118.0	2200.761962890625
2092.0	2118.0	2246.562744140625
2094.0	2118.0	2241.41748046875
2094.0	2119.0	2241.411865234375
2105.0	2118.0	2213.93896484375
2104.0	2117.0	2217.644287109375
2105.0	2119.0	2216.07568359375
2103.0	2117.0	2222.081298828125
2106.0	2105.0	2215.308349609375
2105.0	2104.0	2218.7001953125
2105.0	2107.0	2219.472900390625
2104.0	2104.0	2222.79638671875
2104.0	2104.0	2223.6083984375
2106.0	2103.0	2219.216552734375
2104.0	2105.0	2224.986572265625
2106.0	2106.0	2220.531005859375
2105.0	2105.0	2223.97900390625
2104.0	2103.0	2227.255615234375
2107.0	2105.0	2220.099853515625
2103.0	2106.0	2230.77783203125
2106.0	2106.0	2223.531494140625
2104.0	2103.0	2229.100341796875
2108.0	2103.0	2219.347412109375
2116.0	2106.0	2199.485595703125
2102.0	2106.0	2235.552734375
2105.0	2105.0	2228.3232421875
2104.0	2107.0	2231.315673828125
2104.0	2105.0	2231.59423828125
2103.0	2104.0	2234.439697265625
2113.0	2104.0	2210.0185546875
2113.0	2104.0	2211.39599609375
2113.0	2103.0	2212.691650390625
2115.0	2113.0	2208.733642578125
2114.0	2106.0	2212.47412109375
2116.0	2092.0	2208.53271484375
2114.0	2092.0	2214.65283203125
2115.0	2092.0	2213.030029296875
2108.0	2094.0	2231.849609375
2116.0	2093.0	2212.416015625
2114.0	2093.0	2218.240966796875
2113.0	2091.0	2221.494140625
2115.0	2091.0	2217.196044921875
2113.0	2092.0	2222.9638671875
2117.0	2092.0	2213.40966796875
2114.0	2092.0	2221.62060546875
2118.0	2093.0	2211.998779296875
2128.0	2090.0	2187.14453125
2113.0	2095.0	2225.8408203125
2114.0	2091.0	2223.81005859375
2113.0	2094.0	2226.863525390625
2114.0	2093.0	2224.8095703125
2113.0	2091.0	2227.801513671875
2113.0	2089.0	2228.19970703125
2114.0	2095.0	2226.0712890625
2114.0	2095.0	2226.49462890625
2114.0	2098.0	2226.907470703125
2113.0	2098.0	2229.759765625
2112.0	2094.0	2232.689453125
2105.0	2094.0	2249.97265625
2105.0	2092.0	2249.342529296875
2104.0	2093.0	2251.27294921875
2104.0	2092.0	2250.708251953125
2105.0	2091.0	2247.657470703125
2101.0	2093.0	2257.34619140625
2104.0	2092.0	2249.2734375
2103.0	2092.0	2251.39404296875
2103.0	2093.0	2251.037353515625
2107.0	2091.0	2240.377685546875
2112.0	2093.0	2227.225830078125
2106.0	2091.0	2242.1845703125
2103.0	2093.0	2249.48876953125
2104.0	2091.0	2246.712890625
2103.0	2093.0	2249.011474609375
2105.0	2094.0	2243.695068359375
2104.0	2093.0	2246.136474609375
2105.0	2089.0	2243.461181640625
2106.0	2085.0	2240.662109375
2105.0	2103.0	2242.97607421875
2105.0	2102.0	2242.865966796875
2103.0	2091.0	2247.803466796875
2093.0	2090.0	2272.564697265625
2094.0	2079.0	2268.75830078125
2094.0	2081.0	2267.582275390625
2095.0	2079.0	2264.02392578125
2095.0	2080.0	2263.105224609375
2094.0	2079.0	2264.6484375
2093.0	2080.0	2266.3876953125
2095.0	2080.0	2260.352294921875
2094.0	2078.0	2262.136474609375
2097.0	2081.0	2253.76123046875
2094.0	2078.0	2260.74462890625
2098.0	2077.0	2249.91845703125
2105.0	2079.0	2231.55078125
2094.0	2080.0	2258.99609375
2096.0	2081.0	2253.341796875
2093.0	2083.0	2260.522216796875
2096.0	2079.0	2252.4365234375
2096.0	2076.0	2252.11767578125
2095.0	2077.0	2254.18798828125
2093.0	2095.0	2258.801025390625
2094.0	2107.0	2255.913818359375
2094.0	2088.0	2255.594970703125
2095.0	2091.0	2252.65966796875
2094.0	2091.0	2254.911376953125
2093.0	2092.0	2257.280517578125
2096.0	2093.0	2249.420654296875
2094.0	2093.0	2254.320068359375
2086.0	2108.0	2273.7099609375
2075.0	2130.0	2300.034912109375
2060.0	2156.0	2335.415771484375
2036.0	2181.0	2392.134521484375
2016.0	2224.0	2436.483154296875
1987.0	2263.0	2502.60791015625
1988.0	2261.0	2489.51416015625
1964.0	2300.0	2537.9794921875
1916.0	2340.0	2645.13720703125
1891.0	2379.0	2691.697998046875
1854.0	2416.0	2765.226318359375
1826.0	2456.0	2814.10498046875
1796.0	2499.0	2866.82373046875
1768.0	2532.0	2913.628662109375
1731.0	2575.0	2980.358642578125
1702.0	2628.0	3025.3720703125
1702.0	2626.0	2995.177490234375
1663.0	2665.0	3062.1044921875
1636.0	2705.0	3097.68115234375
1599.0	2743.0	3157.63134765625
1571.0	2783.0	3192.552490234375
1536.0	2823.0	3244.27734375
1508.0	2863.0	3277.4267578125
1470.0	2901.0	3335.9345703125
1472.0	2899.0	3290.812255859375
1416.0	2977.0	3392.951171875
1417.0	2979.0	3349.075439453125
1382.0	3021.0	3395.484375
1354.0	3057.0	3424.12109375
1326.0	3097.0	3452.830810546875
1302.0	3121.0	3471.24658203125
1276.0	3162.0	3493.755615234375
1259.0	3188.0	3493.8623046875
1232.0	3213.0	3520.44287109375
1232.0	3212.0	3477.8603515625
1208.0	3243.0	3496.234619140625
1181.0	3284.0	3522.418212890625
1164.0	3307.0	3523.091064453125
1149.0	3332.0	3519.63525390625
1130.0	3348.0	3527.17236328125
1105.0	3370.0	3550.544189453125
1097.0	3399.0	3531.022705078125
1080.0	3412.0	3535.277099609375
1066.0	3410.0	3532.853515625
1066.0	3411.0	3495.273681640625
1049.0	3411.0	3501.46044921875
1042.0	3409.0	3483.4765625
1028.0	3408.0	3484.3037109375
1010.0	3410.0	3495.188720703125
1003.0	3415.0	3479.049072265625
994.0	3409.0	3469.291259765625
977.0	3409.0	3481.1376953125
979.0	3411.0	3444.7548828125
969.0	3409.0	3440.783935546875
969.0	3409.0	3412.169921875
964.0	3409.0	3397.274169921875
953.0	3417.0	3398.543701171875
954.0	3411.0	3370.50244140625
947.0	3408.0	3363.79541015625
947.0	3410.0	3340.444091796875
938.0	3412.0	3341.13037109375
939.0	3409.0	3317.14599609375
939.0	3409.0	3296.9443359375
939.0	3413.0	3277.947021484375
941.0	3412.0	3255.0263671875
939.0	3410.0	3243.324951171875
939.0	3408.0	3227.64453125
945.0	3410.0	3198.08642578125
946.0	3410.0	3182.568115234375
948.0	3410.0	3165.343994140625
953.0	3416.0	3141.5126953125
961.0	3409.0	3111.322509765625
962.0	3413.0	3100.550537109375
962.0	3410.0	3092.8974609375
970.0	3399.0	3065.942138671875
977.0	3382.0	3043.15673828125
987.0	3373.0	3013.78369140625
993.0	3347.0	2995.498779296875
1011.0	3332.0	2948.056640625
1020.0	3321.0	2924.955810546875
1033.0	3298.0	2893.2275390625
1049.0	3281.0	2855.25390625
1049.0	3279.0	2859.501708984375
1057.0	3251.0	2844.06494140625
1074.0	3226.0	2806.76904296875
1088.0	3212.0	2778.479736328125
1097.0	3189.0	2764.090087890625
1112.0	3165.0	2735.408203125
1129.0	3138.0	2702.584228515625
1147.0	3111.0	2668.003662109375
1165.0	3084.0	2635.33447265625
1180.0	3060.0	2611.027587890625
1184.0	3061.0	2615.8681640625
1197.0	3021.0	2598.811279296875
1222.0	2993.0	2552.56103515625
1240.0	2965.0	2525.114990234375
1269.0	2939.0	2471.701904296875
1283.0	2902.0	2457.221435546875
1301.0	2875.0	2433.032470703125
1327.0	2850.0	2388.80615234375
1327.0	2847.0	2412.490478515625
1374.0	2783.0	2317.231689453125
1376.0	2783.0	2338.330322265625
1389.0	2758.0	2331.88623046875
1416.0	2734.0	2290.698486328125
1442.0	2692.0	2253.061279296875
1470.0	2664.0	2211.258544921875
1498.0	2638.0	2171.56640625
1519.0	2599.0	2150.123046875
1545.0	2574.0	2115.6279296875
1552.0	2573.0	2131.032958984375
1563.0	2549.0	2136.312255859375
1589.0	2509.0	2104.02490234375
1619.0	2486.0	2063.446044921875
1636.0	2452.0	2055.821533203125
1664.0	2418.0	2020.55322265625
1692.0	2391.0	1985.8531494140625
1723.0	2366.0	1943.867431640625
1740.0	2341.0	1939.3177490234375
1768.0	2315.0	1906.1527099609375
1770.0	2313.0	1940.2017822265625
1790.0	2287.0	1928.165771484375
1814.0	2262.0	1906.34912109375
1840.0	2234.0	1880.2579345703125
1861.0	2210.0	1867.03759765625
1890.0	2183.0	1833.970703125
1923.0	2156.0	1791.04345703125
1942.0	2132.0	1783.8834228515625
1967.0	2123.0	1762.2447509765625
1987.0	2094.0	1753.49267578125
1987.0	2091.0	1795.269287109375
2016.0	2066.0	1763.9039306640625
2039.0	2040.0	1747.4862060546875
2052.0	2015.0	1755.8812255859375
2084.0	2001.0	1716.8917236328125
2106.0	1978.0	1703.2332763671875
2123.0	1964.0	1701.7945556640625
2146.0	1939.0	1684.385986328125
2147.0	1939.0	1722.7138671875
2183.0	1908.0	1671.660888671875
2185.0	1909.0	1707.3822021484375
2204.0	1884.0	1699.572998046875
2216.0	1874.0	1709.05029296875
2241.0	1860.0	1684.97216796875
2258.0	1844.0	1680.8013916015625
2278.0	1831.0	1669.4600830078125
2292.0	1823.0	1672.675537109375
2309.0	1801.0	1667.1658935546875
2309.0	1808.0	1704.771728515625
2319.0	1795.0	1715.800537109375
2335.0	1786.0	1711.022705078125
2347.0	1770.0	1716.223388671875
2366.0	1757.0	1703.2723388671875
2386.0	1758.0	1687.598876953125
2395.0	1746.0	1699.300048828125
2416.0	1733.0	1679.572998046875
2425.0	1732.0	1690.8758544921875
2437.0	1721.0	1693.4776611328125
2435.0	1722.0	1730.883056640625
2445.0	1721.0	1736.8863525390625
2457.0	1712.0	1736.99853515625
2463.0	1716.0	1752.0333251953125
2474.0	1707.0	1753.54443359375
2485.0	1696.0	1754.2967529296875
2484.0	1693.0	1784.542724609375
2493.0	1698.0	1787.8626708984375
2506.0	1695.0	1781.078125
2513.0	1693.0	1788.6514892578125
2515.0	1691.0	1808.552734375
2514.0	1682.0	1834.8077392578125
2517.0	1684.0	1850.3392333984375
2518.0	1682.0	1869.9666748046875
2534.0	1685.0	1850.944091796875
2532.0	1682.0	1876.922119140625
2533.0	1679.0	1894.217529296875
2542.0	1696.0	1890.0570068359375
2541.0	1697.0	1911.109375
2542.0	1695.0	1926.0714111328125
2544.0	1694.0	1937.5660400390625
2542.0	1695.0	1958.2744140625
2544.0	1694.0	1967.9691162109375
2546.0	1695.0	1976.998291015625
2547.0	1694.0	1987.8583984375
2551.0	1708.0	1991.182861328125
2541.0	1707.0	2028.981201171875
2543.0	1709.0	2034.7586669921875
2542.0	1716.0	2047.52490234375
2541.0	1714.0	2059.806884765625
2542.0	1717.0	2066.373046875
2542.0	1721.0	2074.903076171875
2532.0	1721.0	2107.77294921875
2534.0	1732.0	2109.3203125
2533.0	1730.0	2118.1123046875
2529.0	1733.0	2134.175048828125
2526.0	1745.0	2147.068115234375
2523.0	1745.0	2158.74755859375
2522.0	1745.0	2165.10400390625
2511.0	1746.0	2195.755126953125
2513.0	1761.0	2193.0517578125
2505.0	1758.0	2214.62841796875
2505.0	1759.0	2215.620849609375
2493.0	1758.0	2246.50390625
2492.0	1770.0	2248.93798828125
2483.0	1771.0	2271.546630859375
2483.0	1782.0	2270.210693359375
2475.0	1781.0	2289.315673828125
2477.0	1786.0	2282.01025390625
2489.0	1795.0	2249.2216796875
2463.0	1796.0	2312.480712890625
2466.0	1793.0	2301.704345703125
2454.0	1805.0	2328.62255859375
2446.0	1809.0	2344.556640625
2446.0	1811.0	2339.8388671875
2437.0	1825.0	2358.187255859375
2434.0	1808.0	2360.368408203125
2427.0	1821.0	2372.92236328125
2425.0	1820.0	2372.033935546875
2425.0	1823.0	2366.40478515625
2414.0	1835.0	2388.25048828125
2404.0	1836.0	2406.904541015625
2407.0	1833.0	2392.367919921875
2401.0	1836.0	2400.4482421875
2384.0	1835.0	2436.1630859375
2375.0	1834.0	2451.044189453125
2377.0	1835.0	2437.31689453125
2367.0	1846.0	2453.623291015625
2368.0	1852.0	2442.3056640625
2356.0	1855.0	2463.607177734375
2357.0	1851.0	2452.1123046875
2349.0	1858.0	2463.423583984375
2339.0	1859.0	2479.617431640625
2337.0	1863.0	2474.8583984375
2328.0	1859.0	2488.259033203125
2327.0	1860.0	2481.068359375
2327.0	1861.0	2471.742919921875
2318.0	1859.0	2484.8798828125
2317.0	1859.0	2478.0185546875
2311.0	1860.0	2483.55908203125
2306.0	1861.0	2486.89404296875
2291.0	1862.0	2516.055419921875
2297.0	1860.0	2491.8251953125
2300.0	1860.0	2475.087646484375
2290.0	1861.0	2491.52392578125
2290.0	1861.0	2482.330810546875
2288.0	1864.0	2478.7099609375
2293.0	1860.0	2457.744140625
2289.0	1860.0	2460.052001953125
2277.0	1859.0	2482.500732421875
2280.0	1859.0	2466.691650390625
2281.0	1860.0	2456.49365234375
2279.0	1862.0	2454.21484375
2280.0	1857.0	2444.84375
2279.0	1859.0	2440.757568359375
2268.0	1860.0	2461.52294921875
2269.0	1862.0	2452.113525390625
2269.0	1862.0	2445.58251953125
2269.0	1859.0	2439.321533203125
2259.0	1859.0	2458.316162109375
2259.0	1861.0	2451.60302734375
2258.0	1853.0	2447.765380859375
2259.0	1845.0	2439.142578125
2261.0	1851.0	2428.358642578125
2260.0	1839.0	2425.44970703125
2260.0	1846.0	2420.33935546875
2259.0	1848.0	2418.00830078125
2260.0	1845.0	2410.8037109375
2258.0	1849.0	2411.510498046875
2260.0	1846.0	2402.203857421875
2262.0	1834.0	2393.111083984375
2260.0	1833.0	2394.4072265625
2261.0	1834.0	2388.330078125
2261.0	1834.0	2384.9755859375
2257.0	1834.0	2391.9658203125
2271.0	1833.0	2354.226806640625
2268.0	1833.0	2359.979736328125
2270.0	1833.0	2353.127685546875
2270.0	1837.0	2351.377197265625
2276.0	1822.0	2334.439208984375
2280.0	1827.0	2323.083740234375
2281.0	1821.0	2319.982421875
2279.0	1821.0	2324.525146484375
2279.0	1820.0	2324.00830078125
2277.0	1820.0	2328.551025390625
2277.0	1823.0	2328.030517578125
2290.0	1808.0	2295.220458984375
2288.0	1809.0	2300.93994140625
2290.0	1810.0	2296.386962890625
2286.0	1808.0	2307.006591796875
2303.0	1810.0	2264.165771484375
2287.0	1809.0	2305.281982421875
2290.0	1811.0	2297.95556640625
2298.0	1795.0	2278.89892578125
2300.0	1801.0	2275.02197265625
2298.0	1801.0	2281.2373046875
2298.0	1801.0	2282.427978515625
2309.0	1794.0	2255.98388671875
2309.0	1794.0	2257.86865234375
2309.0	1795.0	2259.812744140625
2307.0	1796.0	2266.626220703125
2307.0	1796.0	2268.297119140625
2308.0	1796.0	2267.288330078125
2320.0	1797.0	2239.126708984375
2321.0	1797.0	2238.88671875
2318.0	1783.0	2248.797607421875
2319.0	1784.0	2248.228515625
2327.0	1783.0	2230.38232421875
2327.0	1784.0	2233.252197265625
2327.0	1783.0	2235.9033203125
2330.0	1785.0	2230.75927734375
2337.0	1785.0	2215.37158203125
2337.0	1791.0	2218.63916015625
2337.0	1785.0	2221.59765625
2336.0	1783.0	2226.904541015625
2338.0	1784.0	2224.398681640625
2347.0	1783.0	2204.7333984375
2349.0	1784.0	2203.13037109375
2348.0	1782.0	2208.81201171875
2345.0	1782.0	2219.429931640625
2347.0	1783.0	2217.1923828125
2361.0	1783.0	2184.37646484375
2350.0	1782.0	2215.82421875
2369.0	1797.0	2170.7138671875
2356.0	1797.0	2206.95458984375
2355.0	1795.0	2212.361328125
2357.0	1802.0	2209.9931640625
2356.0	1795.0	2215.114013671875
2356.0	1801.0	2217.53369140625
2367.0	1797.0	2191.8515625
2366.0	1797.0	2197.53369140625
2366.0	1798.0	2200.55078125
2366.0	1798.0	2203.39501953125
2365.0	1809.0	2208.59228515625
2367.0	1808.0	2205.93310546875
2366.0	1810.0	2210.77099609375
2369.0	1807.0	2205.275634765625
2369.0	1810.0	2207.273681640625
2366.0	1807.0	2216.837890625
2375.0	1807.0	2195.64453125
2375.0	1810.0	2198.1953125
2376.0	1820.0	2198.07666015625
2376.0	1826.0	2200.386962890625
2376.0	1827.0	2202.538330078125
2377.0	1821.0	2201.917724609375
2387.0	1819.0	2178.91064453125
2388.0	1820.0	2179.260498046875
2387.0	1822.0	2184.367431640625
2388.0	1833.0	2184.373779296875
2386.0	1832.0	2191.690185546875
2386.0	1834.0	2193.873291015625
2388.0	1834.0	2190.95263671875
2399.0	1833.0	2165.6201171875
2397.0	1835.0	2173.393798828125
2393.0	1834.0	2186.146240234375
2395.0	1847.0	2183.464111328125
2395.0	1850.0	2185.69921875
2394.0	1849.0	2190.256591796875
2394.0	1848.0	2192.177978515625
2395.0	1852.0	2191.57568359375
2395.0	1848.0	2193.240966796875
2395.0	1854.0	2194.78466796875
2395.0	1860.0	2196.208740234375
2395.0	1861.0	2197.48681640625
2395.0	1862.0	2198.70458984375
2395.0	1862.0	2199.831787109375
2394.0	1859.0	2203.37646484375
2396.0	1873.0	2199.371337890625
2399.0	1873.0	2192.4892578125
2389.0	1873.0	2217.80126953125
2385.0	1873.0	2227.744140625
2386.0	1872.0	2224.931640625
2388.0	1871.0	2219.58154296875
2388.0	1887.0	2219.42578125
2376.0	1887.0	2249.281005859375
2376.0	1887.0	2247.87451171875
2377.0	1886.0	2243.9912109375
2377.0	1885.0	2242.724853515625
2376.0	1887.0	2243.904541015625
2376.0	1886.0	2242.61328125
2367.0	1886.0	2263.5546875
2366.0	1897.0	2263.991455078125
2367.0	1899.0	2259.3173828125
2367.0	1898.0	2257.311279296875
2366.0	1896.0	2258.034912109375
2368.0	1899.0	2251.18701171875
2356.0	1896.0	2279.625
2360.0	1899.0	2266.73828125
2355.0	1898.0	2276.855712890625
2356.0	1898.0	2271.7080078125
2378.0	1896.0	2213.31005859375
2354.0	1910.0	2272.05224609375
2358.0	1909.0	2259.642333984375
2348.0	1904.0	2282.61669921875
2348.0	1917.0	2279.61572265625
2346.0	1909.0	2281.772216796875
2346.0	1911.0	2279.030517578125
2346.0	1910.0	2276.42333984375
2347.0	1913.0	2271.380126953125
2348.0	1923.0	2266.414794921875
2340.0	1923.0	2283.736083984375
2337.0	1926.0	2288.133544921875
2337.0	1923.0	2285.06640625
2340.0	1926.0	2274.43310546875
2335.0	1924.0	2284.296875
2347.0	1926.0	2251.09130859375
2337.0	1923.0	2274.08349609375
2337.0	1925.0	2271.572265625
2336.0	1926.0	2271.826416015625
2327.0	1925.0	2291.583251953125
2328.0	1927.0	2285.922607421875
2327.0	1922.0	2285.384521484375
2327.0	1920.0	2282.5166015625
2329.0	1924.0	2274.673828125
2328.0	1923.0	2274.59814453125
2317.0	1938.0	2300.017333984375
2317.0	1937.0	2296.499755859375
2317.0	1937.0	2293.119140625
2318.0	1937.0	2287.51416015625
2316.0	1935.0	2289.593017578125
2317.0	1936.0	2284.263916015625
2316.0	1935.0	2284.0009765625
2320.0	1938.0	2271.197998046875
2307.0	1937.0	2301.29541015625
2307.0	1937.0	2297.870849609375
2309.0	1937.0	2289.55419921875
2309.0	1937.0	2286.4580078125
2310.0	1934.0	2281.0205078125
2308.0	1935.0	2283.370849609375
2307.0	1932.0	2283.1962890625
2311.0	1950.0	2270.460205078125
2309.0	1935.0	2273.088134765625
2309.0	1936.0	2270.789794921875
2308.0	1936.0	2271.11767578125
2308.0	1937.0	2268.92724609375
2307.0	1937.0	2269.45556640625
2307.0	1937.0	2267.557861328125
2308.0	1936.0	2263.225341796875
2297.0	1939.0	2288.642333984375
2300.0	1937.0	2278.209228515625
2299.0	1940.0	2278.225830078125
2302.0	1937.0	2268.0712890625
2301.0	1937.0	2268.26025390625
2298.0	1938.0	2273.591796875
2300.0	1936.0	2266.27734375
2299.0	1939.0	2266.718505859375
2298.0	1941.0	2267.28857421875
2301.0	1938.0	2257.756591796875
2289.0	1943.0	2285.765625
2290.0	1937.0	2280.5673828125
2289.0	1934.0	2280.586669921875
2290.0	1939.0	2275.62939453125
2288.0	1936.0	2278.421875
2288.0	1937.0	2276.127197265625
2289.0	1936.0	2271.507568359375
2296.0	1937.0	2251.56689453125
2288.0	1950.0	2269.99755859375
2289.0	1951.0	2265.634033203125
2287.0	1950.0	2268.901123046875
2277.0	1949.0	2292.0654296875
2278.0	1948.0	2286.826171875
2277.0	1950.0	2286.726318359375
2280.0	1952.0	2276.579833984375
2279.0	1949.0	2276.82958984375
2278.0	1949.0	2277.100341796875
2282.0	1941.0	2264.83251953125
2278.0	1950.0	2273.00244140625
2277.0	1947.0	2273.622802734375
2278.0	1958.0	2269.197509765625
2278.0	1950.0	2267.392578125
2278.0	1950.0	2265.63525390625
2272.0	1949.0	2279.18408203125
2271.0	1962.0	2279.14697265625
2270.0	1963.0	2279.227294921875
2271.0	1963.0	2274.40771484375
2269.0	1961.0	2277.33544921875
2270.0	1963.0	2272.739501953125
2267.0	1963.0	2278.41455078125
2270.0	1963.0	2268.806884765625
2260.0	1962.0	2291.874267578125
2257.0	1962.0	2296.692138671875
2260.0	1963.0	2286.205078125
2260.0	1962.0	2283.718994140625
2259.0	1957.0	2283.845458984375
2261.0	1959.0	2276.43896484375
2260.0	1967.0	2276.76123046875
2259.0	1969.0	2277.139892578125
2259.0	1971.0	2275.128173828125
2260.0	1976.0	2270.630859375
2258.0	1976.0	2273.912841796875
2260.0	1976.0	2267.11865234375
2249.0	1976.0	2293.302490234375
2248.0	1973.0	2293.187744140625
2250.0	1974.0	2285.555908203125
2249.0	1977.0	2285.7109375
2249.0	1975.0	2283.3427734375
2248.0	1974.0	2283.659423828125
2247.0	1975.0	2284.167724609375
2250.0	1991.0	2274.55712890625
2248.0	1988.0	2277.67431640625
2248.0	1989.0	2275.781982421875
2239.0	1987.0	2296.8857421875
2241.0	1984.0	2289.195556640625
2239.0	1986.0	2291.826171875
2239.0	1988.0	2289.366943359375
2241.0	1981.0	2282.06884765625
2240.0	1986.0	2282.459716796875
2242.0	1987.0	2275.33642578125
2239.0	1989.0	2281.074462890625
2239.0	1989.0	2279.076171875
2239.0	1988.0	2277.260009765625
2240.0	1989.0	2273.052490234375
2239.0	1989.0	2273.896484375
2241.0	1987.0	2267.236083984375
2233.0	1986.0	2285.33544921875
2230.0	1988.0	2290.452392578125
2233.0	2002.0	2280.453125
2224.0	2003.0	2301.1728515625
2231.0	2001.0	2281.214111328125
2229.0	2004.0	2284.233154296875
2229.0	2002.0	2282.327880859375
2230.0	1999.0	2278.059326171875
2231.0	2000.0	2273.7275390625
2229.0	2004.0	2277.206787109375
2230.0	1998.0	2273.063720703125
2220.0	2002.0	2296.544921875
2220.0	2000.0	2294.051025390625
2220.0	2001.0	2291.8095703125
2221.0	2001.0	2287.0927734375
2220.0	2002.0	2287.516845703125
2221.0	2003.0	2282.947265625
2220.0	2013.0	2283.630859375
2221.0	2016.0	2279.272705078125
2222.0	2014.0	2275.08154296875
2222.0	2014.0	2273.4091796875
2221.0	2015.0	2273.8818359375
2206.0	2015.0	2309.472900390625
2212.0	2014.0	2291.734130859375
2212.0	2014.0	2289.49462890625
2210.0	2015.0	2292.418701171875
2211.0	2016.0	2287.8076171875
2210.0	2016.0	2288.413330078125
2210.0	2028.0	2286.564208984375
2201.0	2026.0	2306.7939453125
2203.0	2036.0	2299.02685546875
2201.0	2040.0	2301.583740234375
2202.0	2039.0	2296.70947265625
2201.0	2039.0	2297.031005859375
2200.0	2040.0	2297.4150390625
2200.0	2040.0	2295.34228515625
2200.0	2040.0	2293.416748046875
2202.0	2040.0	2286.297119140625
2202.0	2040.0	2284.54638671875
2201.0	2040.0	2285.39599609375
2203.0	2040.0	2278.708740234375
2215.0	2053.0	2246.693359375
2191.0	2054.0	2305.964599609375
2192.0	2054.0	2300.926025390625
2191.0	2053.0	2301.12890625
2194.0	2050.0	2291.288818359375
2193.0	2057.0	2291.6513671875
2194.0	2055.0	2287.071533203125
2190.0	2054.0	2295.2890625
2190.0	2069.0	2293.544921875
2193.0	2054.0	2284.234619140625
2191.0	2051.0	2287.710205078125
2193.0	2065.0	2281.056640625
2190.0	2068.0	2287.249755859375
2190.0	2066.0	2285.7587890625
2190.0	2067.0	2284.48779296875
2191.0	2067.0	2280.746826171875
2194.0	2065.0	2271.920654296875
2190.0	2067.0	2280.945068359375
2182.0	2066.0	2299.69140625
2182.0	2066.0	2297.739990234375
2180.0	2066.0	2300.898681640625
2181.0	2065.0	2296.635986328125
2180.0	2076.0	2297.538818359375
2182.0	2082.0	2290.991943359375
2190.0	2083.0	2269.955810546875
2191.0	2093.0	2266.896484375
2191.0	2123.0	2266.345458984375
2201.0	2141.0	2241.19970703125
2213.0	2170.0	2211.7900390625
2221.0	2209.0	2193.3583984375
2241.0	2248.0	2145.347412109375
2249.0	2286.0	2129.797607421875
2260.0	2325.0	2107.21484375
2258.0	2328.0	2118.330322265625
2270.0	2364.0	2094.40478515625
2290.0	2404.0	2051.255859375
2296.0	2443.0	2044.496826171875
2315.0	2482.0	2005.49755859375
2326.0	2523.0	1987.8675537109375
2338.0	2575.0	1968.473876953125
2347.0	2614.0	1956.803955078125
2348.0	2608.0	1965.763427734375
2386.0	2689.0	1882.033935546875
2386.0	2693.0	1896.4869384765625
2406.0	2732.0	1861.1368408203125
2415.0	2771.0	1853.87548828125
2438.0	2808.0	1811.618408203125
2457.0	2849.0	1780.292724609375
2465.0	2890.0	1778.03662109375
2483.0	2926.0	1750.40673828125
2495.0	2969.0	1738.636962890625
2495.0	2965.0	1757.2734375
2526.0	3032.0	1698.1529541015625
2520.0	3034.0	1733.081787109375
2531.0	3071.0	1724.7786865234375
2542.0	3111.0	1716.1346435546875
2562.0	3135.0	1685.03759765625
2573.0	3160.0	1677.0987548828125
2579.0	3189.0	1682.0433349609375
2586.0	3214.0	1684.0238037109375
2600.0	3242.0	1668.029541015625
2602.0	3241.0	1682.2177734375
2609.0	3267.0	1683.57958984375
2623.0	3291.0	1666.9112548828125
2630.0	3320.0	1668.34326171875
2640.0	3329.0	1661.8271484375
2641.0	3358.0	1677.6053466796875
2649.0	3374.0	1674.9259033203125
2659.0	3386.0	1667.001220703125
2660.0	3396.0	1681.92138671875
2669.0	3409.0	1675.7120361328125
2669.0	3410.0	1692.1751708984375
2669.0	3409.0	1707.7901611328125
2668.0	3412.0	1725.072021484375
2679.0	3408.0	1711.645263671875
2681.0	3408.0	1720.72216796875
2679.0	3407.0	1739.0439453125
2678.0	3421.0	1754.0743408203125
2688.0	3406.0	1740.54443359375
2690.0	3408.0	1747.47021484375
2689.0	3408.0	1761.421875
2690.0	3402.0	1769.5657958984375
2681.0	3409.0	1801.63134765625
2680.0	3409.0	1812.6737060546875
2681.0	3409.0	1818.152099609375
2678.0	3408.0	1833.2679443359375
2670.0	3408.0	1859.9525146484375
2670.0	3407.0	1865.4722900390625
2668.0	3407.0	1875.7403564453125
2670.0	3413.0	1875.494873046875
2659.0	3407.0	1907.8541259765625
2659.0	3407.0	1911.049560546875
2660.0	3397.0	1911.4761962890625
2650.0	3385.0	1938.9202880859375
2641.0	3372.0	1962.8726806640625
2641.0	3371.0	1963.233154296875
2630.0	3345.0	1990.797607421875
2619.0	3336.0	2017.6292724609375
2610.0	3320.0	2038.499755859375
2610.0	3319.0	2035.6119384765625
2603.0	3308.0	2049.63916015625
2590.0	3281.0	2078.1669921875
2583.0	3253.0	2090.4033203125
2572.0	3237.0	2112.16015625
2562.0	3215.0	2130.833984375
2556.0	3203.0	2138.864990234375
2542.0	3177.0	2166.81982421875
2532.0	3150.0	2183.555908203125
2524.0	3118.0	2194.68310546875
2521.0	3126.0	2192.72412109375
2512.0	3112.0	2205.498291015625
2504.0	3084.0	2215.3828125
2493.0	3058.0	2232.586669921875
2474.0	3020.0	2268.66015625
2460.0	3000.0	2291.340576171875
2457.0	2967.0	2285.9267578125
2434.0	2942.0	2330.93505859375
2434.0	2939.0	2316.268798828125
2415.0	2887.0	2349.619384765625
2416.0	2888.0	2331.933837890625
2407.0	2867.0	2339.4677734375
2387.0	2817.0	2373.96826171875
2367.0	2797.0	2407.8427734375
2356.0	2770.0	2418.365234375
2337.0	2730.0	2448.2080078125
2329.0	2704.0	2449.701171875
2318.0	2678.0	2458.99072265625
2318.0	2652.0	2440.31494140625
2287.0	2624.0	2499.35498046875
2288.0	2625.0	2477.0703125
2277.0	2587.0	2485.18115234375
2269.0	2562.0	2486.0390625
2248.0	2532.0	2519.3876953125
2241.0	2510.0	2516.89453125
2232.0	2481.0	2519.41064453125
2220.0	2442.0	2529.825927734375
2212.0	2418.0	2530.162841796875
2213.0	2418.0	2507.774169921875
2201.0	2405.0	2518.485595703125
2193.0	2379.0	2519.2705078125
2171.0	2354.0	2554.43505859375
2164.0	2327.0	2551.67236328125
2150.0	2299.0	2566.856201171875
2144.0	2274.0	2561.972412109375
2133.0	2253.0	2570.10107421875
2123.0	2229.0	2575.48486328125
2114.0	2207.0	2578.528076171875
2115.0	2195.0	2556.20849609375
2102.0	2182.0	2569.66748046875
2095.0	2159.0	2568.03173828125
2085.0	2130.0	2574.179931640625
2077.0	2116.0	2575.107666015625
2065.0	2091.0	2586.302001953125
2057.0	2078.0	2587.6650390625
2056.0	2068.0	2571.508056640625
2053.0	2069.0	2561.44921875
2043.0	2015.0	2568.987548828125
2035.0	2015.0	2571.478759765625
2027.0	2001.0	2573.828857421875
2018.0	1995.0	2578.888671875
2007.0	1957.0	2589.05712890625
2006.0	1965.0	2574.35498046875
1997.0	1943.0	2580.375732421875
1997.0	1924.0	2563.94873046875
1987.0	1912.0	2573.828125
1987.0	1910.0	2558.144287109375
1978.0	1884.0	2565.2490234375
1978.0	1885.0	2550.196533203125
1967.0	1872.0	2562.927734375
1972.0	1870.0	2535.70703125
1959.0	1858.0	2554.557861328125
1959.0	1850.0	2540.6708984375
1949.0	1833.0	2552.301513671875
1950.0	1834.0	2536.33740234375
1942.0	1816.0	2543.83544921875
1941.0	1819.0	2533.328369140625
1940.0	1822.0	2523.714599609375
1940.0	1811.0	2512.024169921875
1929.0	1807.0	2527.96875
1930.0	1809.0	2513.92236328125
1930.0	1797.0	2503.0966796875
1924.0	1795.0	2507.864990234375
1922.0	1796.0	2502.390380859375
1925.0	1795.0	2484.779052734375
1920.0	1797.0	2488.029052734375
1922.0	1798.0	2473.99365234375
1921.0	1783.0	2468.074462890625
1922.0	1785.0	2457.53173828125
1920.0	1777.0	2455.135986328125
1921.0	1781.0	2445.483154296875
1921.0	1785.0	2438.919189453125
1923.0	1784.0	2427.524658203125
1921.0	1796.0	2426.77734375
1920.0	1796.0	2423.785888671875
1922.0	1796.0	2413.41845703125
1921.0	1796.0	2410.935791015625
1924.0	1796.0	2398.56640625
1919.0	1794.0	2406.987060546875
1922.0	1796.0	2395.260498046875
1921.0	1807.0	2393.948974609375
1923.0	1812.0	2385.231201171875
1923.0	1811.0	2381.856689453125
1922.0	1829.0	2381.152099609375
1920.0	1822.0	2383.12353515625
1921.0	1820.0	2377.7666015625
1923.0	1821.0	2369.97265625
1921.0	1833.0	2372.58154296875
1922.0	1834.0	2367.712646484375
1932.0	1833.0	2340.57568359375
1932.0	1849.0	2339.51708984375
1929.0	1850.0	2346.06591796875
1934.0	1859.0	2332.50244140625
1930.0	1860.0	2341.864501953125
1929.0	1861.0	2343.63671875
1942.0	1873.0	2310.82763671875
1940.0	1871.0	2316.35107421875
1941.0	1878.0	2314.248046875
1940.0	1890.0	2317.200927734375
1949.0	1885.0	2295.2607421875
1949.0	1897.0	2296.5615234375
1949.0	1898.0	2297.876220703125
1949.0	1913.0	2299.203857421875
1952.0	1910.0	2292.739990234375
1949.0	1909.0	2301.60302734375
1963.0	1926.0	2268.128662109375
1959.0	1925.0	2280.56103515625
1960.0	1925.0	2280.20849609375
1963.0	1938.0	2274.51171875
1967.0	1936.0	2266.734619140625
1970.0	1950.0	2261.800537109375
1968.0	1949.0	2269.554931640625
1968.0	1952.0	2272.07763671875
1978.0	1963.0	2249.167724609375
1978.0	1964.0	2252.599853515625
1978.0	1961.0	2255.812744140625
1978.0	1971.0	2258.89453125
1978.0	1976.0	2261.80615234375
1980.0	1974.0	2259.54345703125
1988.0	1989.0	2242.42626953125
1988.0	1989.0	2245.962158203125
1988.0	1989.0	2249.303466796875
1987.0	1988.0	2254.983154296875
1990.0	2000.0	2250.4521484375
1989.0	2003.0	2255.83984375
1992.0	2001.0	2250.95263671875
1995.0	2003.0	2246.718017578125
1999.0	2003.0	2240.046630859375
1997.0	2000.0	2248.510986328125
1997.0	2013.0	2251.664306640625
1998.0	2011.0	2252.208251953125
1997.0	2009.0	2257.708251953125
1997.0	2021.0	2260.457763671875
1999.0	2022.0	2258.02099609375
1998.0	2013.0	2262.984130859375
2006.0	2029.0	2245.94140625
2007.0	2026.0	2246.7041015625
2008.0	2039.0	2247.2451171875
2007.0	2040.0	2252.76611328125
2008.0	2040.0	2253.0263671875
2001.0	2041.0	2273.504150390625
2010.0	2039.0	2253.16162109375
2007.0	2041.0	2263.236083984375
2008.0	2040.0	2262.9755859375
2006.0	2041.0	2270.432373046875
2006.0	2039.0	2272.493896484375
2008.0	2027.0	2269.361572265625
2008.0	2027.0	2271.359619140625
2006.0	2026.0	2278.23388671875
2007.0	2014.0	2277.5751953125
2006.0	2019.0	2281.751708984375
2007.0	2017.0	2280.762451171875
2007.0	2015.0	2282.313720703125
2009.0	2016.0	2278.745361328125
2007.0	2002.0	2285.25732421875
2007.0	2003.0	2286.568359375
2007.0	2001.0	2287.890625
1997.0	2003.0	2314.138427734375
1999.0	2002.0	2309.221435546875
1999.0	1990.0	2309.44677734375
2001.0	1990.0	2304.5615234375
1997.0	1989.0	2315.0673828125
1998.0	1990.0	2312.790771484375
1998.0	1988.0	2313.06787109375
1996.0	1978.0	2318.401123046875
1998.0	1974.0	2313.62060546875
1999.0	1975.0	2311.35888671875
1987.0	1960.0	2341.46484375
1987.0	1961.0	2340.662841796875
1987.0	1962.0	2339.98486328125
1988.0	1963.0	2336.680419921875
1988.0	1962.0	2336.07666015625
1987.0	1951.0	2337.988037109375
1988.0	1951.0	2334.888671875
1990.0	1937.0	2329.435546875
1989.0	1938.0	2331.568359375
1987.0	1938.0	2336.298095703125
