2162.0	2111.0	2542.681640625
2162.0	2118.0	2542.457763671875
2164.0	2117.0	2537.245361328125
2160.0	2119.0	2547.278564453125
2163.0	2116.0	2539.479736328125
2161.0	2112.0	2544.3818359375
2162.0	2117.0	2541.722412109375
2161.0	2118.0	2544.10009765625
2176.0	2116.0	2505.929443359375
2163.0	2117.0	2538.878662109375
2163.0	2116.0	2538.74609375
2164.0	2119.0	2536.072021484375
2162.0	2107.0	2541.07861328125
2156.0	2117.0	2556.228271484375
2173.0	2119.0	2513.11767578125
2172.0	2115.0	2516.54248046875
2174.0	2105.0	2512.248291015625
2171.0	2104.0	2520.64697265625
2166.0	2104.0	2534.148193359375
2171.0	2109.0	2522.093505859375
2174.0	2103.0	2515.086181640625
2175.0	2105.0	2513.26416015625
2171.0	2105.0	2524.01953125
2168.0	2105.0	2532.220703125
2172.0	2108.0	2522.499267578125
2174.0	2105.0	2517.8623046875
2172.0	2105.0	2523.3818359375
2171.0	2105.0	2526.3466796875
2169.0	2106.0	2531.853271484375
2172.0	2106.0	2524.677734375
2173.0	2106.0	2522.53759765625
2163.0	2105.0	2547.495361328125
2165.0	2105.0	2541.779052734375
2160.0	2106.0	2553.930908203125
2163.0	2107.0	2545.67138671875
2162.0	2103.0	2547.6728515625
2162.0	2106.0	2547.1279296875
2162.0	2105.0	2546.616943359375
2161.0	2106.0	2548.662353515625
2165.0	2109.0	2538.142822265625
2166.0	2105.0	2535.111572265625
2162.0	2105.0	2544.836181640625
2162.0	2092.0	2544.560302734375
2162.0	2093.0	2544.243408203125
2162.0	2097.0	2543.891357421875
2163.0	2092.0	2540.992431640625
2163.0	2091.0	2540.720458984375
2163.0	2093.0	2540.484130859375
2157.0	2093.0	2555.3916015625
2163.0	2095.0	2539.875
2162.0	2092.0	2542.107666015625
2163.0	2093.0	2539.292724609375
2163.0	2090.0	2539.049072265625
2158.0	2093.0	2551.501708984375
2161.0	2092.0	2543.673095703125
2162.0	2093.0	2540.872314453125
2162.0	2093.0	2540.642578125
2165.0	2094.0	2532.826904296875
2163.0	2093.0	2537.657470703125
2162.0	2093.0	2539.979248046875
2165.0	2107.0	2532.373291015625
2163.0	2109.0	2537.23876953125
2164.0	2105.0	2534.4716796875
2162.0	2104.0	2539.4267578125
2162.0	2105.0	2539.29296875
2164.0	2105.0	2534.023193359375
2164.0	2107.0	2533.87353515625
2162.0	2105.0	2538.769287109375
2162.0	2106.0	2538.607421875
2161.0	2104.0	2540.99169921875
2161.0	2106.0	2540.726318359375
2163.0	2106.0	2535.602783203125
2164.0	2106.0	2532.995849609375
2159.0	2104.0	2545.57275390625
2162.0	2109.0	2537.787353515625
2162.0	2103.0	2537.602783203125
2161.0	2106.0	2540.08544921875
2160.0	2106.0	2542.57373046875
2164.0	2104.0	2532.252197265625
2161.0	2122.0	2539.85888671875
2162.0	2117.0	2537.203369140625
2162.0	2118.0	2537.145263671875
2164.0	2119.0	2531.9658203125
2161.0	2120.0	2539.528076171875
2163.0	2120.0	2534.396484375
2161.0	2116.0	2539.42529296875
2162.0	2118.0	2536.918212890625
2165.0	2120.0	2529.294189453125
2163.0	2118.0	2534.342529296875
2162.0	2118.0	2536.82470703125
2172.0	2119.0	2512.0361328125
2173.0	2117.0	2510.4208984375
2171.0	2119.0	2516.3134765625
2170.0	2119.0	2519.635498046875
2173.0	2122.0	2512.8935546875
2172.0	2117.0	2516.177001953125
2172.0	2120.0	2516.813720703125
2171.0	2120.0	2520.046875
2191.0	2119.0	2469.72119140625
2170.0	2118.0	2523.719482421875
2171.0	2118.0	2521.70849609375
2174.0	2117.0	2514.587646484375
2171.0	2119.0	2522.667724609375
2171.0	2118.0	2523.063720703125
2173.0	2123.0	2518.371337890625
2172.0	2119.0	2521.251953125
2172.0	2105.0	2521.61279296875
2171.0	2107.0	2524.543701171875
2161.0	2105.0	2549.595458984375
2163.0	2105.0	2543.800537109375
2164.0	2104.0	2540.608154296875
2163.0	2107.0	2542.58837890625
2162.0	2107.0	2544.61572265625
2163.0	2108.0	2541.537353515625
2162.0	2107.0	2543.54248046875
2164.0	2105.0	2537.90576171875
2164.0	2105.0	2537.478515625
2163.0	2122.0	2539.58203125
2161.0	2104.0	2544.24560546875
2163.0	2108.0	2538.817138671875
2162.0	2106.0	2541.010498046875
2163.0	2105.0	2538.053466796875
2164.0	2093.0	2535.043212890625
2161.0	2092.0	2542.35400390625
2162.0	2085.0	2539.46435546875
2152.0	2091.0	2563.734375
2153.0	2093.0	2559.785888671875
2154.0	2093.0	2555.94091796875
2152.0	2092.0	2559.87353515625
2154.0	2096.0	2553.66162109375
2154.0	2091.0	2552.60791015625
2152.0	2093.0	2556.642822265625
2153.0	2094.0	2553.125
2151.0	2092.0	2557.3857421875
2152.0	2098.0	2553.972412109375
2152.0	2094.0	2553.21240234375
2151.0	2093.0	2554.9287109375
2153.0	2091.0	2549.025146484375
2153.0	2094.0	2548.345703125
2152.0	2097.0	2550.204345703125
2151.0	2093.0	2552.10693359375
2152.0	2092.0	2549.027587890625
2149.0	2093.0	2556.072998046875
2152.0	2095.0	2547.891845703125
2155.0	2097.0	2539.767333984375
2152.0	2093.0	2546.888916015625
2149.0	2093.0	2554.130126953125
2159.0	2092.0	2528.255615234375
2151.0	2094.0	2548.231689453125
2154.0	2098.0	2540.129638671875
2152.0	2093.0	2544.87646484375
2152.0	2091.0	2544.58154296875
2159.0	2092.0	2526.388427734375
2151.0	2092.0	2546.4140625
2152.0	2095.0	2543.62744140625
2121.0	2092.0	2622.142822265625
2143.0	2093.0	2564.979248046875
2146.0	2093.0	2556.133544921875
2146.0	2097.0	2554.9794921875
2144.0	2086.0	2558.959228515625
2142.0	2091.0	2563.060791015625
2144.0	2092.0	2556.96826171875
2145.0	2093.0	2553.476806640625
2142.0	2097.0	2560.270263671875
2143.0	2089.0	2556.921875
2142.0	2093.0	2558.722900390625
2144.0	2093.0	2552.777099609375
2140.0	2093.0	2562.18310546875
2143.0	2088.0	2553.850341796875
2143.0	2091.0	2553.26904296875
2145.0	2091.0	2547.596923828125
2144.0	2091.0	2549.6826171875
2147.0	2092.0	2541.4658203125
2143.0	2093.0	2551.14892578125
2144.0	2091.0	2548.0673828125
2145.0	2093.0	2545.074462890625
2143.0	2105.0	2549.802734375
2141.0	2106.0	2554.527099609375
2143.0	2103.0	2549.016357421875
2146.0	2103.0	2540.969970703125
2142.0	2106.0	2550.817626953125
2144.0	2106.0	2545.411865234375
2142.0	2104.0	2550.181640625
2143.0	2105.0	2547.22607421875
2142.0	2104.0	2549.416748046875
2144.0	2104.0	2544.05126953125
2144.0	2108.0	2543.83642578125
2143.0	2106.0	2546.174560546875
2143.0	2100.0	2545.917236328125
2144.0	2104.0	2543.135986328125
2142.0	2106.0	2547.949462890625
2146.0	2104.0	2537.616455078125
2141.0	2106.0	2550.25537109375
2142.0	2107.0	2547.596923828125
2142.0	2105.0	2547.408203125
2143.0	2116.0	2544.76416015625
2142.0	2117.0	2547.211669921875
2143.0	2117.0	2544.6650390625
2142.0	2119.0	2547.059326171875
2143.0	2116.0	2544.35498046875
2143.0	2117.0	2544.210205078125
2145.0	2118.0	2538.933837890625
2142.0	2118.0	2546.52294921875
2144.0	2116.0	2541.32470703125
2143.0	2116.0	2543.739501953125
2143.0	2118.0	2543.6513671875
2143.0	2119.0	2543.51025390625
2142.0	2118.0	2546.08056640625
2143.0	2122.0	2543.487060546875
2146.0	2119.0	2535.78125
2144.0	2119.0	2540.76611328125
2145.0	2130.0	2538.153076171875
2145.0	2131.0	2538.163818359375
2144.0	2132.0	2540.7099609375
2143.0	2132.0	2543.247802734375
2144.0	2132.0	2540.62548828125
2144.0	2131.0	2540.5810546875
2143.0	2132.0	2543.1298828125
2145.0	2133.0	2537.92626953125
2144.0	2130.0	2540.449462890625
2145.0	2131.0	2537.881103515625
2144.0	2130.0	2540.3447265625
2150.0	2133.0	2525.802734375
2151.0	2159.0	2524.151611328125
2152.0	2142.0	2522.579345703125
2153.0	2143.0	2520.876220703125
2154.0	2145.0	2519.06982421875
2153.0	2143.0	2522.425537109375
2152.0	2138.0	2525.734375
2152.0	2144.0	2526.395263671875
2152.0	2146.0	2527.04052734375
2157.0	2143.0	2514.91259765625
2153.0	2141.0	2525.69091796875
2153.0	2141.0	2526.158203125
2152.0	2144.0	2529.14794921875
2164.0	2144.0	2499.14404296875
2168.0	2145.0	2490.488525390625
2163.0	2143.0	2504.735595703125
2162.0	2151.0	2508.67626953125
2163.0	2146.0	2507.46630859375
2164.0	2146.0	2506.1171875
2169.0	2148.0	2494.52685546875
2161.0	2144.0	2515.962890625
2162.0	2145.0	2514.453125
2162.0	2143.0	2515.428466796875
2164.0	2144.0	2511.20703125
2167.0	2147.0	2504.39794921875
2162.0	2146.0	2517.948486328125
2162.0	2161.0	2518.708984375
2163.0	2145.0	2516.882568359375
2162.0	2158.0	2520.193115234375
2164.0	2157.0	2515.770751953125
2162.0	2156.0	2521.435546875
2162.0	2159.0	2521.997802734375
2162.0	2158.0	2522.57666015625
2152.0	2158.0	2548.533203125
2164.0	2157.0	2517.4228515625
2153.0	2152.0	2544.80859375
2154.0	2166.0	2541.75927734375
2155.0	2155.0	2538.759765625
2152.0	2172.0	2545.914306640625
2147.0	2170.0	2558.154541015625
2151.0	2167.0	2547.514892578125
2153.0	2171.0	2541.949951171875
2153.0	2170.0	2541.56005859375
2152.0	2171.0	2543.698486328125
2146.0	2172.0	2558.64794921875
2152.0	2168.0	2542.9619140625
2152.0	2168.0	2542.61865234375
2152.0	2170.0	2542.31787109375
2156.0	2169.0	2531.86669921875
2151.0	2171.0	2544.3095703125
2152.0	2171.0	2541.39990234375
2152.0	2169.0	2541.11474609375
2152.0	2171.0	2540.896728515625
2152.0	2171.0	2540.658447265625
2153.0	2171.0	2537.828125
2154.0	2173.0	2535.12841796875
2151.0	2169.0	2542.545654296875
2152.0	2171.0	2539.880859375
2152.0	2169.0	2539.694091796875
2156.0	2168.0	2529.38818359375
2154.0	2166.0	2534.332275390625
2143.0	2173.0	2562.168701171875
2143.0	2171.0	2561.02490234375
2143.0	2171.0	2559.906982421875
2143.0	2170.0	2558.921142578125
2144.0	2167.0	2555.487548828125
2142.0	2171.0	2559.70703125
2144.0	2173.0	2553.83935546875
2137.0	2170.0	2570.800048828125
2143.0	2171.0	2554.85595703125
2146.0	2171.0	2546.460205078125
2132.0	2171.0	2581.391845703125
2133.0	2170.0	2577.113037109375
2129.0	2170.0	2585.63818359375
2132.0	2170.0	2576.41943359375
2133.0	2169.0	2572.417724609375
2133.0	2171.0	2570.971435546875
2133.0	2173.0	2569.60546875
2137.0	2171.0	2558.22216796875
2134.0	2167.0	2564.70263671875
2133.0	2176.0	2566.197509765625
2132.0	2171.0	2567.680908203125
2133.0	2172.0	2564.094970703125
2140.0	2169.0	2545.283935546875
2134.0	2174.0	2559.6904296875
2132.0	2173.0	2563.8662109375
2132.0	2169.0	2563.0830078125
2134.0	2167.0	2557.200439453125
2135.0	2169.0	2553.935302734375
2133.0	2169.0	2558.34521484375
2134.0	2170.0	2555.12158203125
2160.0	2171.0	2488.3837890625
2134.0	2169.0	2553.97802734375
2136.0	2173.0	2548.332275390625
2133.0	2169.0	2555.3623046875
2133.0	2168.0	2554.864013671875
2134.0	2171.0	2551.8662109375
2134.0	2170.0	2551.493408203125
2134.0	2172.0	2551.077880859375
2134.0	2173.0	2550.64990234375
2132.0	2175.0	2555.32373046875
2135.0	2171.0	2547.417724609375
2133.0	2171.0	2552.217529296875
2130.0	2168.0	2559.5537109375
2136.0	2177.0	2544.0400390625
2135.0	2170.0	2546.439697265625
2133.0	2169.0	2551.1982421875
2133.0	2170.0	2551.061767578125
2134.0	2171.0	2548.275146484375
2133.0	2170.0	2550.5576171875
2133.0	2170.0	2550.26416015625
2132.0	2170.0	2552.697265625
2134.0	2170.0	2547.429443359375
2134.0	2169.0	2547.22412109375
2133.0	2171.0	2549.5869140625
2132.0	2171.0	2551.94384765625
2134.0	2168.0	2546.541748046875
2133.0	2169.0	2548.9326171875
2132.0	2170.0	2551.3642578125
2133.0	2171.0	2548.623046875
2132.0	2168.0	2551.07470703125
2134.0	2171.0	2545.93115234375
2132.0	2170.0	2550.876708984375
2133.0	2172.0	2548.183349609375
2134.0	2171.0	2545.50927734375
2135.0	2170.0	2542.806396484375
2132.0	2171.0	2550.328369140625
2134.0	2169.0	2545.155517578125
2132.0	2171.0	2550.173828125
2132.0	2174.0	2550.224365234375
2133.0	2170.0	2547.675048828125
2134.0	2170.0	2545.107421875
2134.0	2168.0	2544.9814453125
2132.0	2168.0	2550.078369140625
2132.0	2172.0	2550.0107421875
2133.0	2170.0	2547.54248046875
2132.0	2171.0	2549.966552734375
2136.0	2170.0	2539.727783203125
2132.0	2169.0	2549.94873046875
2132.0	2171.0	2549.949951171875
2134.0	2170.0	2544.865966796875
2133.0	2169.0	2547.367431640625
2135.0	2169.0	2542.31201171875
2132.0	2171.0	2550.14599609375
2133.0	2165.0	2547.56689453125
2136.0	2168.0	2539.96435546875
2131.0	2170.0	2552.72998046875
2134.0	2170.0	2545.080810546875
2133.0	2171.0	2547.641845703125
2132.0	2184.0	2550.17822265625
2132.0	2170.0	2550.14501953125
2132.0	2182.0	2550.2587890625
2132.0	2184.0	2550.26953125
2134.0	2180.0	2545.13916015625
2133.0	2198.0	2547.687255859375
2133.0	2184.0	2547.682861328125
2132.0	2182.0	2550.24072265625
2136.0	2183.0	2540.129150390625
2133.0	2184.0	2547.798095703125
2132.0	2187.0	2550.239990234375
2134.0	2182.0	2545.185791015625
2131.0	2183.0	2552.79736328125
2133.0	2182.0	2547.705322265625
2133.0	2184.0	2547.7490234375
2132.0	2180.0	2550.29345703125
2137.0	2183.0	2537.6064453125
2133.0	2187.0	2547.742919921875
2127.0	2195.0	2563.014892578125
2135.0	2194.0	2542.718994140625
2137.0	2197.0	2537.628662109375
2130.0	2198.0	2555.411865234375
2133.0	2195.0	2547.7890625
2132.0	2195.0	2550.319091796875
2134.0	2198.0	2545.158203125
2132.0	2193.0	2550.298095703125
2132.0	2196.0	2550.381103515625
2134.0	2199.0	2545.253662109375
2132.0	2196.0	2550.3701171875
2134.0	2202.0	2545.321044921875
2136.0	2197.0	2540.2705078125
2128.0	2197.0	2560.675048828125
2135.0	2183.0	2542.896240234375
2106.0	2185.0	2616.70556640625
2133.0	2183.0	2548.05224609375
2132.0	2182.0	2550.5751953125
2133.0	2185.0	2548.048095703125
2138.0	2185.0	2535.316650390625
2132.0	2182.0	2550.506103515625
2134.0	2186.0	2545.390380859375
2133.0	2183.0	2547.998291015625
2132.0	2181.0	2550.606201171875
2134.0	2184.0	2545.405517578125
2134.0	2184.0	2545.47509765625
2132.0	2180.0	2550.62060546875
2132.0	2183.0	2550.66455078125
2135.0	2184.0	2543.087158203125
2135.0	2185.0	2543.108154296875
2136.0	2169.0	2540.574951171875
2133.0	2172.0	2548.18359375
2133.0	2170.0	2548.173095703125
2134.0	2170.0	2545.7158203125
2132.0	2170.0	2550.80517578125
2135.0	2171.0	2543.29150390625
2135.0	2171.0	2543.32666015625
2133.0	2170.0	2548.556640625
2134.0	2171.0	2546.078125
2131.0	2169.0	2553.7265625
2133.0	2167.0	2548.71044921875
2133.0	2171.0	2548.777587890625
2133.0	2170.0	2548.841552734375
2133.0	2169.0	2548.81298828125
2132.0	2171.0	2551.33056640625
2135.0	2172.0	2543.73046875
2135.0	2170.0	2543.7900390625
2132.0	2169.0	2551.49169921875
2135.0	2173.0	2543.759765625
2132.0	2169.0	2551.41552734375
2133.0	2170.0	2548.860107421875
2132.0	2170.0	2551.51025390625
2132.0	2170.0	2551.5947265625
2135.0	2171.0	2543.9697265625
2131.0	2171.0	2554.216796875
2134.0	2173.0	2546.52685546875
2135.0	2169.0	2543.857666015625
2133.0	2171.0	2549.07080078125
2145.0	2168.0	2518.582275390625
2133.0	2169.0	2549.1884765625
2132.0	2170.0	2551.721923828125
2133.0	2169.0	2549.27099609375
2132.0	2169.0	2551.862060546875
2141.0	2169.0	2528.9775390625
2132.0	2170.0	2551.925048828125
2134.0	2169.0	2546.848876953125
2134.0	2169.0	2546.8291015625
2132.0	2170.0	2551.85791015625
2131.0	2169.0	2554.414306640625
2133.0	2171.0	2549.357421875
2132.0	2163.0	2551.91259765625
2134.0	2169.0	2546.919921875
2135.0	2171.0	2544.475341796875
2134.0	2182.0	2547.060546875
2124.0	2187.0	2571.984375
2126.0	2183.0	2565.93017578125
2125.0	2197.0	2567.5341796875
2126.0	2198.0	2564.136962890625
2123.0	2197.0	2571.01806640625
2124.0	2198.0	2567.7939453125
2113.0	2210.0	2594.208251953125
2114.0	2209.0	2589.95166015625
2117.0	2209.0	2580.660888671875
2111.0	2208.0	2594.4345703125
2104.0	2229.0	2610.72216796875
2104.0	2223.0	2608.411376953125
2105.0	2236.0	2603.59423828125
2103.0	2234.0	2606.574462890625
2104.0	2233.0	2602.0654296875
2106.0	2241.0	2595.169677734375
2096.0	2249.0	2618.30712890625
2097.0	2248.0	2613.0908203125
2098.0	2250.0	2607.96044921875
2096.0	2248.0	2610.655517578125
2087.0	2261.0	2631.151123046875
2088.0	2262.0	2625.465576171875
2085.0	2274.0	2630.078369140625
2084.0	2276.0	2629.80029296875
2084.0	2274.0	2627.069091796875
2077.0	2275.0	2641.5859375
2074.0	2274.0	2645.80615234375
2079.0	2286.0	2629.800048828125
2074.0	2287.0	2639.3935546875
2074.0	2299.0	2636.46826171875
2075.0	2299.0	2631.203369140625
2077.0	2301.0	2623.527099609375
2067.0	2300.0	2645.813232421875
2067.0	2303.0	2642.578125
2066.0	2313.0	2642.047607421875
2067.0	2313.0	2636.569580078125
2066.0	2312.0	2636.4404296875
2067.0	2315.0	2631.318115234375
2065.0	2312.0	2634.00341796875
2068.0	2324.0	2624.101318359375
2064.0	2328.0	2632.1904296875
2067.0	2327.0	2622.538818359375
2055.0	2327.0	2650.2626953125
2056.0	2329.0	2644.8583984375
2055.0	2327.0	2644.78955078125
2057.0	2326.0	2637.1494140625
2056.0	2339.0	2637.258544921875
2055.0	2338.0	2637.62060546875
2056.0	2353.0	2632.85302734375
2046.0	2364.0	2656.15576171875
2037.0	2367.0	2675.88232421875
2034.0	2365.0	2679.765869140625
2025.0	2378.0	2698.16064453125
2008.0	2390.0	2735.365234375
1997.0	2404.0	2756.6494140625
1980.0	2417.0	2791.6689453125
1969.0	2430.0	2810.728515625
1951.0	2446.0	2846.886474609375
1931.0	2445.0	2886.978271484375
1931.0	2443.0	2874.960205078125
1894.0	2471.0	2955.851806640625
1891.0	2473.0	2948.677978515625
1874.0	2481.0	2976.29833984375
1864.0	2482.0	2985.78173828125
1844.0	2498.0	3020.3505859375
1823.0	2509.0	3056.799072265625
1815.0	2526.0	3059.044921875
1796.0	2522.0	3089.343505859375
1789.0	2536.0	3088.391357421875
1787.0	2534.0	3074.8056640625
1759.0	2573.0	3126.561279296875
1764.0	2560.0	3094.20361328125
1737.0	2564.0	3142.742431640625
1730.0	2578.0	3140.302734375
1711.0	2576.0	3168.213134765625
1703.0	2586.0	3168.00341796875
1692.0	2589.0	3175.389404296875
1673.0	2589.0	3203.198486328125
1665.0	2598.0	3202.399658203125
1665.0	2599.0	3181.528564453125
1656.0	2601.0	3184.07568359375
1645.0	2602.0	3191.8017578125
1640.0	2613.0	3184.283203125
1627.0	2612.0	3197.29150390625
1617.0	2615.0	3203.0751953125
1609.0	2617.0	3204.069091796875
1599.0	2615.0	3210.62353515625
1590.0	2611.0	3214.3955078125
1590.0	2614.0	3195.566650390625
1591.0	2614.0	3175.1796875
1580.0	2616.0	3185.561279296875
1581.0	2613.0	3166.388671875
1570.0	2611.0	3178.033935546875
1572.0	2614.0	3156.960205078125
1564.0	2613.0	3161.908447265625
1564.0	2615.0	3146.841552734375
1553.0	2600.0	3160.532470703125
1552.0	2601.0	3148.658935546875
1549.0	2599.0	3142.737548828125
1553.0	2594.0	3119.880126953125
1553.0	2587.0	3107.90380859375
1556.0	2588.0	3088.9609375
1553.0	2587.0	3085.94091796875
1554.0	2569.0	3073.404541015625
1551.0	2574.0	3071.59521484375
1560.0	2574.0	3040.1357421875
1563.0	2561.0	3025.319580078125
1562.0	2561.0	3021.11376953125
1571.0	2549.0	2991.916015625
1570.0	2549.0	2989.474609375
1571.0	2546.0	2982.225830078125
1583.0	2549.0	2948.1162109375
1578.0	2549.0	2957.771240234375
1580.0	2547.0	2949.749755859375
1582.0	2571.0	2942.0146484375
1580.0	2584.0	2944.649169921875
1573.0	2614.0	2960.149169921875
1571.0	2612.0	2962.189453125
1573.0	2651.0	2954.278076171875
1554.0	2693.0	2998.6513671875
1541.0	2732.0	3026.68017578125
1535.0	2766.0	3036.28369140625
1526.0	2811.0	3053.1162109375
1518.0	2850.0	3067.2080078125
1498.0	2899.0	3111.15673828125
1489.0	2940.0	3125.45458984375
1481.0	2981.0	3136.94140625
1480.0	2981.0	3130.358642578125
1473.0	3029.0	3138.78125
1474.0	3073.0	3126.578125
1445.0	3112.0	3190.081787109375
1436.0	3162.0	3201.611328125
1425.0	3203.0	3218.049560546875
1417.0	3241.0	3226.852294921875
1409.0	3281.0	3235.5302734375
1399.0	3322.0	3248.8583984375
1391.0	3359.0	3257.009765625
1390.0	3365.0	3247.232666015625
1381.0	3398.0	3257.832275390625
1372.0	3409.0	3268.31787109375
1362.0	3411.0	3281.333251953125
1358.0	3408.0	3279.239990234375
1352.0	3410.0	3282.574951171875
1344.0	3409.0	3290.967529296875
1346.0	3403.0	3273.969970703125
1342.0	3410.0	3272.97265625
1336.0	3410.0	3277.074462890625
1339.0	3410.0	3258.62451171875
1327.0	3407.0	3278.2421875
1327.0	3409.0	3267.8994140625
1327.0	3401.0	3258.191162109375
1316.0	3406.0	3276.83447265625
1318.0	3410.0	3262.21142578125
1318.0	3408.0	3253.175048828125
1319.0	3406.0	3242.319091796875
1316.0	3409.0	3242.244384765625
1317.0	3410.0	3232.340087890625
1329.0	3408.0	3195.35107421875
1323.0	3407.0	3205.24072265625
1326.0	3407.0	3192.555908203125
1324.0	3407.0	3192.984619140625
1328.0	3402.0	3178.517333984375
1327.0	3409.0	3177.15234375
1327.0	3410.0	3173.51416015625
1336.0	3407.0	3148.055908203125
1336.0	3408.0	3145.9248046875
1344.0	3407.0	3124.310546875
1352.0	3408.0	3103.82275390625
1362.0	3407.0	3079.1689453125
1362.0	3407.0	3080.422119140625
1373.0	3411.0	3053.759521484375
1381.0	3408.0	3035.875
1390.0	3412.0	3016.244140625
1390.0	3408.0	3020.407958984375
1399.0	3407.0	3002.2626953125
1409.0	3407.0	2982.346923828125
1428.0	3404.0	2940.09814453125
1433.0	3412.0	2935.013916015625
1447.0	3408.0	2907.785888671875
1461.0	3407.0	2881.289306640625
1471.0	3408.0	2866.063232421875
1470.0	3408.0	2879.175537109375
1499.0	3408.0	2817.189208984375
1500.0	3408.0	2827.21240234375
1519.0	3406.0	2792.428955078125
1525.0	3408.0	2791.105712890625
1544.0	3409.0	2757.59228515625
1564.0	3409.0	2723.05078125
1572.0	3409.0	2719.341064453125
1591.0	3410.0	2687.7373046875
1608.0	3410.0	2662.29931640625
1607.0	3409.0	2683.511962890625
1645.0	3357.0	2606.420654296875
1648.0	3358.0	2619.566162109375
1652.0	3317.0	2629.989990234375
1683.0	3296.0	2572.931396484375
1695.0	3252.0	2564.5712890625
1713.0	3243.0	2540.745361328125
1739.0	3213.0	2498.668212890625
1750.0	3177.0	2495.337158203125
1767.0	3144.0	2476.341064453125
1770.0	3152.0	2493.68701171875
1785.0	3112.0	2480.851806640625
1808.0	3091.0	2448.138671875
1826.0	3045.0	2429.04345703125
1845.0	3007.0	2407.91357421875
1862.0	2969.0	2392.083984375
1883.0	2928.0	2366.150146484375
1911.0	2888.0	2323.02197265625
1927.0	2849.0	2312.195068359375
1950.0	2807.0	2283.783447265625
1949.0	2810.0	2316.752197265625
1970.0	2770.0	2293.79736328125
1987.0	2732.0	2281.31494140625
2007.0	2697.0	2261.195556640625
2026.0	2652.0	2244.667724609375
2046.0	2614.0	2225.52392578125
2054.0	2573.0	2236.503173828125
2077.0	2539.0	2208.726806640625
2075.0	2533.0	2244.768310546875
2114.0	2457.0	2176.9267578125
2113.0	2459.0	2211.417236328125
2133.0	2420.0	2192.383056640625
2152.0	2376.0	2176.14013671875
2149.0	2338.0	2215.863037109375
2190.0	2300.0	2144.382568359375
2201.0	2261.0	2148.823974609375
2223.0	2223.0	2124.465087890625
2240.0	2195.0	2113.002685546875
2239.0	2184.0	2147.462646484375
2269.0	2120.0	2102.463134765625
2272.0	2118.0	2126.637939453125
2290.0	2081.0	2112.627685546875
2299.0	2037.0	2120.925537109375
2319.0	2001.0	2100.915771484375
2326.0	1975.0	2113.5537109375
2354.0	1937.0	2073.071044921875
2356.0	1912.0	2098.25439453125
2378.0	1873.0	2071.975830078125
2376.0	1874.0	2107.12890625
2394.0	1848.0	2091.51953125
2404.0	1821.0	2095.766845703125
2426.0	1789.0	2069.977294921875
2436.0	1758.0	2074.091552734375
2444.0	1733.0	2082.567626953125
2456.0	1707.0	2080.048583984375
2463.0	1683.0	2089.671875
2474.0	1657.0	2088.8515625
2484.0	1633.0	2090.01318359375
2485.0	1632.0	2113.505615234375
2494.0	1619.0	2116.111083984375
2514.0	1596.0	2090.951416015625
2523.0	1580.0	2093.58349609375
2527.0	1556.0	2108.019775390625
2533.0	1530.0	2116.6533203125
2542.0	1519.0	2116.977783203125
2552.0	1494.0	2114.4873046875
2559.0	1482.0	2119.39599609375
2562.0	1466.0	2133.21826171875
2562.0	1470.0	2154.412353515625
2561.0	1458.0	2177.009033203125
2571.0	1447.0	2171.34423828125
2581.0	1436.0	2165.228271484375
2582.0	1421.0	2181.5478515625
2592.0	1423.0	2174.609375
2592.0	1412.0	2192.454833984375
2591.0	1396.0	2211.89697265625
2590.0	1397.0	2230.276611328125
2598.0	1383.0	2225.744140625
2600.0	1388.0	2235.76123046875
2601.0	1383.0	2247.482421875
2610.0	1374.0	2238.728271484375
2611.0	1373.0	2249.97314453125
2611.0	1372.0	2262.930419921875
2610.0	1373.0	2277.67529296875
2611.0	1374.0	2286.612060546875
2610.0	1370.0	2300.019287109375
2609.0	1375.0	2312.7802734375
2612.0	1373.0	2314.674560546875
2610.0	1373.0	2328.893310546875
2609.0	1374.0	2340.025634765625
2610.0	1374.0	2345.474853515625
2607.0	1374.0	2360.608642578125
2610.0	1378.0	2360.011962890625
2610.0	1374.0	2366.597900390625
2612.0	1386.0	2367.770263671875
2599.0	1386.0	2406.509765625
2601.0	1382.0	2405.7578125
2601.0	1384.0	2409.965576171875
2598.0	1398.0	2421.406982421875
2599.0	1400.0	2422.411376953125
2593.0	1410.0	2440.314453125
2592.0	1411.0	2445.044677734375
2592.0	1424.0	2446.978759765625
2581.0	1421.0	2476.630859375
2581.0	1433.0	2477.193359375
2572.0	1431.0	2500.400390625
2570.0	1434.0	2504.868408203125
2571.0	1446.0	2501.717041015625
2570.0	1458.0	2503.623779296875
2561.0	1457.0	2525.273681640625
2562.0	1469.0	2521.0283203125
2550.0	1483.0	2549.38232421875
2553.0	1483.0	2539.1435546875
2543.0	1495.0	2561.95068359375
2544.0	1499.0	2555.873779296875
2532.0	1522.0	2582.871826171875
2531.0	1520.0	2581.08984375
2531.0	1531.0	2576.92822265625
2521.0	1551.0	2597.646484375
2522.0	1556.0	2590.253662109375
2512.0	1556.0	2610.88037109375
2513.0	1571.0	2602.85791015625
2503.0	1577.0	2622.667236328125
2492.0	1596.0	2644.541015625
2493.0	1594.0	2635.22607421875
2493.0	1593.0	2628.82177734375
2484.0	1607.0	2644.783203125
2485.0	1619.0	2635.324462890625
2474.0	1618.0	2656.038818359375
2472.0	1634.0	2653.850830078125
2464.0	1644.0	2666.985107421875
2465.0	1644.0	2656.761962890625
2455.0	1656.0	2674.523681640625
2444.0	1669.0	2694.4990234375
2446.0	1669.0	2680.786376953125
2446.0	1669.0	2672.60400390625
2434.0	1681.0	2694.5322265625
2434.0	1695.0	2686.03271484375
2434.0	1694.0	2678.01123046875
2425.0	1705.0	2692.60595703125
2427.0	1709.0	2679.19140625
2417.0	1721.0	2696.60888671875
2416.0	1721.0	2690.510009765625
2405.0	1736.0	2710.209228515625
2407.0	1733.0	2696.278564453125
2406.0	1733.0	2690.59716796875
2397.0	1746.0	2704.77490234375
2386.0	1744.0	2723.64208984375
2386.0	1755.0	2714.531005859375
2377.0	1757.0	2728.116943359375
2366.0	1772.0	2746.651611328125
2367.0	1770.0	2734.2548828125
2365.0	1768.0	2729.923095703125
2357.0	1782.0	2740.43017578125
2355.0	1782.0	2735.96826171875
2352.0	1783.0	2734.5751953125
2348.0	1795.0	2735.41845703125
2345.0	1796.0	2733.953857421875
2348.0	1796.0	2717.66064453125
2336.0	1808.0	2739.474609375
2337.0	1811.0	2728.031982421875
2335.0	1813.0	2724.638916015625
2339.0	1808.0	2706.47265625
2337.0	1809.0	2703.955078125
2327.0	1808.0	2721.43115234375
2328.0	1823.0	2711.105224609375
2328.0	1820.0	2703.63623046875
2326.0	1823.0	2701.634033203125
2328.0	1822.0	2689.83642578125
2318.0	1820.0	2708.3583984375
2317.0	1823.0	2703.7529296875
2319.0	1822.0	2691.854736328125
2318.0	1821.0	2687.961181640625
2322.0	1822.0	2671.668701171875
2319.0	1822.0	2673.489501953125
2318.0	1817.0	2670.47509765625
2319.0	1822.0	2662.660400390625
2317.0	1819.0	2662.739501953125
2315.0	1821.0	2663.03662109375
2318.0	1822.0	2650.874267578125
2317.0	1821.0	2649.163330078125
2317.0	1821.0	2645.052734375
2314.0	1823.0	2648.71630859375
2318.0	1820.0	2634.80224609375
2319.0	1824.0	2628.750244140625
2319.0	1822.0	2625.435546875
2327.0	1808.0	2602.627685546875
2328.0	1808.0	2598.01806640625
2328.0	1810.0	2596.097412109375
2326.0	1807.0	2599.342529296875
2330.0	1808.0	2587.503662109375
2327.0	1809.0	2593.506103515625
2326.0	1808.0	2594.4345703125
2338.0	1796.0	2563.227783203125
2336.0	1796.0	2567.72705078125
2338.0	1796.0	2562.13720703125
2337.0	1795.0	2564.166015625
2338.0	1797.0	2561.1259765625
2337.0	1780.0	2563.0849609375
2336.0	1785.0	2565.087158203125
2336.0	1782.0	2564.576171875
2346.0	1784.0	2538.740234375
2348.0	1779.0	2534.19091796875
2348.0	1772.0	2534.682373046875
2350.0	1772.0	2530.108154296875
2347.0	1772.0	2538.14599609375
2347.0	1774.0	2538.629150390625
2358.0	1772.0	2511.426513671875
2357.0	1772.0	2515.22607421875
2355.0	1770.0	2521.57421875
2360.0	1772.0	2509.88134765625
2357.0	1757.0	2518.587890625
2356.0	1755.0	2522.042236328125
2368.0	1757.0	2493.278076171875
2369.0	1757.0	2492.565673828125
2366.0	1759.0	2501.853271484375
2365.0	1757.0	2505.993896484375
2374.0	1757.0	2484.71826171875
2377.0	1744.0	2479.42626953125
2389.0	1744.0	2451.097412109375
2387.0	1743.0	2459.413330078125
2385.0	1741.0	2467.461181640625
2386.0	1745.0	2467.716064453125
2387.0	1745.0	2467.753662109375
2395.0	1744.0	2450.521484375
2395.0	1747.0	2453.786376953125
2398.0	1743.0	2449.23046875
2397.0	1745.0	2454.7392578125
2401.0	1748.0	2447.304443359375
2406.0	1733.0	2437.209228515625
2405.0	1731.0	2443.209716796875
2407.0	1733.0	2441.266357421875
2406.0	1731.0	2446.81884765625
2404.0	1733.0	2454.693603515625
2405.0	1732.0	2454.802001953125
2407.0	1733.0	2452.2001953125
2404.0	1731.0	2462.18798828125
2408.0	1733.0	2454.208740234375
2404.0	1732.0	2466.30712890625
2405.0	1730.0	2465.64208984375
2405.0	1732.0	2467.38330078125
2406.0	1733.0	2466.4609375
2407.0	1735.0	2465.43310546875
2407.0	1735.0	2466.779052734375
2404.0	1732.0	2475.6796875
2407.0	1732.0	2469.2705078125
2413.0	1734.0	2455.115966796875
2406.0	1733.0	2473.97021484375
2407.0	1735.0	2472.265869140625
2406.0	1732.0	2475.667724609375
2406.0	1733.0	2476.373779296875
2405.0	1730.0	2479.642822265625
2406.0	1732.0	2477.70751953125
2408.0	1733.0	2473.199951171875
2406.0	1734.0	2478.80615234375
2409.0	1733.0	2471.5673828125
2406.0	1745.0	2479.59423828125
2408.0	1742.0	2474.720703125
2406.0	1743.0	2480.1611328125
2409.0	1744.0	2472.7724609375
2395.0	1745.0	2507.773193359375
2395.0	1748.0	2506.789306640625
2395.0	1744.0	2505.899658203125
2396.0	1744.0	2502.40185546875
2398.0	1745.0	2496.4921875
2395.0	1758.0	2503.2841796875
2394.0	1760.0	2504.996337890625
2388.0	1758.0	2519.435546875
2385.0	1757.0	2525.2158203125
2385.0	1757.0	2523.596923828125
2377.0	1761.0	2541.485107421875
2375.0	1757.0	2543.82275390625
2369.0	1757.0	2556.3017578125
2367.0	1756.0	2557.944580078125
2366.0	1757.0	2557.197509765625
2368.0	1756.0	2548.9775390625
2367.0	1757.0	2548.52490234375
2356.0	1773.0	2572.7255859375
2367.0	1773.0	2540.951904296875
2357.0	1775.0	2562.8388671875
2347.0	1765.0	2584.065673828125
2347.0	1773.0	2579.7490234375
2346.0	1771.0	2578.206787109375
2336.0	1772.0	2599.221923828125
2337.0	1774.0	2592.001220703125
2336.0	1773.0	2589.982666015625
2338.0	1770.0	2580.516357421875
2339.0	1784.0	2573.82373046875
2328.0	1781.0	2597.203125
2329.0	1789.0	2589.995361328125
2328.0	1783.0	2588.0703125
2320.0	1782.0	2603.5791015625
2317.0	1794.0	2606.05712890625
2320.0	1799.0	2593.54541015625
2308.0	1797.0	2619.13232421875
2306.0	1794.0	2618.78955078125
2311.0	1795.0	2600.835205078125
2308.0	1795.0	2603.569580078125
2308.0	1813.0	2598.947509765625
2298.0	1810.0	2619.280029296875
2300.0	1808.0	2608.964599609375
2309.0	1810.0	2581.080322265625
2292.0	1807.0	2619.401123046875
2289.0	1819.0	2621.526611328125
2290.0	1823.0	2613.73046875
2289.0	1820.0	2611.272216796875
2291.0	1819.0	2601.54443359375
2280.0	1814.0	2624.147705078125
2278.0	1823.0	2623.924560546875
2278.0	1833.0	2618.892333984375
2277.0	1834.0	2616.60009765625
2269.0	1832.0	2631.93115234375
2270.0	1839.0	2624.058837890625
2269.0	1836.0	2621.537109375
2271.0	1834.0	2611.66845703125
2262.0	1847.0	2629.01953125
2259.0	1847.0	2631.185791015625
2258.0	1847.0	2628.61279296875
2261.0	1847.0	2616.126953125
2259.0	1847.0	2616.685546875
2247.0	1848.0	2642.5732421875
2249.0	1860.0	2632.2109375
2250.0	1860.0	2624.6923828125
2249.0	1859.0	2622.358642578125
2251.0	1858.0	2612.728759765625
2248.0	1860.0	2616.026611328125
2249.0	1875.0	2609.35498046875
2242.0	1875.0	2622.395263671875
2240.0	1876.0	2622.92333984375
2240.0	1872.0	2618.6513671875
2240.0	1874.0	2614.5009765625
2239.0	1885.0	2613.144287109375
2240.0	1885.0	2606.860595703125
2240.0	1887.0	2603.31494140625
2240.0	1885.0	2599.952392578125
2229.0	1888.0	2623.856689453125
2230.0	1885.0	2617.2265625
2229.0	1899.0	2615.879150390625
2230.0	1899.0	2609.69580078125
2230.0	1897.0	2606.14794921875
2230.0	1897.0	2602.868896484375
2222.0	1896.0	2619.912841796875
2220.0	1911.0	2620.9873046875
2221.0	1911.0	2614.642333984375
2225.0	1911.0	2600.80615234375
2222.0	1913.0	2605.026611328125
2220.0	1911.0	2606.806640625
2220.0	1924.0	2603.724365234375
2221.0	1925.0	2598.2744140625
2234.0	1924.0	2562.362548828125
2220.0	1923.0	2595.306640625
2212.0	1924.0	2613.035400390625
2209.0	1926.0	2617.189697265625
2210.0	1939.0	2611.46240234375
2205.0	1938.0	2621.01025390625
2209.0	1939.0	2607.802978515625
2210.0	1935.0	2602.421875
2211.0	1939.0	2597.24853515625
2210.0	1938.0	2597.248291015625
2208.0	1949.0	2599.846923828125
2211.0	1954.0	2589.9599609375
2201.0	1950.0	2613.0068359375
2200.0	1950.0	2612.492431640625
2201.0	1950.0	2607.09375
2199.0	1951.0	2609.375732421875
2202.0	1966.0	2599.132568359375
2201.0	1962.0	2599.18994140625
2202.0	1963.0	2594.27294921875
2201.0	1962.0	2594.47021484375
2199.0	1961.0	2597.42822265625
2201.0	1963.0	2590.359619140625
2203.0	1962.0	2583.2919921875
2201.0	1962.0	2586.581787109375
2203.0	1976.0	2579.8056640625
2198.0	1974.0	2590.786865234375
2201.0	1976.0	2581.4892578125
2210.0	1988.0	2557.81396484375
2211.0	1988.0	2554.760009765625
2210.0	1984.0	2556.865234375
2217.0	1988.0	2538.60595703125
2210.0	1987.0	2556.114013671875
2211.0	1985.0	2553.200927734375
2212.0	1989.0	2550.2255859375
2212.0	1989.0	2549.82958984375
2221.0	1989.0	2526.47998046875
2210.0	1987.0	2554.06396484375
2209.0	1989.0	2556.263671875
2223.0	2000.0	2520.88134765625
2220.0	2003.0	2529.226806640625
2221.0	2001.0	2527.358642578125
2220.0	2000.0	2530.58544921875
2220.0	2004.0	2531.165771484375
2220.0	2001.0	2531.728515625
2222.0	2017.0	2527.180419921875
2223.0	2002.0	2525.104736328125
2219.0	2003.0	2535.791259765625
2219.0	2001.0	2536.24072265625
2221.0	2001.0	2531.51953125
2222.0	2013.0	2529.427734375
2221.0	2013.0	2532.37890625
2221.0	2014.0	2532.586669921875
2220.0	2015.0	2535.366455078125
2231.0	2013.0	2508.3740234375
2229.0	2016.0	2514.64892578125
2215.0	2018.0	2551.41162109375
2227.0	2015.0	2521.8349609375
2230.0	2029.0	2515.220703125
2230.0	2026.0	2516.1142578125
2229.0	2042.0	2519.5029296875
2230.0	2010.0	2517.772705078125
2227.0	2039.0	2526.119384765625
2230.0	2042.0	2519.204833984375
2228.0	2044.0	2524.875
2229.0	2041.0	2522.897216796875
2230.0	2038.0	2520.90234375
2231.0	2040.0	2518.818603515625
2232.0	2037.0	2516.8251953125
2229.0	2052.0	2524.92236328125
2231.0	2053.0	2520.25927734375
2232.0	2054.0	2518.04736328125
2234.0	2052.0	2513.34765625
2231.0	2056.0	2521.2763671875
2231.0	2060.0	2521.60107421875
2228.0	2054.0	2529.44091796875
2230.0	2052.0	2524.560302734375
2235.0	2055.0	2512.041259765625
2229.0	2054.0	2527.5185546875
2231.0	2060.0	2522.66259765625
2229.0	2053.0	2527.866943359375
2230.0	2053.0	2525.497802734375
2234.0	2053.0	2515.521240234375
2230.0	2053.0	2525.880126953125
2227.0	2055.0	2533.634521484375
2229.0	2064.0	2528.655029296875
2229.0	2070.0	2528.682373046875
2217.0	2065.0	2558.719482421875
2223.0	2067.0	2542.4736328125
2220.0	2065.0	2549.1123046875
2220.0	2066.0	2548.258544921875
2221.0	2066.0	2544.890869140625
2222.0	2067.0	2541.631103515625
2221.0	2065.0	2543.391845703125
2220.0	2068.0	2545.193359375
2211.0	2066.0	2566.888916015625
2210.0	2066.0	2567.801025390625
2211.0	2069.0	2563.613525390625
2208.0	2067.0	2569.668212890625
2210.0	2062.0	2563.15869140625
2210.0	2068.0	2561.76953125
2204.0	2067.0	2574.751708984375
2203.0	2067.0	2575.053466796875
2200.0	2065.0	2580.53515625
2202.0	2067.0	2573.370849609375
2200.0	2066.0	2576.515625
2203.0	2065.0	2567.0771484375
2201.0	2066.0	2570.46142578125
2203.0	2067.0	2563.432373046875
2191.0	2065.0	2591.329833984375
2194.0	2063.0	2581.18310546875
2191.0	2078.0	2586.470947265625
2192.0	2080.0	2581.664794921875
2204.0	2081.0	2548.926025390625
2191.0	2079.0	2580.0
2182.0	2074.0	2600.532470703125
2180.0	2080.0	2602.75732421875
2182.0	2080.0	2594.994384765625
2184.0	2079.0	2587.36767578125
2182.0	2079.0	2590.020751953125
2182.0	2079.0	2587.75634765625
2172.0	2080.0	2609.98291015625
2174.0	2078.0	2601.765869140625
2173.0	2078.0	2601.310791015625
2170.0	2080.0	2606.159912109375
2174.0	2082.0	2593.30126953125
2171.0	2080.0	2598.41845703125
2171.0	2092.0	2596.0078125
2170.0	2092.0	2596.3232421875
2170.0	2092.0	2594.116455078125
2161.0	2101.0	2614.2587890625
2162.0	2093.0	2608.81103515625
2161.0	2092.0	2608.61181640625
2162.0	2093.0	2603.4560546875
2162.0	2093.0	2601.003173828125
2151.0	2090.0	2626.037109375
2152.0	2091.0	2620.274169921875
2154.0	2093.0	2612.12255859375
2155.0	2093.0	2606.6279296875
2154.0	2106.0	2606.422119140625
2151.0	2107.0	2611.3583984375
2154.0	2106.0	2601.171875
2152.0	2106.0	2604.04296875
2151.0	2105.0	2604.369140625
2151.0	2104.0	2602.215087890625
2143.0	2108.0	2620.439697265625
2145.0	2106.0	2612.41259765625
2144.0	2106.0	2612.237060546875
2144.0	2104.0	2609.69580078125
2146.0	2105.0	2602.18994140625
2133.0	2109.0	2632.12841796875
2133.0	2109.0	2628.787841796875
2133.0	2104.0	2625.7421875
2136.0	2106.0	2615.120849609375
2135.0	2104.0	2614.872802734375
2133.0	2102.0	2617.43798828125
2132.0	2104.0	2617.43017578125
2135.0	2119.0	2607.521240234375
2134.0	2119.0	2607.79443359375
2132.0	2118.0	2610.7919921875
2133.0	2119.0	2606.248291015625
2124.0	2115.0	2626.740966796875
2126.0	2120.0	2619.008544921875
2124.0	2118.0	2621.5537109375
2132.0	2118.0	2598.715087890625
2124.0	2128.0	2616.7861328125
2125.0	2134.0	2612.036865234375
2124.0	2130.0	2612.416259765625
2123.0	2133.0	2612.931640625
2124.0	2130.0	2608.48974609375
2124.0	2130.0	2606.796142578125
2123.0	2137.0	2607.67041015625
2124.0	2131.0	2603.590087890625
2124.0	2130.0	2602.065185546875
2125.0	2130.0	2598.105712890625
2124.0	2146.0	2599.322509765625
2123.0	2151.0	2600.606201171875
2123.0	2147.0	2599.4306640625
2123.0	2145.0	2598.2705078125
2123.0	2145.0	2597.173095703125
2124.0	2145.0	2593.684814453125
2125.0	2143.0	2590.274658203125
2124.0	2119.0	2591.937255859375
2126.0	2144.0	2585.9833984375
2123.0	2145.0	2592.802001953125
2123.0	2158.0	2592.0888671875
2124.0	2153.0	2588.846435546875
2123.0	2157.0	2590.6416015625
2123.0	2158.0	2589.90380859375
2127.0	2158.0	2579.08447265625
2122.0	2156.0	2591.268798828125
2125.0	2156.0	2583.159912109375
2125.0	2158.0	2582.62109375
2123.0	2169.0	2587.241943359375
2128.0	2170.0	2574.083740234375
2131.0	2171.0	2567.118408203125
2132.0	2169.0	2564.995361328125
2132.0	2170.0	2565.496826171875
2131.0	2170.0	2568.5712890625
2133.0	2171.0	2564.00927734375
2131.0	2171.0	2569.59521484375
2134.0	2171.0	2562.348876953125
2135.0	2167.0	2560.20556640625
2133.0	2172.0	2565.682861328125
2133.0	2168.0	2566.067626953125
2131.0	2170.0	2571.478759765625
2132.0	2169.0	2569.283935546875
2132.0	2171.0	2569.572021484375
2144.0	2171.0	2540.1005859375
2142.0	2170.0	2546.535400390625
2135.0	2169.0	2565.6806640625
2143.0	2167.0	2546.55908203125
2142.0	2170.0	2550.22705078125
2146.0	2171.0	2541.23046875
2141.0	2169.0	2555.002685546875
2156.0	2169.0	2517.8154296875
2141.0	2169.0	2556.976318359375
2142.0	2169.0	2555.2841796875
2152.0	2169.0	2531.3955078125
2152.0	2171.0	2533.247802734375
2147.0	2169.0	2547.57373046875
2154.0	2173.0	2531.1826171875
2152.0	2185.0	2537.71826171875
2151.0	2172.0	2541.6298828125
2154.0	2172.0	2535.36962890625
2157.0	2159.0	2528.973876953125
2153.0	2155.0	2540.3671875
2153.0	2156.0	2541.49267578125
2153.0	2159.0	2542.60400390625
2154.0	2156.0	2541.016845703125
2156.0	2158.0	2536.8935546875
2152.0	2154.0	2547.96826171875
2152.0	2157.0	2548.77294921875
2152.0	2157.0	2549.560302734375
2153.0	2157.0	2547.77880859375
2156.0	2157.0	2540.814697265625
2152.0	2159.0	2551.64794921875
2153.0	2153.0	2549.719482421875
2152.0	2156.0	2552.865234375
2151.0	2158.0	2555.86962890625
2155.0	2158.0	2546.14892578125
2151.0	2157.0	2556.875244140625
2152.0	2162.0	2554.828125
2154.0	2157.0	2550.259521484375
2154.0	2159.0	2550.651611328125
2153.0	2157.0	2553.577880859375
2152.0	2158.0	2556.55908203125
2152.0	2157.0	2556.9345703125
2154.0	2157.0	2552.156005859375
2155.0	2146.0	2549.91845703125
2155.0	2146.0	2550.252685546875
2151.0	2143.0	2560.774658203125
2154.0	2145.0	2553.4091796875
2153.0	2145.0	2556.18212890625
2153.0	2146.0	2556.433837890625
2151.0	2146.0	2561.755615234375
2152.0	2147.0	2559.419921875
2151.0	2140.0	2562.17529296875
2152.0	2144.0	2559.775634765625
2152.0	2146.0	2560.03466796875
2152.0	2147.0	2560.2275390625
2149.0	2143.0	2568.086669921875
2153.0	2145.0	2558.04833984375
2153.0	2148.0	2558.169921875
2152.0	2147.0	2560.787353515625
2153.0	2147.0	2558.355224609375
2156.0	2145.0	2550.8212890625
2154.0	2144.0	2555.995849609375
2152.0	2141.0	2561.239501953125
2152.0	2157.0	2561.35791015625
2152.0	2158.0	2561.5380859375
2155.0	2156.0	2553.944091796875
2152.0	2158.0	2561.712158203125
2153.0	2159.0	2559.154296875
2153.0	2157.0	2559.253662109375
2152.0	2157.0	2561.911865234375
2153.0	2157.0	2559.465087890625
2152.0	2157.0	2562.085693359375
2153.0	2161.0	2559.578857421875
2152.0	2157.0	2562.1455078125
2151.0	2158.0	2564.58154296875
2153.0	2160.0	2559.45458984375
2153.0	2159.0	2559.484619140625
2152.0	2150.0	2562.134765625
2151.0	2158.0	2564.745849609375
2151.0	2156.0	2564.756103515625
2153.0	2155.0	2559.665283203125
2142.0	2158.0	2587.1904296875
2142.0	2161.0	2586.251953125
2142.0	2160.0	2585.385986328125
2142.0	2157.0	2584.539306640625
2143.0	2156.0	2581.18603515625
2142.0	2158.0	2583.04736328125
2144.0	2159.0	2577.304931640625
2144.0	2157.0	2576.552978515625
2129.0	2157.0	2613.571044921875
2131.0	2157.0	2606.770751953125
2133.0	2156.0	2600.122314453125
2135.0	2155.0	2593.5048828125
2135.0	2157.0	2592.039306640625
2130.0	2159.0	2603.440673828125
2134.0	2146.0	2591.958251953125
2131.0	2143.0	2598.4404296875
2136.0	2150.0	2584.531494140625
2133.0	2144.0	2591.068603515625
2133.0	2142.0	2590.05517578125
2125.0	2145.0	2609.204833984375
2122.0	2146.0	2614.919677734375
2125.0	2148.0	2605.417236328125
2126.0	2143.0	2601.231689453125
2125.0	2145.0	2602.154296875
2124.0	2144.0	2603.08251953125
2120.0	2145.0	2611.898193359375
2123.0	2141.0	2602.859375
2124.0	2144.0	2598.97705078125
2123.0	2145.0	2600.41796875
2123.0	2147.0	2599.28076171875
2117.0	2146.0	2613.48583984375
2123.0	2148.0	2597.205078125
2124.0	2141.0	2593.683349609375
2125.0	2143.0	2590.287109375
2123.0	2144.0	2594.53271484375
2127.0	2146.0	2583.572998046875
2124.0	2148.0	2590.601318359375
2123.0	2144.0	2592.4033203125
2124.0	2144.0	2589.183349609375
2126.0	2143.0	2583.430419921875
2124.0	2145.0	2587.91015625
2125.0	2145.0	2584.799072265625
2127.0	2160.0	2579.127197265625
2124.0	2144.0	2586.251953125
2123.0	2157.0	2588.373046875
2125.0	2157.0	2582.857421875
2126.0	2156.0	2580.02099609375
2124.0	2160.0	2584.701904296875
2124.0	2159.0	2584.3046875
2124.0	2159.0	2583.940185546875
2127.0	2157.0	2575.95556640625
2125.0	2158.0	2580.80126953125
2123.0	2157.0	2585.5703125
2123.0	2160.0	2585.355224609375
2124.0	2156.0	2582.595458984375
2125.0	2170.0	2579.868896484375
2123.0	2170.0	2584.764404296875
2123.0	2173.0	2584.5078125
2123.0	2172.0	2584.34814453125
2113.0	2171.0	2609.2763671875
2114.0	2170.0	2605.45458984375
2112.0	2172.0	2609.355712890625
2115.0	2171.0	2600.629150390625
2115.0	2171.0	2599.513916015625
2116.0	2170.0	2595.919677734375
2113.0	2169.0	2602.561767578125
2112.0	2168.0	2604.1474609375
2115.0	2172.0	2595.697021484375
2113.0	2167.0	2600.0517578125
2117.0	2170.0	2589.15625
2114.0	2169.0	2596.29052734375
2112.0	2170.0	2600.697998046875
2112.0	2171.0	2600.10205078125
2113.0	2169.0	2596.997802734375
2113.0	2171.0	2596.4404296875
2114.0	2171.0	2593.367919921875
2111.0	2171.0	2600.495849609375
2114.0	2173.0	2592.313232421875
2114.0	2174.0	2591.94189453125
2114.0	2170.0	2591.57763671875
2113.0	2170.0	2593.553955078125
2116.0	2170.0	2585.575927734375
2114.0	2171.0	2590.355224609375
2115.0	2169.0	2587.539794921875
2115.0	2171.0	2587.38134765625
2116.0	2169.0	2584.588623046875
2119.0	2169.0	2576.741943359375
2114.0	2171.0	2589.263671875
2116.0	2177.0	2583.96142578125
2113.0	2172.0	2591.392333984375
2113.0	2170.0	2591.204345703125
2112.0	2171.0	2593.595458984375
2104.0	2168.0	2613.021728515625
2104.0	2174.0	2612.07421875
2104.0	2171.0	2611.017822265625
2105.0	2171.0	2607.478759765625
2104.0	2170.0	2609.0625
2105.0	2170.0	2605.57666015625
2106.0	2166.0	2602.25146484375
2103.0	2168.0	2609.131103515625
2104.0	2168.0	2605.8525390625
2107.0	2169.0	2597.39599609375
2104.0	2169.0	2604.392333984375
2104.0	2171.0	2603.809814453125
2106.0	2169.0	2598.159423828125
2104.0	2169.0	2602.710205078125
2106.0	2170.0	2597.097412109375
2103.0	2171.0	2604.213623046875
2104.0	2173.0	2601.2041015625
2104.0	2171.0	2600.784912109375
2104.0	2168.0	2600.447998046875
2103.0	2170.0	2602.66845703125
2105.0	2170.0	2597.22509765625
2113.0	2169.0	2576.857666015625
2116.0	2171.0	2569.92626953125
2116.0	2169.0	2570.647705078125
2114.0	2170.0	2576.377685546875
2109.0	2172.0	2589.632568359375
2114.0	2172.0	2577.517333984375
2116.0	2170.0	2572.938232421875
2114.0	2173.0	2578.4619140625
2114.0	2170.0	2578.974609375
2112.0	2171.0	2584.537353515625
2113.0	2173.0	2582.478515625
2113.0	2176.0	2582.90966796875
2114.0	2170.0	2580.7255859375
2115.0	2173.0	2578.549072265625
2112.0	2169.0	2586.540771484375
2114.0	2171.0	2581.82470703125
2114.0	2180.0	2582.244873046875
2115.0	2169.0	2580.021728515625
2117.0	2170.0	2575.30029296875
2117.0	2170.0	2575.57568359375
2114.0	2171.0	2583.47802734375
2112.0	2186.0	2588.836669921875
2116.0	2170.0	2578.939208984375
2123.0	2171.0	2561.493896484375
2126.0	2173.0	2555.135009765625
2126.0	2170.0	2556.41796875
2124.0	2169.0	2562.680419921875
2123.0	2169.0	2566.385986328125
2124.0	2170.0	2564.875244140625
2124.0	2177.0	2565.86865234375
2123.0	2169.0	2569.47265625
2122.0	2171.0	2572.9521484375
2125.0	2170.0	2566.0986328125
2124.0	2169.0	2569.426025390625
2124.0	2170.0	2570.1884765625
2127.0	2169.0	2563.318603515625
2124.0	2172.0	2571.576904296875
2123.0	2171.0	2574.743896484375
2123.0	2170.0	2575.392822265625
2123.0	2172.0	2575.97265625
2122.0	2170.0	2579.060302734375
2113.0	2169.0	2602.408935546875
2112.0	2172.0	2604.45703125
2112.0	2169.0	2604.054931640625
2113.0	2169.0	2601.025390625
2112.0	2169.0	2603.131591796875
2114.0	2169.0	2597.623046875
2114.0	2167.0	2597.2001953125
2111.0	2170.0	2604.4765625
2111.0	2169.0	2604.12646484375
2118.0	2170.0	2585.994873046875
2114.0	2172.0	2595.9189453125
2115.0	2176.0	2593.16162109375
2116.0	2169.0	2590.31103515625
2115.0	2171.0	2592.583251953125
2116.0	2170.0	2589.712646484375
2113.0	2172.0	2597.148193359375
2113.0	2169.0	2596.904052734375
2116.0	2168.0	2589.12353515625
2114.0	2169.0	2594.0322265625
2114.0	2169.0	2593.880615234375
2113.0	2171.0	2596.306640625
2114.0	2175.0	2593.666015625
2115.0	2171.0	2591.015380859375
2114.0	2170.0	2593.399169921875
2116.0	2171.0	2588.188232421875
2113.0	2183.0	2595.68603515625
2111.0	2186.0	2600.78564453125
2113.0	2181.0	2595.615234375
2114.0	2181.0	2592.98974609375
2113.0	2180.0	2595.471435546875
2114.0	2182.0	2592.808349609375
2113.0	2189.0	2595.35498046875
2113.0	2183.0	2595.286865234375
2113.0	2184.0	2595.177490234375
2114.0	2184.0	2592.63427734375
2112.0	2181.0	2597.629150390625
2116.0	2183.0	2587.394775390625
2114.0	2181.0	2592.528564453125
2114.0	2184.0	2592.46826171875
2114.0	2182.0	2592.4775390625
2112.0	2185.0	2597.514892578125
2114.0	2180.0	2592.477783203125
2115.0	2181.0	2589.9716796875
2114.0	2182.0	2592.531982421875
2113.0	2184.0	2595.158935546875
2114.0	2182.0	2592.67333984375
2114.0	2183.0	2592.689453125
2115.0	2179.0	2590.085205078125
2113.0	2180.0	2595.211669921875
2114.0	2183.0	2592.791015625
2111.0	2183.0	2600.392822265625
2115.0	2183.0	2590.2138671875
2115.0	2183.0	2590.22900390625
2115.0	2183.0	2590.245849609375
2113.0	2183.0	2595.38623046875
2113.0	2185.0	2595.4501953125
2114.0	2182.0	2593.026611328125
2115.0	2180.0	2590.508056640625
2114.0	2186.0	2593.12158203125
2113.0	2184.0	2595.68212890625
2128.0	2184.0	2557.578369140625
2112.0	2185.0	2598.391845703125
2114.0	2178.0	2593.2734375
2113.0	2183.0	2595.824951171875
2113.0	2183.0	2595.865966796875
2111.0	2182.0	2600.869384765625
2113.0	2186.0	2595.8037109375
2113.0	2195.0	2595.7216796875
2114.0	2182.0	2593.23974609375
2114.0	2182.0	2593.3115234375
2116.0	2185.0	2588.353515625
2113.0	2182.0	2595.965576171875
2115.0	2178.0	2590.95654296875
2115.0	2183.0	2591.0771484375
2113.0	2183.0	2596.231689453125
2114.0	2185.0	2593.686279296875
2114.0	2170.0	2593.77001953125
2113.0	2168.0	2596.43408203125
2114.0	2170.0	2594.05126953125
2114.0	2170.0	2594.140869140625
2113.0	2169.0	2596.784423828125
2116.0	2172.0	2589.176025390625
2113.0	2172.0	2596.84521484375
2115.0	2183.0	2591.896484375
2114.0	2184.0	2594.48876953125
2115.0	2182.0	2592.029052734375
2113.0	2181.0	2597.16943359375
2115.0	2186.0	2592.087646484375
2112.0	2183.0	2599.779052734375
2113.0	2182.0	2597.33154296875
2114.0	2181.0	2594.87158203125
2115.0	2183.0	2592.4267578125
2114.0	2185.0	2595.147705078125
2115.0	2181.0	2592.61279296875
2114.0	2184.0	2595.197509765625
2112.0	2182.0	2600.381591796875
2114.0	2182.0	2595.3515625
2111.0	2184.0	2603.042236328125
2115.0	2182.0	2592.8828125
2113.0	2184.0	2598.035400390625
2113.0	2182.0	2598.15869140625
2114.0	2182.0	2595.787109375
2114.0	2183.0	2595.87158203125
2113.0	2181.0	2598.513671875
2113.0	2181.0	2598.60595703125
2116.0	2185.0	2591.0615234375
2112.0	2182.0	2601.27783203125
2113.0	2181.0	2598.739990234375
2114.0	2182.0	2596.352783203125
2113.0	2182.0	2598.976806640625
2112.0	2183.0	2601.56298828125
2112.0	2183.0	2601.62890625
2114.0	2182.0	2596.585205078125
2114.0	2179.0	2596.6884765625
2114.0	2183.0	2596.6796875
2113.0	2183.0	2599.308837890625
2111.0	2183.0	2604.44873046875
2112.0	2182.0	2601.927001953125
2121.0	2183.0	2580.050048828125
2123.0	2184.0	2576.06103515625
2124.0	2184.0	2574.629638671875
2128.0	2184.0	2565.482177734375
2125.0	2181.0	2574.118408203125
2123.0	2190.0	2580.030517578125
2123.0	2184.0	2580.87939453125
2123.0	2182.0	2581.708740234375
2128.0	2187.0	2569.69189453125
2123.0	2200.0	2583.16015625
2124.0	2198.0	2581.257080078125
2124.0	2194.0	2581.975341796875
2125.0	2196.0	2579.98681640625
2132.0	2196.0	2562.78759765625
2124.0	2195.0	2583.75048828125
2124.0	2192.0	2584.3349609375
2123.0	2195.0	2587.403564453125
2126.0	2196.0	2580.202880859375
2126.0	2195.0	2580.625
2123.0	2197.0	2588.7109375
2125.0	2202.0	2584.0166015625
2123.0	2196.0	2589.501953125
2122.0	2194.0	2592.344482421875
2121.0	2197.0	2595.22216796875
2124.0	2195.0	2587.901611328125
2125.0	2188.0	2585.7138671875
2126.0	2194.0	2583.277587890625
2124.0	2196.0	2588.70361328125
2125.0	2196.0	2586.43017578125
2123.0	2196.0	2591.811767578125
2123.0	2199.0	2592.063232421875
2124.0	2194.0	2589.802734375
2124.0	2197.0	2590.065185546875
2123.0	2195.0	2592.842529296875
2122.0	2197.0	2595.65185546875
2124.0	2198.0	2590.81787109375
2124.0	2198.0	2591.04638671875
2124.0	2195.0	2591.265380859375
2124.0	2196.0	2591.515869140625
2123.0	2195.0	2594.270263671875
2123.0	2197.0	2594.482421875
2124.0	2195.0	2592.107177734375
2126.0	2196.0	2587.211181640625
2124.0	2198.0	2592.431884765625
2124.0	2195.0	2592.53466796875
2125.0	2194.0	2590.071044921875
2126.0	2192.0	2587.632568359375
2124.0	2197.0	2592.920654296875
2127.0	2194.0	2585.4306640625
2125.0	2195.0	2590.639404296875
2124.0	2185.0	2593.272216796875
2123.0	2183.0	2595.951904296875
2125.0	2184.0	2590.98486328125
2125.0	2187.0	2591.139892578125
2124.0	2183.0	2593.778564453125
2123.0	2181.0	2596.458740234375
2122.0	2183.0	2599.0595703125
2131.0	2183.0	2577.068115234375
2133.0	2183.0	2573.087158203125
2132.0	2182.0	2576.607177734375
2133.0	2176.0	2574.971435546875
2134.0	2182.0	2573.283203125
2133.0	2184.0	2576.644775390625
2135.0	2183.0	2572.3642578125
2131.0	2182.0	2583.32861328125
2134.0	2186.0	2576.510498046875
2133.0	2176.0	2579.717041015625
2131.0	2183.0	2585.39697265625
2134.0	2182.0	2578.39306640625
2133.0	2183.0	2581.529541015625
2134.0	2180.0	2579.60595703125
2132.0	2182.0	2585.23388671875
2134.0	2183.0	2580.5732421875
2134.0	2184.0	2581.019287109375
2131.0	2185.0	2589.1376953125
2133.0	2179.0	2584.478515625
2135.0	2183.0	2579.79638671875
2132.0	2182.0	2587.8671875
2134.0	2185.0	2583.11328125
2141.0	2181.0	2566.094482421875
2143.0	2188.0	2562.544921875
2144.0	2191.0	2561.50927734375
2142.0	2184.0	2567.795654296875
2143.0	2183.0	2566.51416015625
2141.0	2180.0	2572.7763671875
2143.0	2189.0	2568.846435546875
2151.0	2184.0	2550.47998046875
2152.0	2187.0	2549.8505859375
2155.0	2183.0	2543.9794921875
2160.0	2185.0	2532.995361328125
2151.0	2183.0	2557.607177734375
2152.0	2185.0	2556.600830078125
2153.0	2181.0	2555.50927734375
2152.0	2180.0	2559.464111328125
2146.0	2183.0	2576.05322265625
2151.0	2187.0	2564.540283203125
2152.0	2180.0	2563.117919921875
2155.0	2182.0	2556.578125
2151.0	2183.0	2567.7666015625
2155.0	2182.0	2558.5732421875
2151.0	2183.0	2569.700927734375
2154.0	2178.0	2562.89599609375
2152.0	2182.0	2568.849365234375
2154.0	2185.0	2564.565185546875
2157.0	2180.0	2557.746826171875
2151.0	2186.0	2573.6083984375
2154.0	2180.0	2566.5546875
2153.0	2183.0	2569.70166015625
2152.0	2182.0	2572.87060546875
2149.0	2183.0	2581.037109375
2153.0	2185.0	2571.34521484375
2152.0	2194.0	2574.37451171875
2152.0	2181.0	2574.80517578125
2152.0	2182.0	2575.254638671875
2152.0	2183.0	2575.64501953125
2153.0	2169.0	2573.5146484375
2151.0	2182.0	2578.9853515625
2151.0	2170.0	2579.3759765625
2151.0	2171.0	2579.83984375
2153.0	2170.0	2575.07421875
2152.0	2170.0	2577.9287109375
2153.0	2165.0	2575.548583984375
2153.0	2170.0	2575.77685546875
2154.0	2171.0	2573.534423828125
2152.0	2170.0	2578.851318359375
2152.0	2173.0	2579.06494140625
2151.0	2175.0	2581.773193359375
2153.0	2156.0	2576.88134765625
2154.0	2157.0	2574.573974609375
2153.0	2157.0	2577.341552734375
2154.0	2159.0	2575.0419921875
2154.0	2152.0	2575.2529296875
2152.0	2158.0	2580.53466796875
2154.0	2156.0	2575.56494140625
2155.0	2156.0	2573.241455078125
2153.0	2143.0	2578.458251953125
2152.0	2139.0	2581.0703125
2154.0	2144.0	2576.116943359375
2151.0	2144.0	2583.8251953125
2143.0	2145.0	2604.068603515625
2151.0	2143.0	2583.76513671875
2155.0	2140.0	2573.779296875
2152.0	2144.0	2581.485595703125
2152.0	2144.0	2581.583251953125
2153.0	2144.0	2579.060791015625
2143.0	2146.0	2604.2568359375
2142.0	2154.0	2605.890380859375
2144.0	2145.0	2599.965087890625
2145.0	2145.0	2596.63525390625
2146.0	2145.0	2593.31591796875
2144.0	2144.0	2597.805419921875
2143.0	2162.0	2599.7412109375
2142.0	2145.0	2601.71826171875
2136.0	2144.0	2615.576904296875
2133.0	2145.0	2621.501953125
2133.0	2145.0	2619.963134765625
2132.0	2140.0	2620.97900390625
2132.0	2144.0	2619.648193359375
2133.0	2147.0	2615.66357421875
2135.0	2146.0	2609.332763671875
2133.0	2144.0	2613.325439453125
2132.0	2143.0	2614.713134765625
2135.0	2142.0	2606.018310546875
2135.0	2145.0	2605.0107421875
2133.0	2144.0	2609.138427734375
2133.0	2146.0	2608.263671875
2132.0	2142.0	2609.95703125
2131.0	2146.0	2611.742431640625
2134.0	2146.0	2603.366943359375
2133.0	2145.0	2605.106689453125
2132.0	2146.0	2607.084228515625
2136.0	2144.0	2596.227294921875
2125.0	2144.0	2623.084228515625
2122.0	2144.0	2629.177490234375
2125.0	2142.0	2620.06298828125
2125.0	2144.0	2618.71435546875
2124.0	2144.0	2619.96630859375
2124.0	2143.0	2618.710693359375
2122.0	2144.0	2622.591796875
2124.0	2143.0	2616.35693359375
2122.0	2143.0	2620.4033203125
2124.0	2145.0	2614.320068359375
2124.0	2145.0	2613.42529296875
2127.0	2146.0	2604.946044921875
2125.0	2146.0	2609.156005859375
2123.0	2144.0	2613.478271484375
2123.0	2144.0	2612.73583984375
2123.0	2141.0	2612.02197265625
2125.0	2144.0	2606.432861328125
2122.0	2143.0	2613.422607421875
2123.0	2143.0	2610.31591796875
2123.0	2147.0	2609.76220703125
2125.0	2144.0	2604.14404296875
2124.0	2147.0	2606.2958984375
2126.0	2144.0	2600.683837890625
2123.0	2147.0	2607.884521484375
2124.0	2141.0	2604.952392578125
2123.0	2143.0	2607.151123046875
2122.0	2144.0	2609.300048828125
2125.0	2143.0	2601.29833984375
2124.0	2142.0	2603.50146484375
2123.0	2146.0	2605.738525390625
2124.0	2142.0	2602.97265625
2124.0	2145.0	2602.67431640625
2124.0	2147.0	2602.454833984375
2123.0	2144.0	2604.7724609375
2124.0	2142.0	2601.98095703125
2123.0	2144.0	2604.340576171875
2123.0	2145.0	2604.158935546875
2124.0	2144.0	2601.409912109375
2124.0	2146.0	2601.23095703125
2124.0	2143.0	2601.060302734375
2123.0	2144.0	2603.4892578125
2123.0	2144.0	2603.318359375
2133.0	2132.0	2577.867431640625
2132.0	2131.0	2581.367431640625
2135.0	2133.0	2574.528076171875
2132.0	2128.0	2582.939697265625
2132.0	2130.0	2583.620849609375
2134.0	2129.0	2579.21484375
2132.0	2132.0	2585.007568359375
2133.0	2135.0	2583.1591796875
2133.0	2135.0	2583.719970703125
2133.0	2134.0	2584.30078125
2133.0	2131.0	2584.844970703125
2132.0	2130.0	2587.927734375
2135.0	2136.0	2580.755859375
2132.0	2133.0	2588.801025390625
2132.0	2132.0	2589.275634765625
2132.0	2129.0	2589.699951171875
2131.0	2130.0	2592.6376953125
2134.0	2132.0	2585.38134765625
2133.0	2130.0	2588.25341796875
2134.0	2132.0	2586.052490234375
2135.0	2131.0	2583.814208984375
2131.0	2131.0	2594.42919921875
2134.0	2129.0	2587.163818359375
2133.0	2132.0	2589.996826171875
2132.0	2131.0	2592.710693359375
2134.0	2132.0	2587.819580078125
2135.0	2131.0	2585.48095703125
2135.0	2131.0	2585.710693359375
2132.0	2132.0	2593.588623046875
2135.0	2130.0	2586.234375
2134.0	2132.0	2588.943115234375
2139.0	2129.0	2576.392333984375
2134.0	2132.0	2589.323486328125
2133.0	2134.0	2592.055419921875
2132.0	2130.0	2594.838623046875
2133.0	2131.0	2592.53955078125
2130.0	2130.0	2600.31396484375
2133.0	2131.0	2592.859375
2132.0	2138.0	2595.53759765625
2132.0	2132.0	2595.605224609375
2135.0	2130.0	2588.073974609375
2134.0	2130.0	2590.701416015625
2134.0	2130.0	2590.810302734375
2133.0	2126.0	2593.49072265625
2134.0	2129.0	2591.11865234375
2133.0	2133.0	2593.699951171875
2134.0	2133.0	2591.194091796875
2132.0	2130.0	2596.407958984375
2132.0	2124.0	2596.510009765625
2135.0	2128.0	2588.98681640625
2135.0	2131.0	2589.061279296875
2132.0	2130.0	2596.85302734375
2132.0	2131.0	2596.93701171875
2132.0	2152.0	2596.942626953125
2133.0	2143.0	2594.4462890625
2132.0	2144.0	2597.100830078125
2134.0	2143.0	2592.04443359375
2133.0	2146.0	2594.65283203125
2134.0	2142.0	2592.158935546875
2132.0	2144.0	2597.287841796875
2132.0	2146.0	2597.354248046875
2133.0	2145.0	2594.84326171875
2134.0	2144.0	2592.34130859375
2131.0	2145.0	2599.929931640625
2132.0	2143.0	2597.372314453125
2132.0	2144.0	2597.444091796875
2134.0	2145.0	2592.47412109375
2132.0	2145.0	2597.581298828125
2133.0	2145.0	2595.156982421875
2132.0	2145.0	2597.6865234375
2134.0	2143.0	2592.7080078125
2132.0	2145.0	2597.861328125
2129.0	2144.0	2605.512451171875
2132.0	2144.0	2597.88720703125
2132.0	2142.0	2597.963623046875
2135.0	2144.0	2590.469970703125
2132.0	2146.0	2598.199462890625
2131.0	2145.0	2600.77197265625
2132.0	2143.0	2598.31103515625
2133.0	2151.0	2595.828857421875
2135.0	2146.0	2590.784423828125
2133.0	2142.0	2595.825927734375
2128.0	2146.0	2608.56689453125
2132.0	2145.0	2598.43896484375
2132.0	2144.0	2598.33447265625
2133.0	2143.0	2595.868896484375
2133.0	2145.0	2595.847900390625
2126.0	2147.0	2613.661376953125
2132.0	2139.0	2598.455322265625
2133.0	2144.0	2595.8857421875
2134.0	2146.0	2593.429443359375
2134.0	2147.0	2593.388427734375
2132.0	2144.0	2598.540283203125
2133.0	2145.0	2596.1083984375
2133.0	2143.0	2596.095458984375
2133.0	2145.0	2596.121337890625
2132.0	2144.0	2598.753662109375
2138.0	2147.0	2583.49072265625
2133.0	2146.0	2596.2412109375
2133.0	2158.0	2596.31494140625
2134.0	2144.0	2593.857666015625
2132.0	2145.0	2598.9853515625
2133.0	2143.0	2596.451416015625
2132.0	2143.0	2599.04296875
2133.0	2140.0	2596.49853515625
2134.0	2143.0	2594.042236328125
2133.0	2144.0	2596.58251953125
2134.0	2143.0	2594.11083984375
2133.0	2145.0	2596.742431640625
2134.0	2146.0	2594.17236328125
2133.0	2143.0	2596.7158203125
2136.0	2144.0	2589.1953125
2131.0	2144.0	2601.953369140625
2133.0	2144.0	2596.9189453125
2133.0	2144.0	2596.88671875
2134.0	2144.0	2594.32861328125
2132.0	2144.0	2599.50244140625
2134.0	2144.0	2594.402099609375
2133.0	2146.0	2596.9609375
2143.0	2149.0	2572.283935546875
2144.0	2146.0	2570.896240234375
2142.0	2144.0	2577.06396484375
2141.0	2146.0	2580.57373046875
2152.0	2146.0	2553.82373046875
2152.0	2147.0	2555.642578125
2154.0	2144.0	2552.309814453125
2153.0	2143.0	2556.580810546875
2156.0	2144.0	2550.50439453125
2151.0	2146.0	2564.6806640625
2151.0	2143.0	2566.08349609375
2154.0	2130.0	2559.927001953125
2152.0	2131.0	2566.287841796875
2150.0	2133.0	2572.458984375
2162.0	2132.0	2543.389892578125
2162.0	2125.0	2545.482177734375
2162.0	2129.0	2547.5537109375
2161.0	2129.0	2552.00146484375
2162.0	2131.0	2551.26953125
2161.0	2132.0	2555.52978515625
2162.0	2130.0	2554.61376953125
2164.0	2130.0	2551.085693359375
2162.0	2130.0	2557.68408203125
2172.0	2129.0	2534.078369140625
2171.0	2129.0	2538.844970703125
2171.0	2144.0	2540.979736328125
2174.0	2129.0	2535.3642578125
2171.0	2132.0	2544.89111328125
2173.0	2129.0	2541.661865234375
2174.0	2117.0	2540.883056640625
2171.0	2131.0	2550.10498046875
2175.0	2117.0	2541.474365234375
2171.0	2117.0	2553.044189453125
2172.0	2118.0	2551.9384765625
2182.0	2118.0	2528.24853515625
2180.0	2135.0	2535.629150390625
2184.0	2117.0	2527.6494140625
2182.0	2119.0	2534.778076171875
2184.0	2120.0	2531.66943359375
2181.0	2119.0	2541.093994140625
2183.0	2119.0	2537.659423828125
2181.0	2118.0	2544.32666015625
2182.0	2118.0	2543.309814453125
2186.0	2117.0	2534.5888671875
2181.0	2119.0	2548.797119140625
2182.0	2127.0	2547.480712890625
2183.0	2120.0	2546.165771484375
2181.0	2116.0	2552.376220703125
2183.0	2119.0	2548.326904296875
2181.0	2119.0	2554.429931640625
2182.0	2133.0	2552.93505859375
2181.0	2119.0	2556.396484375
2182.0	2120.0	2554.638916015625
2193.0	2118.0	2527.422119140625
2182.0	2116.0	2556.25341796875
2181.0	2120.0	2559.4775390625
2183.0	2119.0	2555.0537109375
2182.0	2117.0	2558.245361328125
2186.0	2117.0	2548.6455078125
2183.0	2117.0	2556.938720703125
2182.0	2117.0	2559.961181640625
2183.0	2116.0	2557.85107421875
2180.0	2119.0	2566.039794921875
2178.0	2116.0	2571.573974609375
2182.0	2119.0	2561.78564453125
2182.0	2133.0	2562.108642578125
2181.0	2117.0	2564.98876953125
2182.0	2118.0	2562.791015625
2180.0	2118.0	2568.1328125
2181.0	2117.0	2565.900390625
2182.0	2112.0	2563.635986328125
2181.0	2120.0	2566.40771484375
2180.0	2119.0	2569.254638671875
2180.0	2117.0	2569.460693359375
2182.0	2117.0	2564.59033203125
2181.0	2125.0	2567.256591796875
2182.0	2117.0	2564.920166015625
2184.0	2115.0	2559.97607421875
2181.0	2119.0	2567.757080078125
2182.0	2115.0	2565.453369140625
2182.0	2119.0	2565.529541015625
2182.0	2111.0	2565.683349609375
2184.0	2119.0	2560.614501953125
2169.0	2119.0	2597.850341796875
2171.0	2118.0	2591.86083984375
2174.0	2119.0	2583.304931640625
2172.0	2121.0	2587.601806640625
2172.0	2129.0	2586.742919921875
2171.0	2129.0	2588.544921875
2172.0	2129.0	2585.321533203125
2172.0	2132.0	2584.546142578125
2173.0	2129.0	2581.3623046875
2175.0	2132.0	2575.649169921875
2174.0	2129.0	2577.5615234375
2172.0	2138.0	2582.144775390625
2173.0	2131.0	2579.072998046875
2171.0	2131.0	2583.55126953125
2174.0	2131.0	2575.354736328125
2162.0	2135.0	2605.22607421875
2163.0	2129.0	2601.247802734375
2162.0	2130.0	2602.42626953125
2165.0	2146.0	2593.55712890625
2160.0	2130.0	2605.003662109375
2163.0	2130.0	2596.25830078125
2163.0	2128.0	2595.077392578125
2163.0	2130.0	2594.060302734375
2162.0	2131.0	2595.6240234375
2160.0	2131.0	2599.841552734375
2162.0	2133.0	2593.824951171875
2162.0	2130.0	2592.945556640625
2161.0	2145.0	2594.664306640625
2155.0	2146.0	2609.031982421875
2152.0	2144.0	2614.774169921875
2149.0	2143.0	2620.601806640625
2153.0	2146.0	2608.7412109375
2153.0	2145.0	2607.208740234375
2150.0	2147.0	2613.32275390625
2151.0	2143.0	2609.490478515625
2154.0	2148.0	2600.531494140625
2154.0	2145.0	2599.277099609375
2152.0	2145.0	2603.419677734375
2153.0	2146.0	2599.682373046875
2152.0	2145.0	2601.20654296875
2152.0	2155.0	2600.18798828125
2152.0	2144.0	2599.222412109375
2152.0	2145.0	2598.28759765625
2153.0	2144.0	2594.857421875
2153.0	2146.0	2594.010498046875
2153.0	2144.0	2593.209716796875
2154.0	2143.0	2589.87841796875
2153.0	2144.0	2591.6884765625
2154.0	2142.0	2588.434814453125
2152.0	2142.0	2592.876220703125
2154.0	2138.0	2587.193603515625
2142.0	2145.0	2616.411865234375
2142.0	2161.0	2614.931884765625
2146.0	2159.0	2603.284423828125
2142.0	2161.0	2612.23388671875
2144.0	2168.0	2605.852294921875
2143.0	2159.0	2607.198486328125
2144.0	2157.0	2603.49072265625
2140.0	2156.0	2612.5478515625
2143.0	2157.0	2604.031494140625
2142.0	2156.0	2605.591064453125
2142.0	2159.0	2604.6982421875
2141.0	2159.0	2606.3486328125
2145.0	2156.0	2595.3583984375
2143.0	2162.0	2599.76806640625
2142.0	2158.0	2601.52783203125
2143.0	2159.0	2598.2744140625
2143.0	2159.0	2597.594970703125
2143.0	2158.0	2596.986572265625
2143.0	2162.0	2596.354248046875
2142.0	2157.0	2598.317138671875
2142.0	2156.0	2597.737548828125
2144.0	2155.0	2592.083251953125
2143.0	2159.0	2594.185791015625
2145.0	2159.0	2588.66015625
2143.0	2156.0	2593.3330078125
2143.0	2143.0	2592.993408203125
2146.0	2147.0	2584.950439453125
2142.0	2145.0	2594.76123046875
2140.0	2147.0	2599.4638671875
2143.0	2143.0	2591.552978515625
2143.0	2147.0	2591.189208984375
2143.0	2144.0	2590.861572265625
2142.0	2141.0	2593.115234375
2152.0	2141.0	2567.577880859375
2155.0	2142.0	2560.70068359375
2152.0	2143.0	2569.01025390625
2153.0	2146.0	2567.122802734375
2151.0	2144.0	2572.9189453125
2152.0	2151.0	2571.004150390625
2152.0	2144.0	2571.53076171875
2152.0	2145.0	2572.02001953125
2154.0	2144.0	2567.4619140625
2151.0	2147.0	2575.601806640625
2152.0	2142.0	2573.5537109375
2152.0	2142.0	2574.078369140625
2153.0	2145.0	2571.91650390625
2155.0	2146.0	2567.167724609375
2151.0	2143.0	2577.66748046875
2162.0	2141.0	2550.9033203125
2163.0	2144.0	2549.71484375
2162.0	2132.0	2553.54638671875
2163.0	2130.0	2552.177001953125
2163.0	2128.0	2553.2802734375
2161.0	2129.0	2559.448974609375
2164.0	2131.0	2552.84814453125
2165.0	2131.0	2551.26171875
2160.0	2132.0	2564.9638671875
2161.0	2133.0	2563.297119140625
2162.0	2128.0	2561.616455078125
2163.0	2131.0	2559.818359375
2163.0	2130.0	2560.5029296875
2164.0	2132.0	2558.68212890625
2164.0	2130.0	2559.306884765625
2164.0	2125.0	2560.001953125
2162.0	2132.0	2565.48388671875
2163.0	2129.0	2563.501953125
2162.0	2129.0	2566.584228515625
2171.0	2127.0	2544.654296875
2172.0	2130.0	2543.55322265625
2171.0	2132.0	2547.5439453125
2173.0	2130.0	2543.697265625
2172.0	2130.0	2547.42724609375
2171.0	2134.0	2551.033203125
2174.0	2129.0	2544.53125
2175.0	2131.0	2543.0498046875
2174.0	2129.0	2546.545166015625
2174.0	2132.0	2547.4462890625
2171.0	2132.0	2555.88818359375
2170.0	2131.0	2559.25732421875
2173.0	2130.0	2552.406005859375
2175.0	2130.0	2548.12255859375
2171.0	2130.0	2559.0
2171.0	2132.0	2559.630859375
2171.0	2130.0	2560.269287109375
2171.0	2133.0	2560.87353515625
2175.0	2133.0	2551.23583984375
2171.0	2131.0	2561.89208984375
2172.0	2133.0	2559.76318359375
2173.0	2128.0	2557.664306640625
2171.0	2120.0	2563.33154296875
2175.0	2132.0	2553.55712890625
2172.0	2133.0	2561.541015625
2172.0	2145.0	2561.8916015625
2171.0	2130.0	2564.794677734375
2172.0	2131.0	2562.523193359375
2182.0	2129.0	2537.37353515625
2172.0	2132.0	2563.04150390625
2173.0	2126.0	2560.734619140625
2172.0	2130.0	2563.571044921875
2171.0	2131.0	2566.28125
2167.0	2130.0	2576.667236328125
2169.0	2132.0	2571.6796875
2172.0	2131.0	2564.204345703125
2171.0	2131.0	2566.84033203125
2169.0	2131.0	2572.09765625
2170.0	2129.0	2569.755615234375
2174.0	2133.0	2559.70654296875
2173.0	2130.0	2562.356689453125
2172.0	2132.0	2565.067626953125
2165.0	2129.0	2582.818115234375
2161.0	2132.0	2592.114501953125
2162.0	2135.0	2588.650390625
2164.0	2129.0	2582.767822265625
2166.0	2132.0	2577.015625
2163.0	2132.0	2583.918212890625
2162.0	2130.0	2585.834716796875
2163.0	2128.0	2582.56494140625
2164.0	2131.0	2579.45751953125
2161.0	2147.0	2586.462646484375
2163.0	2146.0	2580.810791015625
2162.0	2147.0	2582.827392578125
2162.0	2150.0	2582.2900390625
2154.0	2145.0	2601.37060546875
2153.0	2146.0	2602.333740234375
2157.0	2142.0	2590.713134765625
2153.0	2141.0	2599.47509765625
2154.0	2142.0	2595.482666015625
2153.0	2145.0	2596.89013671875
2153.0	2146.0	2595.59423828125
2151.0	2146.0	2599.748291015625
2152.0	2147.0	2596.157470703125
2153.0	2145.0	2592.603759765625
2153.0	2144.0	2591.635009765625
2152.0	2145.0	2593.354248046875
2143.0	2144.0	2614.597412109375
2142.0	2140.0	2615.5400390625
2143.0	2144.0	2611.35595703125
2144.0	2143.0	2607.239013671875
2143.0	2145.0	2608.261474609375
2143.0	2144.0	2606.786865234375
2142.0	2136.0	2607.9482421875
2143.0	2144.0	2604.15771484375
2143.0	2146.0	2602.95166015625
2133.0	2144.0	2626.6357421875
2132.0	2146.0	2627.076416015625
2133.0	2139.0	2622.436279296875
2132.0	2143.0	2623.112548828125
2133.0	2145.0	2618.7392578125
2137.0	2143.0	2606.816162109375
2133.0	2149.0	2615.313720703125
2133.0	2157.0	2613.77685546875
2133.0	2147.0	2612.3369140625
2134.0	2144.0	2608.44580078125
2132.0	2145.0	2612.33935546875
2134.0	2143.0	2605.975830078125
2133.0	2146.0	2607.32275390625
2134.0	2144.0	2603.66455078125
2135.0	2144.0	2600.16064453125
2131.0	2144.0	2609.380859375
2135.0	2149.0	2598.268310546875
2133.0	2146.0	2602.452392578125
2134.0	2145.0	2599.160400390625
2135.0	2144.0	2595.806396484375
2133.0	2146.0	2600.185302734375
2132.0	2149.0	2602.034912109375
2132.0	2145.0	2601.38916015625
2134.0	2146.0	2595.724365234375
2135.0	2146.0	2592.68115234375
2133.0	2144.0	2597.197998046875
2134.0	2143.0	2594.07470703125
2132.0	2143.0	2598.644287109375
2143.0	2144.0	2570.68505859375
2140.0	2145.0	2578.943603515625
2143.0	2146.0	2571.8837890625
2143.0	2144.0	2572.38232421875
2144.0	2145.0	2570.32763671875
2141.0	2144.0	2578.45703125
2144.0	2145.0	2571.318603515625
2144.0	2145.0	2571.72705078125
2151.0	2145.0	2555.25048828125
2149.0	2143.0	2561.77783203125
2154.0	2145.0	2550.29931640625
2153.0	2143.0	2554.068359375
2153.0	2143.0	2555.179931640625
2151.0	2147.0	2561.327880859375
2152.0	2145.0	2559.930908203125
2152.0	2144.0	2560.927490234375
2153.0	2144.0	2559.305908203125
2153.0	2144.0	2560.242431640625
2152.0	2143.0	2563.599609375
2152.0	2143.0	2564.380615234375
2164.0	2145.0	2535.085693359375
2163.0	2147.0	2539.35009765625
2162.0	2144.0	2543.489013671875
2162.0	2143.0	2545.103759765625
2162.0	2146.0	2546.58935546875
2161.0	2147.0	2550.490234375
2162.0	2150.0	2549.337646484375
2162.0	2147.0	2550.58203125
2161.0	2130.0	2554.37646484375
2164.0	2130.0	2547.846923828125
2161.0	2129.0	2556.49658203125
2161.0	2126.0	2557.466796875
2162.0	2130.0	2555.83935546875
2164.0	2130.0	2551.62890625
2161.0	2130.0	2560.095458984375
2163.0	2133.0	2555.831298828125
2163.0	2134.0	2556.559326171875
2163.0	2129.0	2557.28515625
2163.0	2130.0	2557.95947265625
2165.0	2126.0	2553.520263671875
2164.0	2131.0	2556.724609375
2165.0	2133.0	2554.7431640625
2162.0	2131.0	2562.918212890625
2161.0	2130.0	2566.01806640625
2166.0	2117.0	2553.77197265625
2163.0	2118.0	2561.803955078125
2163.0	2123.0	2562.19970703125
2165.0	2117.0	2557.49072265625
2162.0	2117.0	2565.508056640625
2166.0	2118.0	2555.689208984375
2162.0	2115.0	2566.26611328125
2164.0	2118.0	2561.44921875
2162.0	2120.0	2566.85546875
2161.0	2134.0	2569.696044921875
2161.0	2117.0	2570.01171875
2161.0	2121.0	2570.319091796875
2165.0	2118.0	2560.272705078125
2163.0	2120.0	2565.5986328125
2163.0	2117.0	2565.880615234375
2162.0	2119.0	2568.642578125
2160.0	2119.0	2573.878173828125
2162.0	2117.0	2568.959228515625
2153.0	2118.0	2591.859375
2154.0	2120.0	2588.357177734375
2151.0	2116.0	2595.1494140625
2153.0	2114.0	2589.27001953125
2152.0	2119.0	2591.029541015625
2152.0	2116.0	2590.333251953125
2155.0	2119.0	2581.942138671875
2152.0	2120.0	2588.875244140625
2152.0	2114.0	2588.18212890625
2155.0	2118.0	2579.92724609375
2152.0	2117.0	2587.022216796875
2159.0	2118.0	2568.57080078125
2151.0	2118.0	2588.386962890625
2152.0	2134.0	2585.302001953125
2156.0	2117.0	2574.644287109375
2152.0	2118.0	2584.3798828125
2158.0	2119.0	2568.4873046875
2151.0	2113.0	2585.876220703125
2143.0	2115.0	2605.769287109375
2143.0	2119.0	2604.473388671875
2144.0	2119.0	2600.70751953125
2141.0	2121.0	2607.143798828125
2143.0	2115.0	2600.907958984375
2143.0	2117.0	2599.788818359375
2145.0	2117.0	2593.633544921875
2144.0	2117.0	2595.1611328125
2145.0	2120.0	2591.7158203125
2144.0	2111.0	2593.44775390625
2147.0	2118.0	2584.977783203125
2143.0	2120.0	2594.35498046875
2147.0	2117.0	2583.485595703125
2143.0	2118.0	2592.9658203125
2146.0	2123.0	2584.6552734375
2143.0	2119.0	2591.758056640625
2132.0	2118.0	2618.55712890625
2128.0	2120.0	2627.0009765625
2133.0	2118.0	2612.732421875
2134.0	2125.0	2608.69189453125
2132.0	2120.0	2612.44775390625
2133.0	2120.0	2608.605224609375
2136.0	2120.0	2599.722900390625
2132.0	2118.0	2608.553955078125
2134.0	2118.0	2602.343505859375
2134.0	2118.0	2601.25048828125
2131.0	2107.0	2607.877685546875
2132.0	2107.0	2604.408447265625
2133.0	2107.0	2600.994140625
2133.0	2104.0	2600.198486328125
2135.0	2105.0	2594.360107421875
2132.0	2107.0	2601.25927734375
2131.0	2107.0	2603.078369140625
2134.0	2102.0	2594.71923828125
2132.0	2107.0	2599.312255859375
2132.0	2107.0	2598.744140625
2135.0	2113.0	2590.52294921875
2132.0	2105.0	2597.605712890625
2132.0	2103.0	2597.15185546875
2134.0	2106.0	2591.6103515625
2132.0	2105.0	2596.2275390625
2135.0	2105.0	2588.14453125
2133.0	2104.0	2592.882568359375
2132.0	2102.0	2595.045654296875
2132.0	2107.0	2594.65283203125
2132.0	2106.0	2594.3525390625
2133.0	2104.0	2591.504638671875
2133.0	2104.0	2591.173583984375
2135.0	2104.0	2585.82666015625
2133.0	2105.0	2590.6611328125
2133.0	2107.0	2590.457763671875
2132.0	2105.0	2592.73876953125
2133.0	2106.0	2589.929443359375
2134.0	2105.0	2587.170166015625
2103.0	2107.0	2665.87158203125
2131.0	2106.0	2594.4150390625
2133.0	2106.0	2589.16259765625
2134.0	2126.0	2586.509765625
2133.0	2117.0	2588.84765625
2133.0	2120.0	2588.778076171875
2142.0	2119.0	2565.753662109375
2132.0	2120.0	2591.02099609375
2135.0	2118.0	2583.3544921875
2132.0	2118.0	2590.895751953125
2135.0	2118.0	2583.17529296875
2141.0	2118.0	2568.15673828125
2143.0	2116.0	2564.032470703125
2144.0	2117.0	2562.401123046875
2145.0	2118.0	2560.85546875
2142.0	2119.0	2569.303955078125
2145.0	2118.0	2562.33154296875
2143.0	2118.0	2568.107177734375
2145.0	2120.0	2563.8046875
2143.0	2115.0	2569.6376953125
2144.0	2116.0	2567.757568359375
2143.0	2118.0	2570.8203125
2143.0	2114.0	2571.458251953125
2143.0	2118.0	2571.9970703125
2144.0	2119.0	2569.92626953125
2155.0	2121.0	2542.451416015625
2146.0	2121.0	2565.86669921875
2143.0	2118.0	2573.82958984375
2146.0	2121.0	2566.603759765625
2145.0	2117.0	2569.60888671875
2143.0	2117.0	2574.907470703125
2143.0	2113.0	2575.192138671875
2142.0	2119.0	2578.101806640625
2152.0	2120.0	2552.836669921875
2155.0	2118.0	2546.665283203125
2153.0	2130.0	2553.018798828125
2151.0	2139.0	2559.256103515625
2152.0	2130.0	2557.940185546875
2153.0	2130.0	2556.39501953125
2155.0	2130.0	2552.28857421875
2153.0	2136.0	2558.279541015625
2153.0	2127.0	2559.132568359375
2152.0	2132.0	2562.485595703125
2152.0	2131.0	2563.306396484375
2150.0	2132.0	2569.25244140625
2153.0	2129.0	2562.314453125
2152.0	2132.0	2565.64111328125
2152.0	2132.0	2566.251953125
2154.0	2130.0	2561.744384765625
2154.0	2131.0	2562.33544921875
2152.0	2133.0	2567.955810546875
2153.0	2132.0	2565.97119140625
2154.0	2130.0	2563.859130859375
2158.0	2132.0	2554.154296875
2150.0	2133.0	2574.976806640625
2153.0	2130.0	2567.761474609375
2152.0	2131.0	2570.693359375
2152.0	2131.0	2571.08251953125
2149.0	2130.0	2579.048583984375
2153.0	2147.0	2569.1806640625
2155.0	2142.0	2564.388671875
2152.0	2144.0	2572.260009765625
2151.0	2144.0	2575.051513671875
2152.0	2144.0	2572.720947265625
2152.0	2139.0	2572.833984375
2154.0	2145.0	2567.950439453125
2153.0	2147.0	2570.736328125
2159.0	2144.0	2555.6689453125
2152.0	2146.0	2573.699951171875
2155.0	2143.0	2566.180908203125
2152.0	2143.0	2574.092529296875
2154.0	2145.0	2569.1787109375
2150.0	2145.0	2579.536376953125
2152.0	2148.0	2574.554443359375
2152.0	2144.0	2574.698974609375
2154.0	2143.0	2569.803955078125
2152.0	2144.0	2574.97705078125
2147.0	2145.0	2587.814453125
2152.0	2148.0	2575.138427734375
2152.0	2145.0	2575.372314453125
2154.0	2144.0	2570.34033203125
2156.0	2143.0	2565.317626953125
2151.0	2147.0	2578.090576171875
2153.0	2140.0	2573.014404296875
2153.0	2144.0	2572.949951171875
2151.0	2145.0	2578.080810546875
2166.0	2144.0	2539.987060546875
2152.0	2144.0	2575.76806640625
2153.0	2143.0	2573.221435546875
2154.0	2144.0	2570.68408203125
2155.0	2145.0	2568.145263671875
2153.0	2147.0	2573.26513671875
2150.0	2152.0	2580.94921875
2152.0	2144.0	2575.9150390625
2151.0	2142.0	2578.441650390625
2155.0	2143.0	2568.244873046875
2152.0	2144.0	2575.867431640625
2153.0	2147.0	2573.358642578125
2153.0	2147.0	2573.371826171875
2154.0	2146.0	2570.852783203125
2156.0	2147.0	2565.79248046875
2153.0	2145.0	2573.5556640625
2151.0	2143.0	2578.652099609375
2151.0	2144.0	2578.716552734375
2154.0	2143.0	2571.080810546875
2145.0	2147.0	2593.139404296875
2143.0	2148.0	2597.318359375
2145.0	2144.0	2591.30712890625
2144.0	2144.0	2592.98876953125
2146.0	2144.0	2587.09814453125
2143.0	2144.0	2594.009033203125
2144.0	2156.0	2590.643798828125
2144.0	2145.0	2589.985595703125
2145.0	2144.0	2586.760009765625
2137.0	2144.0	2606.53955078125
2146.0	2148.0	2583.061767578125
2144.0	2145.0	2587.595458984375
2144.0	2145.0	2587.1708984375
2144.0	2144.0	2586.6728515625
2142.0	2145.0	2591.2919921875
2143.0	2137.0	2588.228759765625
2142.0	2144.0	2590.424560546875
2144.0	2144.0	2584.735107421875
2144.0	2143.0	2584.339599609375
2144.0	2146.0	2584.0205078125
2145.0	2141.0	2581.129150390625
2143.0	2146.0	2585.954833984375
2142.0	2145.0	2588.2451171875
2146.0	2146.0	2577.76318359375
2144.0	2147.0	2582.593505859375
2145.0	2144.0	2579.790283203125
2143.0	2145.0	2584.692626953125
2145.0	2131.0	2579.37890625
2144.0	2130.0	2581.728271484375
2144.0	2130.0	2581.480712890625
2143.0	2130.0	2583.86376953125
2143.0	2129.0	2583.647216796875
2144.0	2135.0	2580.94921875
2142.0	2132.0	2585.86279296875
2142.0	2133.0	2585.673828125
2142.0	2131.0	2585.680908203125
2144.0	2130.0	2580.480712890625
2145.0	2130.0	2577.844482421875
2143.0	2131.0	2582.7744140625
2146.0	2133.0	2575.02294921875
2144.0	2129.0	2580.01171875
2151.0	2130.0	2562.332275390625
2152.0	2129.0	2560.67919921875
2152.0	2130.0	2561.5625
2155.0	2130.0	2554.7734375
2153.0	2131.0	2560.645751953125
2152.0	2129.0	2563.90380859375
2152.0	2131.0	2564.6513671875
2152.0	2130.0	2565.21728515625
2151.0	2132.0	2568.391357421875
2151.0	2134.0	2568.939697265625
2154.0	2130.0	2561.775390625
2151.0	2130.0	2569.89697265625
2152.0	2128.0	2567.735107421875
2153.0	2131.0	2565.63427734375
2152.0	2119.0	2568.550048828125
2152.0	2129.0	2568.9580078125
2154.0	2131.0	2564.2666015625
2152.0	2130.0	2569.7431640625
2150.0	2132.0	2575.197021484375
2155.0	2136.0	2562.816162109375
2149.0	2131.0	2578.427490234375
2153.0	2131.0	2568.55859375
2151.0	2131.0	2573.88037109375
2152.0	2130.0	2571.62939453125
2151.0	2130.0	2574.359375
2151.0	2130.0	2574.672607421875
2153.0	2127.0	2569.8115234375
2152.0	2133.0	2572.486572265625
2156.0	2129.0	2562.635986328125
2154.0	2131.0	2567.86669921875
2152.0	2132.0	2573.130126953125
2155.0	2129.0	2565.673095703125
2151.0	2131.0	2575.954345703125
2156.0	2131.0	2563.265625
2151.0	2131.0	2576.094970703125
2150.0	2127.0	2578.75439453125
2165.0	2131.0	2541.287109375
2162.0	2131.0	2550.141357421875
2162.0	2131.0	2551.236572265625
2162.0	2131.0	2552.2939453125
2163.0	2128.0	2550.72314453125
2162.0	2131.0	2554.222412109375
2162.0	2130.0	2555.1298828125
2166.0	2129.0	2545.712646484375
2162.0	2130.0	2556.691162109375
2162.0	2129.0	2557.37060546875
2162.0	2131.0	2558.04443359375
2166.0	2131.0	2548.59375
2160.0	2131.0	2564.484130859375
2166.0	2132.0	2549.85595703125
2161.0	2129.0	2563.10791015625
2162.0	2132.0	2561.111083984375
2161.0	2129.0	2564.183349609375
2162.0	2129.0	2562.071044921875
2163.0	2127.0	2559.990234375
2162.0	2132.0	2562.96533203125
2162.0	2129.0	2563.41064453125
2164.0	2130.0	2558.6416015625
2163.0	2131.0	2561.578369140625
2166.0	2130.0	2554.189453125
2162.0	2129.0	2564.67529296875
2161.0	2131.0	2567.645751953125
2158.0	2131.0	2575.486572265625
2162.0	2132.0	2565.6572265625
2162.0	2129.0	2565.84033203125
2162.0	2131.0	2566.025634765625
2164.0	2130.0	2561.15283203125
2164.0	2129.0	2561.43505859375
2163.0	2131.0	2564.143798828125
2162.0	2131.0	2566.8125
2162.0	2129.0	2566.981689453125
2150.0	2131.0	2596.82861328125
2151.0	2134.0	2593.434814453125
2153.0	2118.0	2587.49462890625
2153.0	2131.0	2586.68359375
2152.0	2132.0	2588.42138671875
2156.0	2131.0	2577.51318359375
2151.0	2130.0	2589.718017578125
2155.0	2128.0	2578.925048828125
2152.0	2130.0	2585.90234375
2153.0	2130.0	2582.7333984375
2152.0	2130.0	2584.7421875
2152.0	2132.0	2584.1787109375
2152.0	2130.0	2583.61572265625
2153.0	2131.0	2580.60546875
2154.0	2129.0	2577.62646484375
2152.0	2131.0	2582.236572265625
2154.0	2132.0	2576.70458984375
2154.0	2132.0	2576.359375
2152.0	2132.0	2581.127197265625
2156.0	2131.0	2570.5927734375
2152.0	2131.0	2580.550537109375
2154.0	2147.0	2575.1962890625
2154.0	2132.0	2574.8740234375
2152.0	2131.0	2579.6328125
2147.0	2131.0	2592.059814453125
2152.0	2130.0	2579.081787109375
2152.0	2137.0	2578.802490234375
2153.0	2131.0	2576.0390625
2152.0	2129.0	2578.3798828125
2151.0	2130.0	2580.6875
2152.0	2126.0	2577.940673828125
2152.0	2130.0	2577.765869140625
2151.0	2132.0	2580.147705078125
2153.0	2132.0	2574.965087890625
2152.0	2129.0	2577.39892578125
2152.0	2123.0	2577.3037109375
2153.0	2130.0	2574.552978515625
2153.0	2131.0	2574.50244140625
2153.0	2131.0	2574.368408203125
2153.0	2130.0	2574.173828125
2152.0	2134.0	2576.538330078125
2152.0	2133.0	2576.392333984375
2151.0	2129.0	2578.781494140625
2154.0	2130.0	2570.99169921875
2153.0	2130.0	2573.351806640625
2153.0	2130.0	2573.218017578125
2153.0	2132.0	2573.14404296875
2150.0	2132.0	2580.67236328125
2154.0	2128.0	2570.31396484375
2152.0	2135.0	2575.337646484375
2152.0	2134.0	2575.24951171875
2152.0	2130.0	2575.257080078125
2156.0	2130.0	2565.031494140625
2152.0	2131.0	2575.1318359375
2152.0	2125.0	2575.037109375
2152.0	2130.0	2575.013916015625
2153.0	2130.0	2572.369384765625
2150.0	2129.0	2579.964111328125
2152.0	2131.0	2574.793212890625
2151.0	2125.0	2577.255859375
2153.0	2131.0	2572.12939453125
2154.0	2131.0	2569.5703125
2152.0	2131.0	2574.554931640625
2151.0	2131.0	2577.116943359375
2152.0	2131.0	2574.499267578125
2152.0	2132.0	2574.43017578125
2152.0	2131.0	2574.3212890625
2152.0	2129.0	2574.31005859375
2152.0	2128.0	2574.260009765625
2153.0	2132.0	2571.698974609375
2153.0	2129.0	2571.69580078125
2155.0	2133.0	2566.537841796875
2152.0	2131.0	2574.1494140625
2154.0	2129.0	2568.994384765625
2150.0	2130.0	2579.1767578125
2155.0	2131.0	2566.21533203125
2151.0	2128.0	2576.292236328125
2154.0	2133.0	2568.669921875
2153.0	2132.0	2571.21044921875
2155.0	2130.0	2566.1513671875
2154.0	2133.0	2568.7109375
2154.0	2132.0	2568.757568359375
2152.0	2126.0	2573.960693359375
2152.0	2133.0	2573.8935546875
2151.0	2131.0	2576.46337890625
2165.0	2130.0	2540.80615234375
2152.0	2128.0	2573.919921875
2152.0	2128.0	2573.84228515625
2153.0	2131.0	2571.238525390625
2153.0	2132.0	2571.181640625
2154.0	2129.0	2568.615966796875
2152.0	2131.0	2573.665283203125
2151.0	2133.0	2576.12548828125
2151.0	2130.0	2576.059326171875
2155.0	2131.0	2565.853515625
2152.0	2131.0	2573.505859375
2152.0	2137.0	2573.54443359375
2152.0	2130.0	2573.566162109375
2152.0	2131.0	2573.5810546875
2155.0	2132.0	2565.934326171875
2153.0	2128.0	2571.010986328125
2152.0	2130.0	2573.577392578125
2151.0	2131.0	2576.157470703125
2154.0	2131.0	2568.4150390625
2151.0	2132.0	2575.994384765625
2152.0	2130.0	2573.4130859375
2152.0	2129.0	2573.418701171875
2153.0	2130.0	2570.817138671875
2156.0	2129.0	2563.2177734375
2152.0	2131.0	2573.42138671875
2152.0	2131.0	2573.40087890625
2154.0	2133.0	2568.3095703125
2152.0	2131.0	2573.327392578125
2156.0	2130.0	2563.12158203125
2152.0	2133.0	2573.287109375
2150.0	2124.0	2578.342041015625
2153.0	2129.0	2570.642578125
2153.0	2130.0	2570.65380859375
2150.0	2129.0	2578.231689453125
2153.0	2130.0	2570.616943359375
2153.0	2129.0	2570.55517578125
2151.0	2129.0	2575.688232421875
2155.0	2132.0	2565.40966796875
2152.0	2131.0	2573.0478515625
2153.0	2127.0	2570.539794921875
2153.0	2129.0	2570.525390625
2153.0	2130.0	2570.517333984375
2157.0	2131.0	2560.365234375
2152.0	2131.0	2573.037353515625
2153.0	2136.0	2570.429443359375
2153.0	2147.0	2570.466552734375
2155.0	2132.0	2565.330322265625
2150.0	2132.0	2578.05810546875
2153.0	2134.0	2570.52880859375
2154.0	2129.0	2567.95703125
2152.0	2131.0	2573.05712890625
2152.0	2132.0	2573.003173828125
2153.0	2131.0	2570.51904296875
2152.0	2132.0	2573.008056640625
2153.0	2131.0	2570.214599609375
2153.0	2130.0	2570.295166015625
2149.0	2130.0	2580.41943359375
2153.0	2129.0	2570.141357421875
2151.0	2136.0	2575.23974609375
2143.0	2130.0	2594.815673828125
2143.0	2131.0	2593.836669921875
2145.0	2130.0	2587.8388671875
2145.0	2135.0	2586.928955078125
2142.0	2132.0	2593.73583984375
2143.0	2130.0	2590.393798828125
2140.0	2133.0	2597.24951171875
2144.0	2128.0	2586.33056640625
2145.0	2130.0	2583.02978515625
2145.0	2132.0	2582.38232421875
2144.0	2130.0	2584.408447265625
2145.0	2132.0	2581.246826171875
2143.0	2131.0	2585.831298828125
2143.0	2128.0	2585.27490234375
2143.0	2133.0	2584.744384765625
2148.0	2130.0	2571.546875
2141.0	2132.0	2588.971435546875
2143.0	2130.0	2583.424072265625
2142.0	2132.0	2585.59423828125
2144.0	2129.0	2580.199462890625
2144.0	2132.0	2579.86083984375
2143.0	2131.0	2582.109619140625
2144.0	2134.0	2579.35498046875
2145.0	2132.0	2576.55078125
2145.0	2131.0	2576.357666015625
2155.0	2131.0	2550.616943359375
2143.0	2133.0	2581.014892578125
2143.0	2131.0	2580.756591796875
2144.0	2132.0	2577.981201171875
2146.0	2130.0	2572.6513671875
2142.0	2133.0	2582.60791015625
2142.0	2135.0	2582.474853515625
2144.0	2130.0	2577.22021484375
2143.0	2131.0	2579.590087890625
2146.0	2131.0	2571.741455078125
2142.0	2133.0	2581.73828125
2144.0	2135.0	2576.480712890625
2145.0	2128.0	2573.793212890625
2152.0	2130.0	2556.6728515625
2158.0	2128.0	2542.1669921875
2152.0	2132.0	2558.191650390625
2152.0	2129.0	2558.903076171875
2153.0	2129.0	2557.025634765625
2152.0	2129.0	2560.286376953125
2153.0	2132.0	2558.41259765625
2152.0	2131.0	2561.528564453125
2152.0	2130.0	2561.92578125
2151.0	2132.0	2565.106689453125
2153.0	2129.0	2560.525634765625
2151.0	2130.0	2566.135498046875
2151.0	2131.0	2566.505859375
2151.0	2130.0	2566.975830078125
2152.0	2130.0	2564.7841796875
2152.0	2130.0	2565.156982421875
2152.0	2126.0	2565.502197265625
2143.0	2127.0	2588.74658203125
2152.0	2132.0	2566.22705078125
2154.0	2130.0	2561.389892578125
2146.0	2133.0	2581.9677734375
2152.0	2129.0	2566.927978515625
2153.0	2145.0	2564.6748046875
2152.0	2132.0	2567.48388671875
2157.0	2130.0	2555.0
2152.0	2103.0	2567.953125
2153.0	2136.0	2565.6591796875
2153.0	2132.0	2565.908935546875
2152.0	2130.0	2568.694091796875
2147.0	2130.0	2581.57958984375
2153.0	2132.0	2566.470458984375
2151.0	2136.0	2571.637939453125
2153.0	2131.0	2566.6767578125
2152.0	2132.0	2569.3408203125
2155.0	2130.0	2561.8095703125
2153.0	2134.0	2566.9990234375
2152.0	2136.0	2569.680419921875
2153.0	2130.0	2567.20556640625
2153.0	2130.0	2567.32421875
2151.0	2131.0	2572.42822265625
2152.0	2130.0	2569.983642578125
2153.0	2129.0	2567.555419921875
2152.0	2131.0	2570.2353515625
2152.0	2133.0	2570.3623046875
2154.0	2132.0	2565.39111328125
2152.0	2125.0	2570.61181640625
2152.0	2131.0	2570.700439453125
2152.0	2131.0	2570.79541015625
2163.0	2131.0	2542.841796875
2152.0	2131.0	2570.9306640625
2153.0	2145.0	2568.425048828125
2154.0	2132.0	2565.872314453125
2153.0	2130.0	2568.4755859375
2152.0	2132.0	2571.083984375
2152.0	2132.0	2571.07666015625
2152.0	2130.0	2571.09326171875
2151.0	2133.0	2573.6142578125
2153.0	2131.0	2568.51904296875
2151.0	2131.0	2573.59912109375
2152.0	2132.0	2571.07763671875
2153.0	2133.0	2568.607177734375
2142.0	2132.0	2596.2939453125
2143.0	2130.0	2592.8037109375
2143.0	2133.0	2591.84814453125
2141.0	2128.0	2596.031005859375
2143.0	2134.0	2590.134033203125
2147.0	2129.0	2579.19140625
2142.0	2130.0	2591.239013671875
2142.0	2133.0	2590.56591796875
2144.0	2130.0	2584.788330078125
2144.0	2131.0	2584.244873046875
2144.0	2132.0	2583.622802734375
2143.0	2132.0	2585.672607421875
2145.0	2129.0	2580.0322265625
2144.0	2129.0	2582.10498046875
2143.0	2130.0	2584.189208984375
2140.0	2130.0	2591.341064453125
2145.0	2136.0	2578.116455078125
2142.0	2129.0	2585.294921875
2143.0	2131.0	2582.39990234375
2144.0	2132.0	2579.55126953125
2143.0	2132.0	2581.71875
2143.0	2134.0	2581.453857421875
2144.0	2130.0	2578.541259765625
2142.0	2131.0	2583.279296875
2147.0	2131.0	2570.251220703125
2143.0	2134.0	2580.124267578125
2142.0	2131.0	2582.392333984375
2144.0	2131.0	2577.107666015625
2142.0	2130.0	2581.97509765625
2142.0	2132.0	2581.754150390625
2142.0	2135.0	2581.51025390625
2141.0	2129.0	2583.97119140625
2144.0	2131.0	2576.1982421875
2144.0	2131.0	2575.99365234375
2143.0	2132.0	2578.32080078125
2139.0	2130.0	2588.323974609375
2143.0	2131.0	2578.013671875
2146.0	2131.0	2570.186279296875
2141.0	2129.0	2582.78857421875
2142.0	2134.0	2580.140869140625
2144.0	2128.0	2574.9892578125
2144.0	2131.0	2574.95947265625
2144.0	2131.0	2574.7900390625
2143.0	2133.0	2577.283935546875
2145.0	2128.0	2572.12646484375
2142.0	2132.0	2579.724365234375
2144.0	2129.0	2574.5244140625
2146.0	2130.0	2569.32275390625
2144.0	2134.0	2574.35009765625
2143.0	2130.0	2576.8564453125
2143.0	2129.0	2576.84130859375
2143.0	2130.0	2576.716064453125
2145.0	2131.0	2571.600830078125
2142.0	2141.0	2579.198486328125
2144.0	2131.0	2574.088134765625
2143.0	2130.0	2576.621337890625
2145.0	2130.0	2571.239501953125
2134.0	2136.0	2598.12353515625
2132.0	2130.0	2602.104736328125
2134.0	2131.0	2595.993408203125
2133.0	2133.0	2597.502685546875
2131.0	2134.0	2601.7001953125
2133.0	2137.0	2595.626953125
2133.0	2132.0	2594.7607421875
2133.0	2132.0	2594.008544921875
2138.0	2132.0	2580.49658203125
2133.0	2129.0	2592.600830078125
2136.0	2129.0	2584.346923828125
2133.0	2130.0	2591.406005859375
2130.0	2132.0	2598.43994140625
2136.0	2144.0	2582.650634765625
2134.0	2145.0	2587.202392578125
2134.0	2144.0	2586.705810546875
2135.0	2156.0	2583.7763671875
2131.0	2145.0	2593.47900390625
2132.0	2145.0	2590.52392578125
2133.0	2144.0	2587.5830078125
2134.0	2147.0	2584.69775390625
2133.0	2144.0	2586.92822265625
2133.0	2142.0	2586.62646484375
2131.0	2147.0	2591.426513671875
2132.0	2145.0	2588.5732421875
2133.0	2144.0	2585.765625
2134.0	2145.0	2582.928466796875
2133.0	2143.0	2585.361328125
2133.0	2142.0	2585.130859375
2133.0	2146.0	2584.95361328125
2131.0	2141.0	2589.820068359375
2131.0	2143.0	2589.6123046875
2134.0	2141.0	2581.8505859375
2132.0	2145.0	2586.8134765625
2132.0	2144.0	2586.63427734375
2133.0	2145.0	2583.866455078125
2133.0	2146.0	2583.806640625
2134.0	2139.0	2581.128662109375
2133.0	2144.0	2583.498779296875
2133.0	2146.0	2583.380859375
2136.0	2145.0	2575.6328125
2132.0	2144.0	2585.665771484375
2132.0	2144.0	2585.54541015625
2135.0	2146.0	2577.802978515625
2134.0	2145.0	2580.26953125
2134.0	2143.0	2580.245361328125
2132.0	2149.0	2585.31884765625
2135.0	2147.0	2577.673583984375
2144.0	2145.0	2555.008544921875
2140.0	2144.0	2566.22412109375
2143.0	2145.0	2559.575927734375
2143.0	2143.0	2560.53564453125
2142.0	2145.0	2564.034423828125
2142.0	2147.0	2564.828369140625
2143.0	2144.0	2563.123046875
2143.0	2154.0	2563.86328125
2144.0	2145.0	2562.003173828125
2143.0	2144.0	2565.126220703125
2143.0	2145.0	2565.7421875
2143.0	2148.0	2566.344970703125
2142.0	2142.0	2569.458740234375
2153.0	2146.0	2542.956787109375
2155.0	2141.0	2539.273681640625
2152.0	2146.0	2548.258056640625
2152.0	2152.0	2549.6240234375
2151.0	2147.0	2553.40771484375
2154.0	2143.0	2546.922607421875
2156.0	2144.0	2542.948486328125
2154.0	2150.0	2549.0361328125
2153.0	2141.0	2552.52734375
2151.0	2145.0	2558.588623046875
2152.0	2146.0	2556.862548828125
2153.0	2145.0	2555.1806640625
2152.0	2151.0	2558.513916015625
2151.0	2147.0	2561.84326171875
2154.0	2144.0	2554.97216796875
2153.0	2143.0	2558.138671875
2151.0	2146.0	2563.8798828125
2152.0	2144.0	2561.855712890625
2152.0	2144.0	2562.511962890625
2151.0	2144.0	2565.703857421875
2151.0	2145.0	2566.205078125
2152.0	2150.0	2564.06982421875
2154.0	2144.0	2559.396728515625
2153.0	2146.0	2562.414306640625
2159.0	2146.0	2547.50146484375
2150.0	2148.0	2570.8515625
2152.0	2141.0	2566.08447265625
2155.0	2143.0	2558.8291015625
2154.0	2146.0	2561.7333984375
2151.0	2147.0	2569.703857421875
2155.0	2145.0	2559.87939453125
2152.0	2147.0	2567.776611328125
2156.0	2144.0	2557.822509765625
2157.0	2145.0	2555.454345703125
2154.0	2146.0	2563.3154296875
2152.0	2144.0	2568.57666015625
2151.0	2143.0	2571.26025390625
2153.0	2144.0	2566.375244140625
2151.0	2144.0	2571.607421875
2153.0	2149.0	2566.723388671875
2149.0	2143.0	2577.05322265625
2154.0	2145.0	2564.52197265625
2152.0	2144.0	2569.772216796875
2153.0	2146.0	2567.405029296875
2150.0	2152.0	2575.146240234375
2152.0	2143.0	2570.160400390625
2152.0	2145.0	2570.30322265625
2151.0	2143.0	2572.935791015625
2143.0	2148.0	2592.467041015625
2144.0	2143.0	2589.03564453125
2144.0	2145.0	2588.145263671875
2146.0	2143.0	2582.32177734375
2143.0	2142.0	2589.230224609375
2146.0	2142.0	2580.8818359375
2144.0	2146.0	2585.329833984375
2145.0	2144.0	2582.186767578125
2142.0	2144.0	2589.327880859375
2132.0	2147.0	2613.507080078125
2133.0	2146.0	2609.384765625
2134.0	2144.0	2605.2568359375
2135.0	2146.0	2601.255859375
2132.0	2144.0	2607.553466796875
2133.0	2144.0	2603.8603515625
2131.0	2146.0	2607.774658203125
2133.0	2146.0	2601.542236328125
2131.0	2147.0	2605.630126953125
2132.0	2149.0	2602.0283203125
2133.0	2144.0	2598.56103515625
2135.0	2146.0	2592.6337890625
2135.0	2145.0	2591.78369140625
2133.0	2149.0	2596.106689453125
2133.0	2145.0	2595.264404296875
2133.0	2145.0	2594.538330078125
2133.0	2147.0	2593.916748046875
2133.0	2147.0	2593.270263671875
2134.0	2138.0	2590.12548828125
2133.0	2146.0	2592.048583984375
2133.0	2144.0	2591.4677734375
2135.0	2147.0	2585.8671875
2132.0	2143.0	2592.916748046875
2134.0	2142.0	2587.311767578125
2132.0	2144.0	2591.991943359375
2132.0	2143.0	2591.62451171875
2131.0	2144.0	2593.736572265625
2134.0	2145.0	2585.808837890625
2131.0	2145.0	2593.084228515625
2134.0	2143.0	2585.072509765625
2134.0	2146.0	2584.71484375
2133.0	2143.0	2586.88525390625
