2133.0	2158.0	2586.631103515625
2132.0	2144.0	2588.856201171875
2132.0	2144.0	2588.630615234375
2133.0	2144.0	2585.81494140625
2133.0	2143.0	2585.676025390625
2134.0	2144.0	2582.8779296875
2133.0	2146.0	2585.169921875
2139.0	2145.0	2569.668701171875
2131.0	2144.0	2589.93798828125
2133.0	2147.0	2584.777587890625
2130.0	2146.0	2592.285888671875
2136.0	2143.0	2576.850341796875
2131.0	2145.0	2589.44384765625
2134.0	2144.0	2581.701171875
2132.0	2145.0	2586.716796875
2133.0	2146.0	2584.097900390625
2133.0	2142.0	2583.94189453125
2132.0	2145.0	2586.34716796875
2133.0	2140.0	2583.737060546875
2133.0	2146.0	2583.742431640625
2137.0	2144.0	2573.45849609375
2131.0	2145.0	2588.66162109375
2134.0	2146.0	2581.013916015625
2132.0	2143.0	2586.057373046875
2133.0	2142.0	2583.52294921875
2131.0	2144.0	2588.546142578125
2133.0	2146.0	2583.439453125
2133.0	2147.0	2583.47216796875
2132.0	2144.0	2585.944580078125
2135.0	2144.0	2578.3046875
2133.0	2146.0	2583.38720703125
2133.0	2141.0	2583.41015625
2135.0	2144.0	2578.337890625
2133.0	2145.0	2583.36767578125
2134.0	2144.0	2580.834228515625
2132.0	2147.0	2585.836181640625
2134.0	2147.0	2580.7275390625
2135.0	2145.0	2578.16064453125
2133.0	2144.0	2583.18505859375
2132.0	2143.0	2585.67626953125
2142.0	2143.0	2560.61474609375
2144.0	2143.0	2556.56982421875
2145.0	2147.0	2555.06201171875
2148.0	2145.0	2548.41845703125
2142.0	2145.0	2564.56640625
2143.0	2141.0	2562.861328125
2143.0	2145.0	2563.735107421875
2144.0	2145.0	2561.876953125
2142.0	2145.0	2567.700927734375
2143.0	2145.0	2565.813232421875
2142.0	2143.0	2569.02001953125
2153.0	2145.0	2541.981201171875
2153.0	2144.0	2543.587158203125
2151.0	2145.0	2550.15625
2152.0	2147.0	2549.002197265625
2153.0	2144.0	2547.838623046875
2152.0	2145.0	2551.614990234375
2156.0	2146.0	2542.569091796875
2152.0	2141.0	2553.9892578125
2152.0	2143.0	2555.097412109375
2153.0	2145.0	2553.55322265625
2152.0	2143.0	2557.00537109375
2151.0	2145.0	2560.46435546875
2152.0	2150.0	2558.740478515625
2152.0	2145.0	2559.526123046875
2152.0	2144.0	2560.298828125
2152.0	2143.0	2560.9814453125
2150.0	2146.0	2566.8232421875
2153.0	2149.0	2559.76123046875
2154.0	2146.0	2557.9111328125
2152.0	2146.0	2563.54443359375
2152.0	2143.0	2564.09033203125
2153.0	2146.0	2562.051513671875
2153.0	2145.0	2562.558349609375
2152.0	2144.0	2565.585693359375
2155.0	2146.0	2558.37548828125
2152.0	2147.0	2566.50048828125
2152.0	2145.0	2566.8447265625
2152.0	2144.0	2567.181884765625
2152.0	2145.0	2567.525390625
2151.0	2146.0	2570.380859375
2153.0	2144.0	2565.66943359375
2153.0	2141.0	2565.927978515625
2153.0	2143.0	2566.165283203125
2153.0	2146.0	2566.427734375
2151.0	2144.0	2571.759765625
2154.0	2161.0	2564.425048828125
2147.0	2158.0	2582.42822265625
2151.0	2158.0	2572.521728515625
2149.0	2157.0	2577.820556640625
2153.0	2160.0	2567.82177734375
2151.0	2164.0	2572.981689453125
2152.0	2159.0	2570.512451171875
2151.0	2156.0	2573.289306640625
2152.0	2158.0	2570.8427734375
2152.0	2155.0	2571.02099609375
2152.0	2157.0	2571.142578125
2152.0	2157.0	2571.183837890625
2132.0	2158.0	2621.883544921875
2141.0	2158.0	2598.167724609375
2143.0	2147.0	2592.089111328125
2144.0	2157.0	2588.771728515625
2141.0	2156.0	2595.673095703125
2141.0	2155.0	2594.972900390625
2143.0	2157.0	2589.177978515625
2145.0	2159.0	2583.4921875
2143.0	2157.0	2588.0556640625
2143.0	2157.0	2587.51611328125
2143.0	2159.0	2587.03173828125
2134.0	2149.0	2608.35888671875
2132.0	2157.0	2611.910888671875
2133.0	2155.0	2607.886474609375
2136.0	2157.0	2598.848388671875
2131.0	2171.0	2610.231201171875
2132.0	2171.0	2606.375
2133.0	2170.0	2602.728759765625
2133.0	2171.0	2601.626220703125
2131.0	2170.0	2605.715576171875
2131.0	2178.0	2604.719970703125
2132.0	2169.0	2601.2978515625
2133.0	2169.0	2597.8486328125
2136.0	2171.0	2589.337158203125
2132.0	2173.0	2598.71484375
2133.0	2170.0	2595.435791015625
2133.0	2170.0	2594.75439453125
2133.0	2171.0	2594.108642578125
2131.0	2169.0	2598.6103515625
2132.0	2167.0	2595.52197265625
2134.0	2169.0	2589.845947265625
2133.0	2172.0	2591.89013671875
2136.0	2170.0	2583.776611328125
2133.0	2166.0	2591.0166015625
2135.0	2171.0	2585.518310546875
2133.0	2171.0	2590.122802734375
2133.0	2170.0	2589.717041015625
2130.0	2169.0	2597.0302734375
2132.0	2171.0	2591.5673828125
2133.0	2170.0	2588.682373046875
2133.0	2171.0	2588.327392578125
2134.0	2169.0	2585.506591796875
2131.0	2169.0	2592.9423828125
2133.0	2173.0	2587.640869140625
2133.0	2171.0	2587.361572265625
2132.0	2170.0	2589.736572265625
2128.0	2168.0	2599.6953125
2134.0	2171.0	2584.0693359375
2135.0	2170.0	2581.299072265625
2132.0	2169.0	2588.822998046875
2133.0	2170.0	2586.110595703125
2133.0	2169.0	2585.9873046875
2134.0	2165.0	2583.341796875
2132.0	2168.0	2588.31591796875
2133.0	2170.0	2585.714599609375
2137.0	2170.0	2575.4169921875
2133.0	2167.0	2585.595458984375
2135.0	2167.0	2580.408935546875
2135.0	2170.0	2580.4384765625
2132.0	2171.0	2588.0751953125
2142.0	2170.0	2563.334228515625
2143.0	2172.0	2561.80908203125
2142.0	2170.0	2565.251220703125
2142.0	2170.0	2566.080810546875
2147.0	2170.0	2554.18701171875
2143.0	2171.0	2565.027099609375
2144.0	2168.0	2563.1845703125
2144.0	2169.0	2563.823486328125
2153.0	2170.0	2541.68310546875
2152.0	2169.0	2545.733642578125
2152.0	2172.0	2547.249267578125
2152.0	2174.0	2548.535888671875
2151.0	2172.0	2552.419189453125
2155.0	2172.0	2543.584716796875
2152.0	2169.0	2552.431396484375
2151.0	2170.0	2556.1005859375
2153.0	2170.0	2552.20068359375
2154.0	2170.0	2550.71728515625
2153.0	2169.0	2554.222900390625
2153.0	2175.0	2555.192138671875
2153.0	2171.0	2556.1376953125
2153.0	2171.0	2556.931396484375
2164.0	2169.0	2529.719482421875
2151.0	2158.0	2563.5400390625
2152.0	2158.0	2561.7109375
2152.0	2158.0	2562.43798828125
2152.0	2156.0	2563.03271484375
2153.0	2158.0	2561.088134765625
2153.0	2148.0	2561.636962890625
2153.0	2157.0	2562.191162109375
2153.0	2157.0	2562.725341796875
2155.0	2159.0	2558.180419921875
2151.0	2154.0	2568.852294921875
2152.0	2157.0	2566.7001953125
2154.0	2159.0	2562.061279296875
2152.0	2156.0	2567.509765625
2152.0	2157.0	2568.025634765625
2153.0	2153.0	2565.885986328125
2153.0	2144.0	2566.241943359375
2153.0	2145.0	2566.524658203125
2145.0	2145.0	2587.18994140625
2151.0	2148.0	2572.157470703125
2151.0	2143.0	2572.38525390625
2152.0	2144.0	2570.077880859375
2148.0	2143.0	2580.569580078125
2153.0	2145.0	2568.05908203125
2153.0	2150.0	2568.233154296875
2152.0	2145.0	2571.06201171875
2151.0	2143.0	2573.710205078125
2154.0	2145.0	2566.3212890625
2143.0	2148.0	2593.567138671875
2144.0	2145.0	2590.262451171875
2145.0	2146.0	2586.90087890625
2146.0	2147.0	2583.683837890625
2143.0	2148.0	2590.64892578125
2143.0	2145.0	2590.012939453125
2143.0	2145.0	2589.400390625
2142.0	2144.0	2591.407470703125
2144.0	2145.0	2585.83935546875
2143.0	2151.0	2587.8056640625
2144.0	2145.0	2584.73681640625
2133.0	2144.0	2611.578125
2134.0	2143.0	2607.521240234375
2133.0	2144.0	2608.668701171875
2133.0	2145.0	2607.267578125
2133.0	2145.0	2605.98046875
2133.0	2144.0	2604.701904296875
2133.0	2145.0	2603.589111328125
2133.0	2145.0	2602.474853515625
2135.0	2145.0	2596.394775390625
2133.0	2145.0	2600.46728515625
2133.0	2144.0	2599.57470703125
2135.0	2142.0	2593.6171875
2133.0	2146.0	2598.038818359375
2132.0	2146.0	2599.676513671875
2131.0	2145.0	2601.48974609375
2132.0	2143.0	2598.320068359375
2135.0	2144.0	2590.05908203125
2134.0	2143.0	2592.1162109375
2143.0	2145.0	2568.63525390625
2134.0	2147.0	2591.015380859375
2133.0	2145.0	2593.038330078125
2133.0	2144.0	2592.622314453125
2131.0	2146.0	2597.20263671875
2132.0	2143.0	2594.234619140625
2135.0	2150.0	2586.11279296875
2133.0	2144.0	2590.808837890625
2133.0	2144.0	2590.30615234375
2133.0	2144.0	2589.942626953125
2134.0	2159.0	2586.9951171875
2133.0	2158.0	2589.235595703125
2132.0	2156.0	2591.499267578125
2150.0	2156.0	2545.866455078125
2143.0	2159.0	2564.5341796875
2143.0	2155.0	2565.349365234375
2144.0	2157.0	2563.5498046875
2145.0	2159.0	2561.66357421875
2143.0	2158.0	2567.396484375
2145.0	2158.0	2562.96435546875
2152.0	2159.0	2546.1845703125
2154.0	2159.0	2542.617919921875
2153.0	2158.0	2546.60009765625
2153.0	2169.0	2547.927978515625
2151.0	2159.0	2554.33837890625
2152.0	2155.0	2553.00390625
2153.0	2158.0	2551.600830078125
2153.0	2155.0	2552.715576171875
2152.0	2152.0	2556.32373046875
2154.0	2158.0	2552.165283203125
2152.0	2156.0	2558.02490234375
2151.0	2141.0	2561.482177734375
2163.0	2162.0	2532.035888671875
2164.0	2157.0	2531.361328125
2162.0	2157.0	2538.13330078125
2162.0	2158.0	2539.82470703125
2162.0	2158.0	2541.287109375
2164.0	2156.0	2537.68017578125
2161.0	2157.0	2546.806884765625
2164.0	2156.0	2540.521728515625
2165.0	2158.0	2539.371337890625
2162.0	2157.0	2548.186767578125
2163.0	2157.0	2546.85400390625
2164.0	2156.0	2545.3544921875
2161.0	2159.0	2554.00537109375
2162.0	2162.0	2552.40087890625
2162.0	2157.0	2553.302490234375
2163.0	2157.0	2551.622314453125
2165.0	2156.0	2547.3046875
2162.0	2159.0	2555.734375
2161.0	2165.0	2558.98095703125
2164.0	2158.0	2551.956298828125
2164.0	2161.0	2552.595458984375
2165.0	2160.0	2550.6533203125
2162.0	2159.0	2558.970458984375
2163.0	2157.0	2556.9619140625
2162.0	2157.0	2560.087890625
2163.0	2157.0	2557.9609375
2162.0	2154.0	2560.992431640625
2163.0	2163.0	2558.911376953125
2163.0	2157.0	2559.311279296875
2163.0	2157.0	2559.65087890625
2161.0	2159.0	2565.072021484375
2163.0	2163.0	2560.326904296875
2163.0	2156.0	2560.55224609375
2163.0	2160.0	2560.853515625
2165.0	2156.0	2556.05517578125
2163.0	2159.0	2561.424560546875
2162.0	2155.0	2564.225830078125
2164.0	2157.0	2559.332275390625
2163.0	2159.0	2562.149658203125
2163.0	2157.0	2562.18798828125
2161.0	2155.0	2567.3701171875
2163.0	2159.0	2562.50146484375
2164.0	2156.0	2560.187255859375
2163.0	2156.0	2562.912841796875
2163.0	2160.0	2563.126220703125
2153.0	2144.0	2588.2607421875
2155.0	2143.0	2582.1875
2157.0	2146.0	2576.138916015625
2154.0	2140.0	2583.02001953125
2154.0	2141.0	2582.17431640625
2151.0	2143.0	2589.073974609375
2153.0	2145.0	2583.19091796875
2153.0	2144.0	2582.608642578125
2151.0	2143.0	2587.093994140625
2153.0	2145.0	2581.380859375
2153.0	2144.0	2580.696044921875
2151.0	2144.0	2585.300537109375
2152.0	2151.0	2582.19384765625
2142.0	2145.0	2606.898193359375
2144.0	2143.0	2600.3642578125
2141.0	2145.0	2606.599365234375
2142.0	2144.0	2602.723388671875
2145.0	2143.0	2593.83740234375
2145.0	2145.0	2592.830322265625
2132.0	2146.0	2624.008544921875
2133.0	2146.0	2619.36865234375
2133.0	2150.0	2617.29052734375
2133.0	2144.0	2615.473876953125
2133.0	2146.0	2613.632080078125
2130.0	2144.0	2619.546142578125
2131.0	2139.0	2615.392822265625
2133.0	2146.0	2608.769287109375
2134.0	2144.0	2604.873046875
2137.0	2145.0	2595.823486328125
2132.0	2144.0	2607.34130859375
2133.0	2146.0	2603.553955078125
2132.0	2143.0	2605.05224609375
2135.0	2145.0	2596.296630859375
2133.0	2147.0	2600.3896484375
2133.0	2155.0	2599.30810546875
2124.0	2143.0	2620.404541015625
2122.0	2147.0	2623.69873046875
2126.0	2144.0	2611.793212890625
2125.0	2144.0	2612.781494140625
2122.0	2145.0	2618.937744140625
2126.0	2145.0	2607.328369140625
2122.0	2144.0	2616.110595703125
2123.0	2144.0	2612.315673828125
2125.0	2145.0	2605.96630859375
2124.0	2145.0	2607.41064453125
2124.0	2143.0	2606.20458984375
2122.0	2145.0	2610.229736328125
2123.0	2143.0	2606.60986328125
2124.0	2145.0	2603.139892578125
2122.0	2146.0	2607.359375
2126.0	2146.0	2596.315185546875
2123.0	2146.0	2603.231689453125
2124.0	2143.0	2599.936767578125
2126.0	2144.0	2594.151123046875
2125.0	2144.0	2596.02197265625
2122.0	2142.0	2603.038330078125
2123.0	2149.0	2599.947509765625
2124.0	2142.0	2596.837890625
2123.0	2145.0	2598.939697265625
2123.0	2146.0	2598.43408203125
2123.0	2146.0	2598.079345703125
2123.0	2141.0	2597.624267578125
2123.0	2144.0	2597.189208984375
2125.0	2148.0	2591.706787109375
2122.0	2145.0	2599.0224609375
2124.0	2144.0	2593.6044921875
2125.0	2143.0	2590.775634765625
2123.0	2145.0	2595.51806640625
2126.0	2144.0	2587.59716796875
2123.0	2146.0	2594.990234375
2126.0	2162.0	2587.0693359375
2124.0	2146.0	2591.887939453125
2123.0	2143.0	2594.2578125
2123.0	2144.0	2594.147705078125
2124.0	2149.0	2591.34130859375
2122.0	2146.0	2596.298095703125
2133.0	2147.0	2568.521484375
2132.0	2144.0	2571.92578125
2133.0	2148.0	2570.123291015625
2133.0	2141.0	2570.8720703125
2132.0	2148.0	2574.13037109375
2134.0	2146.0	2569.695556640625
2133.0	2145.0	2572.8701171875
2133.0	2144.0	2573.501953125
2132.0	2143.0	2576.576904296875
2132.0	2145.0	2577.19677734375
2132.0	2144.0	2577.70166015625
2133.0	2145.0	2575.6318359375
2132.0	2147.0	2578.632568359375
2133.0	2144.0	2576.536376953125
2132.0	2146.0	2579.5390625
2133.0	2145.0	2577.384765625
2132.0	2147.0	2580.223388671875
2132.0	2143.0	2580.582275390625
2133.0	2145.0	2578.35009765625
2131.0	2145.0	2583.786865234375
2134.0	2144.0	2576.5048828125
2131.0	2144.0	2584.388427734375
2133.0	2143.0	2579.59619140625
2134.0	2146.0	2577.27099609375
2133.0	2145.0	2580.078369140625
2133.0	2142.0	2580.3173828125
2128.0	2144.0	2593.274658203125
2136.0	2143.0	2573.110595703125
2131.0	2146.0	2586.061767578125
2133.0	2150.0	2581.12060546875
2142.0	2144.0	2558.88134765625
2144.0	2147.0	2555.0439453125
2143.0	2145.0	2558.787109375
2143.0	2146.0	2559.877197265625
2144.0	2144.0	2558.462646484375
2143.0	2146.0	2561.99169921875
2144.0	2146.0	2560.441650390625
2143.0	2141.0	2563.920166015625
2144.0	2143.0	2562.239501953125
2144.0	2158.0	2563.183349609375
2143.0	2160.0	2566.503662109375
2140.0	2159.0	2574.923583984375
2142.0	2155.0	2570.504150390625
2143.0	2155.0	2568.639404296875
2151.0	2156.0	2549.67919921875
2159.0	2156.0	2530.827392578125
2153.0	2160.0	2547.54736328125
2152.0	2156.0	2551.46044921875
2153.0	2159.0	2550.20947265625
2153.0	2158.0	2551.42138671875
2151.0	2158.0	2557.673095703125
2153.0	2173.0	2553.624755859375
2152.0	2159.0	2557.21337890625
2152.0	2159.0	2558.206787109375
2152.0	2158.0	2559.065673828125
2150.0	2157.0	2565.0888671875
2153.0	2156.0	2558.38818359375
2153.0	2158.0	2559.187255859375
2153.0	2157.0	2559.950927734375
2151.0	2157.0	2565.786865234375
2152.0	2164.0	2563.8046875
2155.0	2156.0	2556.796875
2154.0	2157.0	2559.9990234375
2156.0	2159.0	2555.5361328125
2153.0	2154.0	2563.6904296875
2151.0	2157.0	2569.30126953125
2154.0	2156.0	2562.18408203125
2150.0	2158.0	2572.7138671875
2152.0	2155.0	2567.986328125
2153.0	2151.0	2565.767822265625
2153.0	2155.0	2566.171630859375
2152.0	2155.0	2569.060546875
2164.0	2159.0	2538.8427734375
2153.0	2158.0	2567.1875
2151.0	2157.0	2572.49609375
2152.0	2156.0	2570.270751953125
2152.0	2158.0	2570.475341796875
2151.0	2158.0	2573.266845703125
2141.0	2155.0	2598.487548828125
2142.0	2159.0	2595.229248046875
2143.0	2159.0	2591.979248046875
2140.0	2156.0	2598.95556640625
2145.0	2156.0	2585.6240234375
2142.0	2158.0	2592.641357421875
2142.0	2156.0	2592.125244140625
2143.0	2159.0	2589.023193359375
2135.0	2156.0	2608.48974609375
2136.0	2158.0	2604.458740234375
2131.0	2144.0	2615.71923828125
2132.0	2144.0	2611.75830078125
2130.0	2147.0	2615.61669921875
2132.0	2151.0	2609.298583984375
2134.0	2142.0	2602.957275390625
2133.0	2145.0	2604.400634765625
2135.0	2143.0	2598.31201171875
2132.0	2146.0	2604.8955078125
2133.0	2145.0	2601.384033203125
2133.0	2143.0	2600.57275390625
2135.0	2147.0	2594.646484375
2130.0	2145.0	2606.587646484375
2134.0	2145.0	2595.612060546875
2133.0	2143.0	2597.344482421875
2131.0	2145.0	2601.7578125
2133.0	2147.0	2596.053955078125
2132.0	2144.0	2598.0166015625
2136.0	2158.0	2587.32275390625
2134.0	2144.0	2591.97021484375
2134.0	2143.0	2591.43359375
2132.0	2146.0	2596.003662109375
2133.0	2146.0	2592.973876953125
2133.0	2145.0	2592.54736328125
2136.0	2143.0	2584.566162109375
2141.0	2145.0	2571.5068359375
2133.0	2131.0	2591.5107421875
2135.0	2137.0	2586.13037109375
2132.0	2131.0	2593.43994140625
2133.0	2134.0	2590.594482421875
2133.0	2129.0	2590.331787109375
2133.0	2130.0	2589.978759765625
2132.0	2132.0	2592.274658203125
2134.0	2131.0	2586.97900390625
2137.0	2130.0	2579.108642578125
2134.0	2128.0	2586.5400390625
2133.0	2137.0	2588.81884765625
2132.0	2131.0	2591.2021484375
2135.0	2133.0	2583.4384765625
2132.0	2129.0	2590.987060546875
2132.0	2129.0	2590.83349609375
2135.0	2132.0	2583.031005859375
2131.0	2130.0	2593.10498046875
2135.0	2131.0	2582.735107421875
2135.0	2131.0	2582.5810546875
2133.0	2136.0	2587.594482421875
2133.0	2129.0	2587.52294921875
2133.0	2131.0	2587.390380859375
2132.0	2129.0	2589.833740234375
2135.0	2136.0	2582.11572265625
2132.0	2131.0	2589.68408203125
2132.0	2129.0	2589.573486328125
2132.0	2131.0	2589.527587890625
2134.0	2138.0	2584.3720703125
2134.0	2132.0	2584.359130859375
2132.0	2130.0	2589.404296875
2141.0	2129.0	2566.416748046875
2134.0	2131.0	2584.268310546875
2133.0	2134.0	2586.748779296875
2133.0	2131.0	2586.798828125
2133.0	2132.0	2586.696044921875
2131.0	2131.0	2591.81787109375
2132.0	2131.0	2589.2705078125
2134.0	2132.0	2584.072021484375
2133.0	2130.0	2586.47998046875
2133.0	2131.0	2586.549072265625
2133.0	2129.0	2586.59033203125
2139.0	2140.0	2571.3173828125
2136.0	2131.0	2578.98486328125
2132.0	2130.0	2589.207763671875
2131.0	2130.0	2591.7412109375
2133.0	2134.0	2586.59765625
2134.0	2130.0	2584.07568359375
2133.0	2130.0	2586.635498046875
2139.0	2129.0	2571.4091796875
2133.0	2133.0	2586.7392578125
2133.0	2129.0	2586.702392578125
2134.0	2132.0	2584.14794921875
2134.0	2145.0	2584.105712890625
2133.0	2143.0	2586.65185546875
2134.0	2148.0	2584.0751953125
2132.0	2142.0	2589.100341796875
2134.0	2147.0	2583.9794921875
2135.0	2147.0	2581.415771484375
2133.0	2143.0	2586.510986328125
2134.0	2142.0	2583.954345703125
2133.0	2144.0	2586.570068359375
2134.0	2146.0	2583.97265625
2131.0	2146.0	2591.67041015625
2134.0	2143.0	2583.9931640625
2133.0	2145.0	2586.557373046875
2134.0	2145.0	2584.015869140625
2136.0	2146.0	2578.944091796875
2134.0	2144.0	2584.0986328125
2132.0	2146.0	2589.212158203125
2133.0	2146.0	2586.6689453125
2133.0	2146.0	2586.707763671875
2134.0	2146.0	2584.15234375
2135.0	2160.0	2581.70166015625
2135.0	2146.0	2581.669921875
2133.0	2145.0	2586.82373046875
2131.0	2146.0	2591.906982421875
2134.0	2136.0	2584.303466796875
2132.0	2145.0	2589.380615234375
2132.0	2144.0	2589.437255859375
2130.0	2144.0	2594.5205078125
2133.0	2144.0	2586.8798828125
2136.0	2146.0	2579.28125
2132.0	2144.0	2589.4775390625
2137.0	2146.0	2576.857177734375
2135.0	2145.0	2581.979736328125
2134.0	2140.0	2584.5458984375
2133.0	2144.0	2587.11865234375
2133.0	2143.0	2587.197509765625
2133.0	2143.0	2587.28955078125
2133.0	2151.0	2587.2392578125
2134.0	2144.0	2584.72412109375
2135.0	2144.0	2582.22509765625
2131.0	2144.0	2592.4052734375
2132.0	2146.0	2589.944091796875
2133.0	2144.0	2587.45654296875
2133.0	2144.0	2587.427001953125
2137.0	2144.0	2577.26318359375
2134.0	2145.0	2584.92529296875
2133.0	2142.0	2587.456787109375
2132.0	2143.0	2590.056640625
2135.0	2146.0	2582.410888671875
2134.0	2145.0	2584.98974609375
2134.0	2136.0	2584.9677734375
2135.0	2143.0	2582.399169921875
2132.0	2144.0	2590.208251953125
2132.0	2143.0	2590.248291015625
2132.0	2146.0	2590.24560546875
2132.0	2144.0	2590.274658203125
2133.0	2146.0	2587.80322265625
2132.0	2134.0	2590.392578125
2142.0	2150.0	2565.948974609375
2144.0	2146.0	2561.899658203125
2142.0	2143.0	2568.031982421875
2144.0	2146.0	2563.86767578125
2144.0	2146.0	2564.716796875
2145.0	2143.0	2563.048828125
2144.0	2146.0	2566.37255859375
2144.0	2144.0	2567.16845703125
2141.0	2146.0	2575.58251953125
2143.0	2144.0	2571.197509765625
2152.0	2146.0	2549.136474609375
2151.0	2145.0	2553.312255859375
2154.0	2145.0	2547.16357421875
2168.0	2148.0	2512.99365234375
2153.0	2129.0	2552.577880859375
2152.0	2130.0	2556.430908203125
2151.0	2132.0	2560.2314453125
2154.0	2131.0	2553.81005859375
2151.0	2125.0	2562.5302734375
2150.0	2131.0	2566.108642578125
2153.0	2128.0	2559.455078125
2150.0	2131.0	2567.952392578125
2154.0	2130.0	2558.6689453125
2152.0	2132.0	2564.71337890625
2153.0	2130.0	2562.87451171875
2154.0	2130.0	2561.0654296875
2153.0	2130.0	2564.464599609375
2155.0	2129.0	2559.846435546875
2154.0	2133.0	2563.021240234375
2151.0	2131.0	2571.295654296875
2154.0	2129.0	2564.2177734375
2152.0	2130.0	2569.801025390625
2152.0	2131.0	2570.3017578125
2154.0	2130.0	2565.549560546875
2149.0	2131.0	2578.698486328125
2153.0	2130.0	2568.99169921875
2154.0	2129.0	2566.908203125
2151.0	2132.0	2574.913330078125
2155.0	2129.0	2565.10986328125
2154.0	2130.0	2568.013671875
2152.0	2130.0	2573.26708984375
2152.0	2130.0	2573.40771484375
2153.0	2130.0	2571.116943359375
2151.0	2132.0	2576.459716796875
2151.0	2135.0	2576.786865234375
2151.0	2133.0	2577.09033203125
2154.0	2130.0	2569.627685546875
2152.0	2130.0	2574.930419921875
2152.0	2127.0	2575.168212890625
2155.0	2131.0	2567.75048828125
2153.0	2131.0	2572.93994140625
2151.0	2130.0	2578.20751953125
2153.0	2133.0	2573.307373046875
2153.0	2131.0	2573.54248046875
2152.0	2130.0	2576.265625
2159.0	2131.0	2558.593994140625
2154.0	2132.0	2571.434814453125
2154.0	2134.0	2571.562255859375
2155.0	2130.0	2569.209716796875
2155.0	2131.0	2569.309326171875
2150.0	2131.0	2582.111083984375
2151.0	2130.0	2579.630859375
2154.0	2129.0	2572.056884765625
2144.0	2143.0	2597.112548828125
2140.0	2144.0	2606.37158203125
2147.0	2142.0	2587.71240234375
2143.0	2147.0	2597.07568359375
2144.0	2146.0	2593.813720703125
2138.0	2146.0	2608.388916015625
2143.0	2147.0	2594.93115234375
2145.0	2144.0	2589.209716796875
2143.0	2145.0	2593.685302734375
2141.0	2144.0	2598.195068359375
2133.0	2144.0	2617.634033203125
2132.0	2139.0	2618.577392578125
2134.0	2143.0	2612.06689453125
2134.0	2145.0	2610.608154296875
2129.0	2146.0	2621.96044921875
2132.0	2145.0	2613.053955078125
2133.0	2145.0	2609.250244140625
2132.0	2145.0	2610.60302734375
2141.0	2146.0	2586.6240234375
2134.0	2149.0	2603.389404296875
2136.0	2144.0	2597.37353515625
2133.0	2145.0	2604.123291015625
2134.0	2144.0	2600.71044921875
2132.0	2145.0	2604.882080078125
2134.0	2158.0	2599.017333984375
2132.0	2159.0	2603.379638671875
2133.0	2157.0	2600.0869140625
2131.0	2157.0	2604.577392578125
2132.0	2151.0	2601.32373046875
2133.0	2157.0	2598.18017578125
2133.0	2156.0	2597.596435546875
2133.0	2157.0	2597.076171875
2133.0	2154.0	2596.6494140625
2135.0	2153.0	2591.054931640625
2132.0	2157.0	2598.303466796875
2134.0	2157.0	2592.81396484375
2132.0	2157.0	2597.560302734375
2134.0	2158.0	2592.02978515625
2136.0	2143.0	2586.636962890625
2132.0	2144.0	2596.4560546875
2134.0	2143.0	2591.018798828125
2132.0	2145.0	2595.800048828125
2133.0	2139.0	2592.9208984375
2133.0	2144.0	2592.720458984375
2131.0	2145.0	2597.50390625
2133.0	2143.0	2592.169677734375
2133.0	2147.0	2592.014404296875
2133.0	2146.0	2591.853271484375
2135.0	2144.0	2586.622314453125
2132.0	2143.0	2594.094970703125
2133.0	2145.0	2591.333251953125
2143.0	2145.0	2565.988525390625
2142.0	2143.0	2569.4541015625
2151.0	2144.0	2547.4306640625
2145.0	2148.0	2563.574462890625
2145.0	2145.0	2564.41455078125
2144.0	2146.0	2567.552001953125
2142.0	2144.0	2573.350830078125
2144.0	2140.0	2569.06298828125
2151.0	2129.0	2552.0908203125
2152.0	2131.0	2551.15966796875
2153.0	2132.0	2550.10546875
2151.0	2130.0	2556.693115234375
2154.0	2135.0	2550.42626953125
2151.0	2132.0	2559.412109375
2152.0	2132.0	2558.017822265625
2163.0	2131.0	2531.1826171875
2153.0	2137.0	2557.624267578125
2153.0	2132.0	2558.6748046875
2151.0	2131.0	2564.71533203125
2154.0	2130.0	2557.95703125
2151.0	2130.0	2566.473876953125
2153.0	2130.0	2562.20263671875
2152.0	2129.0	2565.559326171875
2161.0	2130.0	2544.326904296875
2161.0	2131.0	2546.056884765625
2164.0	2133.0	2540.01708984375
2162.0	2129.0	2546.6962890625
2163.0	2130.0	2545.663818359375
2162.0	2130.0	2549.591552734375
2162.0	2131.0	2550.84765625
2161.0	2130.0	2554.6044921875
2163.0	2131.0	2550.67236328125
2160.0	2130.0	2559.380859375
2161.0	2130.0	2557.87451171875
2164.0	2123.0	2551.197265625
2164.0	2130.0	2552.1923828125
2164.0	2130.0	2553.0654296875
2162.0	2133.0	2558.98583984375
2163.0	2131.0	2557.26123046875
2161.0	2130.0	2563.101806640625
2162.0	2132.0	2561.269287109375
2162.0	2133.0	2561.980712890625
2160.0	2132.0	2567.716064453125
2162.0	2131.0	2563.174560546875
2161.0	2132.0	2566.259765625
2163.0	2131.0	2561.737548828125
2159.0	2129.0	2572.388427734375
2164.0	2130.0	2560.17431640625
2163.0	2129.0	2563.1123046875
2163.0	2130.0	2563.554931640625
2164.0	2132.0	2561.374755859375
2161.0	2129.0	2569.42333984375
2163.0	2125.0	2564.6533203125
2162.0	2130.0	2567.5078125
2152.0	2129.0	2592.60595703125
2155.0	2132.0	2584.21630859375
2152.0	2129.0	2591.224853515625
2152.0	2130.0	2590.52587890625
2153.0	2131.0	2587.384765625
2151.0	2132.0	2591.8935546875
2152.0	2133.0	2588.77880859375
2152.0	2140.0	2588.280517578125
2152.0	2144.0	2587.77685546875
2151.0	2145.0	2589.853271484375
2152.0	2143.0	2586.83203125
2153.0	2150.0	2583.776611328125
2152.0	2145.0	2585.903564453125
2152.0	2144.0	2585.45068359375
2157.0	2146.0	2572.307861328125
2147.0	2142.0	2597.421142578125
2155.0	2145.0	2576.63818359375
2152.0	2144.0	2583.956787109375
2153.0	2144.0	2581.1943359375
2155.0	2144.0	2575.791259765625
2154.0	2143.0	2578.063720703125
2143.0	2147.0	2605.467041015625
2143.0	2147.0	2604.251220703125
2140.0	2143.0	2610.713134765625
2144.0	2140.0	2599.38037109375
2145.0	2144.0	2595.7451171875
2144.0	2145.0	2597.30859375
2146.0	2145.0	2591.314697265625
2142.0	2146.0	2600.589599609375
2144.0	2156.0	2594.6474609375
2142.0	2158.0	2598.952880859375
2133.0	2158.0	2621.095947265625
2134.0	2158.0	2616.713623046875
2133.0	2152.0	2617.520263671875
2132.0	2158.0	2618.4287109375
2133.0	2160.0	2614.313232421875
2132.0	2157.0	2615.431396484375
2137.0	2162.0	2601.356689453125
2136.0	2159.0	2602.668212890625
2132.0	2160.0	2611.604248046875
2137.0	2159.0	2597.6923828125
2134.0	2159.0	2604.2626953125
2135.0	2156.0	2600.567626953125
2131.0	2158.0	2609.730712890625
2133.0	2159.0	2603.674560546875
2134.0	2157.0	2600.302001953125
2142.0	2162.0	2579.67626953125
2145.0	2158.0	2572.395263671875
2144.0	2157.0	2575.223388671875
2142.0	2159.0	2580.575439453125
2143.0	2156.0	2578.23046875
2144.0	2155.0	2575.923828125
2142.0	2155.0	2581.22119140625
2152.0	2155.0	2556.783203125
2155.0	2161.0	2550.265380859375
2153.0	2163.0	2556.47998046875
2153.0	2159.0	2557.634521484375
2153.0	2159.0	2558.67529296875
2156.0	2157.0	2551.925537109375
2153.0	2156.0	2560.51513671875
2151.0	2156.0	2566.419189453125
2153.0	2155.0	2562.198486328125
2152.0	2158.0	2565.3994140625
2155.0	2159.0	2558.448486328125
2151.0	2154.0	2569.2099609375
2155.0	2159.0	2559.6806640625
2161.0	2149.0	2545.6943359375
2175.0	2157.0	2511.6884765625
2163.0	2160.0	2543.744873046875
2163.0	2158.0	2545.178466796875
2164.0	2145.0	2544.127685546875
2167.0	2146.0	2537.760009765625
2163.0	2145.0	2549.158447265625
2162.0	2142.0	2552.828857421875
2164.0	2145.0	2548.851318359375
2163.0	2145.0	2552.36572265625
2167.0	2146.0	2543.1318359375
2164.0	2142.0	2551.652587890625
2162.0	2143.0	2557.606689453125
2163.0	2143.0	2555.935546875
2162.0	2144.0	2559.185546875
2165.0	2144.0	2552.305908203125
2163.0	2147.0	2558.00146484375
2164.0	2144.0	2556.154296875
2161.0	2144.0	2564.45458984375
2164.0	2144.0	2557.392822265625
2162.0	2144.0	2563.017822265625
2162.0	2151.0	2563.494140625
2162.0	2145.0	2563.99853515625
2162.0	2146.0	2564.44921875
2162.0	2143.0	2564.831298828125
2163.0	2127.0	2562.662353515625
2160.0	2130.0	2570.669921875
2163.0	2132.0	2563.374267578125
2169.0	2131.0	2548.421875
2161.0	2131.0	2569.091064453125
2162.0	2128.0	2566.845458984375
2163.0	2130.0	2564.6142578125
2161.0	2131.0	2570.0654296875
2163.0	2118.0	2565.2021484375
2163.0	2133.0	2565.433349609375
2163.0	2130.0	2565.598388671875
2162.0	2129.0	2568.33642578125
2163.0	2129.0	2565.9931640625
2163.0	2131.0	2566.141845703125
2162.0	2126.0	2568.8935546875
2163.0	2130.0	2566.48291015625
2163.0	2134.0	2566.581787109375
2165.0	2131.0	2561.632080078125
2151.0	2136.0	2597.360107421875
2153.0	2130.0	2591.325927734375
2153.0	2132.0	2590.329833984375
2160.0	2133.0	2571.650390625
2152.0	2129.0	2591.2275390625
2154.0	2133.0	2585.31298828125
2152.0	2130.0	2589.663330078125
2152.0	2133.0	2588.920166015625
2153.0	2131.0	2585.705322265625
2152.0	2129.0	2587.583984375
2151.0	2130.0	2589.53173828125
2152.0	2130.0	2586.37890625
2151.0	2130.0	2588.20068359375
2152.0	2127.0	2585.171875
2151.0	2142.0	2587.243408203125
2142.0	2131.0	2609.03173828125
2144.0	2130.0	2602.4736328125
2142.0	2129.0	2606.289794921875
2144.0	2139.0	2599.939453125
2142.0	2130.0	2603.83349609375
2143.0	2131.0	2600.213623046875
2143.0	2132.0	2599.1259765625
2134.0	2131.0	2620.17138671875
2133.0	2145.0	2620.770263671875
2135.0	2146.0	2613.78515625
2132.0	2143.0	2619.5947265625
2135.0	2142.0	2610.2958984375
2133.0	2147.0	2613.701171875
2133.0	2145.0	2612.24609375
2135.0	2148.0	2605.6845703125
2137.0	2143.0	2599.19775390625
2133.0	2146.0	2608.231201171875
2134.0	2145.0	2604.47705078125
2133.0	2144.0	2605.950927734375
2134.0	2145.0	2602.29638671875
2133.0	2144.0	2603.802734375
2133.0	2139.0	2602.7978515625
2135.0	2145.0	2596.856201171875
2126.0	2144.0	2618.8564453125
2132.0	2144.0	2601.764404296875
2122.0	2143.0	2625.66064453125
2125.0	2141.0	2616.392822265625
2124.0	2145.0	2617.45654296875
2125.0	2143.0	2613.4521484375
2123.0	2144.0	2617.2080078125
2124.0	2140.0	2613.361572265625
2124.0	2144.0	2612.13232421875
2124.0	2144.0	2610.937255859375
2125.0	2146.0	2607.27685546875
2122.0	2144.0	2613.87548828125
2126.0	2146.0	2602.723876953125
2121.0	2147.0	2614.561279296875
2127.0	2144.0	2598.352783203125
2124.0	2143.0	2605.154052734375
2125.0	2148.0	2601.86669921875
2123.0	2145.0	2606.191650390625
2125.0	2144.0	2600.53125
2127.0	2146.0	2594.76953125
2125.0	2145.0	2599.2158203125
2123.0	2144.0	2603.68505859375
2127.0	2143.0	2593.00830078125
2123.0	2144.0	2602.659423828125
2123.0	2144.0	2602.168701171875
2123.0	2144.0	2601.701904296875
2123.0	2143.0	2601.287841796875
2126.0	2159.0	2593.321044921875
2125.0	2145.0	2595.4921875
2124.0	2143.0	2597.683837890625
2133.0	2145.0	2575.23486328125
2132.0	2145.0	2578.45068359375
2136.0	2146.0	2568.84326171875
2133.0	2146.0	2576.978515625
2135.0	2144.0	2572.39892578125
2133.0	2145.0	2577.94775390625
2137.0	2144.0	2568.205078125
2133.0	2145.0	2578.826416015625
2133.0	2142.0	2579.277587890625
2134.0	2144.0	2577.1259765625
2134.0	2145.0	2577.543701171875
2147.0	2144.0	2544.840087890625
2134.0	2141.0	2578.410400390625
2134.0	2143.0	2578.697509765625
2133.0	2146.0	2581.54296875
2135.0	2143.0	2576.77001953125
2132.0	2145.0	2584.750244140625
2133.0	2149.0	2582.487548828125
2134.0	2143.0	2580.267822265625
2133.0	2145.0	2583.0859375
2143.0	2145.0	2558.837158203125
2142.0	2145.0	2562.625
2143.0	2145.0	2561.2666015625
2148.0	2131.0	2549.66845703125
2145.0	2131.0	2558.478515625
2143.0	2133.0	2564.62841796875
2143.0	2140.0	2565.61083984375
2144.0	2129.0	2564.03125
2145.0	2132.0	2562.306884765625
2144.0	2132.0	2565.63037109375
2145.0	2124.0	2563.8779296875
2153.0	2131.0	2544.868896484375
2152.0	2132.0	2549.1162109375
2150.0	2130.0	2555.75927734375
2153.0	2128.0	2549.587158203125
2151.0	2128.0	2556.008544921875
2152.0	2131.0	2554.803466796875
2153.0	2129.0	2553.508544921875
2150.0	2132.0	2562.3271484375
2152.0	2131.0	2558.33837890625
2152.0	2129.0	2559.42919921875
2152.0	2131.0	2560.41455078125
2154.0	2131.0	2556.295654296875
2151.0	2129.0	2564.90966796875
2152.0	2129.0	2563.21240234375
2152.0	2129.0	2564.00927734375
2152.0	2129.0	2564.809814453125
2151.0	2130.0	2568.093505859375
2147.0	2135.0	2578.92626953125
2152.0	2130.0	2566.848388671875
2153.0	2130.0	2564.99462890625
2150.0	2132.0	2573.14697265625
2151.0	2131.0	2571.247314453125
2153.0	2129.0	2566.6640625
2152.0	2130.0	2569.66357421875
2155.0	2131.0	2562.46240234375
2153.0	2131.0	2568.042724609375
2155.0	2133.0	2563.27880859375
2152.0	2131.0	2571.4873046875
2151.0	2132.0	2574.471435546875
2166.0	2130.0	2536.61865234375
2154.0	2130.0	2567.52294921875
2151.0	2134.0	2575.322509765625
2154.0	2131.0	2568.015625
2153.0	2130.0	2570.83251953125
2152.0	2132.0	2573.702392578125
2152.0	2130.0	2573.984130859375
2151.0	2133.0	2576.737060546875
2153.0	2132.0	2571.8349609375
2151.0	2133.0	2577.056884765625
2153.0	2135.0	2572.15087890625
2152.0	2131.0	2574.836181640625
2152.0	2132.0	2575.056396484375
2152.0	2132.0	2575.263671875
2155.0	2132.0	2567.869140625
2142.0	2130.0	2599.978515625
2143.0	2130.0	2596.608642578125
2143.0	2132.0	2595.80078125
2143.0	2131.0	2595.12158203125
2144.0	2132.0	2591.828369140625
2142.0	2132.0	2596.31396484375
2143.0	2129.0	2593.1494140625
2140.0	2129.0	2600.17431640625
2144.0	2129.0	2589.4765625
2143.0	2145.0	2591.49267578125
2143.0	2144.0	2590.968017578125
2137.0	2147.0	2604.762451171875
2131.0	2144.0	2618.583251953125
2133.0	2150.0	2611.997802734375
2133.0	2144.0	2610.680908203125
2134.0	2144.0	2606.83837890625
2144.0	2144.0	2580.239501953125
2133.0	2146.0	2607.1044921875
2133.0	2144.0	2605.95166015625
2133.0	2144.0	2604.9638671875
2134.0	2145.0	2601.484375
2133.0	2146.0	2603.158447265625
2134.0	2145.0	2599.759765625
2134.0	2143.0	2598.966064453125
2135.0	2145.0	2595.646484375
2131.0	2145.0	2605.097900390625
2132.0	2145.0	2601.7822265625
2133.0	2142.0	2598.646484375
2132.0	2145.0	2600.498779296875
2134.0	2144.0	2594.836181640625
2134.0	2142.0	2594.188232421875
2135.0	2140.0	2591.22607421875
2130.0	2145.0	2603.513671875
2132.0	2144.0	2597.948486328125
2132.0	2144.0	2597.4921875
2131.0	2146.0	2599.585205078125
2132.0	2145.0	2596.6875
2132.0	2144.0	2596.31201171875
2135.0	2145.0	2588.313232421875
2133.0	2147.0	2593.13623046875
2134.0	2143.0	2590.271240234375
2133.0	2145.0	2592.574951171875
2134.0	2145.0	2589.761962890625
2131.0	2145.0	2597.102294921875
2133.0	2146.0	2591.758544921875
2134.0	2144.0	2588.982421875
2135.0	2144.0	2586.185791015625
2149.0	2144.0	2550.422607421875
2133.0	2146.0	2591.0654296875
2132.0	2144.0	2593.50341796875
2134.0	2145.0	2588.28662109375
2132.0	2145.0	2593.216796875
2133.0	2144.0	2590.40283203125
2136.0	2147.0	2582.56201171875
2134.0	2144.0	2587.53076171875
2133.0	2145.0	2589.944091796875
2133.0	2144.0	2589.82177734375
2133.0	2142.0	2589.943359375
2133.0	2143.0	2589.863525390625
2133.0	2145.0	2589.76123046875
2133.0	2144.0	2589.573974609375
2134.0	2146.0	2586.950927734375
2132.0	2140.0	2591.974609375
2133.0	2144.0	2589.354736328125
2133.0	2144.0	2589.2041015625
2132.0	2144.0	2591.69189453125
2133.0	2145.0	2589.159423828125
2132.0	2144.0	2591.6376953125
2132.0	2143.0	2591.616455078125
2135.0	2145.0	2583.94384765625
2132.0	2148.0	2591.567138671875
2133.0	2145.0	2589.056396484375
2135.0	2145.0	2584.1640625
2133.0	2144.0	2589.143310546875
2132.0	2143.0	2591.642333984375
2132.0	2141.0	2591.62548828125
2133.0	2144.0	2589.102783203125
2133.0	2145.0	2589.019287109375
2129.0	2143.0	2599.207763671875
2131.0	2144.0	2594.13623046875
2134.0	2144.0	2586.490478515625
2132.0	2145.0	2591.61962890625
2129.0	2145.0	2599.16943359375
2135.0	2143.0	2583.96533203125
2133.0	2142.0	2588.99560546875
2133.0	2144.0	2588.877685546875
2133.0	2145.0	2588.89111328125
2132.0	2146.0	2591.3759765625
2132.0	2145.0	2591.5166015625
2133.0	2145.0	2588.9755859375
2132.0	2145.0	2591.48583984375
2137.0	2146.0	2578.75048828125
2133.0	2142.0	2588.957275390625
2133.0	2143.0	2588.95263671875
2132.0	2144.0	2591.408203125
2135.0	2142.0	2583.76123046875
2133.0	2145.0	2588.89501953125
2153.0	2149.0	2538.070556640625
2133.0	2144.0	2589.00244140625
2132.0	2146.0	2591.552490234375
2136.0	2145.0	2581.361083984375
2133.0	2144.0	2588.955078125
2134.0	2144.0	2586.434814453125
2132.0	2144.0	2591.62158203125
2134.0	2142.0	2586.59716796875
2132.0	2146.0	2591.5830078125
2133.0	2140.0	2589.041259765625
2132.0	2144.0	2591.616455078125
2135.0	2146.0	2584.059326171875
2151.0	2144.0	2543.396484375
2133.0	2147.0	2589.27978515625
2132.0	2143.0	2591.842041015625
2134.0	2145.0	2586.848388671875
2134.0	2144.0	2586.89404296875
2132.0	2146.0	2592.091552734375
2132.0	2138.0	2592.10791015625
2132.0	2143.0	2592.140380859375
2133.0	2145.0	2589.578125
2132.0	2145.0	2592.086181640625
2135.0	2147.0	2584.466552734375
2133.0	2144.0	2589.60791015625
2132.0	2144.0	2592.1435546875
2138.0	2145.0	2576.670654296875
2133.0	2147.0	2589.40771484375
2133.0	2139.0	2589.45751953125
2134.0	2146.0	2586.936767578125
2137.0	2144.0	2579.27001953125
2133.0	2147.0	2589.4345703125
2133.0	2148.0	2589.439453125
2136.0	2140.0	2581.869140625
2132.0	2145.0	2592.073974609375
2130.0	2144.0	2597.11181640625
2133.0	2143.0	2589.5078125
2131.0	2143.0	2594.592529296875
2133.0	2145.0	2589.588134765625
2136.0	2146.0	2581.958251953125
2130.0	2143.0	2597.271484375
2135.0	2145.0	2584.524169921875
2133.0	2144.0	2589.60595703125
2134.0	2146.0	2587.12890625
2131.0	2145.0	2594.78662109375
2133.0	2149.0	2589.678955078125
2134.0	2146.0	2587.13720703125
2132.0	2145.0	2592.38037109375
2140.0	2144.0	2572.047607421875
2134.0	2146.0	2587.365478515625
2132.0	2143.0	2592.421142578125
2132.0	2144.0	2592.427978515625
2136.0	2143.0	2582.2822265625
2133.0	2145.0	2589.92529296875
2134.0	2143.0	2587.428466796875
2134.0	2143.0	2587.521240234375
2133.0	2144.0	2590.127197265625
2137.0	2143.0	2579.974609375
2133.0	2142.0	2590.2314453125
2134.0	2146.0	2587.751708984375
2133.0	2147.0	2590.28955078125
2137.0	2145.0	2580.126220703125
2132.0	2145.0	2592.930419921875
2133.0	2150.0	2590.3125
2132.0	2146.0	2592.89892578125
2132.0	2145.0	2592.891845703125
2132.0	2144.0	2592.893798828125
2131.0	2145.0	2595.377197265625
2132.0	2146.0	2592.834716796875
2133.0	2143.0	2590.286865234375
2134.0	2145.0	2587.67333984375
2136.0	2147.0	2582.642333984375
2136.0	2157.0	2582.70166015625
2134.0	2143.0	2587.80078125
2143.0	2142.0	2565.118408203125
2142.0	2144.0	2568.85498046875
2143.0	2147.0	2567.393310546875
2143.0	2145.0	2568.403076171875
2142.0	2144.0	2571.8515625
2150.0	2144.0	2552.383544921875
2144.0	2148.0	2568.540283203125
2142.0	2144.0	2574.458740234375
2143.0	2145.0	2572.60107421875
2145.0	2145.0	2568.272705078125
2142.0	2144.0	2576.681884765625
2153.0	2143.0	2549.357421875
2151.0	2147.0	2556.133544921875
2153.0	2144.0	2552.563232421875
2152.0	2145.0	2556.5439453125
2152.0	2147.0	2557.897705078125
2152.0	2144.0	2559.157470703125
2152.0	2144.0	2560.423095703125
2151.0	2147.0	2564.172119140625
2150.0	2146.0	2567.88232421875
2152.0	2148.0	2563.822509765625
2151.0	2143.0	2567.365478515625
2153.0	2145.0	2563.171630859375
2156.0	2142.0	2556.39892578125
2152.0	2145.0	2567.36865234375
2153.0	2141.0	2565.582275390625
2152.0	2145.0	2568.918701171875
2154.0	2147.0	2564.5361328125
2152.0	2144.0	2570.316162109375
2153.0	2161.0	2568.37646484375
2151.0	2144.0	2574.01513671875
2156.0	2146.0	2561.907470703125
2170.0	2142.0	2526.886474609375
2150.0	2145.0	2578.251953125
2155.0	2144.0	2566.00341796875
2153.0	2145.0	2571.53271484375
2151.0	2145.0	2577.058837890625
2152.0	2143.0	2574.957275390625
2153.0	2145.0	2572.777099609375
2155.0	2143.0	2568.04296875
2153.0	2145.0	2573.489013671875
2152.0	2143.0	2576.331298828125
2152.0	2142.0	2576.74169921875
2153.0	2143.0	2574.446533203125
2152.0	2143.0	2577.16650390625
2152.0	2144.0	2577.463623046875
2151.0	2146.0	2580.1923828125
2172.0	2140.0	2526.960205078125
2154.0	2146.0	2573.04248046875
2153.0	2142.0	2575.737060546875
2164.0	2145.0	2547.923095703125
2153.0	2141.0	2576.109130859375
2153.0	2144.0	2576.252685546875
2152.0	2146.0	2578.978515625
2156.0	2143.0	2568.85888671875
2153.0	2143.0	2576.69482421875
2151.0	2150.0	2581.85888671875
2153.0	2145.0	2576.988525390625
2151.0	2144.0	2582.203857421875
2154.0	2144.0	2574.659423828125
2154.0	2143.0	2574.68505859375
2151.0	2152.0	2582.4287109375
2152.0	2143.0	2580.00537109375
2151.0	2145.0	2582.73046875
2153.0	2145.0	2577.7109375
2153.0	2144.0	2577.79150390625
2153.0	2144.0	2577.897216796875
2152.0	2145.0	2580.487060546875
2160.0	2144.0	2560.173583984375
2144.0	2143.0	2600.018798828125
2145.0	2143.0	2596.66259765625
2144.0	2145.0	2598.344970703125
2144.0	2143.0	2597.519775390625
2142.0	2146.0	2601.909423828125
2141.0	2136.0	2603.726806640625
2142.0	2143.0	2600.537109375
2142.0	2144.0	2599.89013671875
2146.0	2144.0	2589.127197265625
2143.0	2144.0	2596.1630859375
2133.0	2143.0	2620.00732421875
2136.0	2147.0	2610.832763671875
2136.0	2144.0	2609.340087890625
2132.0	2146.0	2618.142578125
2133.0	2141.0	2614.286376953125
2133.0	2145.0	2613.00634765625
2134.0	2145.0	2609.236083984375
2144.0	2146.0	2582.665283203125
2134.0	2150.0	2607.113037109375
2132.0	2144.0	2611.164306640625
2135.0	2145.0	2602.521484375
2132.0	2147.0	2609.19580078125
2134.0	2143.0	2603.208984375
2132.0	2149.0	2607.49560546875
2133.0	2145.0	2604.16748046875
2134.0	2146.0	2600.897705078125
2134.0	2146.0	2600.2607421875
2130.0	2144.0	2609.819580078125
2132.0	2144.0	2604.143310546875
2132.0	2144.0	2603.533447265625
2134.0	2143.0	2597.91650390625
2132.0	2144.0	2602.50537109375
2129.0	2147.0	2609.63818359375
2133.0	2144.0	2598.978759765625
2135.0	2145.0	2593.461181640625
2133.0	2146.0	2598.12109375
2132.0	2144.0	2600.350830078125
2132.0	2145.0	2600.009765625
2132.0	2145.0	2599.677001953125
2143.0	2144.0	2572.0390625
2140.0	2144.0	2580.451416015625
2143.0	2145.0	2573.572509765625
2143.0	2145.0	2574.271728515625
2142.0	2146.0	2577.48974609375
2146.0	2145.0	2567.900146484375
2144.0	2145.0	2573.6162109375
2142.0	2150.0	2579.235107421875
2144.0	2147.0	2574.654052734375
2153.0	2144.0	2553.13671875
2154.0	2147.0	2551.9736328125
2155.0	2142.0	2550.78466796875
2152.0	2144.0	2559.7509765625
2151.0	2146.0	2563.4794921875
2151.0	2145.0	2564.6689453125
2151.0	2145.0	2565.775146484375
2151.0	2147.0	2566.825439453125
2155.0	2145.0	2557.58056640625
2152.0	2144.0	2566.256591796875
2155.0	2147.0	2559.460205078125
2152.0	2144.0	2567.899658203125
2153.0	2140.0	2566.08251953125
2153.0	2143.0	2566.770263671875
2152.0	2142.0	2570.03662109375
2176.0	2144.0	2509.806396484375
2163.0	2144.0	2544.61767578125
2162.0	2144.0	2548.739013671875
2164.0	2144.0	2545.141845703125
2163.0	2146.0	2549.17822265625
2161.0	2145.0	2555.544189453125
2164.0	2144.0	2549.1259765625
2162.0	2144.0	2555.4375
2161.0	2144.0	2559.1220703125
2160.0	2143.0	2562.670654296875
2161.0	2147.0	2561.169921875
2162.0	2144.0	2559.59716796875
2162.0	2144.0	2560.493896484375
2162.0	2143.0	2561.378173828125
2159.0	2146.0	2569.809814453125
2162.0	2144.0	2563.009765625
2163.0	2143.0	2561.233642578125
2162.0	2144.0	2564.4755859375
2163.0	2145.0	2562.59033203125
2163.0	2146.0	2563.31298828125
2162.0	2159.0	2566.41845703125
2161.0	2146.0	2569.470703125
2165.0	2145.0	2559.8974609375
2158.0	2145.0	2578.173095703125
2162.0	2142.0	2568.499267578125
2164.0	2143.0	2563.890869140625
2163.0	2144.0	2566.9091796875
2162.0	2144.0	2569.90966796875
2164.0	2144.0	2565.1513671875
2161.0	2151.0	2573.108154296875
2162.0	2145.0	2570.94775390625
2164.0	2122.0	2566.17724609375
2163.0	2147.0	2568.9228515625
2161.0	2146.0	2574.223388671875
2154.0	2144.0	2591.588623046875
2152.0	2146.0	2595.86962890625
2155.0	2144.0	2587.417236328125
2152.0	2145.0	2594.262451171875
2152.0	2138.0	2593.52294921875
2152.0	2146.0	2592.853759765625
2154.0	2142.0	2587.116455078125
2147.0	2147.0	2604.264404296875
2153.0	2145.0	2588.335693359375
2152.0	2145.0	2590.43896484375
2153.0	2145.0	2587.369873046875
2155.0	2145.0	2581.77734375
2153.0	2146.0	2586.49560546875
2154.0	2145.0	2583.47119140625
2152.0	2143.0	2588.1396484375
2152.0	2144.0	2587.66796875
2150.0	2144.0	2592.421142578125
2151.0	2148.0	2589.494140625
2153.0	2142.0	2583.9560546875
2155.0	2147.0	2578.479248046875
2153.0	2143.0	2583.27734375
2154.0	2144.0	2580.4130859375
2152.0	2148.0	2585.249267578125
2141.0	2146.0	2612.927001953125
2145.0	2144.0	2601.52783203125
2140.0	2143.0	2613.11865234375
2143.0	2146.0	2604.2705078125
2145.0	2147.0	2598.145263671875
2147.0	2144.0	2592.15380859375
2124.0	2145.0	2649.6962890625
2142.0	2146.0	2603.0068359375
2143.0	2145.0	2599.568603515625
2142.0	2144.0	2601.3251953125
2145.0	2147.0	2592.897705078125
2140.0	2146.0	2604.92919921875
2142.0	2147.0	2599.2431640625
2145.0	2145.0	2590.9306640625
2143.0	2144.0	2595.418212890625
2142.0	2144.0	2597.34130859375
2144.0	2145.0	2591.74072265625
2141.0	2145.0	2598.80615234375
2143.0	2144.0	2593.20068359375
2141.0	2146.0	2597.874267578125
2149.0	2144.0	2577.0810546875
2145.0	2138.0	2586.79296875
2145.0	2142.0	2586.400146484375
2144.0	2146.0	2588.519775390625
2141.0	2147.0	2595.7861328125
2143.0	2144.0	2590.402099609375
2143.0	2145.0	2590.085205078125
2144.0	2146.0	2587.324951171875
2145.0	2146.0	2584.5087890625
2141.0	2145.0	2594.545166015625
2144.0	2141.0	2586.7119140625
2144.0	2142.0	2586.4580078125
2147.0	2145.0	2578.5517578125
2143.0	2146.0	2588.556396484375
2142.0	2146.0	2590.968017578125
2144.0	2141.0	2585.648193359375
2143.0	2143.0	2587.9111328125
2143.0	2145.0	2587.82666015625
2157.0	2145.0	2552.50634765625
2153.0	2137.0	2563.522216796875
2152.0	2145.0	2566.804931640625
2152.0	2143.0	2567.5126953125
2157.0	2145.0	2555.519775390625
2153.0	2143.0	2566.4404296875
2153.0	2144.0	2567.049560546875
2154.0	2144.0	2565.135009765625
2153.0	2143.0	2568.217041015625
2149.0	2144.0	2578.879638671875
2152.0	2143.0	2571.76220703125
2152.0	2144.0	2572.2197265625
2151.0	2145.0	2575.181396484375
2153.0	2145.0	2570.4775390625
2152.0	2146.0	2573.469482421875
2154.0	2141.0	2568.722412109375
2152.0	2145.0	2574.107421875
2152.0	2145.0	2574.4794921875
2151.0	2146.0	2577.2919921875
2152.0	2144.0	2575.019775390625
2152.0	2143.0	2575.217529296875
2154.0	2143.0	2570.37255859375
2155.0	2144.0	2568.10595703125
2152.0	2147.0	2576.004638671875
2153.0	2146.0	2573.645263671875
2152.0	2145.0	2576.3994140625
2153.0	2145.0	2574.16259765625
2163.0	2143.0	2549.09375
2161.0	2145.0	2555.33544921875
2161.0	2144.0	2556.57177734375
2163.0	2146.0	2552.600341796875
2163.0	2143.0	2553.661865234375
2162.0	2144.0	2557.1787109375
2164.0	2144.0	2552.984619140625
2162.0	2145.0	2558.98095703125
2162.0	2145.0	2559.794921875
2158.0	2146.0	2570.73828125
2163.0	2146.0	2558.772216796875
2153.0	2146.0	2584.884033203125
2163.0	2145.0	2560.144775390625
2163.0	2146.0	2560.74072265625
2162.0	2145.0	2563.88134765625
2165.0	2151.0	2556.859375
2162.0	2145.0	2565.09375
2162.0	2144.0	2565.48583984375
2161.0	2143.0	2568.53466796875
2161.0	2148.0	2568.962158203125
2163.0	2144.0	2564.3466796875
2162.0	2146.0	2567.411376953125
2163.0	2146.0	2565.2841796875
2161.0	2144.0	2570.7265625
2163.0	2158.0	2566.014892578125
2164.0	2144.0	2563.767822265625
2163.0	2146.0	2566.615234375
2159.0	2146.0	2577.03955078125
2165.0	2144.0	2562.01513671875
2164.0	2144.0	2564.822265625
2161.0	2143.0	2572.644775390625
2158.0	2143.0	2580.46484375
2161.0	2143.0	2572.97021484375
2154.0	2141.0	2589.97119140625
2153.0	2146.0	2591.62939453125
2153.0	2143.0	2590.82666015625
2151.0	2144.0	2595.129150390625
2152.0	2140.0	2591.789794921875
2152.0	2144.0	2591.052490234375
2150.0	2145.0	2595.565673828125
2156.0	2145.0	2579.67529296875
2152.0	2146.0	2589.267578125
2151.0	2144.0	2591.2197265625
2152.0	2146.0	2588.164306640625
2150.0	2144.0	2592.690673828125
2152.0	2145.0	2587.115234375
2154.0	2150.0	2581.530517578125
2153.0	2146.0	2583.62353515625
2153.0	2144.0	2583.290771484375
2158.0	2146.0	2570.12646484375
2152.0	2144.0	2585.019775390625
2152.0	2143.0	2584.698486328125
2153.0	2144.0	2581.82470703125
2155.0	2144.0	2576.417236328125
2154.0	2132.0	2578.61962890625
2152.0	2131.0	2583.397705078125
2154.0	2132.0	2578.093994140625
2153.0	2130.0	2580.3388671875
2149.0	2131.0	2590.24169921875
2154.0	2130.0	2577.252685546875
2152.0	2130.0	2582.14306640625
2152.0	2128.0	2581.920654296875
2154.0	2129.0	2576.60205078125
2151.0	2130.0	2584.12451171875
2143.0	2140.0	2603.705810546875
2144.0	2131.0	2600.022705078125
2143.0	2130.0	2601.462158203125
2148.0	2134.0	2587.765380859375
2147.0	2130.0	2589.398193359375
2144.0	2131.0	2596.088134765625
2143.0	2131.0	2597.73095703125
2144.0	2128.0	2594.409912109375
2142.0	2131.0	2598.803466796875
2143.0	2147.0	2595.4931640625
2144.0	2131.0	2592.28857421875
2144.0	2133.0	2591.635498046875
2136.0	2133.0	2611.352783203125
2142.0	2133.0	2595.47021484375
2142.0	2129.0	2594.88134765625
2144.0	2131.0	2589.27880859375
2146.0	2131.0	2583.6455078125
2152.0	2128.0	2567.90478515625
2154.0	2130.0	2563.199951171875
2152.0	2132.0	2568.81884765625
2154.0	2129.0	2564.328857421875
2153.0	2133.0	2567.34716796875
2152.0	2131.0	2570.351318359375
2152.0	2130.0	2570.82373046875
2152.0	2133.0	2571.194091796875
2155.0	2131.0	2563.9677734375
2152.0	2130.0	2571.964111328125
2152.0	2129.0	2572.29833984375
2152.0	2129.0	2572.603759765625
2154.0	2131.0	2567.773193359375
2150.0	2130.0	2578.26220703125
2153.0	2127.0	2570.91259765625
2151.0	2131.0	2576.264404296875
2152.0	2130.0	2573.921875
2157.0	2130.0	2561.42138671875
2152.0	2131.0	2574.36279296875
2153.0	2134.0	2572.0283203125
2151.0	2132.0	2577.36474609375
2154.0	2131.0	2569.828369140625
2154.0	2130.0	2570.008544921875
2152.0	2133.0	2575.245849609375
2153.0	2131.0	2572.889404296875
2152.0	2129.0	2575.602783203125
2162.0	2146.0	2550.2275390625
2162.0	2141.0	2551.505126953125
2162.0	2145.0	2552.629638671875
2162.0	2146.0	2553.74951171875
2166.0	2145.0	2544.614501953125
2162.0	2146.0	2555.759521484375
2163.0	2147.0	2554.16162109375
2162.0	2146.0	2557.48828125
2165.0	2146.0	2550.673095703125
2166.0	2144.0	2548.865478515625
2164.0	2149.0	2554.635009765625
2164.0	2143.0	2555.34814453125
2162.0	2145.0	2561.052001953125
2164.0	2146.0	2556.580810546875
2162.0	2145.0	2562.29052734375
2161.0	2146.0	2565.341552734375
2162.0	2143.0	2563.30517578125
2161.0	2144.0	2566.297607421875
2160.0	2145.0	2569.2734375
2161.0	2144.0	2567.16259765625
2162.0	2141.0	2565.035400390625
2164.0	2146.0	2560.273681640625
2163.0	2146.0	2563.120361328125
2163.0	2147.0	2563.49462890625
2164.0	2149.0	2561.23291015625
2163.0	2144.0	2564.09033203125
2164.0	2146.0	2561.923095703125
2157.0	2145.0	2579.914306640625
2162.0	2145.0	2567.490966796875
2164.0	2149.0	2562.63134765625
2163.0	2144.0	2565.33447265625
2162.0	2143.0	2568.0869140625
2161.0	2144.0	2570.870361328125
2161.0	2143.0	2571.056640625
2162.0	2142.0	2568.69189453125
2161.0	2144.0	2571.466796875
2164.0	2146.0	2564.01904296875
2162.0	2146.0	2569.330078125
2152.0	2144.0	2594.83642578125
2152.0	2144.0	2593.843505859375
2154.0	2146.0	2587.802978515625
2145.0	2145.0	2609.78125
2153.0	2156.0	2588.5859375
2152.0	2158.0	2590.33544921875
2151.0	2159.0	2592.13525390625
2152.0	2157.0	2588.954833984375
2152.0	2158.0	2588.21337890625
2154.0	2162.0	2582.49658203125
2154.0	2157.0	2581.861328125
2153.0	2156.0	2583.795166015625
2155.0	2157.0	2578.17041015625
2153.0	2163.0	2582.8095703125
2153.0	2154.0	2582.314208984375
2152.0	2146.0	2584.37158203125
2155.0	2146.0	2576.2822265625
2160.0	2142.0	2563.150634765625
2153.0	2146.0	2580.583251953125
2143.0	2144.0	2605.480224609375
2142.0	2145.0	2606.617431640625
2148.0	2143.0	2590.079345703125
2144.0	2146.0	2599.0888671875
2144.0	2144.0	2597.95166015625
2145.0	2143.0	2594.396728515625
2143.0	2144.0	2598.50634765625
2143.0	2145.0	2597.463623046875
2144.0	2137.0	2594.002685546875
2132.0	2146.0	2623.62109375
2133.0	2145.0	2619.12451171875
2132.0	2145.0	2619.84619140625
2132.0	2146.0	2618.053955078125
2132.0	2142.0	2616.479736328125
2132.0	2144.0	2615.0908203125
2132.0	2144.0	2613.656982421875
2132.0	2145.0	2612.26513671875
2134.0	2145.0	2605.885498046875
2132.0	2144.0	2609.764892578125
2132.0	2146.0	2608.572265625
2135.0	2144.0	2599.825927734375
2132.0	2144.0	2606.443603515625
2132.0	2145.0	2605.42333984375
2133.0	2144.0	2601.9443359375
2133.0	2145.0	2600.967529296875
2129.0	2142.0	2610.321533203125
2136.0	2153.0	2591.619140625
2132.0	2146.0	2601.078369140625
2133.0	2145.0	2597.77734375
2133.0	2145.0	2597.053466796875
2132.0	2146.0	2598.90625
2133.0	2143.0	2595.73095703125
2133.0	2146.0	2595.190185546875
2132.0	2144.0	2597.246826171875
2135.0	2145.0	2589.15625
2133.0	2145.0	2593.7890625
2133.0	2142.0	2593.213134765625
2132.0	2145.0	2595.3486328125
2131.0	2144.0	2597.489013671875
2133.0	2144.0	2591.995849609375
2133.0	2145.0	2591.648681640625
2133.0	2144.0	2591.34716796875
2133.0	2143.0	2590.962890625
2133.0	2144.0	2590.664306640625
2132.0	2146.0	2592.90673828125
2131.0	2142.0	2595.186279296875
2132.0	2142.0	2592.30419921875
2142.0	2160.0	2566.617431640625
2141.0	2145.0	2570.10595703125
2144.0	2142.0	2563.267822265625
2145.0	2143.0	2561.57373046875
2147.0	2146.0	2557.196044921875
2148.0	2144.0	2555.387451171875
2145.0	2148.0	2563.68505859375
2143.0	2142.0	2569.409423828125
2142.0	2144.0	2572.571044921875
2152.0	2145.0	2548.02734375
2152.0	2147.0	2549.62841796875
2151.0	2139.0	2553.6962890625
2152.0	2144.0	2552.541748046875
2152.0	2146.0	2553.810302734375
2153.0	2156.0	2552.51513671875
2151.0	2158.0	2558.7353515625
2152.0	2156.0	2557.296142578125
2154.0	2157.0	2553.260009765625
2153.0	2160.0	2556.7685546875
2152.0	2159.0	2560.343994140625
2151.0	2162.0	2563.720947265625
2152.0	2158.0	2562.00390625
2155.0	2156.0	2555.126708984375
2155.0	2159.0	2555.86376953125
2152.0	2157.0	2564.220458984375
2151.0	2156.0	2567.412353515625
2152.0	2157.0	2565.608154296875
2153.0	2159.0	2563.623046875
2152.0	2155.0	2566.806396484375
2153.0	2159.0	2564.732421875
2153.0	2156.0	2565.3486328125
2153.0	2158.0	2565.913818359375
2152.0	2156.0	2568.8876953125
2151.0	2156.0	2571.8330078125
2154.0	2157.0	2564.599853515625
2153.0	2158.0	2567.50927734375
2153.0	2158.0	2567.814208984375
2152.0	2158.0	2570.746826171875
2152.0	2151.0	2571.037841796875
2151.0	2158.0	2573.90087890625
2154.0	2157.0	2566.580078125
2156.0	2158.0	2561.760498046875
2152.0	2159.0	2572.23046875
2153.0	2159.0	2569.91064453125
2153.0	2158.0	2570.135986328125
2153.0	2152.0	2570.33447265625
2151.0	2155.0	2575.6396484375
2152.0	2161.0	2573.30859375
2152.0	2156.0	2573.373291015625
2152.0	2157.0	2573.66943359375
2152.0	2160.0	2573.88037109375
2151.0	2158.0	2576.532470703125
2152.0	2159.0	2574.104736328125
2153.0	2159.0	2571.650634765625
2156.0	2157.0	2564.103271484375
2147.0	2157.0	2587.065185546875
2154.0	2162.0	2569.38720703125
2152.0	2158.0	2574.62109375
2144.0	2157.0	2595.105712890625
2144.0	2158.0	2594.261962890625
2143.0	2158.0	2595.910888671875
2143.0	2162.0	2595.015380859375
2145.0	2159.0	2589.08544921875
2143.0	2157.0	2593.443359375
2143.0	2158.0	2592.758056640625
2143.0	2146.0	2592.1865234375
2133.0	2141.0	2616.431396484375
2133.0	2145.0	2614.731689453125
2135.0	2147.0	2608.044189453125
2132.0	2144.0	2614.2265625
2133.0	2147.0	2610.2900390625
2135.0	2145.0	2603.857177734375
2134.0	2144.0	2605.15576171875
2136.0	2145.0	2598.8837890625
2134.0	2143.0	2602.946533203125
2132.0	2144.0	2606.972900390625
2133.0	2144.0	2603.575439453125
2124.0	2142.0	2625.511474609375
2132.0	2143.0	2604.407958984375
2133.0	2149.0	2600.944091796875
2134.0	2144.0	2597.581787109375
2134.0	2144.0	2596.809326171875
2135.0	2143.0	2593.505615234375
2132.0	2145.0	2600.49365234375
2133.0	2144.0	2597.31298828125
2134.0	2145.0	2594.124267578125
2132.0	2144.0	2598.62255859375
2137.0	2145.0	2585.34033203125
2124.0	2145.0	2617.9775390625
2124.0	2143.0	2616.49755859375
2123.0	2144.0	2617.736083984375
2127.0	2145.0	2606.25341796875
2124.0	2145.0	2612.739501953125
2123.0	2144.0	2614.010009765625
2127.0	2146.0	2602.71484375
2125.0	2143.0	2606.7216796875
2126.0	2129.0	2603.124755859375
2123.0	2132.0	2609.753173828125
2124.0	2130.0	2606.27587890625
2124.0	2132.0	2605.44580078125
2123.0	2128.0	2607.18310546875
2121.0	2132.0	2611.502197265625
2124.0	2129.0	2603.119873046875
2123.0	2132.0	2604.985107421875
2122.0	2130.0	2606.865966796875
2126.0	2132.0	2596.019775390625
2123.0	2132.0	2603.288818359375
2126.0	2137.0	2595.0517578125
2124.0	2130.0	2599.686279296875
2124.0	2130.0	2599.19970703125
2125.0	2128.0	2596.219482421875
2122.0	2145.0	2603.392578125
2124.0	2142.0	2597.922119140625
2122.0	2145.0	2602.611083984375
2124.0	2144.0	2597.14404296875
2122.0	2143.0	2601.938720703125
2125.0	2145.0	2593.9580078125
2124.0	2145.0	2596.19921875
2123.0	2145.0	2598.52880859375
2132.0	2145.0	2575.4091796875
2122.0	2145.0	2600.724365234375
2125.0	2143.0	2592.876953125
2124.0	2145.0	2595.18505859375
2124.0	2145.0	2595.0908203125
2124.0	2145.0	2594.88427734375
2123.0	2147.0	2597.237548828125
2124.0	2144.0	2594.496337890625
2124.0	2145.0	2594.337646484375
2126.0	2143.0	2589.122802734375
2123.0	2146.0	2596.674072265625
2124.0	2147.0	2593.99072265625
2123.0	2143.0	2596.403564453125
2123.0	2145.0	2596.274658203125
2123.0	2143.0	2596.21240234375
2122.0	2145.0	2598.690185546875
2124.0	2145.0	2593.65283203125
2122.0	2145.0	2598.593017578125
2124.0	2144.0	2593.448974609375
2122.0	2146.0	2598.505126953125
2123.0	2139.0	2595.92431640625
2125.0	2145.0	2590.80908203125
2122.0	2144.0	2598.385498046875
2122.0	2144.0	2598.335693359375
2124.0	2143.0	2593.136962890625
2123.0	2144.0	2595.692138671875
2124.0	2144.0	2593.10791015625
2125.0	2145.0	2590.59375
2123.0	2145.0	2595.694580078125
2122.0	2151.0	2598.1416015625
2124.0	2144.0	2593.047607421875
2124.0	2145.0	2593.042724609375
2123.0	2144.0	2595.700927734375
2124.0	2146.0	2593.21142578125
2125.0	2144.0	2590.667724609375
2125.0	2145.0	2590.644775390625
2121.0	2146.0	2600.773193359375
2123.0	2142.0	2595.723388671875
2123.0	2142.0	2595.6962890625
2124.0	2143.0	2593.194580078125
2123.0	2145.0	2595.750244140625
2136.0	2142.0	2562.67724609375
2123.0	2148.0	2595.798583984375
2124.0	2143.0	2593.254638671875
2124.0	2144.0	2593.35595703125
2132.0	2144.0	2573.027099609375
2132.0	2147.0	2574.009521484375
2133.0	2149.0	2572.363037109375
2132.0	2146.0	2575.7890625
2135.0	2144.0	2568.908447265625
2138.0	2144.0	2562.021728515625
2134.0	2141.0	2573.029052734375
2132.0	2143.0	2578.851318359375
2136.0	2145.0	2569.40185546875
2133.0	2145.0	2577.66845703125
2132.0	2142.0	2580.820556640625
2132.0	2144.0	2581.453857421875
2134.0	2145.0	2576.9111328125
2132.0	2142.0	2582.454833984375
2133.0	2147.0	2580.434326171875
2134.0	2144.0	2578.388916015625
2134.0	2160.0	2578.819580078125
2130.0	2142.0	2589.42919921875
2133.0	2143.0	2582.250732421875
2129.0	2143.0	2592.802978515625
2132.0	2143.0	2585.4833984375
2135.0	2143.0	2578.1865234375
2134.0	2146.0	2581.12451171875
2133.0	2145.0	2584.016845703125
2133.0	2145.0	2584.433837890625
2133.0	2138.0	2584.79833984375
2133.0	2145.0	2585.096923828125
2134.0	2144.0	2582.832763671875
2131.0	2143.0	2590.618896484375
2132.0	2145.0	2588.28271484375
2135.0	2143.0	2580.84228515625
2143.0	2140.0	2561.329345703125
2144.0	2142.0	2560.091796875
2146.0	2147.0	2556.19970703125
2145.0	2142.0	2559.94677734375
2143.0	2145.0	2566.211669921875
2145.0	2143.0	2562.15625
2148.0	2147.0	2555.505126953125
2144.0	2142.0	2566.601806640625
2142.0	2144.0	2572.524169921875
2142.0	2144.0	2573.2998046875
2145.0	2143.0	2566.457275390625
2152.0	2146.0	2549.91259765625
2151.0	2145.0	2554.135009765625
2151.0	2144.0	2555.807861328125
2152.0	2144.0	2554.72216796875
2151.0	2143.0	2558.707763671875
2153.0	2143.0	2554.9599609375
2152.0	2143.0	2558.751953125
2153.0	2145.0	2557.468505859375
2153.0	2146.0	2558.555419921875
2152.0	2145.0	2562.201416015625
2152.0	2141.0	2563.18798828125
2152.0	2144.0	2564.1953125
2152.0	2145.0	2565.11376953125
2152.0	2146.0	2565.995361328125
2154.0	2142.0	2561.52197265625
2152.0	2145.0	2567.32421875
2152.0	2143.0	2568.111083984375
2153.0	2146.0	2566.180908203125
2152.0	2142.0	2569.4326171875
2153.0	2143.0	2567.43359375
2151.0	2145.0	2573.054443359375
2152.0	2144.0	2571.022216796875
2151.0	2144.0	2574.1513671875
2153.0	2146.0	2569.56494140625
2152.0	2146.0	2572.56396484375
2154.0	2144.0	2567.857666015625
2152.0	2143.0	2573.337158203125
2152.0	2146.0	2573.771240234375
2153.0	2140.0	2571.60693359375
2152.0	2146.0	2574.546875
2156.0	2145.0	2564.791748046875
2148.0	2146.0	2585.467529296875
2153.0	2146.0	2573.070556640625
2151.0	2147.0	2578.406005859375
2152.0	2145.0	2576.18359375
2152.0	2143.0	2576.42236328125
2152.0	2144.0	2576.72314453125
2151.0	2150.0	2579.40234375
2152.0	2144.0	2577.145751953125
2153.0	2137.0	2574.79345703125
2150.0	2146.0	2582.615478515625
2153.0	2149.0	2575.109130859375
2153.0	2143.0	2575.250732421875
2155.0	2145.0	2570.3232421875
2156.0	2144.0	2568.0185546875
2151.0	2147.0	2580.921142578125
2154.0	2147.0	2573.433349609375
2151.0	2144.0	2581.178466796875
2153.0	2145.0	2576.28955078125
2156.0	2147.0	2568.666259765625
2153.0	2145.0	2576.410888671875
2152.0	2141.0	2579.00830078125
2151.0	2145.0	2581.72119140625
2154.0	2146.0	2574.198974609375
2152.0	2145.0	2579.344970703125
2151.0	2149.0	2582.048583984375
2143.0	2146.0	2601.7939453125
2145.0	2143.0	2595.760009765625
2141.0	2146.0	2605.107666015625
2143.0	2143.0	2599.264892578125
2143.0	2143.0	2598.464599609375
2143.0	2144.0	2597.74365234375
2143.0	2145.0	2597.049072265625
2143.0	2147.0	2596.437255859375
2144.0	2146.0	2593.236328125
2144.0	2144.0	2592.692138671875
2132.0	2147.0	2621.77587890625
2136.0	2144.0	2609.995849609375
2135.0	2145.0	2611.0458984375
2133.0	2144.0	2614.676513671875
2132.0	2146.0	2615.8525390625
2132.0	2147.0	2614.533935546875
2132.0	2145.0	2613.423583984375
2132.0	2150.0	2612.33056640625
2134.0	2143.0	2606.27783203125
2132.0	2144.0	2610.35009765625
2138.0	2146.0	2594.17626953125
2134.0	2145.0	2603.424560546875
2132.0	2144.0	2607.67041015625
2135.0	2144.0	2599.31298828125
2134.0	2145.0	2600.89697265625
2133.0	2145.0	2602.486328125
2132.0	2140.0	2604.286376953125
2134.0	2146.0	2598.60009765625
2133.0	2147.0	2600.505126953125
2134.0	2144.0	2597.45703125
2134.0	2142.0	2596.982666015625
2130.0	2145.0	2606.652587890625
2135.0	2145.0	2593.49560546875
2136.0	2143.0	2590.573486328125
2133.0	2145.0	2597.7802734375
2134.0	2146.0	2594.816650390625
2135.0	2143.0	2591.94287109375
2133.0	2144.0	2596.669921875
2134.0	2145.0	2593.74267578125
2132.0	2148.0	2598.5458984375
2143.0	2145.0	2570.790771484375
2142.0	2146.0	2574.15673828125
2143.0	2144.0	2572.32861328125
2147.0	2143.0	2562.902587890625
2143.0	2143.0	2573.801513671875
2144.0	2142.0	2571.88330078125
2145.0	2145.0	2569.8740234375
2144.0	2146.0	2572.96630859375
2142.0	2144.0	2578.593994140625
2154.0	2144.0	2549.15087890625
2152.0	2142.0	2555.69091796875
2155.0	2144.0	2549.39990234375
2155.0	2146.0	2550.71923828125
2154.0	2143.0	2554.49755859375
2151.0	2141.0	2563.24267578125
2154.0	2145.0	2556.720458984375
2155.0	2146.0	2555.20263671875
2149.0	2144.0	2571.45947265625
2152.0	2142.0	2564.75927734375
2154.0	2145.0	2560.550537109375
2151.0	2144.0	2568.978515625
2163.0	2145.0	2539.55810546875
2161.0	2143.0	2546.43701171875
2165.0	2151.0	2537.93017578125
2162.0	2144.0	2547.16015625
2161.0	2145.0	2551.32177734375
2170.0	2143.0	2529.894287109375
2163.0	2145.0	2549.17529296875
2162.0	2144.0	2552.990234375
2161.0	2145.0	2556.71435546875
2161.0	2143.0	2557.858154296875
2162.0	2146.0	2556.412109375
2162.0	2147.0	2557.47119140625
2162.0	2144.0	2558.449951171875
2160.0	2144.0	2564.463134765625
2163.0	2145.0	2557.714599609375
2159.0	2143.0	2568.74609375
2163.0	2159.0	2559.260009765625
2164.0	2145.0	2557.480224609375
2162.0	2146.0	2563.295654296875
2161.0	2147.0	2566.504150390625
2163.0	2143.0	2562.06005859375
2161.0	2144.0	2567.7294921875
2162.0	2146.0	2565.87158203125
2163.0	2144.0	2563.972412109375
2160.0	2144.0	2572.029052734375
2161.0	2141.0	2569.99072265625
2161.0	2145.0	2570.399169921875
2162.0	2143.0	2568.184326171875
2162.0	2143.0	2568.567138671875
2163.0	2143.0	2566.35009765625
2152.0	2148.0	2594.39990234375
2155.0	2130.0	2585.97998046875
2153.0	2130.0	2590.3681640625
2154.0	2130.0	2587.144775390625
2151.0	2130.0	2594.18310546875
2153.0	2129.0	2588.476318359375
2153.0	2133.0	2587.83349609375
2154.0	2129.0	2584.76513671875
2151.0	2131.0	2591.9130859375
2153.0	2132.0	2586.323974609375
2153.0	2132.0	2585.918212890625
2154.0	2133.0	2582.9580078125
2154.0	2133.0	2582.52978515625
2152.0	2131.0	2587.318603515625
2153.0	2130.0	2584.399169921875
2154.0	2129.0	2581.531494140625
2153.0	2131.0	2583.697509765625
2164.0	2131.0	2555.375
2152.0	2131.0	2585.6943359375
2144.0	2129.0	2605.754638671875
2141.0	2131.0	2612.161376953125
2144.0	2130.0	2603.263671875
2143.0	2128.0	2604.702392578125
2143.0	2136.0	2603.572509765625
2144.0	2129.0	2599.9697265625
2145.0	2129.0	2596.41064453125
2140.0	2131.0	2608.200927734375
2142.0	2132.0	2602.2265625
2143.0	2128.0	2598.91259765625
2143.0	2129.0	2598.14990234375
2144.0	2132.0	2594.8544921875
2146.0	2131.0	2589.0244140625
2143.0	2134.0	2595.975341796875
2143.0	2131.0	2595.330322265625
2143.0	2131.0	2594.74267578125
2137.0	2130.0	2608.96337890625
2131.0	2131.0	2622.5576171875
2133.0	2128.0	2615.981689453125
2134.0	2131.0	2611.993408203125
2132.0	2132.0	2615.6474609375
2137.0	2129.0	2601.597900390625
2134.0	2127.0	2608.07958984375
2135.0	2130.0	2604.3427734375
2132.0	2131.0	2610.880615234375
2132.0	2132.0	2609.79248046875
2131.0	2132.0	2611.376953125
2135.0	2136.0	2600.266845703125
2134.0	2129.0	2601.96533203125
2132.0	2130.0	2606.27685546875
2129.0	2132.0	2613.09619140625
2132.0	2131.0	2604.78466796875
2133.0	2130.0	2601.528564453125
2133.0	2131.0	2600.855712890625
2134.0	2130.0	2597.62109375
2132.0	2131.0	2602.117919921875
2134.0	2147.0	2596.50341796875
2132.0	2147.0	2600.9951171875
2133.0	2146.0	2597.975341796875
2132.0	2143.0	2600.089599609375
2133.0	2146.0	2597.097900390625
2132.0	2147.0	2599.281982421875
2133.0	2145.0	2596.4111328125
2132.0	2145.0	2598.61962890625
2134.0	2145.0	2593.136962890625
2132.0	2144.0	2597.883056640625
2143.0	2141.0	2570.080810546875
2145.0	2145.0	2565.873046875
2144.0	2144.0	2569.24072265625
2153.0	2145.0	2547.029296875
2142.0	2148.0	2575.70263671875
2143.0	2139.0	2573.698486328125
2144.0	2143.0	2571.730712890625
2143.0	2145.0	2574.831298828125
2142.0	2143.0	2577.89404296875
2143.0	2149.0	2575.885986328125
2151.0	2144.0	2556.510986328125
2152.0	2146.0	2555.38818359375
2151.0	2146.0	2559.2275390625
2153.0	2144.0	2555.472900390625
2141.0	2137.0	2587.134521484375
2153.0	2155.0	2557.724609375
2154.0	2161.0	2556.264404296875
2153.0	2158.0	2559.839599609375
2154.0	2157.0	2558.35693359375
2150.0	2161.0	2569.45263671875
2153.0	2157.0	2562.73828125
2153.0	2157.0	2563.48779296875
2155.0	2155.0	2559.139404296875
2154.0	2158.0	2562.44189453125
2151.0	2158.0	2570.736328125
2154.0	2157.0	2563.802734375
2152.0	2156.0	2569.484619140625
2151.0	2157.0	2572.614013671875
2152.0	2159.0	2570.579833984375
2177.0	2157.0	2507.510498046875
2153.0	2158.0	2569.065673828125
2155.0	2155.0	2564.40185546875
2151.0	2157.0	2575.05126953125
2150.0	2159.0	2578.0693359375
2154.0	2156.0	2568.301513671875
2152.0	2158.0	2573.823486328125
2155.0	2159.0	2566.505126953125
2151.0	2160.0	2577.099853515625
2155.0	2158.0	2567.233154296875
2152.0	2158.0	2575.172607421875
2152.0	2157.0	2575.43798828125
2150.0	2155.0	2580.888916015625
2153.0	2155.0	2573.4404296875
2152.0	2152.0	2576.185302734375
2150.0	2156.0	2581.531005859375
2153.0	2157.0	2574.097412109375
2154.0	2156.0	2571.74951171875
2152.0	2155.0	2577.047607421875
2153.0	2158.0	2574.690673828125
2152.0	2159.0	2577.388671875
2159.0	2158.0	2559.6845703125
2152.0	2158.0	2577.687744140625
2153.0	2162.0	2575.300048828125
2154.0	2158.0	2572.82177734375
2155.0	2156.0	2570.3662109375
2155.0	2157.0	2570.546875
2152.0	2158.0	2578.33837890625
2154.0	2158.0	2573.329345703125
2152.0	2159.0	2578.498046875
2151.0	2157.0	2581.14208984375
2151.0	2156.0	2581.18212890625
2153.0	2157.0	2576.182861328125
2155.0	2157.0	2571.15087890625
2152.0	2159.0	2578.89599609375
2153.0	2146.0	2576.375732421875
2154.0	2147.0	2573.98583984375
2154.0	2141.0	2574.0234375
2153.0	2144.0	2576.566650390625
2152.0	2148.0	2579.160400390625
2164.0	2143.0	2548.641845703125
2153.0	2146.0	2576.6953125
2154.0	2141.0	2574.163330078125
2151.0	2142.0	2581.87646484375
2153.0	2145.0	2576.779052734375
2151.0	2144.0	2581.907958984375
2144.0	2137.0	2599.0537109375
2142.0	2143.0	2603.23974609375
2143.0	2144.0	2599.900390625
2147.0	2145.0	2588.8505859375
2142.0	2146.0	2600.8955078125
2143.0	2151.0	2597.612548828125
2143.0	2143.0	2596.88720703125
2143.0	2146.0	2596.24267578125
2145.0	2144.0	2590.523681640625
2133.0	2149.0	2620.010498046875
2134.0	2143.0	2615.761474609375
2135.0	2145.0	2611.557373046875
2131.0	2144.0	2620.2744140625
2132.0	2145.0	2616.3203125
2131.0	2142.0	2617.454833984375
2133.0	2145.0	2611.079345703125
2133.0	2144.0	2609.7431640625
2136.0	2146.0	2600.978759765625
2134.0	2144.0	2605.0048828125
2132.0	2140.0	2609.075439453125
2132.0	2145.0	2608.18994140625
2135.0	2144.0	2599.726318359375
2138.0	2144.0	2591.272705078125
2135.0	2141.0	2598.1767578125
2136.0	2146.0	2594.818603515625
2135.0	2145.0	2596.70703125
2135.0	2146.0	2596.043212890625
2133.0	2143.0	2600.481689453125
2135.0	2150.0	2594.77294921875
2133.0	2144.0	2599.273681640625
2134.0	2145.0	2596.161865234375
2137.0	2144.0	2587.9296875
2132.0	2145.0	2600.275146484375
2132.0	2144.0	2599.7666015625
2135.0	2144.0	2591.71240234375
2131.0	2144.0	2601.578369140625
2133.0	2143.0	2596.103271484375
2134.0	2144.0	2593.1396484375
2133.0	2145.0	2595.384033203125
2135.0	2148.0	2589.88671875
2133.0	2143.0	2594.68994140625
2132.0	2145.0	2597.013671875
2135.0	2139.0	2589.173583984375
2134.0	2138.0	2591.49755859375
2133.0	2145.0	2593.727294921875
2143.0	2143.0	2568.059326171875
2135.0	2145.0	2588.271484375
2133.0	2140.0	2593.062744140625
2132.0	2144.0	2595.422119140625
2137.0	2144.0	2582.59423828125
2132.0	2146.0	2595.157958984375
2133.0	2143.0	2592.43798828125
2135.0	2144.0	2587.203125
2133.0	2147.0	2592.202880859375
2135.0	2145.0	2586.949951171875
2134.0	2142.0	2589.40380859375
2132.0	2144.0	2594.3310546875
2133.0	2143.0	2591.66796875
2130.0	2145.0	2599.307861328125
2132.0	2146.0	2594.09375
2134.0	2145.0	2589.020263671875
2134.0	2145.0	2588.936767578125
2134.0	2145.0	2588.852294921875
2133.0	2146.0	2591.259521484375
2132.0	2143.0	2593.750732421875
2133.0	2158.0	2591.130859375
2133.0	2145.0	2591.108154296875
2135.0	2144.0	2585.888427734375
2148.0	2144.0	2552.77099609375
2133.0	2144.0	2590.95556640625
2133.0	2146.0	2590.888671875
2134.0	2144.0	2588.329345703125
2134.0	2145.0	2588.329345703125
2132.0	2145.0	2593.387451171875
2133.0	2146.0	2590.73681640625
2134.0	2142.0	2588.1904296875
2133.0	2144.0	2590.745849609375
2140.0	2145.0	2572.90478515625
2134.0	2146.0	2588.2890625
2133.0	2140.0	2590.825927734375
2132.0	2144.0	2593.37060546875
2133.0	2144.0	2590.712646484375
2132.0	2143.0	2593.287109375
2133.0	2145.0	2590.6787109375
2134.0	2146.0	2588.127197265625
2133.0	2145.0	2590.634033203125
2134.0	2146.0	2588.076904296875
2132.0	2145.0	2593.222412109375
2131.0	2156.0	2595.7734375
2132.0	2144.0	2593.237060546875
2132.0	2143.0	2593.160888671875
2153.0	2145.0	2539.724365234375
2141.0	2147.0	2571.40625
2145.0	2144.0	2562.295166015625
2145.0	2144.0	2563.24267578125
2143.0	2142.0	2569.257080078125
2142.0	2146.0	2572.704345703125
2142.0	2147.0	2573.551025390625
2143.0	2144.0	2571.806396484375
2154.0	2145.0	2544.512451171875
2149.0	2144.0	2558.94140625
2151.0	2145.0	2555.495849609375
2153.0	2143.0	2551.88525390625
2153.0	2145.0	2553.436767578125
2153.0	2145.0	2554.774658203125
2156.0	2145.0	2548.38330078125
2152.0	2147.0	2559.78076171875
2153.0	2145.0	2558.42041015625
2153.0	2144.0	2559.666015625
2154.0	2145.0	2558.093505859375
2153.0	2145.0	2561.58154296875
2152.0	2148.0	2565.104736328125
2153.0	2144.0	2563.425537109375
2151.0	2145.0	2569.3408203125
2155.0	2142.0	2560.009521484375
2163.0	2143.0	2541.095458984375
2163.0	2160.0	2542.748779296875
2161.0	2144.0	2549.58544921875
2163.0	2145.0	2546.16796875
2161.0	2146.0	2552.70556640625
2163.0	2145.0	2549.155517578125
2163.0	2146.0	2550.466064453125
2162.0	2144.0	2554.304931640625
2162.0	2145.0	2555.497802734375
2176.0	2143.0	2521.02880859375
2162.0	2143.0	2557.736572265625
2164.0	2143.0	2553.7626953125
2165.0	2145.0	2552.095947265625
2164.0	2144.0	2555.544677734375
2161.0	2144.0	2563.96044921875
2163.0	2149.0	2559.693115234375
2161.0	2144.0	2565.56591796875
2166.0	2144.0	2553.51318359375
2163.0	2146.0	2561.81591796875
2162.0	2146.0	2565.023193359375
2163.0	2152.0	2563.020751953125
2164.0	2143.0	2561.077880859375
2163.0	2144.0	2564.18359375
2165.0	2147.0	2559.618896484375
2161.0	2146.0	2570.2666015625
2164.0	2128.0	2563.029052734375
2161.0	2132.0	2571.044921875
2162.0	2130.0	2568.820556640625
2164.0	2134.0	2564.117431640625
2161.0	2129.0	2572.061279296875
2165.0	2128.0	2562.205322265625
2164.0	2131.0	2565.0029296875
2160.0	2129.0	2575.47119140625
2164.0	2132.0	2565.600830078125
2162.0	2132.0	2570.932373046875
2162.0	2131.0	2571.225830078125
2163.0	2131.0	2568.8564453125
2165.0	2131.0	2563.955078125
2152.0	2128.0	2596.726318359375
2154.0	2123.0	2590.755126953125
2154.0	2129.0	2589.963134765625
2152.0	2131.0	2594.2177734375
2151.0	2132.0	2595.94921875
2152.0	2127.0	2592.659912109375
2152.0	2131.0	2591.92041015625
2151.0	2131.0	2593.85693359375
2155.0	2130.0	2583.07373046875
2151.0	2133.0	2592.717041015625
2153.0	2136.0	2587.03515625
2152.0	2128.0	2589.069580078125
2154.0	2131.0	2583.48291015625
2155.0	2130.0	2580.525146484375
2153.0	2135.0	2585.142822265625
2154.0	2128.0	2582.166748046875
2152.0	2130.0	2586.89697265625
2151.0	2131.0	2589.084716796875
2143.0	2130.0	2608.65185546875
2142.0	2130.0	2609.833251953125
2144.0	2132.0	2603.55712890625
2143.0	2131.0	2604.9453125
2144.0	2131.0	2601.23779296875
2143.0	2131.0	2602.772705078125
2146.0	2129.0	2594.11669921875
2143.0	2132.0	2600.82421875
2142.0	2132.0	2602.52685546875
2157.0	2130.0	2563.505126953125
2144.0	2133.0	2595.82177734375
2145.0	2129.0	2592.527099609375
2143.0	2131.0	2596.90673828125
2143.0	2132.0	2596.1865234375
2142.0	2133.0	2598.13232421875
2143.0	2135.0	2594.9404296875
2142.0	2131.0	2596.915283203125
2141.0	2129.0	2598.908203125
2141.0	2131.0	2598.374755859375
2142.0	2129.0	2595.467041015625
2144.0	2129.0	2589.94921875
2143.0	2144.0	2592.089111328125
2133.0	2147.0	2617.100341796875
2134.0	2145.0	2613.00634765625
2134.0	2145.0	2611.597412109375
2133.0	2145.0	2612.784423828125
2133.0	2147.0	2611.580810546875
2132.0	2146.0	2612.969482421875
2132.0	2146.0	2611.856689453125
2132.0	2145.0	2610.860107421875
2133.0	2144.0	2607.3046875
2133.0	2145.0	2606.39892578125
2134.0	2146.0	2602.90185546875
2132.0	2146.0	2607.197998046875
2137.0	2154.0	2593.556640625
2137.0	2145.0	2592.8056640625
2133.0	2146.0	2602.20654296875
2147.0	2148.0	2565.9208984375
2131.0	2144.0	2606.013671875
2132.0	2146.0	2602.84228515625
2133.0	2146.0	2599.654541015625
2132.0	2144.0	2601.671142578125
2142.0	2143.0	2575.73193359375
2143.0	2145.0	2573.8447265625
2142.0	2145.0	2576.956787109375
2145.0	2144.0	2569.8974609375
2143.0	2144.0	2575.492919921875
2143.0	2143.0	2576.04296875
2146.0	2138.0	2568.94482421875
2144.0	2145.0	2574.49609375
2143.0	2146.0	2577.40087890625
2141.0	2144.0	2582.7353515625
2142.0	2144.0	2580.539794921875
2143.0	2142.0	2578.35986328125
2154.0	2145.0	2551.61962890625
2154.0	2144.0	2552.872314453125
2157.0	2144.0	2546.398193359375
2154.0	2142.0	2555.2080078125
2153.0	2143.0	2558.83544921875
2154.0	2144.0	2557.328857421875
2153.0	2145.0	2560.808837890625
2152.0	2147.0	2564.3056640625
2153.0	2147.0	2562.617919921875
2152.0	2144.0	2565.9404296875
2153.0	2145.0	2564.233642578125
2153.0	2145.0	2564.953857421875
2151.0	2145.0	2570.706787109375
2152.0	2158.0	2568.751953125
2152.0	2143.0	2569.399169921875
2153.0	2144.0	2567.368896484375
2154.0	2144.0	2565.451904296875
2153.0	2147.0	2568.567138671875
2151.0	2143.0	2574.161865234375
2151.0	2145.0	2574.603515625
2152.0	2145.0	2572.395263671875
2158.0	2144.0	2558.21142578125
2164.0	2150.0	2544.365234375
2164.0	2145.0	2545.74658203125
2162.0	2145.0	2552.16845703125
2160.0	2145.0	2558.5859375
2162.0	2145.0	2554.666015625
2162.0	2150.0	2555.696044921875
2162.0	2145.0	2556.73486328125
2162.0	2144.0	2557.652587890625
2159.0	2145.0	2566.1494140625
2164.0	2144.0	2554.335693359375
2165.0	2149.0	2552.5556640625
2164.0	2143.0	2555.94189453125
2165.0	2145.0	2554.15771484375
2168.0	2144.0	2547.27392578125
2162.0	2145.0	2563.260009765625
2162.0	2154.0	2563.79931640625
2164.0	2146.0	2559.306396484375
2163.0	2144.0	2562.4541015625
2164.0	2145.0	2560.375
2162.0	2143.0	2565.92626953125
2164.0	2143.0	2561.27978515625
2163.0	2146.0	2564.231689453125
2163.0	2145.0	2564.66357421875
2161.0	2133.0	2570.161376953125
2161.0	2130.0	2570.4677734375
2163.0	2132.0	2565.728515625
2152.0	2132.0	2593.138671875
2152.0	2130.0	2592.40380859375
2151.0	2129.0	2594.2861328125
2152.0	2133.0	2590.994873046875
2153.0	2130.0	2587.877197265625
2152.0	2131.0	2589.857421875
2153.0	2130.0	2586.734619140625
2152.0	2131.0	2588.853759765625
2152.0	2126.0	2588.336181640625
2153.0	2132.0	2585.35205078125
2151.0	2131.0	2590.003662109375
2154.0	2135.0	2581.935546875
2154.0	2130.0	2581.57568359375
2151.0	2129.0	2588.759033203125
2154.0	2148.0	2580.7587890625
2152.0	2132.0	2585.5361328125
2154.0	2130.0	2580.082763671875
2152.0	2134.0	2584.96044921875
2151.0	2131.0	2587.17724609375
2156.0	2130.0	2574.137451171875
2154.0	2130.0	2579.001953125
2152.0	2133.0	2583.89697265625
2153.0	2130.0	2581.115478515625
2143.0	2130.0	2605.978759765625
2144.0	2131.0	2602.213623046875
2145.0	2131.0	2598.518798828125
2142.0	2131.0	2605.048583984375
2144.0	2128.0	2598.852783203125
2142.0	2134.0	2602.97607421875
2142.0	2131.0	2602.0869140625
2146.0	2131.0	2590.9951171875
2143.0	2134.0	2597.88427734375
2143.0	2127.0	2597.062255859375
2144.0	2132.0	2593.793701171875
2144.0	2131.0	2593.015869140625
2142.0	2131.0	2597.408935546875
2147.0	2133.0	2584.019775390625
2145.0	2130.0	2588.54150390625
2142.0	2132.0	2595.717529296875
2150.0	2130.0	2574.7802734375
2142.0	2130.0	2594.663330078125
2145.0	2131.0	2586.494384765625
2144.0	2130.0	2588.60009765625
2142.0	2132.0	2593.240234375
2145.0	2130.0	2585.16259765625
2142.0	2130.0	2592.4638671875
2152.0	2126.0	2566.672607421875
2153.0	2131.0	2564.7529296875
2151.0	2132.0	2570.46044921875
2151.0	2145.0	2571.00830078125
2151.0	2145.0	2571.610595703125
2153.0	2138.0	2566.98779296875
2152.0	2144.0	2570.01611328125
2154.0	2145.0	2565.415771484375
2151.0	2148.0	2573.5126953125
2153.0	2144.0	2568.839599609375
2151.0	2144.0	2574.31005859375
2154.0	2143.0	2567.11865234375
2151.0	2144.0	2575.06494140625
2152.0	2143.0	2572.865234375
2152.0	2143.0	2573.1982421875
2152.0	2159.0	2573.473876953125
2152.0	2144.0	2573.7060546875
2153.0	2143.0	2571.425537109375
2154.0	2145.0	2569.1083984375
2152.0	2147.0	2574.4130859375
2153.0	2160.0	2572.075439453125
2152.0	2144.0	2574.83935546875
2153.0	2146.0	2572.550537109375
2156.0	2144.0	2565.066650390625
2153.0	2144.0	2572.844970703125
2153.0	2141.0	2572.9619140625
2152.0	2141.0	2575.748046875
2153.0	2146.0	2573.28857421875
2167.0	2146.0	2537.7451171875
2151.0	2142.0	2578.536376953125
2153.0	2149.0	2573.495361328125
2152.0	2146.0	2576.15673828125
2151.0	2144.0	2578.82373046875
2149.0	2146.0	2583.97509765625
2151.0	2147.0	2579.008056640625
2152.0	2145.0	2576.474853515625
2153.0	2143.0	2574.03369140625
2152.0	2146.0	2576.647216796875
2149.0	2145.0	2584.363037109375
2153.0	2146.0	2574.2841796875
2151.0	2144.0	2579.217529296875
2153.0	2143.0	2574.26171875
2154.0	2143.0	2571.865478515625
2151.0	2145.0	2579.55859375
2152.0	2150.0	2577.0302734375
2151.0	2144.0	2579.712890625
2152.0	2146.0	2577.291259765625
2154.0	2145.0	2572.2265625
2153.0	2146.0	2574.854248046875
2153.0	2144.0	2574.854248046875
2152.0	2143.0	2577.462646484375
2153.0	2143.0	2574.967529296875
2153.0	2145.0	2574.970458984375
2153.0	2163.0	2574.996826171875
2151.0	2149.0	2580.0791015625
2163.0	2145.0	2549.90234375
2162.0	2143.0	2553.645751953125
2169.0	2145.0	2536.8369140625
2162.0	2146.0	2555.696533203125
2162.0	2143.0	2556.674072265625
2161.0	2143.0	2560.0615234375
2163.0	2143.0	2555.7724609375
2166.0	2147.0	2548.94482421875
2163.0	2146.0	2557.31787109375
2164.0	2144.0	2555.427978515625
2163.0	2144.0	2558.606201171875
2164.0	2144.0	2556.714599609375
2161.0	2144.0	2564.919677734375
2162.0	2140.0	2562.895263671875
2162.0	2155.0	2563.3251953125
2151.0	2143.0	2591.27197265625
2151.0	2144.0	2590.755615234375
2150.0	2144.0	2592.7490234375
2153.0	2149.0	2584.611328125
2153.0	2144.0	2584.1064453125
2153.0	2146.0	2583.586181640625
2154.0	2145.0	2580.55078125
2151.0	2146.0	2587.76318359375
2152.0	2144.0	2584.91015625
2153.0	2143.0	2581.926513671875
2151.0	2144.0	2586.63134765625
2152.0	2145.0	2583.737060546875
2150.0	2146.0	2588.407470703125
2152.0	2145.0	2582.968505859375
2153.0	2143.0	2580.1142578125
2153.0	2146.0	2579.819580078125
2153.0	2144.0	2579.547607421875
2152.0	2145.0	2581.877197265625
2154.0	2147.0	2576.561279296875
2152.0	2143.0	2581.39990234375
2151.0	2144.0	2583.842041015625
2155.0	2144.0	2573.42041015625
2153.0	2147.0	2578.327392578125
2152.0	2154.0	2580.5751953125
2142.0	2147.0	2605.8125
2143.0	2143.0	2602.04296875
2144.0	2145.0	2598.386962890625
2145.0	2152.0	2594.75341796875
2143.0	2144.0	2598.85595703125
2145.0	2142.0	2592.843505859375
2142.0	2146.0	2599.582763671875
2141.0	2146.0	2601.220458984375
2145.0	2137.0	2590.15966796875
2142.0	2145.0	2597.119140625
2144.0	2146.0	2591.32421875
2147.0	2145.0	2583.005615234375
2144.0	2121.0	2590.0439453125
2145.0	2139.0	2586.923583984375
2132.0	2145.0	2618.83642578125
2134.0	2144.0	2612.11865234375
2136.0	2147.0	2605.468017578125
2131.0	2144.0	2616.753662109375
2113.0	2151.0	2661.18798828125
2134.0	2146.0	2606.43994140625
2134.0	2147.0	2605.287353515625
2134.0	2145.0	2604.11181640625
2132.0	2145.0	2608.169189453125
2135.0	2137.0	2599.49169921875
2134.0	2144.0	2601.058349609375
2132.0	2146.0	2605.1884765625
2133.0	2145.0	2601.765625
2134.0	2143.0	2598.410888671875
2132.0	2146.0	2602.695068359375
2133.0	2145.0	2599.375
2134.0	2144.0	2596.145751953125
2133.0	2144.0	2598.024658203125
2133.0	2143.0	2597.448974609375
2133.0	2150.0	2596.83544921875
2131.0	2143.0	2601.40185546875
2134.0	2145.0	2593.16650390625
2136.0	2144.0	2587.63427734375
2132.0	2143.0	2597.38623046875
2132.0	2142.0	2597.03271484375
2133.0	2144.0	2594.16650390625
2134.0	2142.0	2591.285400390625
2134.0	2144.0	2590.850341796875
2133.0	2143.0	2593.079833984375
2131.0	2144.0	2597.781494140625
2145.0	2146.0	2562.4169921875
2144.0	2147.0	2565.822021484375
2143.0	2143.0	2569.15234375
2142.0	2145.0	2572.34375
2146.0	2143.0	2562.845703125
2144.0	2145.0	2568.591064453125
2145.0	2147.0	2566.573974609375
2144.0	2146.0	2569.67626953125
2143.0	2145.0	2572.736572265625
2154.0	2144.0	2545.87255859375
2151.0	2145.0	2554.924560546875
2152.0	2144.0	2553.73291015625
2153.0	2149.0	2552.529541015625
2153.0	2145.0	2553.789306640625
2151.0	2144.0	2560.015625
2153.0	2146.0	2555.958984375
2154.0	2145.0	2554.462158203125
2151.0	2142.0	2563.15234375
2152.0	2154.0	2561.5068359375
2153.0	2144.0	2559.82861328125
2152.0	2143.0	2563.15576171875
2153.0	2145.0	2561.341796875
2150.0	2146.0	2569.7275390625
2152.0	2150.0	2565.32421875
2151.0	2144.0	2568.49072265625
2152.0	2147.0	2566.54052734375
2158.0	2144.0	2551.859375
2150.0	2148.0	2572.7294921875
2153.0	2159.0	2565.60546875
2153.0	2144.0	2566.0703125
2154.0	2144.0	2564.02197265625
2163.0	2146.0	2541.579345703125
2156.0	2146.0	2559.802734375
2154.0	2146.0	2565.26318359375
2161.0	2144.0	2548.789794921875
2162.0	2145.0	2547.68994140625
2163.0	2142.0	2546.508544921875
2162.0	2149.0	2550.254638671875
2162.0	2159.0	2551.380126953125
2163.0	2142.0	2549.959228515625
2162.0	2144.0	2553.553955078125
2162.0	2143.0	2554.5
2165.0	2151.0	2547.86767578125
2161.0	2157.0	2558.90087890625
2163.0	2157.0	2554.73779296875
2162.0	2159.0	2558.064697265625
2162.0	2156.0	2558.854736328125
2155.0	2165.0	2576.735107421875
2152.0	2156.0	2583.951171875
2151.0	2156.0	2586.063232421875
2155.0	2156.0	2575.504150390625
2152.0	2156.0	2582.808837890625
2155.0	2158.0	2574.8544921875
2152.0	2157.0	2582.19921875
2153.0	2158.0	2579.41845703125
2152.0	2158.0	2581.684814453125
2151.0	2160.0	2584.0517578125
2152.0	2138.0	2581.32568359375
2152.0	2158.0	2581.11083984375
2151.0	2158.0	2583.374267578125
2153.0	2159.0	2577.9951171875
2152.0	2158.0	2580.27734375
2151.0	2161.0	2582.579833984375
2154.0	2158.0	2574.794921875
2154.0	2157.0	2574.614501953125
2156.0	2161.0	2569.372802734375
2153.0	2157.0	2576.89990234375
2153.0	2155.0	2576.720458984375
2155.0	2157.0	2571.479736328125
2152.0	2144.0	2578.954833984375
2151.0	2145.0	2581.356689453125
2152.0	2145.0	2578.753662109375
2152.0	2143.0	2578.711181640625
2164.0	2146.0	2548.640625
2165.0	2130.0	2546.97509765625
2171.0	2130.0	2533.322998046875
2182.0	2123.0	2507.498291015625
2193.0	2106.0	2482.585693359375
2202.0	2094.0	2463.400146484375
2210.0	2093.0	2447.8515625
2219.0	2080.0	2430.296142578125
2220.0	2081.0	2433.739501953125
2231.0	2065.0	2412.365478515625
2240.0	2053.0	2396.5732421875
2248.0	2039.0	2383.708251953125
2259.0	2029.0	2364.15478515625
2270.0	2016.0	2344.9541015625
2289.0	2003.0	2306.188720703125
2289.0	1989.0	2316.734375
2290.0	1989.0	2324.100830078125
2318.0	1963.0	2264.277099609375
2317.0	1964.0	2278.738525390625
2329.0	1950.0	2260.464111328125
2336.0	1938.0	2254.771240234375
2352.0	1936.0	2226.54833984375
2357.0	1928.0	2226.97802734375
2375.0	1907.0	2194.92236328125
2389.0	1899.0	2173.5205078125
2397.0	1886.0	2167.608642578125
2396.0	1886.0	2184.78369140625
2427.0	1875.0	2121.795166015625
2426.0	1873.0	2140.455078125
2435.0	1862.0	2133.73046875
2437.0	1859.0	2143.92138671875
2447.0	1849.0	2133.52392578125
2454.0	1840.0	2130.67578125
2464.0	1835.0	2120.79541015625
2473.0	1823.0	2113.2421875
2485.0	1821.0	2098.35791015625
2486.0	1821.0	2111.38818359375
2485.0	1808.0	2128.564453125
2493.0	1794.0	2122.828857421875
2505.0	1795.0	2107.302978515625
2504.0	1787.0	2124.207275390625
2512.0	1782.0	2117.897216796875
2522.0	1773.0	2106.52099609375
2521.0	1770.0	2123.101318359375
2522.0	1772.0	2133.770263671875
2536.0	1757.0	2110.70751953125
2534.0	1759.0	2128.763671875
2533.0	1756.0	2143.444091796875
2532.0	1757.0	2157.40087890625
2543.0	1760.0	2140.619873046875
2542.0	1747.0	2154.362060546875
2541.0	1740.0	2167.483154296875
2541.0	1746.0	2177.372802734375
2544.0	1746.0	2179.091064453125
2542.0	1744.0	2193.01904296875
2541.0	1744.0	2203.80224609375
2540.0	1745.0	2214.197998046875
2540.0	1741.0	2221.527587890625
2544.0	1744.0	2218.26220703125
2542.0	1744.0	2229.8369140625
2540.0	1746.0	2241.040283203125
2544.0	1754.0	2236.635009765625
2542.0	1758.0	2247.13916015625
2540.0	1758.0	2257.22900390625
2542.0	1758.0	2256.869873046875
2534.0	1754.0	2280.76513671875
2532.0	1764.0	2289.01513671875
2532.0	1771.0	2291.942626953125
2523.0	1770.0	2316.841552734375
2521.0	1783.0	2323.3583984375
2525.0	1785.0	2314.602294921875
2511.0	1798.0	2350.94189453125
2503.0	1794.0	2371.0576171875
2501.0	1797.0	2375.235595703125
2502.0	1797.0	2371.6611328125
2494.0	1824.0	2390.28564453125
2495.0	1822.0	2385.76123046875
2483.0	1820.0	2413.459228515625
2474.0	1834.0	2432.826416015625
2473.0	1839.0	2431.776611328125
2465.0	1848.0	2448.198486328125
2455.0	1848.0	2469.134765625
2457.0	1860.0	2458.78759765625
2444.0	1863.0	2486.78466796875
2446.0	1863.0	2475.7998046875
2434.0	1873.0	2499.744384765625
2423.0	1886.0	2520.63671875
2423.0	1887.0	2513.535888671875
2414.0	1896.0	2528.880859375
2404.0	1913.0	2546.41455078125
2396.0	1911.0	2558.44189453125
2387.0	1925.0	2572.563720703125
2375.0	1939.0	2593.357666015625
2365.0	1932.0	2608.662841796875
2366.0	1937.0	2595.630859375
2356.0	1949.0	2610.188232421875
2342.0	1965.0	2634.6103515625
2338.0	1964.0	2633.219970703125
2328.0	1970.0	2646.524169921875
2319.0	1986.0	2657.06982421875
2308.0	1988.0	2672.446533203125
2310.0	2004.0	2654.766357421875
2307.0	2009.0	2650.3837890625
2289.0	2028.0	2683.761962890625
2288.0	2027.0	2673.439453125
2280.0	2041.0	2680.634765625
2269.0	2052.0	2695.356201171875
2261.0	2073.0	2702.182861328125
2250.0	2066.0	2716.531005859375
2240.0	2081.0	2727.771484375
2243.0	2081.0	2706.1552734375
2230.0	2093.0	2725.93212890625
2229.0	2094.0	2714.77001953125
2220.0	2105.0	2723.7958984375
2211.0	2106.0	2732.773193359375
2206.0	2119.0	2731.009521484375
2202.0	2127.0	2727.42578125
2193.0	2128.0	2736.66162109375
2182.0	2145.0	2750.857177734375
2172.0	2144.0	2762.4501953125
2178.0	2158.0	2733.05615234375
2155.0	2168.0	2778.235595703125
2162.0	2173.0	2746.751220703125
2152.0	2169.0	2758.248291015625
2143.0	2183.0	2767.193603515625
2136.0	2181.0	2770.448974609375
2133.0	2196.0	2764.312255859375
2124.0	2195.0	2773.597900390625
2115.0	2209.0	2782.79052734375
2114.0	2210.0	2771.559326171875
2102.0	2220.0	2788.791015625
2106.0	2224.0	2765.30224609375
2106.0	2221.0	2752.684326171875
2095.0	2235.0	2767.764404296875
2096.0	2238.0	2752.823974609375
2084.0	2236.0	2771.20654296875
2077.0	2247.0	2776.23046875
2074.0	2250.0	2771.386474609375
2078.0	2262.0	2749.409423828125
2065.0	2263.0	2771.326904296875
2067.0	2259.0	2754.692626953125
2056.0	2276.0	2771.73193359375
2056.0	2274.0	2760.33642578125
2055.0	2275.0	2752.060791015625
2057.0	2272.0	2736.76611328125
2056.0	2287.0	2729.6650390625
2045.0	2281.0	2748.224609375
2047.0	2299.0	2733.5029296875
2044.0	2300.0	2731.945556640625
2049.0	2300.0	2710.498046875
2046.0	2303.0	2709.902099609375
2037.0	2298.0	2724.099853515625
2038.0	2302.0	2713.280517578125
2035.0	2300.0	2713.065673828125
2049.0	2315.0	2670.024169921875
2036.0	2314.0	2696.102294921875
2026.0	2312.0	2714.596923828125
2026.0	2313.0	2707.31689453125
2027.0	2313.0	2697.9521484375
2023.0	2314.0	2701.553955078125
2028.0	2316.0	2682.663818359375
2026.0	2315.0	2681.90478515625
2025.0	2313.0	2678.924072265625
2027.0	2315.0	2668.5625
2025.0	2314.0	2668.804443359375
2026.0	2319.0	2661.610107421875
2026.0	2314.0	2657.16796875
2025.0	2313.0	2655.594970703125
2026.0	2312.0	2649.119140625
2026.0	2313.0	2645.473388671875
2026.0	2316.0	2641.983154296875
2029.0	2313.0	2631.1318359375
2028.0	2314.0	2630.58544921875
2025.0	2315.0	2635.466552734375
2038.0	2309.0	2600.4619140625
2039.0	2307.0	2596.354736328125
2037.0	2301.0	2599.922119140625
2037.0	2300.0	2598.578369140625
2034.0	2302.0	2604.99169921875
2038.0	2302.0	2593.6396484375
2036.0	2296.0	2597.59814453125
2038.0	2300.0	2591.48583984375
2037.0	2299.0	2593.0341796875
2044.0	2300.0	2574.333740234375
2035.0	2300.0	2596.3671875
2045.0	2300.0	2570.60400390625
2047.0	2286.0	2565.802734375
2045.0	2288.0	2571.1484375
2048.0	2287.0	2563.711669921875
2047.0	2288.0	2566.5654296875
2049.0	2292.0	2561.75341796875
2047.0	2274.0	2567.060791015625
2045.0	2274.0	2572.379638671875
2056.0	2271.0	2545.22021484375
2057.0	2272.0	2544.052734375
2055.0	2273.0	2550.43115234375
2055.0	2260.0	2551.649658203125
2055.0	2262.0	2552.751708984375
2054.0	2257.0	2556.478271484375
2056.0	2267.0	2552.37451171875
2056.0	2261.0	2553.4365234375
2055.0	2263.0	2556.959228515625
2057.0	2248.0	2552.822265625
2067.0	2248.0	2528.858642578125
2066.0	2248.0	2533.29638671875
2067.0	2248.0	2532.53857421875
2066.0	2248.0	2536.878662109375
2066.0	2248.0	2538.468994140625
2064.0	2248.0	2545.13720703125
2066.0	2253.0	2541.4990234375
2067.0	2251.0	2540.2919921875
2065.0	2237.0	2546.806640625
2066.0	2235.0	2545.4912109375
2063.0	2234.0	2554.360595703125
2074.0	2239.0	2527.8330078125
2076.0	2234.0	2524.814453125
2076.0	2234.0	2526.813232421875
2074.0	2236.0	2533.721923828125
2073.0	2235.0	2537.898193359375
2075.0	2234.0	2534.50537109375
2074.0	2239.0	2538.720947265625
2075.0	2235.0	2537.81884765625
2077.0	2234.0	2534.2236328125
2076.0	2236.0	2538.1318359375
2076.0	2234.0	2539.46728515625
2074.0	2237.0	2545.817626953125
2077.0	2235.0	2539.425537109375
2075.0	2237.0	2545.665283203125
2079.0	2234.0	2536.58837890625
2074.0	2237.0	2550.3525390625
2075.0	2239.0	2548.789306640625
2076.0	2234.0	2547.243896484375
2084.0	2237.0	2528.186767578125
2092.0	2235.0	2509.76416015625
2084.0	2234.0	2532.0048828125
2085.0	2229.0	2531.33837890625
2088.0	2234.0	2525.437744140625
2085.0	2235.0	2534.71337890625
2086.0	2236.0	2533.6669921875
2085.0	2235.0	2537.679931640625
2085.0	2242.0	2539.128173828125
2085.0	2235.0	2540.42041015625
2085.0	2235.0	2541.7080078125
2081.0	2238.0	2553.0322265625
2085.0	2235.0	2544.00830078125
2085.0	2234.0	2545.206298828125
2075.0	2235.0	2571.679931640625
2086.0	2248.0	2544.73828125
2081.0	2249.0	2558.458740234375
2085.0	2248.0	2549.1669921875
2086.0	2253.0	2547.429931640625
2086.0	2247.0	2548.19580078125
2085.0	2247.0	2551.559326171875
2082.0	2250.0	2559.89453125
2085.0	2247.0	2552.981201171875
2076.0	2241.0	2576.546875
2076.0	2250.0	2576.062255859375
2074.0	2247.0	2580.69970703125
2079.0	2249.0	2567.653076171875
2075.0	2248.0	2577.482421875
2075.0	2256.0	2577.18359375
2074.0	2262.0	2579.477294921875
2076.0	2261.0	2574.03173828125
2083.0	2261.0	2555.9248046875
2074.0	2262.0	2578.656982421875
2075.0	2259.0	2575.968505859375
2065.0	2260.0	2600.5078125
2064.0	2262.0	2601.874755859375
2072.0	2261.0	2580.436279296875
2065.0	2262.0	2597.29150390625
2066.0	2266.0	2593.7763671875
2066.0	2262.0	2592.877685546875
2066.0	2273.0	2592.021484375
2067.0	2273.0	2588.85791015625
2065.0	2276.0	2593.231689453125
2065.0	2273.0	2592.564453125
2056.0	2275.0	2614.20458984375
2056.0	2276.0	2612.5712890625
2055.0	2273.0	2613.5498046875
2056.0	2276.0	2609.569091796875
2055.0	2274.0	2610.771240234375
2055.0	2274.0	2609.531005859375
2056.0	2274.0	2605.783935546875
2060.0	2289.0	2594.473388671875
2057.0	2287.0	2601.22119140625
2057.0	2279.0	2600.256591796875
2055.0	2287.0	2604.384521484375
2056.0	2287.0	2601.003662109375
2061.0	2286.0	2587.53125
2056.0	2287.0	2599.52734375
2045.0	2280.0	2626.422119140625
2047.0	2286.0	2619.56103515625
2044.0	2287.0	2625.516357421875
2046.0	2287.0	2618.85546875
2049.0	2289.0	2609.71728515625
2045.0	2305.0	2618.558349609375
2047.0	2302.0	2612.250732421875
2044.0	2302.0	2618.693359375
2041.0	2300.0	2625.233154296875
2044.0	2303.0	2616.524658203125
2047.0	2300.0	2607.83837890625
2045.0	2302.0	2612.059814453125
2046.0	2317.0	2608.677734375
2046.0	2301.0	2607.92626953125
2046.0	2300.0	2607.145263671875
2045.0	2298.0	2609.065673828125
2036.0	2301.0	2630.59912109375
2040.0	2300.0	2618.994384765625
2037.0	2300.0	2625.136962890625
