2140.0	2169.0	2133.01416015625
2146.0	2170.0	2117.41259765625
2144.0	2170.0	2122.1357421875
2143.0	2170.0	2124.2919921875
2142.0	2173.0	2126.39208984375
2142.0	2170.0	2126.02685546875
2145.0	2169.0	2118.1767578125
2145.0	2173.0	2117.904052734375
2144.0	2168.0	2120.2421875
2143.0	2168.0	2122.502685546875
2141.0	2167.0	2127.23779296875
2146.0	2169.0	2114.27978515625
2143.0	2171.0	2121.774169921875
2146.0	2169.0	2113.86083984375
2142.0	2170.0	2123.832763671875
2148.0	2171.0	2108.45263671875
2144.0	2172.0	2118.552978515625
2154.0	2169.0	2093.283447265625
2153.0	2170.0	2096.590576171875
2153.0	2170.0	2097.35791015625
2156.0	2172.0	2090.422607421875
2153.0	2171.0	2098.78564453125
2151.0	2171.0	2104.455810546875
2152.0	2171.0	2102.541748046875
2151.0	2168.0	2105.66357421875
2151.0	2172.0	2106.250732421875
2151.0	2168.0	2106.853515625
2153.0	2168.0	2102.359375
2152.0	2170.0	2105.51123046875
2146.0	2170.0	2121.23681640625
2160.0	2171.0	2085.945556640625
2150.0	2170.0	2111.816650390625
2153.0	2168.0	2104.530517578125
2152.0	2170.0	2107.4580078125
2153.0	2170.0	2105.234619140625
2152.0	2171.0	2108.02294921875
2152.0	2169.0	2108.394287109375
2154.0	2169.0	2103.58203125
2152.0	2173.0	2108.950439453125
2152.0	2166.0	2109.143798828125
2154.0	2173.0	2104.24267578125
2154.0	2169.0	2104.498779296875
2161.0	2166.0	2087.172607421875
2163.0	2169.0	2083.276123046875
2156.0	2168.0	2102.297119140625
2168.0	2171.0	2072.8994140625
2161.0	2170.0	2091.784912109375
2160.0	2172.0	2095.34423828125
2162.0	2168.0	2091.2197265625
2162.0	2171.0	2092.07763671875
2163.0	2171.0	2090.51806640625
2162.0	2172.0	2093.89599609375
2161.0	2170.0	2097.158447265625
2162.0	2174.0	2095.270751953125
2163.0	2176.0	2093.39453125
2163.0	2171.0	2094.075927734375
2161.0	2168.0	2099.8896484375
2160.0	2172.0	2103.049560546875
2162.0	2169.0	2098.48779296875
2169.0	2171.0	2081.186279296875
2166.0	2170.0	2089.334716796875
2161.0	2170.0	2102.509765625
2163.0	2171.0	2097.954833984375
2162.0	2171.0	2100.89892578125
2163.0	2172.0	2098.6484375
2164.0	2171.0	2096.54052734375
2164.0	2169.0	2096.857421875
2161.0	2169.0	2104.813720703125
2166.0	2170.0	2092.338134765625
2164.0	2173.0	2097.671142578125
2164.0	2173.0	2098.015869140625
2164.0	2170.0	2098.180908203125
2162.0	2171.0	2103.619873046875
2164.0	2171.0	2098.77294921875
2160.0	2170.0	2109.120361328125
2157.0	2169.0	2115.91162109375
2153.0	2169.0	2125.269287109375
2153.0	2170.0	2124.37841796875
2152.0	2171.0	2126.15966796875
2154.0	2170.0	2120.258056640625
2153.0	2171.0	2122.146728515625
2152.0	2170.0	2124.015625
2155.0	2171.0	2115.8017578125
2152.0	2169.0	2122.87060546875
2151.0	2169.0	2124.875732421875
2152.0	2169.0	2121.859130859375
2152.0	2174.0	2121.426513671875
2150.0	2173.0	2126.104248046875
2151.0	2170.0	2123.143310546875
2149.0	2156.0	2127.822265625
2157.0	2157.0	2107.07763671875
2151.0	2157.0	2121.93212890625
2152.0	2155.0	2118.79931640625
2153.0	2157.0	2115.830322265625
2152.0	2156.0	2118.0673828125
2153.0	2156.0	2115.207763671875
2152.0	2157.0	2117.459716796875
2152.0	2155.0	2117.10546875
2153.0	2158.0	2114.276611328125
2151.0	2163.0	2119.11669921875
2152.0	2151.0	2116.265625
2153.0	2158.0	2113.4775390625
2153.0	2159.0	2113.255859375
2152.0	2159.0	2115.49951171875
2151.0	2158.0	2117.85498046875
2132.0	2157.0	2166.036376953125
2157.0	2158.0	2102.2724609375
2156.0	2155.0	2104.62841796875
2151.0	2156.0	2117.162353515625
2153.0	2157.0	2112.025390625
2152.0	2159.0	2114.38330078125
2162.0	2158.0	2089.31103515625
2163.0	2158.0	2087.747314453125
2163.0	2142.0	2088.573486328125
2164.0	2144.0	2086.9521484375
2162.0	2139.0	2092.8828125
2162.0	2143.0	2093.542236328125
2164.0	2157.0	2089.11767578125
2162.0	2157.0	2094.8203125
2162.0	2157.0	2095.471923828125
2163.0	2157.0	2093.50048828125
2177.0	2159.0	2058.3876953125
2173.0	2158.0	2069.86767578125
2171.0	2161.0	2076.402587890625
2173.0	2157.0	2072.608154296875
2171.0	2159.0	2079.02880859375
2171.0	2156.0	2080.38232421875
2172.0	2155.0	2079.1044921875
2171.0	2157.0	2082.78125
2172.0	2157.0	2081.31494140625
2173.0	2154.0	2079.740966796875
2172.0	2164.0	2083.197265625
2172.0	2159.0	2084.01025390625
2171.0	2157.0	2087.439697265625
2171.0	2156.0	2088.10791015625
2170.0	2159.0	2091.308837890625
2167.0	2159.0	2099.633544921875
2170.0	2169.0	2092.678466796875
2173.0	2169.0	2085.66796875
2173.0	2170.0	2086.171630859375
2173.0	2171.0	2086.751708984375
2171.0	2170.0	2092.375244140625
2176.0	2171.0	2080.109375
2162.0	2170.0	2115.809326171875
2162.0	2173.0	2115.1982421875
2162.0	2171.0	2114.673583984375
2162.0	2167.0	2114.1298828125
2165.0	2172.0	2105.982666015625
2165.0	2175.0	2105.57470703125
2162.0	2170.0	2112.771240234375
2164.0	2171.0	2107.31201171875
2162.0	2170.0	2112.018798828125
2168.0	2172.0	2096.373046875
2163.0	2171.0	2108.736083984375
2163.0	2172.0	2108.421142578125
2153.0	2169.0	2132.625732421875
2152.0	2171.0	2133.928955078125
2152.0	2170.0	2132.58203125
2152.0	2170.0	2131.32177734375
2152.0	2170.0	2130.139892578125
2153.0	2170.0	2126.60205078125
2153.0	2169.0	2125.548583984375
2153.0	2170.0	2124.43896484375
2151.0	2177.0	2128.56787109375
2152.0	2173.0	2125.074951171875
2152.0	2172.0	2124.263427734375
2144.0	2170.0	2143.19873046875
2144.0	2170.0	2141.552734375
2153.0	2157.0	2117.064453125
2141.0	2157.0	2146.02783203125
2144.0	2160.0	2136.814697265625
2142.0	2159.0	2140.475341796875
2144.0	2152.0	2134.012451171875
2143.0	2157.0	2135.335693359375
2145.0	2155.0	2129.10498046875
2142.0	2156.0	2135.63330078125
2143.0	2156.0	2132.029052734375
2144.0	2156.0	2128.481689453125
2144.0	2156.0	2127.572509765625
2143.0	2159.0	2129.240234375
2142.0	2154.0	2130.921875
2144.0	2144.0	2125.051513671875
2141.0	2145.0	2131.952880859375
2141.0	2144.0	2131.2763671875
2137.0	2144.0	2139.981689453125
2135.0	2145.0	2143.340576171875
2133.0	2146.0	2146.771728515625
2132.0	2145.0	2147.801025390625
2133.0	2143.0	2143.80029296875
2136.0	2144.0	2134.677490234375
2133.0	2147.0	2140.982666015625
2132.0	2145.0	2142.331787109375
2134.0	2146.0	2136.125244140625
2133.0	2145.0	2137.613525390625
2133.0	2141.0	2136.5556640625
2133.0	2150.0	2135.652587890625
2133.0	2139.0	2134.692626953125
2132.0	2145.0	2136.377685546875
2133.0	2143.0	2133.000244140625
2131.0	2146.0	2137.291015625
2144.0	2142.0	2103.5263671875
2133.0	2131.0	2130.90771484375
2135.0	2130.0	2125.144775390625
2134.0	2132.0	2127.0537109375
2133.0	2131.0	2129.016845703125
2144.0	2131.0	2100.96337890625
2144.0	2130.0	2101.494873046875
2143.0	2131.0	2104.55126953125
2144.0	2130.0	2102.548095703125
2144.0	2130.0	2103.045166015625
2143.0	2134.0	2106.030517578125
2143.0	2132.0	2106.517333984375
2143.0	2133.0	2106.977783203125
2141.0	2130.0	2112.42041015625
2143.0	2133.0	2107.70166015625
2143.0	2132.0	2108.15087890625
2155.0	2132.0	2078.65966796875
2154.0	2132.0	2082.447021484375
2153.0	2130.0	2086.18359375
2154.0	2133.0	2084.6728515625
2152.0	2131.0	2090.781494140625
2152.0	2129.0	2091.729248046875
2151.0	2130.0	2095.1904296875
2152.0	2131.0	2093.56103515625
2153.0	2130.0	2091.865966796875
2155.0	2129.0	2087.580078125
2152.0	2130.0	2095.9560546875
2153.0	2134.0	2094.128662109375
2152.0	2131.0	2097.320556640625
2155.0	2132.0	2090.308349609375
2152.0	2130.0	2098.6171875
2152.0	2130.0	2099.164306640625
2155.0	2133.0	2092.112548828125
2144.0	2130.0	2119.752685546875
2142.0	2144.0	2124.388916015625
2141.0	2146.0	2126.529052734375
2143.0	2143.0	2120.984130859375
2144.0	2145.0	2117.997802734375
2143.0	2145.0	2120.129638671875
2133.0	2144.0	2144.54296875
2133.0	2145.0	2143.238525390625
2133.0	2145.0	2141.989013671875
2133.0	2146.0	2140.735595703125
2132.0	2156.0	2142.06005859375
2132.0	2143.0	2140.951904296875
2133.0	2146.0	2137.351318359375
2134.0	2145.0	2133.78369140625
2131.0	2147.0	2140.454345703125
2135.0	2144.0	2129.441162109375
2133.0	2144.0	2133.78955078125
2127.0	2144.0	2147.58447265625
2124.0	2144.0	2153.498779296875
2123.0	2144.0	2154.3427734375
2122.0	2145.0	2155.2919921875
2124.0	2145.0	2148.789794921875
2124.0	2143.0	2147.50537109375
2127.0	2146.0	2138.61474609375
2124.0	2157.0	2145.0224609375
2125.0	2168.0	2141.304931640625
2125.0	2165.0	2140.146240234375
2122.0	2158.0	2146.69677734375
2123.0	2157.0	2143.17138671875
2122.0	2160.0	2144.849609375
2124.0	2156.0	2138.88623046875
2138.0	2158.0	2102.476806640625
2114.0	2158.0	2162.804443359375
2111.0	2158.0	2168.586669921875
2113.0	2157.0	2161.76025390625
2113.0	2158.0	2160.072265625
2113.0	2160.0	2158.51220703125
2113.0	2157.0	2157.1396484375
2117.0	2157.0	2145.573486328125
2113.0	2157.0	2154.452392578125
2112.0	2158.0	2155.7783203125
2115.0	2164.0	2147.025634765625
2114.0	2153.0	2148.546875
2113.0	2164.0	2150.080810546875
2113.0	2153.0	2149.1611328125
2114.0	2157.0	2145.706787109375
2113.0	2158.0	2147.329833984375
2116.0	2157.0	2138.849853515625
2113.0	2155.0	2145.69482421875
2113.0	2156.0	2145.01025390625
2113.0	2156.0	2144.3173828125
2115.0	2158.0	2138.5576171875
2113.0	2156.0	2143.0029296875
2114.0	2157.0	2139.86376953125
2114.0	2157.0	2139.3603515625
2112.0	2158.0	2143.94775390625
2113.0	2156.0	2140.906494140625
2113.0	2156.0	2140.4873046875
2113.0	2160.0	2140.038818359375
2113.0	2159.0	2139.62353515625
2124.0	2158.0	2111.775390625
2126.0	2155.0	2107.450439453125
2124.0	2158.0	2113.200927734375
2123.0	2157.0	2116.341796875
2125.0	2156.0	2111.890625
2124.0	2157.0	2115.060302734375
2124.0	2158.0	2115.635498046875
2125.0	2156.0	2113.62841796875
2123.0	2158.0	2119.281982421875
2125.0	2157.0	2114.73583984375
2124.0	2158.0	2117.73388671875
2123.0	2161.0	2120.55224609375
2123.0	2171.0	2120.944091796875
2133.0	2169.0	2096.651611328125
2132.0	2169.0	2100.4921875
2132.0	2171.0	2101.706787109375
2132.0	2169.0	2102.88525390625
2131.0	2171.0	2106.546142578125
2132.0	2172.0	2105.067138671875
2133.0	2172.0	2103.56298828125
2131.0	2172.0	2109.742919921875
2137.0	2169.0	2095.383544921875
2133.0	2170.0	2106.436279296875
2135.0	2170.0	2102.225341796875
2133.0	2171.0	2108.127685546875
2133.0	2169.0	2108.871826171875
2133.0	2168.0	2109.68017578125
2133.0	2170.0	2110.4150390625
2133.0	2172.0	2111.015869140625
2133.0	2170.0	2111.701904296875
2132.0	2168.0	2114.7822265625
2134.0	2169.0	2110.2001953125
2134.0	2162.0	2110.652099609375
2135.0	2174.0	2108.538330078125
2146.0	2164.0	2082.064453125
2144.0	2173.0	2088.7080078125
2144.0	2169.0	2090.08349609375
2141.0	2171.0	2099.060302734375
2142.0	2169.0	2097.763916015625
2142.0	2170.0	2098.984619140625
2144.0	2169.0	2095.008544921875
2143.0	2173.0	2098.727294921875
2143.0	2174.0	2099.61474609375
2143.0	2171.0	2100.598876953125
2142.0	2171.0	2104.03125
2143.0	2171.0	2102.28515625
2147.0	2172.0	2092.973388671875
2114.0	2172.0	2177.56494140625
2146.0	2169.0	2096.86083984375
2144.0	2174.0	2102.6259765625
2143.0	2167.0	2105.9150390625
2143.0	2174.0	2106.477783203125
2142.0	2176.0	2109.562744140625
2145.0	2171.0	2102.553466796875
2143.0	2170.0	2108.205078125
2142.0	2170.0	2111.3525390625
2151.0	2170.0	2088.94970703125
2147.0	2170.0	2099.609375
2144.0	2172.0	2107.68017578125
2145.0	2171.0	2105.581787109375
2144.0	2172.0	2108.57568359375
2144.0	2171.0	2108.91357421875
2143.0	2171.0	2111.807861328125
2143.0	2170.0	2112.145263671875
2143.0	2170.0	2112.486083984375
2133.0	2170.0	2137.425048828125
2133.0	2165.0	2136.631591796875
2133.0	2170.0	2135.931396484375
2132.0	2169.0	2137.72900390625
2133.0	2171.0	2134.4697265625
2132.0	2165.0	2136.40576171875
2133.0	2175.0	2133.2919921875
2131.0	2174.0	2137.767822265625
2131.0	2174.0	2137.276123046875
2135.0	2171.0	2126.65283203125
2133.0	2171.0	2131.281005859375
2134.0	2168.0	2128.245849609375
2134.0	2170.0	2127.797607421875
2133.0	2169.0	2129.869140625
2135.0	2170.0	2124.4365234375
2134.0	2171.0	2126.681640625
2133.0	2170.0	2128.8974609375
2134.0	2170.0	2126.139404296875
2132.0	2171.0	2130.920654296875
2132.0	2155.0	2130.641845703125
2133.0	2161.0	2127.81396484375
2142.0	2152.0	2104.6875
2142.0	2160.0	2105.56982421875
2151.0	2159.0	2083.576904296875
2151.0	2158.0	2085.372802734375
2153.0	2143.0	2081.851318359375
2151.0	2144.0	2088.514892578125
2150.0	2144.0	2092.593017578125
2169.0	2145.0	2045.983642578125
2163.0	2144.0	2063.687255859375
2167.0	2145.0	2055.781494140625
2163.0	2144.0	2068.17529296875
2171.0	2144.0	2050.530029296875
2172.0	2146.0	2050.89306640625
2172.0	2130.0	2053.683837890625
2171.0	2130.0	2058.752685546875
2182.0	2129.0	2033.5555419921875
2185.0	2131.0	2029.3402099609375
2181.0	2130.0	2042.781005859375
2181.0	2136.0	2045.8155517578125
2182.0	2143.0	2046.1376953125
2192.0	2139.0	2024.341796875
2190.0	2131.0	2032.9749755859375
2191.0	2119.0	2033.72998046875
2191.0	2119.0	2036.8653564453125
2190.0	2119.0	2042.4959716796875
2195.0	2129.0	2032.816162109375
2203.0	2119.0	2016.28076171875
2203.0	2118.0	2019.8248291015625
2201.0	2116.0	2028.2396240234375
2202.0	2118.0	2028.83447265625
2200.0	2116.0	2036.8955078125
2200.0	2119.0	2039.7423095703125
2211.0	2116.0	2015.254638671875
2210.0	2117.0	2021.2535400390625
2210.0	2116.0	2024.59033203125
2212.0	2118.0	2022.6048583984375
2213.0	2117.0	2023.0137939453125
2211.0	2117.0	2030.9140625
2210.0	2121.0	2036.0526123046875
2223.0	2114.0	2006.1715087890625
2220.0	2119.0	2017.136962890625
2220.0	2120.0	2020.3773193359375
2220.0	2107.0	2023.413818359375
2220.0	2105.0	2026.15673828125
2213.0	2103.0	2046.661865234375
2233.0	2105.0	1998.26416015625
2221.0	2118.0	2031.1590576171875
2223.0	2116.0	2028.365478515625
2222.0	2116.0	2033.0343017578125
2221.0	2119.0	2037.5543212890625
2220.0	2119.0	2042.0120849609375
2221.0	2118.0	2041.22021484375
2221.0	2116.0	2042.92431640625
2222.0	2118.0	2041.9158935546875
2230.0	2119.0	2023.090087890625
2232.0	2116.0	2020.4306640625
2229.0	2116.0	2030.3321533203125
2229.0	2117.0	2032.44873046875
2240.0	2108.0	2006.6231689453125
2239.0	2106.0	2012.181640625
2241.0	2104.0	2009.9405517578125
2241.0	2105.0	2012.6153564453125
2240.0	2105.0	2017.688232421875
2239.0	2105.0	2022.56884765625
2252.0	2106.0	1992.6612548828125
2250.0	2105.0	2000.84814453125
2250.0	2104.0	2003.659912109375
2251.0	2105.0	2003.7578125
2259.0	2105.0	1986.0283203125
2260.0	2105.0	1987.0887451171875
2259.0	2104.0	1992.871337890625
2257.0	2106.0	2001.028564453125
2259.0	2104.0	1998.8927001953125
2260.0	2104.0	1999.1541748046875
2271.0	2103.0	1974.2257080078125
2273.0	2101.0	1972.672119140625
2270.0	2099.0	1983.5908203125
2269.0	2098.0	1989.17236328125
2277.0	2104.0	1971.896484375
2280.0	2103.0	1968.0186767578125
2281.0	2102.0	1969.09033203125
2277.0	2108.0	1982.6016845703125
2279.0	2106.0	1980.5904541015625
2279.0	2105.0	1983.5858154296875
2293.0	2106.0	1950.7137451171875
2279.0	2104.0	1988.9140625
2279.0	2106.0	1991.3448486328125
2280.0	2106.0	1991.05029296875
2280.0	2105.0	1993.2569580078125
2279.0	2107.0	1997.8887939453125
2279.0	2104.0	1999.79833984375
2279.0	2104.0	2001.6552734375
2280.0	2106.0	2000.8447265625
2278.0	2104.0	2007.4810791015625
2280.0	2106.0	2003.783935546875
2279.0	2100.0	2007.8363037109375
2279.0	2104.0	2009.1683349609375
2279.0	2114.0	2010.35107421875
2279.0	2106.0	2011.5245361328125
2278.0	2105.0	2015.1103515625
2278.0	2107.0	2016.086669921875
2271.0	2105.0	2034.560302734375
2270.0	2119.0	2037.0157470703125
2269.0	2119.0	2039.431396484375
2267.0	2118.0	2044.299560546875
2266.0	2118.0	2046.675537109375
2260.0	2117.0	2061.225830078125
2261.0	2117.0	2057.4794921875
2261.0	2118.0	2056.288818359375
2259.0	2117.0	2060.22802734375
2260.0	2118.0	2056.661376953125
2249.0	2119.0	2083.23583984375
2249.0	2119.0	2081.115234375
2253.0	2117.0	2068.957275390625
2250.0	2117.0	2074.675048828125
2249.0	2116.0	2075.417236328125
2240.0	2117.0	2096.189453125
2239.0	2116.0	2096.096923828125
2239.0	2131.0	2093.6533203125
2239.0	2123.0	2091.2919921875
2229.0	2131.0	2114.34130859375
2229.0	2130.0	2111.05810546875
2229.0	2131.0	2107.919189453125
2229.0	2131.0	2105.01123046875
2231.0	2131.0	2097.171142578125
2221.0	2131.0	2119.248291015625
2219.0	2130.0	2120.93408203125
2221.0	2130.0	2112.5166015625
2212.0	2149.0	2132.1533203125
2209.0	2129.0	2135.78857421875
2211.0	2131.0	2126.841552734375
2203.0	2131.0	2143.227294921875
2200.0	2129.0	2146.3203125
2199.0	2129.0	2144.637939453125
2200.0	2129.0	2138.056396484375
2191.0	2130.0	2156.8642578125
2190.0	2129.0	2154.731689453125
2191.0	2143.0	2147.692138671875
2192.0	2143.0	2140.95458984375
2181.0	2157.0	2164.225341796875
2184.0	2140.0	2151.80810546875
2182.0	2141.0	2152.326904296875
2173.0	2141.0	2169.8798828125
2172.0	2147.0	2167.290283203125
2170.0	2144.0	2167.6015625
2168.0	2144.0	2168.10693359375
2165.0	2146.0	2170.975341796875
2163.0	2144.0	2171.078857421875
2164.0	2144.0	2163.655029296875
2162.0	2146.0	2164.16162109375
2152.0	2144.0	2185.300537109375
2153.0	2147.0	2177.49951171875
2154.0	2144.0	2169.948974609375
2151.0	2144.0	2172.94921875
2143.0	2143.0	2188.30908203125
2142.0	2144.0	2185.750732421875
2132.0	2144.0	2205.815185546875
2135.0	2143.0	2192.521240234375
2133.0	2145.0	2192.2822265625
2134.0	2144.0	2184.6123046875
2132.0	2148.0	2184.845947265625
2124.0	2151.0	2199.98046875
2125.0	2147.0	2192.14306640625
2124.0	2148.0	2189.622314453125
2123.0	2146.0	2187.37548828125
2125.0	2143.0	2177.847412109375
2113.0	2145.0	2203.699951171875
2109.0	2146.0	2208.96142578125
2117.0	2146.0	2183.91064453125
2114.0	2146.0	2186.990234375
2112.0	2146.0	2187.788818359375
2113.0	2142.0	2181.139404296875
2104.0	2144.0	2200.043212890625
2104.0	2146.0	2195.28857421875
2105.0	2143.0	2188.387451171875
2104.0	2143.0	2186.790283203125
2104.0	2145.0	2182.9658203125
2107.0	2145.0	2171.59814453125
2105.0	2145.0	2173.255126953125
2103.0	2144.0	2175.11376953125
2104.0	2144.0	2169.410400390625
2105.0	2139.0	2163.923828125
2104.0	2146.0	2163.554931640625
2105.0	2144.0	2158.303466796875
2104.0	2148.0	2158.310791015625
2106.0	2145.0	2150.849365234375
2108.0	2146.0	2143.529541015625
2094.0	2147.0	2176.676513671875
2093.0	2145.0	2176.16162109375
2101.0	2146.0	2152.905029296875
2090.0	2146.0	2178.21728515625
2093.0	2145.0	2167.998291015625
2096.0	2142.0	2157.917236328125
2097.0	2143.0	2153.0244140625
2095.0	2146.0	2155.870361328125
2094.0	2146.0	2156.400146484375
2096.0	2144.0	2149.5078125
2094.0	2143.0	2152.747314453125
2094.0	2145.0	2151.061767578125
2097.0	2146.0	2141.853271484375
2094.0	2143.0	2147.985107421875
2093.0	2143.0	2149.0712890625
2093.0	2141.0	2147.697265625
2096.0	2142.0	2138.74072265625
2095.0	2147.0	2140.102294921875
2094.0	2145.0	2141.516357421875
2095.0	2145.0	2137.956298828125
2095.0	2147.0	2136.937255859375
2094.0	2144.0	2138.531982421875
2094.0	2145.0	2137.6630859375
2108.0	2145.0	2101.205322265625
2101.0	2144.0	2118.167724609375
2096.0	2143.0	2130.164794921875
2096.0	2144.0	2129.403564453125
2094.0	2145.0	2133.77001953125
2095.0	2143.0	2130.629638671875
2094.0	2145.0	2132.543701171875
2095.0	2144.0	2129.425048828125
2095.0	2146.0	2128.865966796875
2103.0	2146.0	2108.357177734375
2104.0	2144.0	2106.52392578125
2104.0	2128.0	2107.080322265625
2107.0	2126.0	2100.07177734375
2104.0	2128.0	2108.209228515625
2104.0	2122.0	2108.70654296875
2104.0	2130.0	2109.23681640625
2106.0	2132.0	2104.55859375
2104.0	2134.0	2110.051513671875
2104.0	2130.0	2110.51318359375
2106.0	2131.0	2105.8349609375
2103.0	2133.0	2113.85009765625
2103.0	2129.0	2114.281494140625
2108.0	2131.0	2101.959716796875
2106.0	2130.0	2107.38916015625
2105.0	2131.0	2110.2783203125
2099.0	2131.0	2125.8994140625
2103.0	2131.0	2116.031494140625
2104.0	2130.0	2113.7412109375
2103.0	2130.0	2116.624267578125
2108.0	2130.0	2104.19091796875
2104.0	2131.0	2114.620849609375
2105.0	2132.0	2112.357177734375
2104.0	2128.0	2115.174560546875
2106.0	2131.0	2110.3359375
2104.0	2131.0	2115.65576171875
2106.0	2124.0	2110.82568359375
2104.0	2131.0	2116.10693359375
2105.0	2125.0	2113.787841796875
2104.0	2127.0	2116.360595703125
2103.0	2130.0	2119.107177734375
2104.0	2130.0	2116.755126953125
2106.0	2130.0	2111.911865234375
2105.0	2132.0	2114.526123046875
2103.0	2131.0	2119.847412109375
2107.0	2130.0	2109.87060546875
2103.0	2132.0	2120.21484375
2105.0	2131.0	2115.3330078125
2103.0	2144.0	2120.541015625
2105.0	2145.0	2115.467041015625
2106.0	2142.0	2113.02587890625
2102.0	2147.0	2123.37548828125
2104.0	2144.0	2118.459716796875
2104.0	2143.0	2118.639404296875
2105.0	2146.0	2116.297119140625
2105.0	2142.0	2116.454345703125
2105.0	2142.0	2116.639892578125
2105.0	2141.0	2116.79931640625
2106.0	2144.0	2114.42529296875
2106.0	2145.0	2114.51806640625
2106.0	2145.0	2114.569091796875
2104.0	2143.0	2119.790771484375
2114.0	2147.0	2094.78466796875
2113.0	2146.0	2098.499755859375
2113.0	2146.0	2099.614013671875
2112.0	2146.0	2103.20654296875
2121.0	2145.0	2081.20703125
2115.0	2143.0	2097.516845703125
2115.0	2145.0	2098.342041015625
2113.0	2145.0	2104.19189453125
2116.0	2144.0	2097.36865234375
2112.0	2144.0	2108.256591796875
2113.0	2144.0	2106.447265625
2117.0	2143.0	2096.875244140625
2115.0	2144.0	2102.5419921875
2115.0	2144.0	2103.21923828125
2114.0	2142.0	2106.42333984375
2117.0	2143.0	2099.358642578125
2114.0	2144.0	2107.6728515625
2114.0	2144.0	2108.193603515625
2113.0	2139.0	2111.2333984375
2115.0	2145.0	2106.568115234375
2113.0	2149.0	2112.15625
2113.0	2145.0	2112.57666015625
2114.0	2146.0	2110.37255859375
2113.0	2143.0	2113.38671875
2112.0	2145.0	2116.304443359375
2114.0	2144.0	2111.5751953125
2110.0	2144.0	2122.12060546875
2116.0	2144.0	2107.21044921875
2110.0	2144.0	2122.774658203125
2115.0	2144.0	2110.154052734375
2111.0	2142.0	2120.5625
2113.0	2145.0	2115.75
2115.0	2145.0	2110.886474609375
2112.0	2144.0	2118.8095703125
2114.0	2143.0	2113.95947265625
2117.0	2144.0	2106.5478515625
2114.0	2147.0	2114.372802734375
2104.0	2145.0	2139.554443359375
2105.0	2144.0	2136.291748046875
2106.0	2143.0	2133.049560546875
2104.0	2142.0	2137.476318359375
2104.0	2150.0	2136.805419921875
2106.0	2144.0	2131.054443359375
2104.0	2151.0	2135.61279296875
2104.0	2147.0	2135.065673828125
2103.0	2146.0	2137.117431640625
2103.0	2146.0	2136.6044921875
2105.0	2144.0	2131.166259765625
2105.0	2144.0	2130.80859375
2102.0	2144.0	2138.012451171875
2104.0	2145.0	2132.541748046875
2104.0	2147.0	2132.21875
2106.0	2143.0	2126.852783203125
2107.0	2144.0	2124.067626953125
2107.0	2144.0	2123.78076171875
2107.0	2146.0	2123.437255859375
2124.0	2132.0	2079.964111328125
2104.0	2128.0	2130.66845703125
2104.0	2129.0	2130.427001953125
2105.0	2129.0	2127.768798828125
2105.0	2129.0	2127.630859375
2107.0	2131.0	2122.36376953125
2104.0	2130.0	2129.88818359375
2102.0	2125.0	2134.88525390625
2104.0	2127.0	2129.70849609375
2105.0	2136.0	2127.033203125
2105.0	2124.0	2126.920166015625
2104.0	2131.0	2129.28125
2103.0	2132.0	2131.7578125
2106.0	2131.0	2124.0517578125
2104.0	2129.0	2129.12548828125
2105.0	2130.0	2126.48193359375
2103.0	2130.0	2131.522216796875
2102.0	2130.0	2134.0341796875
2109.0	2130.0	2116.37158203125
2109.0	2128.0	2116.404296875
2105.0	2134.0	2126.538818359375
2104.0	2132.0	2129.051513671875
2104.0	2130.0	2129.05859375
2104.0	2130.0	2129.07666015625
2106.0	2130.0	2123.9140625
2104.0	2129.0	2129.010009765625
2104.0	2132.0	2128.985595703125
2103.0	2132.0	2131.58544921875
2106.0	2130.0	2124.006103515625
2106.0	2130.0	2124.050537109375
2104.0	2132.0	2129.082763671875
2105.0	2131.0	2126.555419921875
2105.0	2131.0	2126.555908203125
2105.0	2136.0	2126.467041015625
2106.0	2129.0	2123.865234375
2104.0	2132.0	2129.02392578125
2102.0	2131.0	2134.14990234375
2105.0	2132.0	2126.481689453125
2103.0	2133.0	2131.653076171875
2106.0	2131.0	2124.088134765625
2103.0	2131.0	2131.84375
2104.0	2130.0	2129.397216796875
2103.0	2145.0	2131.992431640625
2112.0	2144.0	2109.14306640625
2104.0	2145.0	2129.52392578125
2104.0	2144.0	2129.552001953125
2106.0	2144.0	2124.5224609375
2104.0	2143.0	2129.641357421875
2105.0	2147.0	2127.111083984375
2105.0	2146.0	2127.288330078125
2104.0	2145.0	2129.974365234375
2105.0	2145.0	2127.49560546875
2104.0	2146.0	2130.090576171875
2102.0	2146.0	2135.28759765625
2104.0	2145.0	2130.298095703125
2106.0	2144.0	2125.298095703125
2115.0	2146.0	2103.17822265625
2113.0	2141.0	2109.377197265625
2116.0	2149.0	2102.7421875
2114.0	2145.0	2108.77685546875
2114.0	2151.0	2109.654296875
2116.0	2149.0	2105.44580078125
2113.0	2142.0	2113.878662109375
2114.0	2143.0	2112.129150390625
2114.0	2121.0	2112.85693359375
2112.0	2145.0	2118.642822265625
2114.0	2144.0	2114.20263671875
2130.0	2145.0	2074.146484375
2118.0	2145.0	2105.310302734375
2116.0	2157.0	2110.95751953125
2117.0	2156.0	2108.928466796875
2112.0	2157.0	2122.177490234375
2082.0	2160.0	2199.033447265625
2116.0	2156.0	2112.887939453125
2112.0	2159.0	2123.483642578125
2113.0	2159.0	2121.34326171875
2115.0	2159.0	2116.856689453125
2113.0	2157.0	2122.4189453125
2127.0	2158.0	2088.0576171875
2124.0	2159.0	2097.10791015625
2124.0	2156.0	2098.59130859375
2123.0	2157.0	2102.405029296875
2125.0	2170.0	2098.521728515625
2124.0	2161.0	2102.212158203125
2124.0	2158.0	2103.26416015625
2124.0	2156.0	2104.196044921875
2122.0	2163.0	2110.210693359375
2123.0	2158.0	2108.60302734375
2122.0	2157.0	2112.081298828125
2124.0	2156.0	2107.892822265625
2123.0	2157.0	2111.23291015625
2123.0	2157.0	2111.9814453125
2124.0	2159.0	2110.16650390625
2125.0	2156.0	2108.267578125
2127.0	2156.0	2103.821044921875
2125.0	2156.0	2109.515625
2123.0	2157.0	2115.19189453125
2125.0	2157.0	2110.600830078125
2124.0	2157.0	2113.714111328125
2126.0	2157.0	2109.25439453125
2125.0	2158.0	2112.2685546875
2126.0	2160.0	2110.11376953125
2124.0	2157.0	2115.706298828125
2126.0	2158.0	2110.969970703125
2124.0	2158.0	2116.39794921875
2124.0	2157.0	2116.794189453125
2127.0	2156.0	2109.573974609375
2123.0	2139.0	2120.048828125
2124.0	2147.0	2117.766357421875
2123.0	2145.0	2120.54833984375
2124.0	2150.0	2118.405517578125
2128.0	2144.0	2108.495849609375
2123.0	2143.0	2121.481201171875
2123.0	2145.0	2121.700927734375
2125.0	2144.0	2116.876220703125
2122.0	2143.0	2124.76025390625
2123.0	2145.0	2122.47265625
2124.0	2144.0	2120.114990234375
2126.0	2145.0	2115.2822265625
2129.0	2146.0	2107.928955078125
2124.0	2142.0	2120.855712890625
2124.0	2145.0	2121.067626953125
2125.0	2142.0	2118.665771484375
2128.0	2145.0	2111.092041015625
2123.0	2145.0	2124.0087890625
2126.0	2145.0	2116.586669921875
2123.0	2144.0	2124.303955078125
2126.0	2145.0	2116.87451171875
2123.0	2145.0	2124.68212890625
2124.0	2145.0	2122.242919921875
2124.0	2144.0	2122.369873046875
2123.0	2146.0	2125.051513671875
2123.0	2143.0	2125.2294921875
2125.0	2141.0	2120.28076171875
2124.0	2140.0	2122.943359375
2122.0	2138.0	2128.18701171875
2124.0	2145.0	2123.182861328125
2125.0	2152.0	2120.716064453125
2113.0	2144.0	2150.999267578125
2113.0	2145.0	2150.025146484375
2114.0	2149.0	2146.55908203125
2112.0	2146.0	2150.70361328125
2114.0	2145.0	2144.8046875
2112.0	2143.0	2149.21337890625
2112.0	2145.0	2148.51953125
2118.0	2145.0	2132.614990234375
2115.0	2144.0	2139.589599609375
2115.0	2145.0	2138.939208984375
2114.0	2144.0	2140.909912109375
2115.0	2145.0	2137.83056640625
2115.0	2146.0	2137.419677734375
2114.0	2143.0	2139.4560546875
2113.0	2145.0	2141.511474609375
2113.0	2145.0	2141.1044921875
2114.0	2143.0	2138.238525390625
2113.0	2146.0	2140.4541015625
2117.0	2145.0	2129.918701171875
2112.0	2144.0	2142.323486328125
2113.0	2144.0	2139.461181640625
2116.0	2144.0	2131.60595703125
2114.0	2143.0	2136.4951171875
2114.0	2144.0	2136.23095703125
2116.0	2143.0	2130.826904296875
2113.0	2159.0	2138.2109375
2115.0	2149.0	2132.90478515625
2113.0	2149.0	2137.84375
2115.0	2142.0	2132.532958984375
2115.0	2143.0	2132.33203125
2113.0	2142.0	2137.29443359375
2113.0	2146.0	2137.200927734375
2113.0	2144.0	2137.07373046875
2113.0	2145.0	2136.919921875
2111.0	2146.0	2141.84375
2124.0	2145.0	2108.79638671875
2114.0	2142.0	2134.16259765625
2115.0	2146.0	2131.55224609375
2116.0	2144.0	2128.939208984375
2113.0	2144.0	2136.5224609375
2114.0	2145.0	2133.973876953125
2113.0	2144.0	2136.4306640625
2114.0	2147.0	2133.89111328125
2113.0	2144.0	2136.478271484375
2114.0	2142.0	2133.89111328125
2115.0	2145.0	2131.353271484375
2115.0	2144.0	2131.267333984375
2114.0	2144.0	2133.80419921875
2113.0	2145.0	2136.3173828125
2114.0	2144.0	2133.74267578125
2114.0	2142.0	2133.775390625
2115.0	2142.0	2131.21533203125
2113.0	2155.0	2136.238525390625
2116.0	2149.0	2128.655029296875
2113.0	2139.0	2136.222412109375
2113.0	2136.0	2136.29541015625
2113.0	2145.0	2136.454833984375
2114.0	2146.0	2134.08056640625
2116.0	2143.0	2129.009765625
2114.0	2143.0	2134.07421875
2114.0	2145.0	2134.02294921875
2113.0	2147.0	2136.551025390625
2112.0	2144.0	2139.1728515625
2112.0	2144.0	2139.22314453125
2108.0	2129.0	2149.528076171875
2122.0	2125.0	2113.9375
2116.0	2132.0	2129.204833984375
2115.0	2130.0	2131.7783203125
2117.0	2132.0	2126.740966796875
2114.0	2131.0	2134.400146484375
2113.0	2130.0	2136.923095703125
2113.0	2132.0	2136.997314453125
2114.0	2129.0	2134.57080078125
2113.0	2131.0	2137.17236328125
2115.0	2130.0	2132.128173828125
2116.0	2130.0	2129.604248046875
2116.0	2130.0	2129.6982421875
2115.0	2132.0	2132.38671875
2113.0	2129.0	2137.549560546875
2114.0	2130.0	2135.07470703125
2114.0	2117.0	2135.151611328125
2115.0	2128.0	2132.64453125
2123.0	2130.0	2112.638671875
2123.0	2130.0	2113.804931640625
2125.0	2134.0	2109.807373046875
2123.0	2131.0	2115.79296875
2122.0	2136.0	2119.194580078125
2123.0	2130.0	2117.53515625
2124.0	2135.0	2115.850341796875
2124.0	2129.0	2116.662109375
2123.0	2132.0	2120.0888671875
2124.0	2130.0	2118.325927734375
2126.0	2130.0	2114.049560546875
2122.0	2132.0	2124.919189453125
2124.0	2131.0	2120.3916015625
2122.0	2130.0	2126.043212890625
2121.0	2131.0	2129.166748046875
2126.0	2129.0	2117.049072265625
2126.0	2131.0	2117.577392578125
2124.0	2130.0	2123.119140625
2124.0	2128.0	2123.623046875
2126.0	2131.0	2119.080078125
2125.0	2130.0	2122.017578125
2125.0	2130.0	2122.41064453125
2123.0	2131.0	2127.911376953125
2125.0	2130.0	2123.181884765625
2126.0	2129.0	2121.020751953125
2119.0	2130.0	2139.185791015625
2126.0	2129.0	2121.64990234375
2124.0	2142.0	2127.10986328125
2113.0	2145.0	2154.64453125
2117.0	2145.0	2143.580078125
2113.0	2146.0	2153.042724609375
2114.0	2144.0	2149.893798828125
2115.0	2130.0	2146.7236328125
2113.0	2129.0	2151.1904296875
2116.0	2144.0	2142.96240234375
2113.0	2136.0	2149.9296875
2112.0	2131.0	2151.987548828125
2115.0	2126.0	2143.869873046875
2113.0	2132.0	2148.562255859375
2113.0	2133.0	2148.152587890625
2113.0	2127.0	2147.847412109375
2113.0	2129.0	2147.52978515625
2113.0	2132.0	2147.192626953125
2113.0	2144.0	2146.84716796875
2114.0	2145.0	2143.97607421875
2112.0	2145.0	2148.824462890625
2126.0	2145.0	2112.93603515625
2117.0	2148.0	2135.594482421875
2114.0	2144.0	2143.01513671875
2117.0	2146.0	2135.124267578125
2113.0	2145.0	2145.071533203125
2113.0	2145.0	2144.841796875
2114.0	2143.0	2142.117431640625
2115.0	2146.0	2139.408935546875
2114.0	2144.0	2141.835693359375
2115.0	2147.0	2139.084228515625
2113.0	2145.0	2143.982666015625
2114.0	2144.0	2141.319580078125
2115.0	2143.0	2138.725830078125
2111.0	2145.0	2148.82958984375
2114.0	2145.0	2141.18212890625
2112.0	2144.0	2146.205322265625
2115.0	2144.0	2138.561767578125
2085.0	2143.0	2214.809326171875
2114.0	2145.0	2140.907470703125
2114.0	2145.0	2140.866455078125
2114.0	2151.0	2140.784423828125
2116.0	2145.0	2135.667236328125
2114.0	2147.0	2140.688232421875
2115.0	2140.0	2138.09521484375
2113.0	2150.0	2143.21337890625
2112.0	2150.0	2145.72509765625
2116.0	2144.0	2135.5029296875
2114.0	2146.0	2140.591552734375
2113.0	2146.0	2143.21533203125
2113.0	2144.0	2143.14208984375
2115.0	2146.0	2138.04345703125
2114.0	2145.0	2140.62890625
2115.0	2143.0	2138.109130859375
2113.0	2143.0	2143.115966796875
2116.0	2145.0	2135.558837890625
2129.0	2145.0	2102.5009765625
2119.0	2145.0	2128.00341796875
2116.0	2145.0	2135.788818359375
2115.0	2146.0	2138.2685546875
2113.0	2144.0	2143.336181640625
2113.0	2130.0	2143.351806640625
2115.0	2143.0	2138.2822265625
2113.0	2147.0	2143.4248046875
2113.0	2146.0	2143.513916015625
2113.0	2145.0	2143.6025390625
2114.0	2146.0	2141.029052734375
2115.0	2145.0	2138.539794921875
2114.0	2144.0	2141.084716796875
2116.0	2144.0	2136.052490234375
2114.0	2146.0	2141.224365234375
2115.0	2146.0	2138.801025390625
2114.0	2129.0	2141.359619140625
2113.0	2131.0	2144.053955078125
2112.0	2130.0	2146.67919921875
2113.0	2130.0	2144.277099609375
2116.0	2126.0	2136.829833984375
2115.0	2144.0	2139.406005859375
2115.0	2137.0	2139.462158203125
2112.0	2134.0	2147.115478515625
2114.0	2134.0	2142.090576171875
2114.0	2134.0	2142.170166015625
2114.0	2116.0	2142.205078125
2115.0	2130.0	2139.810546875
2114.0	2146.0	2142.490234375
2114.0	2146.0	2142.546142578125
2112.0	2143.0	2147.68994140625
2112.0	2146.0	2147.791015625
2114.0	2145.0	2142.782958984375
2120.0	2142.0	2127.604248046875
2112.0	2144.0	2148.05224609375
2114.0	2143.0	2143.0087890625
2116.0	2145.0	2137.9072265625
2114.0	2145.0	2143.065185546875
2125.0	2144.0	2115.359375
2122.0	2146.0	2124.076416015625
2125.0	2144.0	2117.462158203125
2124.0	2144.0	2121.12060546875
2123.0	2134.0	2124.691650390625
2125.0	2132.0	2120.521484375
2124.0	2132.0	2123.892822265625
2123.0	2130.0	2127.294189453125
2124.0	2130.0	2125.542724609375
2126.0	2131.0	2121.17626953125
2123.0	2129.0	2129.506103515625
2123.0	2132.0	2130.189208984375
2123.0	2132.0	2130.862548828125
2126.0	2130.0	2123.823486328125
2123.0	2128.0	2132.027099609375
2125.0	2125.0	2127.493408203125
2124.0	2131.0	2130.591064453125
2122.0	2130.0	2136.069580078125
2125.0	2134.0	2128.914306640625
2124.0	2130.0	2131.937255859375
2125.0	2131.0	2129.763916015625
2124.0	2131.0	2132.700439453125
2124.0	2130.0	2133.07421875
2124.0	2148.0	2133.51806640625
2123.0	2132.0	2136.433837890625
2112.0	2132.0	2163.99609375
2112.0	2129.0	2163.277587890625
2114.0	2131.0	2157.50146484375
2127.0	2130.0	2123.884765625
2122.0	2133.0	2136.11865234375
2115.0	2131.0	2153.3662109375
2112.0	2131.0	2160.45556640625
2114.0	2130.0	2154.82177734375
2114.0	2129.0	2154.377197265625
2115.0	2131.0	2151.4150390625
2113.0	2131.0	2156.0458984375
2115.0	2132.0	2150.509521484375
2112.0	2131.0	2157.760009765625
2113.0	2130.0	2154.9267578125
2116.0	2130.0	2146.916748046875
2113.0	2130.0	2154.2421875
2114.0	2131.0	2151.421875
2115.0	2130.0	2148.556396484375
2116.0	2127.0	2145.656982421875
2115.0	2130.0	2148.0634765625
2124.0	2128.0	2125.7373046875
2124.0	2134.0	2126.510498046875
2124.0	2134.0	2127.39111328125
2123.0	2133.0	2130.71533203125
2124.0	2147.0	2128.884765625
2126.0	2143.0	2124.4697265625
2127.0	2144.0	2122.641357421875
2122.0	2143.0	2135.994140625
2122.0	2145.0	2136.636474609375
2122.0	2146.0	2137.205810546875
2123.0	2145.0	2135.218017578125
2122.0	2145.0	2138.223388671875
2122.0	2143.0	2138.79541015625
2135.0	2145.0	2106.64990234375
2139.0	2144.0	2097.961181640625
2132.0	2144.0	2117.169189453125
2132.0	2145.0	2118.393310546875
2131.0	2143.0	2122.20166015625
2132.0	2143.0	2120.687744140625
2133.0	2143.0	2119.176513671875
2133.0	2145.0	2120.20361328125
2132.0	2145.0	2123.67822265625
2133.0	2144.0	2121.9990234375
2132.0	2146.0	2125.40478515625
2138.0	2145.0	2111.835205078125
2143.0	2145.0	2100.837158203125
2143.0	2146.0	2102.656982421875
2142.0	2144.0	2106.909912109375
2153.0	2144.0	2080.844970703125
2152.0	2143.0	2085.9072265625
2152.0	2146.0	2088.256103515625
2153.0	2144.0	2087.81396484375
2152.0	2147.0	2092.43017578125
2151.0	2153.0	2096.94580078125
2154.0	2146.0	2091.204345703125
2155.0	2145.0	2090.45361328125
2124.0	2139.0	2170.9443359375
2154.0	2149.0	2096.077392578125
2154.0	2142.0	2097.67041015625
2160.0	2143.0	2083.876220703125
2162.0	2148.0	2081.19873046875
2162.0	2145.0	2083.499267578125
2163.0	2144.0	2083.170654296875
2165.0	2144.0	2080.15625
2165.0	2145.0	2082.125
2162.0	2145.0	2091.680419921875
2165.0	2145.0	2085.802490234375
2166.0	2145.0	2084.912841796875
2165.0	2145.0	2089.044189453125
2173.0	2144.0	2071.131103515625
2170.0	2146.0	2081.135009765625
2173.0	2157.0	2075.70458984375
2171.0	2158.0	2082.960205078125
2172.0	2156.0	2082.391845703125
2173.0	2157.0	2081.69091796875
2171.0	2157.0	2088.552001953125
2171.0	2157.0	2090.256591796875
2171.0	2156.0	2091.858642578125
2171.0	2158.0	2093.32568359375
2173.0	2159.0	2089.7060546875
2171.0	2157.0	2096.21435546875
2170.0	2155.0	2099.99365234375
2172.0	2157.0	2096.0810546875
2171.0	2156.0	2099.73095703125
2172.0	2170.0	2098.2216796875
2172.0	2174.0	2099.194580078125
2171.0	2170.0	2102.652099609375
2171.0	2173.0	2103.482421875
2169.0	2168.0	2109.408447265625
2162.0	2172.0	2127.800048828125
2164.0	2170.0	2122.39501953125
2150.0	2170.0	2157.731689453125
2162.0	2171.0	2126.932861328125
2161.0	2170.0	2129.3447265625
2158.0	2171.0	2136.739990234375
2163.0	2170.0	2123.805419921875
2160.0	2170.0	2131.3330078125
2162.0	2172.0	2126.080810546875
2166.0	2169.0	2115.731201171875
2149.0	2173.0	2158.690673828125
2152.0	2170.0	2149.818603515625
2152.0	2172.0	2148.600830078125
2153.0	2171.0	2145.007568359375
2152.0	2171.0	2146.498779296875
2152.0	2169.0	2145.63330078125
2151.0	2169.0	2147.320556640625
2152.0	2171.0	2143.857177734375
2153.0	2170.0	2140.483642578125
2153.0	2172.0	2139.666259765625
2151.0	2171.0	2143.955078125
2153.0	2169.0	2138.16259765625
2153.0	2158.0	2137.612548828125
2151.0	2157.0	2142.02880859375
2153.0	2153.0	2136.24560546875
2153.0	2164.0	2135.626953125
2152.0	2165.0	2137.61376953125
2153.0	2162.0	2134.459228515625
2153.0	2156.0	2133.927978515625
2153.0	2161.0	2133.49951171875
2152.0	2160.0	2135.5771484375
2152.0	2160.0	2135.0703125
2151.0	2170.0	2137.314208984375
2152.0	2171.0	2134.4052734375
2152.0	2170.0	2134.052734375
2150.0	2170.0	2138.732177734375
2166.0	2171.0	2097.631103515625
2168.0	2184.0	2092.744384765625
2163.0	2185.0	2106.251708984375
2163.0	2183.0	2106.905029296875
2163.0	2185.0	2107.57568359375
2163.0	2183.0	2108.257080078125
2163.0	2198.0	2108.819091796875
2171.0	2195.0	2088.97265625
2171.0	2196.0	2090.5244140625
2171.0	2195.0	2092.044189453125
2172.0	2207.0	2090.85009765625
2174.0	2210.0	2087.17431640625
2171.0	2209.0	2096.057861328125
2173.0	2207.0	2092.171630859375
2172.0	2210.0	2095.86376953125
2182.0	2224.0	2071.390380859375
2182.0	2223.0	2073.4130859375
2181.0	2222.0	2077.9541015625
2181.0	2234.0	2079.79248046875
2180.0	2230.0	2084.0390625
2181.0	2243.0	2083.089599609375
2182.0	2239.0	2082.078857421875
2190.0	2238.0	2063.699462890625
2192.0	2235.0	2060.975341796875
2191.0	2245.0	2065.87255859375
2193.0	2251.0	2062.819580078125
2191.0	2248.0	2069.880859375
2192.0	2250.0	2069.215087890625
2192.0	2250.0	2071.012451171875
2192.0	2251.0	2072.709228515625
2202.0	2250.0	2049.39453125
2194.0	2250.0	2072.295654296875
2203.0	2248.0	2051.79931640625
2200.0	2262.0	2061.78271484375
2203.0	2261.0	2056.27099609375
2204.0	2262.0	2055.751953125
2202.0	2260.0	2062.76904296875
2205.0	2260.0	2056.983154296875
2210.0	2274.0	2046.92822265625
2210.0	2273.0	2049.467041015625
2220.0	2288.0	2027.4013671875
2230.0	2287.0	2005.7476806640625
2231.0	2301.0	2007.4735107421875
2240.0	2300.0	1989.3170166015625
2249.0	2312.0	1971.6463623046875
2265.0	2326.0	1937.1490478515625
2279.0	2329.0	1909.23681640625
2290.0	2339.0	1889.992431640625
2297.0	2338.0	1880.737060546875
2317.0	2351.0	1839.226806640625
2329.0	2365.0	1819.2989501953125
2337.0	2364.0	1810.3551025390625
2349.0	2378.0	1791.5721435546875
2358.0	2380.0	1780.95458984375
2367.0	2392.0	1770.818603515625
2377.0	2391.0	1758.7938232421875
2395.0	2401.0	1727.410400390625
2416.0	2420.0	1689.005859375
2418.0	2418.0	1699.4427490234375
2433.0	2429.0	1676.736572265625
2434.0	2429.0	1690.1146240234375
2444.0	2441.0	1680.0487060546875
2464.0	2459.0	1645.32470703125
2463.0	2461.0	1664.3389892578125
2474.0	2459.0	1652.5474853515625
2483.0	2464.0	1645.830810546875
2495.0	2478.0	1631.6929931640625
2514.0	2475.0	1600.291748046875
2522.0	2466.0	1597.30322265625
2521.0	2476.0	1617.1273193359375
2552.0	2494.0	1555.7828369140625
2553.0	2483.0	1571.9456787109375
2562.0	2485.0	1567.465576171875
2572.0	2485.0	1560.4658203125
2581.0	2498.0	1555.6114501953125
2593.0	2500.0	1543.10693359375
2602.0	2496.0	1538.5208740234375
2601.0	2490.0	1558.8323974609375
2611.0	2508.0	1550.1474609375
2619.0	2492.0	1546.6611328125
2622.0	2492.0	1555.87890625
2631.0	2513.0	1549.6463623046875
2631.0	2509.0	1565.6849365234375
2641.0	2508.0	1556.288818359375
2649.0	2508.0	1551.8055419921875
2649.0	2508.0	1567.3082275390625
2650.0	2510.0	1579.4302978515625
2648.0	2509.0	1598.2239990234375
2659.0	2498.0	1583.2181396484375
2662.0	2497.0	1588.904052734375
2660.0	2497.0	1606.346435546875
2659.0	2496.0	1620.728515625
2660.0	2494.0	1629.1883544921875
2659.0	2496.0	1642.2275390625
2659.0	2483.0	1652.0439453125
2661.0	2482.0	1656.31005859375
2659.0	2484.0	1670.14892578125
2659.0	2472.0	1678.3402099609375
2660.0	2471.0	1683.4937744140625
2659.0	2469.0	1693.1651611328125
2649.0	2472.0	1724.45166015625
2650.0	2458.0	1727.1707763671875
2650.0	2459.0	1732.18212890625
2640.0	2458.0	1761.507568359375
2641.0	2444.0	1762.3492431640625
2633.0	2442.0	1785.353271484375
2620.0	2432.0	1820.1739501953125
2620.0	2432.0	1820.683837890625
2612.0	2416.0	1841.4180908203125
2592.0	2415.0	1891.77880859375
2592.0	2418.0	1889.112060546875
2583.0	2404.0	1908.5364990234375
2572.0	2391.0	1932.3585205078125
2555.0	2393.0	1970.33984375
2541.0	2380.0	1999.14013671875
2534.0	2378.0	2009.357177734375
2521.0	2366.0	2034.5093994140625
2517.0	2365.0	2036.1905517578125
2513.0	2367.0	2037.183349609375
2502.0	2351.0	2055.78515625
2495.0	2340.0	2063.22998046875
2482.0	2340.0	2085.577880859375
2475.0	2327.0	2092.531494140625
2474.0	2315.0	2084.324951171875
2464.0	2312.0	2099.38037109375
2455.0	2302.0	2110.921142578125
2445.0	2286.0	2124.941650390625
2436.0	2275.0	2135.93603515625
2436.0	2275.0	2123.601318359375
2421.0	2275.0	2149.23291015625
2415.0	2261.0	2151.34765625
2407.0	2251.0	2158.36083984375
2382.0	2249.0	2207.94091796875
2378.0	2238.0	2203.376220703125
2365.0	2224.0	2221.643798828125
2360.0	2225.0	2219.05859375
2348.0	2207.0	2234.302001953125
2349.0	2208.0	2216.344970703125
2337.0	2196.0	2231.207763671875
2350.0	2197.0	2182.436767578125
2318.0	2200.0	2248.2080078125
2309.0	2180.0	2254.97119140625
2300.0	2175.0	2261.684326171875
2288.0	2156.0	2275.98828125
2280.0	2159.0	2280.214111328125
2270.0	2139.0	2289.35791015625
2251.0	2145.0	2320.976318359375
2247.0	2144.0	2313.37060546875
2240.0	2133.0	2313.35546875
2229.0	2129.0	2323.514892578125
2220.0	2121.0	2328.84423828125
2209.0	2119.0	2339.228271484375
2200.0	2106.0	2344.3271484375
2201.0	2106.0	2324.3662109375
2185.0	2090.0	2348.48876953125
2188.0	2093.0	2324.125244140625
2184.0	2095.0	2317.63134765625
2168.0	2080.0	2341.62109375
2162.0	2080.0	2339.745361328125
2155.0	2081.0	2340.457763671875
2146.0	2067.0	2346.384521484375
2132.0	2067.0	2365.04248046875
2126.0	2055.0	2363.443115234375
2114.0	2057.0	2376.784423828125
2105.0	2052.0	2382.60986328125
2105.0	2040.0	2365.4990234375
2106.0	2042.0	2346.723388671875
2086.0	2039.0	2381.472900390625
2084.0	2040.0	2370.029052734375
2076.0	2028.0	2373.90087890625
2066.0	2015.0	2382.947509765625
2067.0	2014.0	2364.3642578125
2055.0	2013.0	2379.693603515625
2058.0	2000.0	2356.60791015625
2048.0	2003.0	2367.337158203125
2035.0	2002.0	2385.49365234375
2037.0	2003.0	2365.295654296875
2037.0	2002.0	2351.04345703125
2026.0	2002.0	2364.876708984375
2018.0	1988.0	2370.74462890625
2017.0	1989.0	2359.313232421875
2008.0	1988.0	2368.59375
2008.0	1989.0	2354.904052734375
2008.0	1988.0	2341.81640625
1999.0	1985.0	2352.287109375
2002.0	2003.0	2332.1142578125
1999.0	1991.0	2327.877685546875
1989.0	1985.0	2341.2578125
1987.0	1985.0	2334.679931640625
1978.0	1976.0	2346.189453125
1978.0	1972.0	2334.83447265625
1979.0	1977.0	2321.54541015625
1978.0	1978.0	2313.981689453125
1977.0	1975.0	2306.94189453125
1968.0	1974.0	2319.859375
1968.0	1977.0	2310.29248046875
1969.0	1989.0	2298.7412109375
1969.0	1988.0	2290.2119140625
1959.0	1987.0	2307.035888671875
1966.0	1988.0	2280.6591796875
1962.0	1988.0	2282.76416015625
1973.0	1988.0	2247.105224609375
1966.0	1987.0	2257.779052734375
1961.0	1990.0	2263.65283203125
1961.0	1989.0	2257.169189453125
1956.0	1987.0	2263.76220703125
1959.0	1989.0	2250.37744140625
1964.0	1985.0	2232.277587890625
1960.0	2001.0	2237.400634765625
1959.0	2003.0	2235.0576171875
1960.0	2002.0	2227.94873046875
1960.0	2003.0	2223.7236328125
1960.0	2002.0	2219.76171875
1959.0	2006.0	2218.476318359375
1959.0	2002.0	2214.843505859375
1959.0	2002.0	2211.588623046875
1961.0	2014.0	2203.37353515625
1959.0	2017.0	2205.540771484375
1958.0	2016.0	2205.32080078125
1959.0	2027.0	2200.15087890625
1961.0	2026.0	2192.67333984375
1960.0	2026.0	2192.951416015625
1960.0	2040.0	2190.77587890625
1959.0	2042.0	2191.29931640625
1960.0	2040.0	2186.908935546875
1970.0	2025.0	2160.4697265625
1970.0	2041.0	2159.721435546875
1969.0	2041.0	2161.72705078125
1970.0	2049.0	2158.6689453125
1968.0	2052.0	2163.293701171875
1968.0	2060.0	2162.8310546875
1968.0	2056.0	2162.426513671875
1968.0	2056.0	2162.05859375
1978.0	2057.0	2136.989501953125
1980.0	2052.0	2132.598876953125
1979.0	2069.0	2135.890380859375
1981.0	2064.0	2131.5205078125
1980.0	2069.0	2134.7041015625
1981.0	2068.0	2132.804443359375
1979.0	2066.0	2138.565185546875
1975.0	2067.0	2149.41552734375
1978.0	2068.0	2142.37890625
1988.0	2079.0	2118.415771484375
1977.0	2091.0	2147.875732421875
1973.0	2093.0	2158.5693359375
1979.0	2106.0	2143.781005859375
1977.0	2119.0	2148.843505859375
1960.0	2130.0	2191.137939453125
1951.0	2157.0	2212.375
1942.0	2171.0	2232.297607421875
1930.0	2196.0	2259.417724609375
1929.0	2197.0	2257.774169921875
1920.0	2234.0	2275.804443359375
1901.0	2259.0	2317.891845703125
1884.0	2286.0	2353.723876953125
1874.0	2313.0	2370.449462890625
1856.0	2350.0	2406.6240234375
1845.0	2380.0	2424.0576171875
1824.0	2404.0	2466.6748046875
1827.0	2406.0	2446.96044921875
1795.0	2471.0	2515.9228515625
1789.0	2496.0	2517.457275390625
1786.0	2495.0	2511.21533203125
1768.0	2534.0	2542.198486328125
1757.0	2560.0	2555.275634765625
1739.0	2587.0	2585.653076171875
1731.0	2626.0	2589.708740234375
1711.0	2653.0	2623.8251953125
1702.0	2679.0	2629.588623046875
1704.0	2677.0	2607.38916015625
1684.0	2707.0	2640.31689453125
1660.0	2758.0	2682.741943359375
1654.0	2755.0	2678.96142578125
1645.0	2784.0	2683.09619140625
1629.0	2808.0	2704.7802734375
1619.0	2821.0	2710.897705078125
1599.0	2849.0	2741.923095703125
1589.0	2872.0	2747.216552734375
1583.0	2889.0	2742.70068359375
1582.0	2887.0	2725.584228515625
1570.0	2901.0	2736.72900390625
1554.0	2939.0	2758.283935546875
1553.0	2939.0	2741.5830078125
1545.0	2953.0	2742.973388671875
1535.0	2968.0	2749.916748046875
1527.0	2977.0	2751.94482421875
1517.0	2992.0	2759.3798828125
1506.0	3018.0	2769.162841796875
1498.0	3017.0	2771.652587890625
1500.0	3017.0	2748.757080078125
1489.0	3031.0	2759.045166015625
1488.0	3046.0	2744.7373046875
1493.0	3059.0	2715.720947265625
1470.0	3071.0	2757.675537109375
1470.0	3069.0	2742.018798828125
1461.0	3069.0	2749.629150390625
1463.0	3071.0	2729.53076171875
1463.0	3072.0	2715.378662109375
1441.0	3088.0	2756.99169921875
1444.0	3086.0	2734.8154296875
1442.0	3084.0	2726.2900390625
1433.0	3086.0	2735.59814453125
1436.0	3079.0	2714.984619140625
1435.0	3071.0	2705.379150390625
1435.0	3072.0	2693.97314453125
1434.0	3070.0	2685.728271484375
1431.0	3058.0	2683.247802734375
1432.0	3058.0	2671.15625
1433.0	3046.0	2659.677734375
1435.0	3030.0	2646.19580078125
1436.0	3047.0	2635.83984375
1434.0	3018.0	2633.697998046875
1434.0	3006.0	2626.843017578125
1442.0	2994.0	2600.464111328125
1443.0	2977.0	2593.04833984375
1452.0	2964.0	2565.896240234375
1462.0	2954.0	2537.1552734375
1464.0	2952.0	2530.114013671875
1463.0	2938.0	2530.761474609375
1471.0	2895.0	2509.38427734375
1471.0	2901.0	2508.711669921875
1480.0	2888.0	2486.09716796875
1488.0	2875.0	2466.7724609375
1489.0	2848.0	2465.759765625
1497.0	2835.0	2446.95849609375
1508.0	2821.0	2421.982421875
1516.0	2796.0	2405.202392578125
1521.0	2796.0	2396.84814453125
1515.0	2769.0	2416.361572265625
1527.0	2757.0	2390.708251953125
1534.0	2730.0	2378.203857421875
1545.0	2703.0	2356.609130859375
1552.0	2690.0	2345.64697265625
1571.0	2667.0	2305.099365234375
1569.0	2646.0	2318.84423828125
1571.0	2659.0	2322.032958984375
1592.0	2600.0	2277.672119140625
1590.0	2598.0	2292.30712890625
1599.0	2572.0	2279.490478515625
1608.0	2560.0	2267.043701171875
1617.0	2521.0	2254.768798828125
1626.0	2509.0	2242.996337890625
1635.0	2482.0	2231.757080078125
1645.0	2458.0	2218.32861328125
1656.0	2429.0	2202.4375
1657.0	2431.0	2212.395263671875
1662.0	2418.0	2212.434814453125
1681.0	2393.0	2177.951416015625
1695.0	2364.0	2156.92822265625
1703.0	2352.0	2151.367919921875
1712.0	2328.0	2143.167236328125
1722.0	2301.0	2132.691650390625
1730.0	2273.0	2127.65185546875
1740.0	2249.0	2117.64599609375
1749.0	2238.0	2110.13037109375
1732.0	2235.0	2168.92626953125
1758.0	2208.0	2119.281982421875
1778.0	2196.0	2085.095458984375
1788.0	2168.0	2076.6884765625
1798.0	2141.0	2068.465576171875
1806.0	2128.0	2065.1298828125
1818.0	2104.0	2051.78076171875
1826.0	2091.0	2048.542236328125
1835.0	2076.0	2043.1597900390625
1847.0	2052.0	2029.9295654296875
1842.0	2051.0	2059.896728515625
1863.0	2052.0	2024.6724853515625
1873.0	2019.0	2017.599853515625
1883.0	2000.0	2010.3768310546875
1892.0	1996.0	2006.0838623046875
1913.0	1970.0	1971.5167236328125
1923.0	1947.0	1965.4239501953125
1931.0	1933.0	1964.2542724609375
1930.0	1936.0	1985.8326416015625
1950.0	1924.0	1954.08203125
1950.0	1913.0	1973.1956787109375
1962.0	1895.0	1961.7557373046875
1969.0	1888.0	1962.9931640625
1978.0	1869.0	1958.9393310546875
1989.0	1863.0	1949.585693359375
1998.0	1847.0	1945.6514892578125
2004.0	1843.0	1949.2733154296875
2007.0	1834.0	1960.0452880859375
2006.0	1839.0	1980.0860595703125
2028.0	1821.0	1941.8011474609375
2026.0	1819.0	1964.6270751953125
2035.0	1811.0	1959.57373046875
2048.0	1797.0	1944.248291015625
2045.0	1796.0	1968.9429931640625
2058.0	1781.0	1952.4295654296875
2065.0	1770.0	1951.657958984375
2065.0	1771.0	1968.3172607421875
2076.0	1772.0	1956.243896484375
2075.0	1770.0	1974.68408203125
2085.0	1757.0	1965.289306640625
2085.0	1757.0	1980.623291015625
2096.0	1760.0	1968.1864013671875
2106.0	1744.0	1958.37451171875
2104.0	1744.0	1978.4591064453125
2113.0	1744.0	1970.1373291015625
2116.0	1747.0	1976.903076171875
2123.0	1733.0	1973.279296875
2123.0	1734.0	1987.3753662109375
2122.0	1733.0	2003.1844482421875
2134.0	1733.0	1986.1494140625
2132.0	1733.0	2004.0989990234375
2144.0	1734.0	1986.2808837890625
2142.0	1733.0	2003.9598388671875
2150.0	1734.0	1996.0006103515625
2151.0	1734.0	2005.705078125
2150.0	1732.0	2019.822021484375
2166.0	1743.0	1990.161376953125
2173.0	1749.0	1983.821533203125
2164.0	1746.0	2017.6407470703125
2164.0	1744.0	2028.0369873046875
2176.0	1743.0	2008.03076171875
2180.0	1746.0	2008.1805419921875
2179.0	1757.0	2020.41748046875
2175.0	1756.0	2039.6827392578125
2169.0	1760.0	2063.56982421875
2174.0	1757.0	2059.011962890625
2178.0	1758.0	2057.53076171875
2183.0	1771.0	2053.212890625
2180.0	1769.0	2068.75927734375
2182.0	1770.0	2071.169189453125
2182.0	1784.0	2078.3505859375
2182.0	1782.0	2085.134521484375
2183.0	1785.0	2088.935791015625
2182.0	1798.0	2097.48046875
2184.0	1798.0	2098.0654296875
2184.0	1809.0	2103.3916015625
2182.0	1810.0	2113.60498046875
2183.0	1809.0	2115.826416015625
2182.0	1822.0	2122.953369140625
2184.0	1822.0	2122.147705078125
2184.0	1822.0	2126.1806640625
2183.0	1821.0	2132.636962890625
2183.0	1833.0	2136.214599609375
2180.0	1834.0	2147.1923828125
2178.0	1833.0	2155.5888671875
2182.0	1847.0	2148.486083984375
2183.0	1848.0	2148.826904296875
2182.0	1847.0	2154.141845703125
2181.0	1847.0	2159.36669921875
2182.0	1860.0	2159.273193359375
2171.0	1834.0	2188.797119140625
2170.0	1859.0	2192.491455078125
2171.0	1875.0	2191.088623046875
2170.0	1870.0	2194.693359375
2173.0	1872.0	2188.048828125
2171.0	1883.0	2194.0400390625
2172.0	1884.0	2192.32958984375
2173.0	1885.0	2190.58349609375
2172.0	1887.0	2193.89453125
2171.0	1898.0	2197.019775390625
2173.0	1897.0	2192.598876953125
2171.0	1899.0	2198.26708984375
2172.0	1898.0	2196.3974609375
2174.0	1897.0	2192.0107421875
2173.0	1896.0	2195.176025390625
2162.0	1899.0	2223.536376953125
2162.0	1892.0	2222.97607421875
2161.0	1913.0	2224.92138671875
2163.0	1903.0	2219.273681640625
2163.0	1918.0	2218.823486328125
2162.0	1907.0	2220.892578125
2162.0	1929.0	2220.433837890625
2162.0	1925.0	2220.04638671875
2162.0	1929.0	2219.689697265625
2163.0	1924.0	2216.824462890625
2152.0	1918.0	2243.551513671875
2153.0	1930.0	2239.578125
2150.0	1924.0	2245.937744140625
2154.0	1926.0	2234.6708984375
2153.0	1922.0	2236.02685546875
2154.0	1924.0	2232.300048828125
2153.0	1923.0	2233.76806640625
2154.0	1924.0	2230.223388671875
2154.0	1921.0	2229.356201171875
2154.0	1923.0	2228.498291015625
2152.0	1925.0	2232.845703125
2151.0	1923.0	2234.727294921875
2154.0	1925.0	2226.33544921875
2141.0	1926.0	2257.95703125
2143.0	1925.0	2251.1572265625
2142.0	1926.0	2252.09814453125
2143.0	1924.0	2248.1552734375
2142.0	1927.0	2249.237548828125
2143.0	1925.0	2245.398193359375
2142.0	1924.0	2246.694091796875
2142.0	1925.0	2245.560791015625
2141.0	1912.0	2247.005859375
2141.0	1912.0	2245.958740234375
2139.0	1909.0	2250.061767578125
2142.0	1911.0	2241.501708984375
2141.0	1911.0	2243.12548828125
2148.0	1911.0	2224.537353515625
2141.0	1912.0	2241.537353515625
2146.0	1897.0	2228.083984375
2146.0	1898.0	2227.408203125
2150.0	1900.0	2216.557373046875
2142.0	1898.0	2236.287353515625
2146.0	1896.0	2225.488037109375
2145.0	1901.0	2227.43798828125
2144.0	1898.0	2229.35986328125
2151.0	1886.0	2211.30322265625
2151.0	1883.0	2211.765625
2154.0	1885.0	2204.5625
2154.0	1885.0	2204.97021484375
2152.0	1884.0	2210.406005859375
2153.0	1886.0	2208.2099609375
2153.0	1884.0	2208.626953125
2152.0	1876.0	2211.490234375
2153.0	1872.0	2209.2607421875
2152.0	1872.0	2212.05322265625
2152.0	1874.0	2212.287109375
2151.0	1875.0	2215.150390625
2153.0	1873.0	2210.400634765625
2164.0	1874.0	2183.628662109375
2163.0	1862.0	2187.516357421875
2161.0	1861.0	2193.759765625
2162.0	1859.0	2192.237548828125
2164.0	1857.0	2188.275634765625
2162.0	1860.0	2194.60888671875
2173.0	1861.0	2167.669921875
2171.0	1860.0	2174.739501953125
2172.0	1859.0	2174.06787109375
2175.0	1862.0	2168.14794921875
2172.0	1862.0	2177.471923828125
2172.0	1846.0	2178.936767578125
2182.0	1846.0	2155.638427734375
2182.0	1850.0	2158.056884765625
2184.0	1847.0	2155.27294921875
2190.0	1847.0	2142.160400390625
2185.0	1850.0	2156.9091796875
2182.0	1847.0	2166.539306640625
2190.0	1847.0	2148.91259765625
2192.0	1848.0	2146.486328125
2192.0	1846.0	2148.9111328125
2190.0	1848.0	2156.343017578125
2192.0	1835.0	2153.49169921875
2192.0	1835.0	2155.6572265625
2192.0	1833.0	2157.654052734375
2202.0	1832.0	2134.541015625
2202.0	1833.0	2137.314453125
2198.0	1833.0	2150.15625
2202.0	1834.0	2142.571044921875
2201.0	1834.0	2147.518310546875
2201.0	1832.0	2149.75830078125
2210.0	1834.0	2129.787109375
2212.0	1834.0	2127.680419921875
2210.0	1832.0	2135.587890625
2210.0	1833.0	2138.263427734375
2210.0	1834.0	2140.82861328125
2221.0	1836.0	2115.366455078125
2220.0	1833.0	2121.217529296875
2219.0	1835.0	2126.870849609375
2224.0	1834.0	2117.082275390625
2221.0	1834.0	2127.572265625
2222.0	1831.0	2127.7021484375
2221.0	1836.0	2132.789306640625
2230.0	1834.0	2112.456298828125
2228.0	1829.0	2120.797119140625
2230.0	1834.0	2118.77392578125
2233.0	1835.0	2114.0234375
2231.0	1838.0	2121.81982421875
2229.0	1827.0	2129.34619140625
2230.0	1833.0	2129.095947265625
2231.0	1833.0	2128.77294921875
2227.0	1833.0	2141.031005859375
2230.0	1850.0	2135.450927734375
2230.0	1834.0	2137.29296875
2241.0	1832.0	2111.211669921875
2241.0	1831.0	2113.954833984375
2241.0	1844.0	2116.57421875
2240.0	1845.0	2121.57763671875
2241.0	1842.0	2121.3427734375
2235.0	1853.0	2138.73388671875
2237.0	1860.0	2135.63037109375
2239.0	1844.0	2132.4453125
2240.0	1857.0	2131.80029296875
2240.0	1841.0	2133.59619140625
2239.0	1860.0	2137.732177734375
2239.0	1866.0	2139.1572265625
2240.0	1856.0	2138.0576171875
2238.0	1858.0	2144.376708984375
2240.0	1862.0	2140.532958984375
2249.0	1858.0	2119.6669921875
2250.0	1863.0	2119.283447265625
2250.0	1864.0	2121.1865234375
2249.0	1849.0	2125.550537109375
2249.0	1875.0	2127.242431640625
2249.0	1873.0	2128.8115234375
2251.0	1871.0	2125.1630859375
2249.0	1874.0	2131.669677734375
2250.0	1873.0	2130.436279296875
2250.0	1875.0	2131.649169921875
2250.0	1888.0	2132.719482421875
2248.0	1888.0	2138.841552734375
2250.0	1888.0	2134.813720703125
2248.0	1886.0	2140.714111328125
2251.0	1885.0	2134.061767578125
2250.0	1883.0	2137.34130859375
2249.0	1884.0	2140.63671875
2249.0	1896.0	2141.451416015625
2249.0	1899.0	2142.292724609375
2248.0	1901.0	2145.501708984375
2249.0	1899.0	2143.509033203125
2239.0	1901.0	2169.537841796875
2250.0	1898.0	2142.02099609375
2247.0	1912.0	2150.147705078125
2251.0	1911.0	2140.341552734375
2248.0	1912.0	2148.33349609375
2247.0	1909.0	2151.20556640625
2252.0	1911.0	2138.76025390625
2248.0	1912.0	2149.200439453125
2250.0	1923.0	2144.322021484375
2247.0	1924.0	2152.03759765625
2248.0	1923.0	2149.708984375
2249.0	1924.0	2147.356201171875
2243.0	1926.0	2162.663818359375
2241.0	1922.0	2166.918701171875
2241.0	1935.0	2166.15283203125
2239.0	1938.0	2170.372314453125
2236.0	1938.0	2177.228515625
2241.0	1938.0	2163.7724609375
2243.0	1938.0	2158.011474609375
2245.0	1938.0	2152.331298828125
2245.0	1936.0	2151.736328125
2236.0	1949.0	2174.060791015625
2242.0	1946.0	2158.155517578125
2241.0	1949.0	2160.091552734375
2241.0	1944.0	2159.410888671875
2242.0	1951.0	2156.30224609375
2240.0	1949.0	2160.899658203125
2241.0	1951.0	2157.827392578125
2241.0	1962.0	2157.30615234375
2230.0	1962.0	2184.428466796875
2229.0	1963.0	2185.494140625
2230.0	1964.0	2181.536376953125
2230.0	1963.0	2180.171875
2229.0	1962.0	2181.404052734375
2229.0	1963.0	2180.1796875
2232.0	1962.0	2171.327880859375
2231.0	1963.0	2172.681884765625
2230.0	1962.0	2174.17431640625
2231.0	1975.0	2170.614990234375
2230.0	1976.0	2172.130859375
2230.0	1977.0	2171.179443359375
2228.0	1976.0	2175.3212890625
2231.0	1977.0	2166.818115234375
2229.0	1978.0	2170.97021484375
2229.0	1977.0	2170.193115234375
2234.0	1976.0	2156.68017578125
2232.0	1975.0	2160.970947265625
2229.0	1989.0	2167.87060546875
2230.0	1989.0	2164.736328125
2230.0	1988.0	2164.115478515625
2230.0	1989.0	2163.487548828125
2230.0	1987.0	2162.87255859375
2231.0	1988.0	2159.73828125
2230.0	1987.0	2161.672607421875
2231.0	1986.0	2158.62255859375
2230.0	1988.0	2160.657958984375
2230.0	2003.0	2160.200439453125
2242.0	2026.0	2129.732666015625
2239.0	2040.0	2137.950439453125
2260.0	2077.0	2085.84716796875
2272.0	2113.0	2058.0087890625
2270.0	2120.0	2066.55029296875
2289.0	2149.0	2023.3499755859375
2308.0	2195.0	1981.753662109375
2337.0	2238.0	1916.3670654296875
2357.0	2275.0	1876.6328125
2386.0	2330.0	1815.4036865234375
2415.0	2368.0	1756.304443359375
2436.0	2403.0	1719.0406494140625
2435.0	2396.0	1738.5899658203125
2495.0	2501.0	1605.2335205078125
2494.0	2498.0	1629.1302490234375
2532.0	2554.0	1556.521240234375
2563.0	2594.0	1503.311767578125
2591.0	2637.0	1458.5303955078125
2620.0	2676.0	1413.84912109375
2649.0	2718.0	1369.900634765625
2679.0	2772.0	1324.57080078125
2697.0	2809.0	1310.2119140625
2727.0	2849.0	1265.405517578125
2749.0	2889.0	1242.5367431640625
2750.0	2889.0	1273.2264404296875
2776.0	2928.0	1241.3946533203125
2797.0	2967.0	1222.330322265625
2825.0	3014.0	1185.6082763671875
2847.0	3057.0	1164.7454833984375
2874.0	3087.0	1132.0689697265625
2907.0	3125.0	1084.9112548828125
2922.0	3151.0	1083.721923828125
2924.0	3151.0	1115.3450927734375
2947.0	3189.0	1093.4847412109375
2963.0	3216.0	1089.30419921875
2982.0	3245.0	1077.6778564453125
2991.0	3270.0	1090.47021484375
3010.0	3313.0	1077.1097412109375
3032.0	3320.0	1056.2025146484375
3046.0	3346.0	1055.08056640625
3059.0	3372.0	1056.29443359375
3072.0	3386.0	1056.9637451171875
3070.0	3384.0	1094.8353271484375
3091.0	3408.0	1074.2581787109375
3100.0	3409.0	1083.2923583984375
3120.0	3403.0	1063.91943359375
3130.0	3407.0	1070.155029296875
3134.0	3407.0	1090.4556884765625
3149.0	3406.0	1082.0465087890625
3158.0	3407.0	1088.1119384765625
3158.0	3409.0	1116.17578125
3175.0	3405.0	1100.5167236328125
3178.0	3412.0	1119.864990234375
3177.0	3407.0	1147.7650146484375
3190.0	3407.0	1139.5540771484375
3188.0	3407.0	1168.321533203125
3195.0	3407.0	1173.477783203125
3198.0	3406.0	1187.7305908203125
3209.0	3405.0	1180.692138671875
3208.0	3408.0	1203.74755859375
3206.0	3408.0	1228.1783447265625
3216.0	3406.0	1220.9908447265625
3217.0	3407.0	1236.554931640625
3217.0	3411.0	1253.4971923828125
3219.0	3406.0	1264.365966796875
3218.0	3407.0	1281.9549560546875
3217.0	3407.0	1298.6844482421875
3208.0	3404.0	1334.080322265625
3205.0	3410.0	1353.0728759765625
3214.0	3397.0	1340.9119873046875
3208.0	3390.0	1366.0113525390625
3207.0	3386.0	1377.7147216796875
3198.0	3337.0	1408.3057861328125
3210.0	3345.0	1384.7003173828125
3187.0	3336.0	1448.9376220703125
3188.0	3307.0	1451.413330078125
3178.0	3294.0	1481.0966796875
3178.0	3268.0	1484.239990234375
3169.0	3243.0	1509.6448974609375
3160.0	3232.0	1533.989990234375
3159.0	3231.0	1536.8740234375
3150.0	3202.0	1559.032470703125
3136.0	3175.0	1592.9141845703125
3142.0	3151.0	1575.629638671875
3131.0	3124.0	1600.77880859375
3110.0	3098.0	1650.1605224609375
3099.0	3075.0	1672.5592041015625
3092.0	3032.0	1684.182373046875
3090.0	3033.0	1682.5318603515625
3069.0	2982.0	1728.2171630859375
3070.0	2978.0	1717.288818359375
3051.0	2955.0	1755.6904296875
3041.0	2915.0	1770.443359375
3034.0	2887.0	1777.398681640625
3010.0	2859.0	1826.7078857421875
3001.0	2822.0	1836.4530029296875
2991.0	2797.0	1848.3843994140625
2974.0	2750.0	1877.7615966796875
2972.0	2756.0	1867.9208984375
2954.0	2693.0	1898.353515625
2932.0	2666.0	1938.6466064453125
2934.0	2665.0	1916.5052490234375
2926.0	2639.0	1919.7821044921875
2903.0	2601.0	1960.733154296875
2893.0	2575.0	1967.8587646484375
2875.0	2536.0	1994.4161376953125
2854.0	2509.0	2027.76513671875
2835.0	2476.0	2055.500732421875
2837.0	2470.0	2029.0068359375
2826.0	2441.0	2035.780029296875
2806.0	2424.0	2064.676513671875
2796.0	2392.0	2067.763427734375
2778.0	2353.0	2090.52587890625
2767.0	2325.0	2095.641845703125
2748.0	2301.0	2120.854248046875
2719.0	2275.0	2170.876220703125
2687.0	2236.0	2225.817138671875
2660.0	2211.0	2267.05078125
2640.0	2185.0	2289.191650390625
2640.0	2184.0	2259.732666015625
2620.0	2157.0	2280.947021484375
2611.0	2132.0	2274.742431640625
2591.0	2119.0	2295.819091796875
2571.0	2092.0	2316.9296875
2561.0	2068.0	2312.593017578125
2541.0	2040.0	2334.3544921875
2519.0	2017.0	2360.8271484375
2511.0	1988.0	2351.0283203125
2494.0	1962.0	2364.677001953125
2494.0	1963.0	2334.538818359375
2487.0	1951.0	2322.8369140625
2462.0	1924.0	2357.236572265625
2457.0	1912.0	2340.72021484375
2434.0	1898.0	2369.805419921875
2426.0	1873.0	2360.771728515625
2407.0	1859.0	2380.3271484375
2396.0	1849.0	2379.265625
2380.0	1835.0	2391.09228515625
2363.0	1808.0	2405.117919921875
2368.0	1811.0	2363.603271484375
2359.0	1796.0	2358.449462890625
2338.0	1783.0	2383.962158203125
2329.0	1770.0	2379.001708984375
2319.0	1757.0	2376.8662109375
2314.0	1746.0	2362.43359375
2303.0	1732.0	2364.0
2301.0	1732.0	2343.1025390625
2296.0	1719.0	2330.231689453125
2279.0	1718.0	2348.342041015625
2264.0	1709.0	2361.585693359375
2260.0	1707.0	2347.11572265625
2244.0	1696.0	2363.6484375
2238.0	1697.0	2355.050048828125
2237.0	1682.0	2334.37744140625
2230.0	1682.0	2329.7802734375
2221.0	1667.0	2330.669677734375
2219.0	1670.0	2314.03271484375
2219.0	1669.0	2293.496826171875
2210.0	1668.0	2296.076171875
2202.0	1654.0	2296.333251953125
2201.0	1660.0	2279.478271484375
2193.0	1658.0	2280.8291015625
2189.0	1658.0	2272.371826171875
2192.0	1659.0	2247.1748046875
2190.0	1657.0	2235.599609375
2182.0	1657.0	2239.328125
2183.0	1659.0	2220.971923828125
2171.0	1657.0	2235.583740234375
2173.0	1658.0	2215.228759765625
2171.0	1659.0	2205.84619140625
2171.0	1652.0	2192.141357421875
2172.0	1670.0	2176.54150390625
2171.0	1669.0	2166.70556640625
2162.0	1666.0	2177.780517578125
2163.0	1667.0	2163.095703125
2162.0	1681.0	2154.27099609375
2162.0	1687.0	2143.607177734375
2162.0	1683.0	2133.44482421875
2163.0	1681.0	2121.15283203125
2162.0	1692.0	2114.52099609375
2163.0	1700.0	2103.2197265625
2162.0	1703.0	2097.597900390625
2172.0	1711.0	2064.77392578125
2172.0	1709.0	2058.41552734375
2174.0	1713.0	2047.2763671875
2172.0	1718.0	2046.5948486328125
2171.0	1725.0	2043.6630859375
2174.0	1727.0	2030.78662109375
2171.0	1735.0	2033.4703369140625
2170.0	1743.0	2031.3367919921875
2180.0	1744.0	2001.9798583984375
2183.0	1763.0	1991.24755859375
2182.0	1755.0	1990.8701171875
2182.0	1769.0	1988.126708984375
2182.0	1768.0	1985.4822998046875
2192.0	1770.0	1958.443115234375
2190.0	1781.0	1962.097412109375
2193.0	1795.0	1953.0941162109375
2201.0	1797.0	1932.3480224609375
2201.0	1811.0	1932.2955322265625
2201.0	1812.0	1932.089599609375
2200.0	1821.0	1934.4473876953125
2200.0	1821.0	1934.196044921875
2210.0	1831.0	1909.563232421875
2210.0	1832.0	1910.414794921875
2212.0	1832.0	1906.0810546875
2219.0	1849.0	1889.8841552734375
2222.0	1849.0	1883.885498046875
2222.0	1862.0	1885.4398193359375
2229.0	1860.0	1869.7349853515625
2230.0	1871.0	1869.5804443359375
2231.0	1874.0	1869.2781982421875
2231.0	1873.0	1871.4212646484375
2240.0	1886.0	1850.6842041015625
2241.0	1885.0	1851.130859375
2242.0	1917.0	1851.429931640625
2240.0	1897.0	1859.0916748046875
2239.0	1899.0	1864.1072998046875
2249.0	1911.0	1841.3402099609375
2248.0	1910.0	1847.0550537109375
2249.0	1910.0	1847.52734375
2249.0	1925.0	1850.2703857421875
2248.0	1925.0	1855.47607421875
2258.0	1924.0	1833.5341796875
2261.0	1931.0	1829.4078369140625
2259.0	1938.0	1837.7445068359375
2263.0	1937.0	1830.654296875
2263.0	1937.0	1833.4952392578125
2273.0	1938.0	1811.318115234375
2266.0	1939.0	1832.7783203125
2267.0	1951.0	1833.6334228515625
2272.0	1948.0	1824.1231689453125
2271.0	1950.0	1829.74072265625
2271.0	1952.0	1832.6483154296875
2269.0	1951.0	1840.4580078125
2270.0	1949.0	1840.395751953125
2269.0	1951.0	1845.275634765625
2272.0	1948.0	1839.8447265625
2279.0	1950.0	1824.522705078125
2280.0	1949.0	1824.8511962890625
2279.0	1953.0	1830.12548828125
2282.0	1951.0	1825.0440673828125
2279.0	1951.0	1835.127197265625
2280.0	1949.0	1834.8822021484375
2278.0	1949.0	1842.11474609375
2279.0	1949.0	1841.74365234375
2278.0	1948.0	1846.1602783203125
2279.0	1950.0	1845.21044921875
2280.0	1951.0	1844.4134521484375
2277.0	1950.0	1853.572509765625
2280.0	1950.0	1847.407958984375
2269.0	1936.0	1875.857666015625
2270.0	1938.0	1873.739990234375
2269.0	1937.0	1876.630615234375
2272.0	1938.0	1869.3408203125
2268.0	1936.0	1879.7835693359375
2269.0	1937.0	1877.4505615234375
2261.0	1938.0	1897.50244140625
2258.0	1926.0	1904.237548828125
2262.0	1924.0	1893.2786865234375
2258.0	1925.0	1902.6934814453125
2259.0	1925.0	1899.271240234375
2252.0	1911.0	1916.3421630859375
2247.0	1912.0	1927.1800537109375
2250.0	1910.0	1917.767333984375
2249.0	1912.0	1918.6014404296875
2251.0	1896.0	1911.87939453125
2241.0	1899.0	1935.62060546875
2240.0	1898.0	1935.651611328125
2241.0	1899.0	1930.7823486328125
2241.0	1898.0	1928.54833984375
2241.0	1897.0	1926.3699951171875
2233.0	1883.0	1943.888427734375
2231.0	1886.0	1946.059814453125
2233.0	1885.0	1938.21240234375
2220.0	1886.0	1968.06591796875
2221.0	1871.0	1962.04296875
2222.0	1871.0	1956.150146484375
2222.0	1871.0	1952.9820556640625
2210.0	1872.0	1979.52490234375
2211.0	1874.0	1973.0523681640625
2201.0	1860.0	1993.8399658203125
2201.0	1857.0	1989.343017578125
2202.0	1859.0	1982.553955078125
2190.0	1860.0	2008.5601806640625
2191.0	1848.0	2001.06103515625
2191.0	1846.0	1996.4112548828125
2184.0	1848.0	2009.609619140625
2183.0	1846.0	2006.985107421875
2173.0	1831.0	2027.3272705078125
2171.0	1831.0	2026.7652587890625
2171.0	1832.0	2021.3387451171875
2172.0	1828.0	2013.670166015625
2161.0	1818.0	2036.2738037109375
2161.0	1832.0	2030.7069091796875
2152.0	1821.0	2047.7232666015625
2152.0	1818.0	2041.667724609375
2153.0	1823.0	2033.4273681640625
2152.0	1817.0	2030.5106201171875
2143.0	1825.0	2047.3043212890625
2132.0	1815.0	2068.558837890625
2133.0	1821.0	2059.4853515625
2124.0	1821.0	2075.348876953125
2123.0	1813.0	2070.974365234375
2123.0	1811.0	2064.490234375
2112.0	1807.0	2086.138427734375
2114.0	1806.0	2074.22216796875
2115.0	1809.0	2065.109619140625
2116.0	1806.0	2056.36669921875
2105.0	1807.0	2077.638671875
2104.0	1813.0	2073.72607421875
2106.0	1807.0	2062.477783203125
2093.0	1816.0	2088.89599609375
2094.0	1806.0	2079.852294921875
2088.0	1791.0	2088.5048828125
2088.0	1794.0	2081.525634765625
2085.0	1796.0	2082.76904296875
2084.0	1800.0	2079.10498046875
2081.0	1791.0	2080.968994140625
2076.0	1797.0	2087.261474609375
2075.0	1791.0	2083.621337890625
2075.0	1798.0	2077.70849609375
2065.0	1796.0	2097.244873046875
2066.0	1809.0	2088.44970703125
2066.0	1812.0	2082.585693359375
2055.0	1813.0	2104.89794921875
2055.0	1809.0	2098.57373046875
2057.0	1807.0	2087.48291015625
2057.0	1816.0	2081.85498046875
2058.0	1815.0	2074.003662109375
2056.0	1826.0	2074.03759765625
2045.0	1812.0	2096.525390625
2044.0	1808.0	2093.46044921875
2046.0	1802.0	2083.0947265625
2049.0	1822.0	2070.48291015625
2036.0	1821.0	2098.61474609375
2036.0	1825.0	2093.218994140625
2036.0	1821.0	2088.0810546875
2036.0	1822.0	2083.249755859375
2036.0	1821.0	2078.624755859375
2038.0	1834.0	2069.1845703125
2027.0	1836.0	2092.5888671875
2027.0	1835.0	2087.806884765625
2026.0	1836.0	2085.63427734375
2026.0	1836.0	2081.2060546875
2025.0	1832.0	2079.643798828125
2025.0	1833.0	2075.673095703125
2017.0	1848.0	2091.45751953125
2018.0	1844.0	2084.529296875
2017.0	1845.0	2082.88134765625
2018.0	1852.0	2076.384033203125
2021.0	1861.0	2065.05908203125
2018.0	1860.0	2069.309814453125
2006.0	1863.0	2096.396728515625
2009.0	1863.0	2084.69140625
2006.0	1864.0	2088.488037109375
2009.0	1856.0	2077.10205078125
2005.0	1873.0	2083.641845703125
2008.0	1872.0	2072.673583984375
2009.0	1872.0	2067.0205078125
2007.0	1875.0	2069.1953125
2008.0	1885.0	2063.8447265625
2007.0	1884.0	2063.795166015625
2006.0	1887.0	2063.89794921875
2008.0	1888.0	2056.52685546875
2001.0	1899.0	2071.980224609375
1998.0	1900.0	2076.61328125
1998.0	1899.0	2073.79638671875
1998.0	1897.0	2071.178955078125
1998.0	1910.0	2068.671875
1999.0	1912.0	2063.795166015625
1997.0	1911.0	2066.6943359375
1997.0	1925.0	2064.407958984375
1998.0	1923.0	2059.912109375
1998.0	1924.0	2058.119384765625
1996.0	1925.0	2061.4404296875
1997.0	1924.0	2057.2861328125
1997.0	1941.0	2055.864501953125
1996.0	1937.0	2056.944580078125
1997.0	1937.0	2053.2021484375
1997.0	1938.0	2051.95849609375
1997.0	1936.0	2050.945556640625
1998.0	1950.0	2047.3814697265625
1995.0	1949.0	2054.01953125
2001.0	1950.0	2037.809326171875
2001.0	1949.0	2037.0821533203125
2004.0	1949.0	2028.7711181640625
2003.0	1965.0	2030.77734375
2008.0	1963.0	2017.462646484375
2001.0	1963.0	2034.67431640625
2003.0	1961.0	2029.0894775390625
2002.0	1963.0	2031.204833984375
2000.0	1961.0	2035.9814453125
1996.0	1975.0	2045.6473388671875
1999.0	1976.0	2037.5035400390625
1998.0	1974.0	2039.6783447265625
2000.0	1975.0	2034.2838134765625
2000.0	1989.0	2034.00244140625
1996.0	1988.0	2043.9537353515625
1999.0	1988.0	2036.1851806640625
2000.0	1988.0	2033.3544921875
1999.0	1987.0	2035.7945556640625
1999.0	1988.0	2035.6641845703125
1999.0	1986.0	2035.6041259765625
2000.0	1988.0	2032.9708251953125
1998.0	2004.0	2037.9447021484375
1999.0	2002.0	2035.3470458984375
1998.0	2002.0	2037.947021484375
1997.0	2003.0	2040.403076171875
1998.0	2002.0	2037.8258056640625
1998.0	2001.0	2037.820068359375
1997.0	2003.0	2040.229248046875
2000.0	2001.0	2032.724853515625
1998.0	2001.0	2037.9346923828125
2000.0	2002.0	2032.9429931640625
2001.0	2003.0	2030.4658203125
1998.0	2014.0	2038.093505859375
1997.0	2016.0	2040.8326416015625
1999.0	2014.0	2035.8848876953125
2000.0	2015.0	2033.510498046875
1998.0	2015.0	2038.7320556640625
1997.0	2013.0	2041.3831787109375
2000.0	2014.0	2033.9044189453125
1998.0	2014.0	2039.19873046875
1997.0	2014.0	2041.8970947265625
2000.0	2013.0	2034.4923095703125
1999.0	2014.0	2037.2576904296875
1998.0	2015.0	2040.0244140625
1997.0	2016.0	2042.763427734375
1998.0	2013.0	2040.4700927734375
1998.0	2012.0	2040.7420654296875
1999.0	2014.0	2038.475830078125
1979.0	2013.0	2089.67919921875
1998.0	2015.0	2041.47509765625
1998.0	2013.0	2041.80517578125
2000.0	2026.0	2036.9490966796875
1999.0	2027.0	2039.805419921875
1997.0	2028.0	2045.1883544921875
1999.0	2031.0	2040.3994140625
1999.0	2040.0	2040.6771240234375
1997.0	2047.0	2046.068115234375
1998.0	2056.0	2043.8013916015625
2000.0	2046.0	2039.0374755859375
1998.0	2038.0	2044.40771484375
1998.0	2044.0	2044.7552490234375
1997.0	2044.0	2047.56982421875
1997.0	2036.0	2047.7862548828125
1999.0	2041.0	2042.9249267578125
1998.0	2042.0	2045.76904296875
1998.0	2042.0	2046.05908203125
1998.0	2044.0	2046.40966796875
1998.0	2040.0	2046.7169189453125
1999.0	2040.0	2044.500244140625
1998.0	2040.0	2047.3770751953125
1998.0	2041.0	2047.6617431640625
1998.0	2037.0	2047.930419921875
1996.0	2038.0	2053.330810546875
1999.0	2043.0	2045.95703125
2000.0	2041.0	2043.7333984375
1999.0	2041.0	2046.5780029296875
1999.0	2043.0	2046.87646484375
1997.0	2040.0	2052.2734375
2000.0	2042.0	2044.9678955078125
1997.0	2041.0	2052.888671875
1997.0	2042.0	2053.152587890625
1997.0	2040.0	2053.44384765625
1997.0	2039.0	2053.77734375
1998.0	2043.0	2051.55712890625
1994.0	2042.0	2061.9873046875
1999.0	2038.0	2049.525146484375
1998.0	2038.0	2052.531494140625
1993.0	2039.0	2065.550537109375
1996.0	2040.0	2058.174560546875
1995.0	2042.0	2061.0986328125
1996.0	2041.0	2058.843505859375
1992.0	2040.0	2069.234375
1998.0	2041.0	2054.245849609375
1999.0	2026.0	2052.056884765625
2004.0	2027.0	2039.60302734375
2000.0	2027.0	2050.189697265625
2005.0	2027.0	2037.85693359375
1995.0	2030.0	2063.631103515625
1988.0	2028.0	2080.83203125
1988.0	2015.0	2080.103271484375
1990.0	2013.0	2074.32421875
1988.0	2014.0	2078.819091796875
1990.0	2013.0	2073.175537109375
1990.0	2014.0	2072.6806640625
1989.0	2016.0	2074.79541015625
1987.0	2016.0	2079.481201171875
1988.0	2014.0	2076.593505859375
1987.0	2016.0	2078.905517578125
1986.0	2015.0	2081.115478515625
1990.0	2014.0	2070.66796875
1987.0	2013.0	2078.087158203125
1987.0	2028.0	2077.859619140625
1988.0	2029.0	2075.1103515625
1987.0	2028.0	2077.518310546875
1988.0	2030.0	2074.83935546875
1989.0	2041.0	2072.162841796875
1990.0	2041.0	2069.556640625
1989.0	2039.0	2072.097412109375
1989.0	2039.0	2072.18603515625
1978.0	2041.0	2099.536865234375
1978.0	2040.0	2098.51123046875
1980.0	2039.0	2092.60986328125
1978.0	2040.0	2096.9091796875
1978.0	2054.0	2096.1611328125
1979.0	2052.0	2092.935546875
1980.0	2053.0	2089.76318359375
1979.0	2054.0	2091.660400390625
1978.0	2054.0	2093.634765625
1980.0	2052.0	2088.130615234375
1979.0	2055.0	2090.339599609375
1979.0	2052.0	2089.95361328125
1981.0	2054.0	2084.439208984375
1978.0	2050.0	2091.826171875
1979.0	2053.0	2089.076171875
1978.0	2066.0	2091.353759765625
1978.0	2068.0	2091.13720703125
1979.0	2066.0	2088.4150390625
1979.0	2066.0	2088.30224609375
1980.0	2065.0	2085.61083984375
1980.0	2067.0	2085.42822265625
1978.0	2065.0	2090.405029296875
1980.0	2066.0	2085.322998046875
1980.0	2066.0	2085.40673828125
1979.0	2078.0	2087.9150390625
1979.0	2079.0	2087.974365234375
1979.0	2078.0	2088.05419921875
1980.0	2077.0	2085.69287109375
1978.0	2083.0	2090.845703125
1979.0	2079.0	2088.345458984375
1977.0	2078.0	2093.38134765625
1978.0	2079.0	2091.164794921875
1978.0	2092.0	2091.313232421875
1978.0	2089.0	2091.446533203125
1981.0	2097.0	2083.81005859375
1978.0	2094.0	2091.630615234375
1977.0	2086.0	2094.313720703125
1979.0	2093.0	2089.242919921875
1978.0	2098.0	2091.947021484375
1978.0	2092.0	2092.2041015625
1974.0	2090.0	2102.5771484375
1978.0	2094.0	2092.670166015625
1979.0	2093.0	2090.360107421875
1979.0	2095.0	2090.627685546875
1979.0	2103.0	2090.919921875
1979.0	2109.0	2091.205322265625
1979.0	2104.0	2091.409423828125
1980.0	2103.0	2089.07861328125
1981.0	2103.0	2086.87158203125
1978.0	2107.0	2094.83154296875
1979.0	2108.0	2092.512939453125
1980.0	2107.0	2090.28662109375
1978.0	2104.0	2095.74658203125
1980.0	2105.0	2090.971923828125
1979.0	2104.0	2093.868408203125
1977.0	2103.0	2099.353759765625
1981.0	2106.0	2089.625244140625
1977.0	2106.0	2100.126220703125
1978.0	2105.0	2097.93359375
1975.0	2105.0	2105.8681640625
1981.0	2096.0	2090.89892578125
1990.0	2104.0	2068.311767578125
1982.0	2108.0	2089.064453125
1995.0	2104.0	2056.3701171875
1982.0	2105.0	2089.846435546875
1978.0	2106.0	2100.356689453125
1983.0	2104.0	2087.94140625
1982.0	2104.0	2090.8291015625
1976.0	2105.0	2106.44091796875
1978.0	2104.0	2101.549560546875
1981.0	2106.0	2094.23681640625
1980.0	2105.0	2097.133056640625
1981.0	2103.0	2094.911376953125
1979.0	2106.0	2100.319580078125
1980.0	2105.0	2098.095703125
1979.0	2105.0	2100.979736328125
1977.0	2106.0	2106.465087890625
1975.0	2106.0	2111.881591796875
1982.0	2103.0	2094.331787109375
1978.0	2104.0	2104.854248046875
1981.0	2102.0	2097.62109375
1979.0	2105.0	2103.154296875
1978.0	2105.0	2106.064453125
1978.0	2093.0	2106.447021484375
1979.0	2095.0	2104.216796875
1978.0	2093.0	2107.1103515625
1980.0	2093.0	2102.366943359375
1980.0	2092.0	2102.7919921875
1977.0	2092.0	2110.739501953125
1979.0	2092.0	2106.02587890625
1977.0	2093.0	2111.464111328125
1977.0	2093.0	2111.895751953125
1979.0	2093.0	2107.152099609375
1978.0	2093.0	2110.15185546875
1979.0	2092.0	2108.072998046875
1979.0	2093.0	2108.407470703125
1978.0	2093.0	2111.35498046875
1979.0	2093.0	2109.1416015625
1978.0	2094.0	2112.09033203125
1978.0	2093.0	2112.468994140625
1979.0	2093.0	2110.328857421875
1978.0	2092.0	2113.27197265625
1978.0	2092.0	2113.592041015625
1977.0	2079.0	2116.40576171875
1977.0	2081.0	2116.787841796875
1981.0	2080.0	2106.966796875
1979.0	2080.0	2112.39208984375
1977.0	2080.0	2117.849365234375
1978.0	2081.0	2115.642578125
1978.0	2080.0	2116.01123046875
1979.0	2078.0	2113.876708984375
1979.0	2080.0	2114.298095703125
1980.0	2080.0	2112.116943359375
1979.0	2081.0	2115.038330078125
1979.0	2080.0	2115.353759765625
1980.0	2079.0	2113.1884765625
1979.0	2078.0	2116.13671875
1978.0	2079.0	2119.065673828125
1977.0	2079.0	2121.921875
1979.0	2079.0	2117.170166015625
1978.0	2080.0	2120.1416015625
1979.0	2080.0	2117.962158203125
1981.0	2077.0	2113.300537109375
1979.0	2081.0	2118.78466796875
1979.0	2079.0	2119.0791015625
1979.0	2079.0	2119.457763671875
1980.0	2091.0	2117.27099609375
1978.0	2090.0	2122.776611328125
1977.0	2092.0	2125.699462890625
1979.0	2092.0	2120.8994140625
1978.0	2089.0	2123.8095703125
1978.0	2093.0	2124.14404296875
1979.0	2092.0	2121.982666015625
1979.0	2092.0	2122.43212890625
1978.0	2093.0	2125.423095703125
1980.0	2092.0	2120.839599609375
1978.0	2092.0	2126.30712890625
1978.0	2093.0	2126.71630859375
1978.0	2090.0	2127.072509765625
1978.0	2092.0	2127.476806640625
1980.0	2094.0	2122.76953125
1980.0	2091.0	2123.141357421875
1989.0	2105.0	2101.12353515625
1988.0	2107.0	2104.986083984375
1988.0	2103.0	2106.23486328125
1987.0	2110.0	2109.995361328125
1990.0	2105.0	2103.555419921875
1987.0	2103.0	2112.37353515625
1988.0	2104.0	2111.004150390625
1989.0	2103.0	2109.527099609375
1989.0	2099.0	2110.51953125
1987.0	2109.0	2116.6728515625
1989.0	2100.0	2112.546630859375
1987.0	2110.0	2118.54541015625
1990.0	2102.0	2111.887451171875
1990.0	2110.0	2112.753662109375
1987.0	2128.0	2121.251953125
1987.0	2122.0	2122.169921875
1987.0	2122.0	2122.997314453125
1986.0	2113.0	2126.322265625
1988.0	2127.0	2121.93994140625
1988.0	2123.0	2122.671630859375
1988.0	2131.0	2123.431884765625
1989.0	2116.0	2121.57763671875
1989.0	2121.0	2122.25634765625
1989.0	2124.0	2122.952392578125
1989.0	2120.0	2123.5751953125
1989.0	2115.0	2124.095458984375
1989.0	2119.0	2124.731201171875
1987.0	2123.0	2130.321533203125
1988.0	2119.0	2128.358154296875
1987.0	2116.0	2131.534912109375
1988.0	2121.0	2129.578369140625
1989.0	2112.0	2127.742431640625
1990.0	2118.0	2125.758544921875
1987.0	2114.0	2133.897216796875
1987.0	2119.0	2134.39892578125
1987.0	2123.0	2134.896240234375
1987.0	2119.0	2135.38623046875
1989.0	2118.0	2130.817626953125
1988.0	2117.0	2133.901123046875
1990.0	2116.0	2129.27685546875
1988.0	2115.0	2134.810546875
1987.0	2116.0	2137.815673828125
1988.0	2124.0	2135.668701171875
1988.0	2122.0	2136.122802734375
1987.0	2120.0	2139.1494140625
1987.0	2119.0	2139.646240234375
1988.0	2118.0	2137.579345703125
1989.0	2118.0	2135.401123046875
1987.0	2116.0	2140.911376953125
1987.0	2115.0	2141.242919921875
1988.0	2113.0	2139.102294921875
1987.0	2116.0	2142.076171875
1985.0	2118.0	2147.559326171875
1990.0	2118.0	2135.193115234375
1989.0	2118.0	2138.221923828125
1989.0	2116.0	2138.669677734375
1987.0	2117.0	2144.326904296875
1988.0	2118.0	2142.153564453125
1987.0	2120.0	2145.08935546875
1989.0	2120.0	2140.2802734375
1989.0	2118.0	2140.61083984375
1989.0	2117.0	2141.01904296875
1987.0	2121.0	2146.471435546875
1987.0	2118.0	2146.865478515625
1989.0	2117.0	2142.16748046875
1987.0	2119.0	2147.6875
1988.0	2119.0	2145.5078125
1987.0	2121.0	2148.40185546875
1987.0	2119.0	2148.807373046875
1989.0	2119.0	2144.126220703125
1991.0	2118.0	2139.486328125
1988.0	2118.0	2147.494140625
1989.0	2119.0	2145.327392578125
1987.0	2119.0	2150.8759765625
1990.0	2120.0	2143.635498046875
1988.0	2119.0	2149.102294921875
1987.0	2118.0	2151.867431640625
1988.0	2117.0	2149.811279296875
1989.0	2116.0	2147.796875
1988.0	2117.0	2150.65576171875
1989.0	2116.0	2148.459716796875
1988.0	2117.0	2151.34033203125
1987.0	2119.0	2154.140869140625
1986.0	2118.0	2157.069580078125
1986.0	2121.0	2157.418701171875
1989.0	2118.0	2150.138671875
1988.0	2118.0	2153.07275390625
1988.0	2106.0	2153.639404296875
1986.0	2108.0	2159.061279296875
1987.0	2107.0	2156.91552734375
1998.0	2105.0	2129.467529296875
1999.0	2106.0	2128.3740234375
1998.0	2109.0	2132.246337890625
1998.0	2105.0	2133.547607421875
2019.0	2103.0	2081.416748046875
1998.0	2105.0	2136.11669921875
1997.0	2108.0	2139.769775390625
1997.0	2106.0	2140.91650390625
1997.0	2105.0	2141.98974609375
1997.0	2105.0	2143.08642578125
1998.0	2106.0	2141.655029296875
1998.0	2106.0	2142.600830078125
1997.0	2106.0	2145.8681640625
2007.0	2103.0	2122.091064453125
2007.0	2105.0	2123.88134765625
2006.0	2105.0	2128.16259765625
2007.0	2105.0	2127.277587890625
2006.0	2104.0	2131.39697265625
2008.0	2107.0	2127.81787109375
2008.0	2104.0	2129.25341796875
2006.0	2104.0	2135.70166015625
2018.0	2106.0	2107.371826171875
2014.0	2104.0	2119.888916015625
2019.0	2104.0	2109.45947265625
2018.0	2105.0	2114.18359375
2021.0	2106.0	2108.6337890625
2020.0	2106.0	2113.21875
2018.0	2106.0	2120.2939453125
2026.0	2106.0	2101.952392578125
2030.0	2106.0	2094.52685546875
2026.0	2105.0	2107.352294921875
2025.0	2108.0	2112.269287109375
2026.0	2106.0	2112.0244140625
2035.0	2106.0	2092.216796875
2037.0	2106.0	2090.2734375
2037.0	2106.0	2093.25244140625
2036.0	2104.0	2098.630859375
2036.0	2105.0	2101.323974609375
2045.0	2105.0	2081.1748046875
2045.0	2105.0	2084.611328125
2046.0	2105.0	2085.38623046875
2045.0	2106.0	2091.038818359375
2046.0	2106.0	2091.388916015625
2045.0	2104.0	2096.7109375
2055.0	2106.0	2074.436279296875
2056.0	2106.0	2075.493408203125
2054.0	2105.0	2084.067626953125
2056.0	2105.0	2082.182861328125
2055.0	2104.0	2087.86572265625
2053.0	2103.0	2095.90234375
2061.0	2108.0	2079.2978515625
2063.0	2105.0	2077.70263671875
2064.0	2105.0	2078.651611328125
2063.0	2103.0	2084.47216796875
2063.0	2118.0	2087.6025390625
2071.0	2119.0	2070.618408203125
2083.0	2117.0	2043.9473876953125
2077.0	2119.0	2062.86376953125
2086.0	2120.0	2043.4620361328125
2078.0	2121.0	2067.199951171875
2084.0	2117.0	2055.115478515625
2091.0	2118.0	2041.23681640625
2085.0	2119.0	2060.35791015625
2088.0	2117.0	2056.4560546875
2089.0	2117.0	2057.451416015625
2093.0	2119.0	2050.568603515625
2089.0	2131.0	2063.974365234375
2073.0	2132.0	2107.68017578125
2075.0	2131.0	2104.253173828125
2078.0	2144.0	2098.27392578125
2066.0	2147.0	2129.770263671875
2045.0	2157.0	2181.965576171875
2038.0	2173.0	2197.581298828125
2019.0	2184.0	2242.62451171875
2007.0	2196.0	2268.572265625
1990.0	2210.0	2306.66015625
1969.0	2221.0	2352.869384765625
1960.0	2235.0	2367.084716796875
1962.0	2236.0	2352.882568359375
1938.0	2249.0	2403.63232421875
1921.0	2261.0	2435.45361328125
1900.0	2274.0	2476.38525390625
1883.0	2286.0	2505.347900390625
1869.0	2300.0	2525.795166015625
1847.0	2313.0	2565.91015625
1825.0	2327.0	2605.123291015625
1824.0	2328.0	2589.748291015625
1818.0	2338.0	2587.2587890625
1806.0	2351.0	2599.072021484375
1776.0	2366.0	2655.843505859375
1757.0	2377.0	2683.997802734375
1739.0	2392.0	2709.10888671875
1731.0	2403.0	2708.584228515625
1711.0	2416.0	2737.97021484375
1715.0	2431.0	2705.8271484375
1692.0	2428.0	2742.092041015625
1675.0	2446.0	2762.49609375
1666.0	2443.0	2762.697509765625
1645.0	2470.0	2793.18115234375
1636.0	2468.0	2792.9091796875
1616.0	2482.0	2820.6494140625
1600.0	2482.0	2837.778564453125
1588.0	2496.0	2844.665771484375
1590.0	2495.0	2816.328369140625
1562.0	2510.0	2864.3173828125
1562.0	2510.0	2840.673095703125
1552.0	2520.0	2842.96875
1545.0	2536.0	2838.059326171875
1534.0	2548.0	2843.794921875
1526.0	2547.0	2842.3544921875
1519.0	2560.0	2838.458740234375
1504.0	2562.0	2855.2841796875
1498.0	2563.0	2849.569091796875
1488.0	2577.0	2854.455810546875
1479.0	2572.0	2856.8662109375
1470.0	2570.0	2859.588134765625
1471.0	2570.0	2837.051025390625
1470.0	2587.0	2820.751708984375
1462.0	2586.0	2822.708984375
1451.0	2589.0	2832.57470703125
1444.0	2587.0	2832.156005859375
1434.0	2587.0	2839.567138671875
1422.0	2585.0	2852.584716796875
1440.0	2587.0	2790.238525390625
1432.0	2585.0	2795.03759765625
1426.0	2587.0	2794.86767578125
1426.0	2586.0	2780.217041015625
1427.0	2593.0	2763.813232421875
1425.0	2601.0	2755.98486328125
1426.0	2584.0	2741.239013671875
1427.0	2587.0	2727.3046875
1425.0	2587.0	2721.55419921875
1426.0	2574.0	2708.949462890625
1427.0	2574.0	2696.945556640625
1425.0	2575.0	2693.127685546875
1436.0	2574.0	2657.56640625
1436.0	2574.0	2650.70947265625
1436.0	2561.0	2644.23291015625
1443.0	2562.0	2620.9931640625
1453.0	2562.0	2591.26806640625
1461.0	2552.0	2567.67138671875
1460.0	2549.0	2568.089111328125
1470.0	2535.0	2540.933837890625
1478.0	2523.0	2519.78662109375
1479.0	2521.0	2517.547607421875
1481.0	2505.0	2512.913818359375
1487.0	2509.0	2498.67431640625
1498.0	2496.0	2472.5224609375
1506.0	2495.0	2455.109619140625
1517.0	2484.0	2430.78125
1525.0	2481.0	2414.81982421875
1526.0	2482.0	2417.4248046875
1558.0	2456.0	2342.05419921875
1543.0	2458.0	2386.883544921875
1552.0	2456.0	2371.16162109375
1562.0	2444.0	2353.5283203125
1570.0	2429.0	2341.382568359375
1583.0	2428.0	2317.020263671875
1599.0	2421.0	2286.36865234375
1609.0	2409.0	2271.7294921875
1618.0	2402.0	2259.888671875
1622.0	2408.0	2261.158447265625
1626.0	2405.0	2262.76171875
1637.0	2375.0	2246.912109375
1645.0	2377.0	2239.3271484375
1664.0	2363.0	2204.686279296875
1673.0	2353.0	2195.91064453125
1692.0	2353.0	2162.217529296875
1702.0	2340.0	2152.157470703125
1712.0	2325.0	2142.612060546875
1730.0	2325.0	2112.794189453125
1730.0	2325.0	2129.615234375
1739.0	2313.0	2123.620849609375
1749.0	2300.0	2115.252197265625
1759.0	2300.0	2106.82373046875
1777.0	2288.0	2079.291259765625
1787.0	2272.0	2072.160400390625
1795.0	2261.0	2070.028564453125
1807.0	2248.0	2057.608154296875
1807.0	2247.0	2075.64013671875
1834.0	2236.0	2026.1053466796875
1843.0	2236.0	2022.3863525390625
1845.0	2233.0	2036.5928955078125
1852.0	2221.0	2037.8890380859375
1875.0	2222.0	1998.7314453125
1883.0	2209.0	1998.2529296875
1891.0	2196.0	1997.9276123046875
1911.0	2196.0	1967.254638671875
1921.0	2183.0	1962.4453125
1940.0	2183.0	1934.6236572265625
1941.0	2182.0	1953.598388671875
1948.0	2170.0	1956.9847412109375
1961.0	2170.0	1945.2010498046875
1969.0	2156.0	1945.9359130859375
1978.0	2158.0	1943.8394775390625
1988.0	2144.0	1938.97802734375
2001.0	2144.0	1926.5870361328125
2008.0	2134.0	1929.2392578125
2018.0	2130.0	1924.11865234375
2016.0	2130.0	1949.208740234375
2026.0	2129.0	1943.6556396484375
2035.0	2117.0	1940.558837890625
2046.0	2118.0	1932.4749755859375
2056.0	2117.0	1926.83740234375
2066.0	2105.0	1921.0595703125
2075.0	2106.0	1917.559814453125
2085.0	2104.0	1911.42041015625
2094.0	2093.0	1907.971435546875
2104.0	2091.0	1901.8907470703125
2104.0	2091.0	1921.035400390625
2106.0	2093.0	1934.0546875
2112.0	2091.0	1936.835205078125
2124.0	2082.0	1924.176025390625
2134.0	2079.0	1916.9722900390625
2142.0	2078.0	1914.659423828125
2154.0	2079.0	1902.1129150390625
2152.0	2080.0	1924.8494873046875
2152.0	2080.0	1941.47998046875
2171.0	2068.0	1910.04833984375
2171.0	2070.0	1927.0562744140625
2173.0	2067.0	1937.9862060546875
2182.0	2069.0	1931.23974609375
2182.0	2065.0	1946.7291259765625
2191.0	2068.0	1938.9598388671875
2191.0	2067.0	1953.7554931640625
2201.0	2068.0	1942.75146484375
2201.0	2067.0	1957.1068115234375
2200.0	2066.0	1973.25439453125
2212.0	2066.0	1955.8931884765625
2213.0	2068.0	1966.588623046875
2212.0	2066.0	1981.5706787109375
2220.0	2066.0	1973.9166259765625
2220.0	2067.0	1986.064208984375
2221.0	2066.0	1995.0667724609375
2221.0	2067.0	2005.9605712890625
2230.0	2068.0	1993.9422607421875
2231.0	2068.0	2002.1514892578125
2230.0	2067.0	2014.9847412109375
2230.0	2065.0	2024.7000732421875
2229.0	2066.0	2036.2933349609375
2229.0	2066.0	2044.862548828125
2229.0	2067.0	2053.0
2229.0	2067.0	2060.67626953125
2229.0	2066.0	2067.8671875
2239.0	2068.0	2049.586181640625
2240.0	2068.0	2054.638671875
2238.0	2065.0	2066.8232421875
2240.0	2068.0	2068.53662109375
2237.0	2067.0	2082.544921875
2241.0	2068.0	2078.417236328125
2229.0	2067.0	2114.022705078125
2231.0	2065.0	2113.307373046875
2232.0	2077.0	2114.916015625
2230.0	2080.0	2123.858154296875
2230.0	2079.0	2127.580078125
2231.0	2079.0	2128.540771484375
2230.0	2079.0	2134.336669921875
2230.0	2079.0	2137.4365234375
2230.0	2078.0	2140.38232421875
2230.0	2080.0	2143.173583984375
2230.0	2082.0	2145.77880859375
2222.0	2081.0	2168.173583984375
2223.0	2078.0	2166.94970703125
2219.0	2092.0	2178.37255859375
2220.0	2092.0	2176.981689453125
2222.0	2092.0	2173.030517578125
2220.0	2095.0	2179.1123046875
2222.0	2094.0	2175.01953125
2220.0	2093.0	2181.0556640625
2210.0	2093.0	2206.4755859375
2210.0	2090.0	2206.34130859375
2213.0	2092.0	2198.4541015625
2213.0	2093.0	2198.26806640625
2211.0	2094.0	2203.0908203125
2203.0	2105.0	2223.060302734375
2200.0	2107.0	2229.505126953125
2201.0	2104.0	2225.7578125
2201.0	2105.0	2224.64990234375
2201.0	2104.0	2223.55712890625
2203.0	2107.0	2217.5537109375
2201.0	2104.0	2221.662353515625
2192.0	2105.0	2243.159912109375
2190.0	2106.0	2246.2734375
2190.0	2106.0	2244.391357421875
2192.0	2106.0	2237.560546875
2192.0	2108.0	2235.893798828125
2189.0	2107.0	2241.9091796875
2193.0	2105.0	2230.267333984375
2191.0	2105.0	2233.8896484375
2190.0	2109.0	2235.061279296875
2181.0	2117.0	2256.12451171875
2182.0	2117.0	2251.375
2184.0	2119.0	2244.2060546875
2181.0	2118.0	2249.826416015625
2184.0	2119.0	2240.296630859375
2182.0	2116.0	2243.674072265625
2184.0	2120.0	2236.92822265625
2184.0	2120.0	2235.298583984375
2182.0	2116.0	2238.771728515625
2182.0	2117.0	2237.31884765625
2182.0	2119.0	2235.9951171875
2180.0	2118.0	2239.750732421875
2183.0	2116.0	2230.8984375
2183.0	2115.0	2229.673828125
2182.0	2119.0	2231.103759765625
2182.0	2117.0	2229.9326171875
2182.0	2120.0	2228.83740234375
2182.0	2117.0	2227.841796875
2183.0	2118.0	2224.358154296875
2184.0	2120.0	2220.941650390625
2182.0	2118.0	2225.229736328125
2179.0	2117.0	2232.075439453125
2183.0	2118.0	2221.068359375
2182.0	2119.0	2222.89111328125
2184.0	2119.0	2217.171630859375
2181.0	2117.0	2224.2353515625
2182.0	2118.0	2221.144775390625
2183.0	2120.0	2217.914794921875
2182.0	2117.0	2219.956298828125
2181.0	2116.0	2222.028076171875
2173.0	2105.0	2241.596923828125
2162.0	2104.0	2267.560546875
2153.0	2106.0	2287.7763671875
2152.0	2106.0	2286.95458984375
2133.0	2094.0	2330.105224609375
2098.0	2094.0	2412.432373046875
2098.0	2080.0	2404.280517578125
2061.0	2081.0	2487.41064453125
2048.0	2067.0	2508.17919921875
2018.0	2067.0	2570.763671875
1998.0	2053.0	2606.387451171875
1998.0	2053.0	2590.297607421875
1950.0	2042.0	2693.80029296875
1948.0	2037.0	2679.424560546875
1923.0	2025.0	2721.719482421875
1890.0	2014.0	2782.81396484375
1866.0	2012.0	2819.743408203125
1835.0	2002.0	2873.357421875
1817.0	2001.0	2892.19189453125
1779.0	1988.0	2961.380859375
1766.0	1977.0	2966.0263671875
1768.0	1977.0	2932.525634765625
1722.0	1964.0	3019.388671875
1721.0	1964.0	2991.719970703125
1692.0	1960.0	3033.90478515625
1666.0	1949.0	3067.534423828125
1644.0	1943.0	3090.968505859375
1620.0	1936.0	3119.320556640625
1598.0	1938.0	3141.381103515625
1580.0	1924.0	3153.461181640625
1563.0	1923.0	3163.331787109375
1563.0	1924.0	3130.137451171875
1545.0	1912.0	3142.80224609375
1516.0	1898.0	3182.7197265625
1508.0	1899.0	3169.412841796875
1494.0	1897.0	3171.585693359375
1464.0	1886.0	3214.76806640625
1445.0	1885.0	3229.6484375
1434.0	1890.0	3224.302001953125
1416.0	1874.0	3236.837646484375
1410.0	1871.0	3219.513671875
1408.0	1873.0	3193.13134765625
1391.0	1874.0	3204.897216796875
1380.0	1862.0	3202.239013671875
1372.0	1859.0	3192.85498046875
1362.0	1861.0	3189.000244140625
1357.0	1862.0	3173.3857421875
1335.0	1848.0	3201.48828125
1336.0	1849.0	3171.39697265625
1337.0	1856.0	3142.8720703125
1316.0	1846.0	3170.8125
1318.0	1847.0	3140.73291015625
1319.0	1848.0	3114.617919921875
1309.0	1848.0	3117.2021484375
1308.0	1845.0	3097.94921875
1313.0	1849.0	3064.67529296875
1300.0	1847.0	3077.70947265625
1302.0	1845.0	3053.517822265625
1301.0	1851.0	3038.054443359375
1300.0	1845.0	3023.62841796875
1302.0	1847.0	3002.679931640625
1300.0	1847.0	2992.7158203125
1310.0	1846.0	2954.045166015625
1308.0	1848.0	2946.904052734375
1315.0	1847.0	2917.542236328125
1319.0	1860.0	2896.927734375
1319.0	1861.0	2887.644287109375
1326.0	1862.0	2861.568603515625
1336.0	1856.0	2829.173583984375
1336.0	1861.0	2823.302001953125
1336.0	1861.0	2817.9130859375
1344.0	1874.0	2793.39990234375
1355.0	1873.0	2762.708740234375
1365.0	1871.0	2735.60791015625
1374.0	1886.0	2711.938232421875
1379.0	1884.0	2699.46435546875
1388.0	1886.0	2677.509521484375
1408.0	1897.0	2629.28759765625
1417.0	1902.0	2610.244384765625
1418.0	1890.0	2612.221435546875
1434.0	1895.0	2577.677978515625
1443.0	1908.0	2561.68017578125
1462.0	1910.0	2521.44775390625
1478.0	1924.0	2490.7744140625
1490.0	1926.0	2470.789306640625
