1998.0	1275.0	1959.0	0.0	0.0	0.0
1997.0	1278.0	1960.0	0.0	0.0	0.0
1997.0	1277.0	1957.0	0.0	0.0	0.0
1997.0	1278.0	1955.0	0.0	0.0	0.0
1996.0	1279.0	1954.0	0.0	0.0	0.0
2001.0	1280.0	1956.0	0.0	0.0	0.0
1997.0	1278.0	1963.0	0.0	0.0	0.0
1999.0	1279.0	1960.0	0.0	0.0	0.0
1996.0	1278.0	1956.0	0.0	0.0	0.0
1998.0	1275.0	1957.0	0.0	0.0	0.0
1998.0	1277.0	1960.0	0.0	0.0	0.0
1998.0	1276.0	1948.0	0.0	0.0	0.0
1998.0	1277.0	1949.0	0.0	0.0	0.0
1995.0	1279.0	1956.0	0.0	0.0	0.0
1997.0	1277.0	1960.0	0.0	0.0	0.0
1998.0	1279.0	1957.0	0.0	0.0	0.0
1999.0	1278.0	1936.0	0.0	0.0	0.0
1997.0	1276.0	1966.0	0.0	0.0	0.0
1999.0	1276.0	1956.0	0.0	0.0	0.0
1998.0	1280.0	1962.0	0.0	0.0	0.0
1998.0	1277.0	1952.0	0.0	0.0	0.0
1998.0	1276.0	1961.0	0.0	0.0	0.0
1997.0	1278.0	1947.0	0.0	0.0	0.0
1997.0	1275.0	1954.0	0.0	0.0	0.0
2000.0	1279.0	1959.0	0.0	0.0	0.0
1999.0	1276.0	1962.0	0.0	0.0	0.0
1997.0	1276.0	1963.0	0.0	0.0	0.0
1998.0	1278.0	1952.0	0.0	0.0	0.0
1997.0	1280.0	1937.0	0.0	0.0	0.0
2000.0	1278.0	1960.0	0.0	0.0	0.0
1999.0	1279.0	1958.0	0.0	0.0	0.0
1996.0	1277.0	1955.0	0.0	0.0	0.0
1997.0	1281.0	1956.0	0.0	0.0	0.0
1997.0	1279.0	1950.0	0.0	0.0	0.0
1996.0	1278.0	1951.0	0.0	0.0	0.0
1998.0	1279.0	1969.0	0.0	0.0	0.0
1999.0	1278.0	1946.0	0.0	0.0	0.0
1997.0	1278.0	1957.0	0.0	0.0	0.0
1998.0	1278.0	1945.0	0.0	0.0	0.0
1996.0	1276.0	1949.0	0.0	0.0	0.0
1998.0	1277.0	1954.0	0.0	0.0	0.0
1997.0	1274.0	1959.0	0.0	0.0	0.0
1997.0	1276.0	1960.0	0.0	0.0	0.0
1998.0	1279.0	1951.0	0.0	0.0	0.0
1999.0	1277.0	1946.0	0.0	0.0	0.0
2006.0	1276.0	1951.0	0.0	0.0	0.0
1998.0	1277.0	1936.0	0.0	0.0	0.0
1998.0	1278.0	1949.0	0.0	0.0	0.0
1996.0	1278.0	1948.0	0.0	0.0	0.0
1996.0	1279.0	1948.0	0.0	0.0	0.0
2000.0	1274.0	1962.0	0.0	0.0	0.0
1999.0	1277.0	1955.0	0.0	0.0	0.0
1998.0	1275.0	1966.0	0.0	0.0	0.0
1999.0	1278.0	1950.0	0.0	0.0	0.0
1994.0	1278.0	1953.0	0.0	0.0	0.0
1997.0	1282.0	1950.0	0.0	0.0	0.0
1998.0	1279.0	1950.0	0.0	0.0	0.0
1998.0	1279.0	1961.0	0.0	0.0	0.0
1996.0	1278.0	1948.0	0.0	0.0	0.0
1998.0	1277.0	1952.0	0.0	0.0	0.0
1998.0	1279.0	1959.0	0.0	0.0	0.0
1996.0	1277.0	1963.0	0.0	0.0	0.0
1997.0	1278.0	1951.0	0.0	0.0	0.0
1997.0	1278.0	1967.0	0.0	0.0	0.0
1997.0	1278.0	1962.0	0.0	0.0	0.0
1999.0	1277.0	1959.0	0.0	0.0	0.0
1998.0	1278.0	1960.0	0.0	0.0	0.0
1997.0	1279.0	1953.0	0.0	0.0	0.0
2003.0	1276.0	1959.0	0.0	0.0	0.0
1998.0	1279.0	1957.0	0.0	0.0	0.0
1998.0	1278.0	1967.0	0.0	0.0	0.0
1998.0	1277.0	1942.0	0.0	0.0	0.0
1996.0	1277.0	1961.0	0.0	0.0	0.0
1997.0	1275.0	1957.0	0.0	0.0	0.0
1993.0	1276.0	1962.0	0.0	0.0	0.0
1997.0	1279.0	1956.0	0.0	0.0	0.0
1996.0	1277.0	1965.0	0.0	0.0	0.0
2000.0	1278.0	1963.0	0.0	0.0	0.0
1997.0	1279.0	1959.0	0.0	0.0	0.0
1998.0	1278.0	1944.0	0.0	0.0	0.0
1998.0	1278.0	1956.0	0.0	0.0	0.0
1998.0	1278.0	1955.0	0.0	0.0	0.0
2001.0	1277.0	1954.0	0.0	0.0	0.0
1998.0	1278.0	1960.0	0.0	0.0	0.0
1998.0	1277.0	1966.0	0.0	0.0	0.0
2000.0	1279.0	1957.0	0.0	0.0	0.0
1997.0	1277.0	1952.0	0.0	0.0	0.0
1998.0	1278.0	1958.0	0.0	0.0	0.0
1997.0	1278.0	1963.0	0.0	0.0	0.0
1998.0	1277.0	1968.0	0.0	0.0	0.0
1997.0	1275.0	1968.0	0.0	0.0	0.0
2011.0	1277.0	1967.0	0.0	0.0	0.0
2000.0	1273.0	1965.0	0.0	0.0	0.0
1999.0	1277.0	1957.0	0.0	0.0	0.0
1997.0	1279.0	1969.0	0.0	0.0	0.0
1997.0	1279.0	1952.0	0.0	0.0	0.0
2000.0	1277.0	1951.0	0.0	0.0	0.0
1998.0	1276.0	1974.0	0.0	0.0	0.0
1999.0	1277.0	1965.0	0.0	0.0	0.0
1997.0	1277.0	1953.0	0.0	0.0	0.0
1991.0	1280.0	1962.0	0.0	0.0	0.0
1995.0	1283.0	1961.0	0.0	0.0	0.0
1997.0	1279.0	1954.0	0.0	0.0	0.0
1997.0	1275.0	1957.0	0.0	0.0	0.0
1997.0	1277.0	1952.0	0.0	0.0	0.0
1995.0	1277.0	1963.0	0.0	0.0	0.0
1999.0	1280.0	1957.0	0.0	0.0	0.0
2000.0	1279.0	1965.0	0.0	0.0	0.0
1998.0	1278.0	1956.0	0.0	0.0	0.0
1997.0	1279.0	1954.0	0.0	0.0	0.0
1996.0	1280.0	1961.0	0.0	0.0	0.0
1996.0	1278.0	1965.0	0.0	0.0	0.0
2000.0	1278.0	1945.0	0.0	0.0	0.0
1999.0	1275.0	1959.0	0.0	0.0	0.0
2004.0	1276.0	1964.0	0.0	0.0	0.0
1997.0	1277.0	1958.0	0.0	0.0	0.0
1997.0	1278.0	1962.0	0.0	0.0	0.0
1999.0	1278.0	1953.0	0.0	0.0	0.0
1999.0	1277.0	1958.0	0.0	0.0	0.0
1998.0	1278.0	1952.0	0.0	0.0	0.0
1999.0	1274.0	1959.0	0.0	0.0	0.0
1997.0	1276.0	1960.0	0.0	0.0	0.0
1998.0	1277.0	1964.0	0.0	0.0	0.0
2001.0	1276.0	1951.0	0.0	0.0	0.0
1998.0	1278.0	1955.0	0.0	0.0	0.0
1998.0	1280.0	1960.0	0.0	0.0	0.0
1986.0	1279.0	1955.0	0.0	0.0	0.0
1997.0	1277.0	1957.0	0.0	0.0	0.0
1998.0	1276.0	1943.0	0.0	0.0	0.0
1997.0	1277.0	1966.0	0.0	0.0	0.0
1998.0	1277.0	1950.0	0.0	0.0	0.0
1997.0	1277.0	1967.0	0.0	0.0	0.0
1995.0	1278.0	1963.0	0.0	0.0	0.0
1999.0	1274.0	1949.0	0.0	0.0	0.0
1999.0	1277.0	1949.0	0.0	0.0	0.0
1999.0	1277.0	1947.0	0.0	0.0	0.0
1997.0	1279.0	1961.0	0.0	0.0	0.0
1999.0	1277.0	1945.0	0.0	0.0	0.0
2000.0	1277.0	1958.0	0.0	0.0	0.0
1996.0	1277.0	1946.0	0.0	0.0	0.0
1997.0	1280.0	1960.0	0.0	0.0	0.0
1995.0	1276.0	1964.0	0.0	0.0	0.0
1999.0	1287.0	1959.0	0.0	0.0	0.0
1998.0	1278.0	1963.0	0.0	0.0	0.0
1998.0	1277.0	1959.0	0.0	0.0	0.0
1997.0	1278.0	1959.0	0.0	0.0	0.0
2011.0	1276.0	1962.0	0.0	0.0	0.0
1998.0	1274.0	1951.0	0.0	0.0	0.0
1999.0	1278.0	1965.0	0.0	0.0	0.0
1997.0	1279.0	1958.0	0.0	0.0	0.0
1997.0	1278.0	1964.0	0.0	0.0	0.0
2000.0	1276.0	1953.0	0.0	0.0	0.0
1998.0	1276.0	1964.0	0.0	0.0	0.0
1996.0	1277.0	1965.0	0.0	0.0	0.0
1998.0	1277.0	1958.0	0.0	0.0	0.0
1995.0	1277.0	1964.0	0.0	0.0	0.0
1999.0	1274.0	1956.0	0.0	0.0	0.0
1998.0	1277.0	1966.0	0.0	0.0	0.0
1999.0	1277.0	1968.0	0.0	0.0	0.0
1999.0	1278.0	1956.0	0.0	0.0	0.0
1993.0	1275.0	1963.0	0.0	0.0	0.0
1997.0	1281.0	1964.0	0.0	0.0	0.0
1997.0	1277.0	1952.0	0.0	0.0	0.0
1999.0	1276.0	1961.0	0.0	0.0	0.0
1997.0	1277.0	1966.0	0.0	0.0	0.0
1998.0	1281.0	1944.0	0.0	0.0	0.0
1997.0	1278.0	1947.0	0.0	0.0	0.0
1999.0	1278.0	1946.0	0.0	0.0	0.0
1998.0	1278.0	1961.0	0.0	0.0	0.0
2002.0	1276.0	1961.0	0.0	0.0	0.0
1999.0	1277.0	1959.0	0.0	0.0	0.0
1998.0	1277.0	1962.0	0.0	0.0	0.0
1998.0	1277.0	1983.0	0.0	0.0	0.0
1998.0	1278.0	1979.0	0.0	0.0	0.0
1999.0	1278.0	1970.0	0.0	0.0	0.0
2000.0	1278.0	1951.0	0.0	0.0	0.0
1997.0	1278.0	1968.0	0.0	0.0	0.0
1996.0	1278.0	1984.0	0.0	0.0	0.0
1998.0	1277.0	1947.0	0.0	0.0	0.0
1996.0	1272.0	1954.0	0.0	0.0	0.0
1998.0	1278.0	1972.0	0.0	0.0	0.0
1998.0	1278.0	1977.0	0.0	0.0	0.0
1997.0	1277.0	1978.0	0.0	0.0	0.0
1992.0	1278.0	1974.0	0.0	0.0	0.0
1999.0	1270.0	1974.0	0.0	0.0	0.0
1997.0	1278.0	1952.0	0.0	0.0	0.0
1997.0	1278.0	1951.0	0.0	0.0	0.0
1997.0	1277.0	1958.0	0.0	0.0	0.0
1999.0	1276.0	1950.0	0.0	0.0	0.0
1998.0	1277.0	1960.0	0.0	0.0	0.0
1997.0	1277.0	1971.0	0.0	0.0	0.0
1995.0	1278.0	1956.0	0.0	0.0	0.0
1993.0	1276.0	1965.0	0.0	0.0	0.0
1998.0	1281.0	1962.0	0.0	0.0	0.0
1998.0	1300.0	1974.0	0.0	0.0	0.0
1998.0	1276.0	1964.0	0.0	0.0	0.0
1997.0	1278.0	1957.0	0.0	0.0	0.0
1995.0	1277.0	1958.0	0.0	0.0	0.0
1997.0	1279.0	1956.0	0.0	0.0	0.0
1999.0	1276.0	1968.0	0.0	0.0	0.0
1998.0	1276.0	1978.0	0.0	0.0	0.0
1995.0	1277.0	1967.0	0.0	0.0	0.0
1997.0	1283.0	1961.0	0.0	0.0	0.0
1998.0	1279.0	1964.0	0.0	0.0	0.0
1998.0	1275.0	1953.0	0.0	0.0	0.0
1997.0	1276.0	1968.0	0.0	0.0	0.0
1996.0	1277.0	1944.0	0.0	0.0	0.0
1999.0	1281.0	1979.0	0.0	0.0	0.0
1997.0	1269.0	1953.0	0.0	0.0	0.0
1997.0	1278.0	1964.0	0.0	0.0	0.0
1996.0	1278.0	1964.0	0.0	0.0	0.0
1996.0	1283.0	1956.0	0.0	0.0	0.0
1998.0	1279.0	1967.0	0.0	0.0	0.0
1997.0	1278.0	1962.0	0.0	0.0	0.0
1997.0	1276.0	1965.0	0.0	0.0	0.0
1996.0	1276.0	1965.0	0.0	0.0	0.0
1996.0	1282.0	1963.0	0.0	0.0	0.0
1998.0	1278.0	1968.0	0.0	0.0	0.0
1995.0	1277.0	1962.0	0.0	0.0	0.0
1997.0	1279.0	1974.0	0.0	0.0	0.0
1998.0	1281.0	1961.0	0.0	0.0	0.0
1999.0	1276.0	1969.0	0.0	0.0	0.0
1998.0	1278.0	1971.0	0.0	0.0	0.0
1997.0	1278.0	1970.0	0.0	0.0	0.0
2004.0	1278.0	1975.0	0.0	0.0	0.0
1997.0	1276.0	1958.0	0.0	0.0	0.0
1994.0	1277.0	1958.0	0.0	0.0	0.0
1998.0	1277.0	1968.0	0.0	0.0	0.0
1998.0	1278.0	1955.0	0.0	0.0	0.0
1981.0	1279.0	1977.0	0.0	0.0	0.0
1998.0	1279.0	1978.0	0.0	0.0	0.0
1998.0	1278.0	1962.0	0.0	0.0	0.0
1997.0	1279.0	1962.0	0.0	0.0	0.0
2002.0	1277.0	1961.0	0.0	0.0	0.0
1999.0	1278.0	1961.0	0.0	0.0	0.0
1999.0	1276.0	1972.0	0.0	0.0	0.0
1997.0	1277.0	1972.0	0.0	0.0	0.0
1999.0	1279.0	1970.0	0.0	0.0	0.0
1997.0	1276.0	1957.0	0.0	0.0	0.0
1997.0	1275.0	1966.0	0.0	0.0	0.0
1997.0	1280.0	1968.0	0.0	0.0	0.0
1998.0	1277.0	1961.0	0.0	0.0	0.0
1996.0	1278.0	1966.0	0.0	0.0	0.0
1998.0	1275.0	1954.0	0.0	0.0	0.0
1999.0	1277.0	1973.0	0.0	0.0	0.0
1997.0	1277.0	1976.0	0.0	0.0	0.0
1997.0	1277.0	1964.0	0.0	0.0	0.0
1999.0	1277.0	1953.0	0.0	0.0	0.0
1998.0	1276.0	1961.0	0.0	0.0	0.0
2000.0	1279.0	1975.0	0.0	0.0	0.0
1998.0	1278.0	1967.0	0.0	0.0	0.0
1998.0	1275.0	1960.0	0.0	0.0	0.0
1997.0	1289.0	1967.0	0.0	0.0	0.0
1997.0	1275.0	1948.0	0.0	0.0	0.0
1999.0	1278.0	1961.0	0.0	0.0	0.0
1998.0	1276.0	1959.0	0.0	0.0	0.0
2003.0	1290.0	1970.0	0.0	0.0	0.0
1999.0	1278.0	1961.0	0.0	0.0	0.0
1998.0	1278.0	1976.0	0.0	0.0	0.0
1997.0	1278.0	1961.0	0.0	0.0	0.0
1999.0	1277.0	1964.0	0.0	0.0	0.0
1998.0	1276.0	1966.0	0.0	0.0	0.0
1998.0	1273.0	1960.0	0.0	0.0	0.0
1997.0	1279.0	1960.0	0.0	0.0	0.0
1996.0	1280.0	1974.0	0.0	0.0	0.0
1994.0	1277.0	1966.0	0.0	0.0	0.0
1998.0	1279.0	1966.0	0.0	0.0	0.0
1998.0	1280.0	1963.0	0.0	0.0	0.0
1996.0	1279.0	1961.0	0.0	0.0	0.0
1999.0	1278.0	1967.0	0.0	0.0	0.0
2001.0	1277.0	1997.0	0.0	0.0	0.0
1997.0	1280.0	1992.0	0.0	0.0	0.0
1997.0	1276.0	1996.0	0.0	0.0	0.0
1999.0	1278.0	1986.0	0.0	0.0	0.0
1997.0	1280.0	1990.0	0.0	0.0	0.0
1999.0	1282.0	2016.0	0.0	0.0	0.0
1996.0	1278.0	2009.0	0.0	0.0	0.0
1998.0	1278.0	1985.0	0.0	0.0	0.0
1998.0	1275.0	1990.0	0.0	0.0	0.0
2000.0	1278.0	1995.0	0.0	0.0	0.0
1997.0	1278.0	2018.0	0.0	0.0	0.0
1996.0	1278.0	2033.0	0.0	0.0	0.0
1988.0	1276.0	2032.0	0.0	0.0	0.0
1998.0	1277.0	2015.0	0.0	0.0	0.0
1998.0	1277.0	2030.0	0.0	0.0	0.0
2000.0	1278.0	2043.0	0.0	0.0	0.0
1997.0	1276.0	2034.0	0.0	0.0	0.0
1998.0	1278.0	2028.0	0.0	0.0	0.0
1996.0	1279.0	2054.0	0.0	0.0	0.0
1997.0	1279.0	2013.0	0.0	0.0	0.0
2001.0	1278.0	2041.0	0.0	0.0	0.0
1997.0	1280.0	2046.0	0.0	0.0	0.0
1999.0	1278.0	2012.0	0.0	0.0	0.0
2001.0	1278.0	2031.0	0.0	0.0	0.0
1998.0	1280.0	2032.0	0.0	0.0	0.0
1998.0	1276.0	1998.0	0.0	0.0	0.0
1998.0	1277.0	2009.0	0.0	0.0	0.0
1997.0	882.0	2029.0	0.0	0.0	0.0
1995.0	883.0	1996.0	0.0	0.0	0.0
2006.0	883.0	2009.0	0.0	0.0	0.0
1997.0	879.0	2001.0	0.0	0.0	0.0
1997.0	884.0	2002.0	0.0	0.0	0.0
1995.0	885.0	1975.0	0.0	0.0	0.0
1998.0	881.0	1988.0	0.0	0.0	0.0
1998.0	884.0	1990.0	0.0	0.0	0.0
1998.0	883.0	1974.0	0.0	0.0	0.0
1999.0	884.0	1995.0	0.0	0.0	0.0
1997.0	884.0	1988.0	0.0	0.0	0.0
1997.0	884.0	1989.0	0.0	0.0	0.0
1996.0	884.0	1987.0	0.0	0.0	0.0
1998.0	883.0	1991.0	0.0	0.0	0.0
2009.0	882.0	2000.0	0.0	0.0	0.0
1998.0	882.0	1989.0	0.0	0.0	0.0
1996.0	889.0	1988.0	0.0	0.0	0.0
1996.0	883.0	1999.0	0.0	0.0	0.0
1997.0	885.0	1988.0	0.0	0.0	0.0
1997.0	884.0	1982.0	0.0	0.0	0.0
1998.0	884.0	2001.0	0.0	0.0	0.0
1999.0	883.0	1987.0	0.0	0.0	0.0
1996.0	885.0	2000.0	0.0	0.0	0.0
1997.0	884.0	1999.0	0.0	0.0	0.0
1998.0	884.0	1990.0	0.0	0.0	0.0
1997.0	885.0	2018.0	0.0	0.0	0.0
1998.0	885.0	1987.0	0.0	0.0	0.0
1997.0	882.0	1982.0	0.0	0.0	0.0
1999.0	888.0	2014.0	0.0	0.0	0.0
1996.0	883.0	1969.0	0.0	0.0	0.0
1998.0	881.0	2014.0	0.0	0.0	0.0
1996.0	884.0	2008.0	0.0	0.0	0.0
2000.0	883.0	1995.0	0.0	0.0	0.0
2000.0	884.0	1997.0	0.0	0.0	0.0
1998.0	880.0	1978.0	0.0	0.0	0.0
1998.0	884.0	2011.0	0.0	0.0	0.0
1997.0	884.0	2002.0	0.0	0.0	0.0
1997.0	884.0	2017.0	0.0	0.0	0.0
1997.0	884.0	1997.0	0.0	0.0	0.0
1999.0	883.0	2009.0	0.0	0.0	0.0
872.0	883.0	1992.0	0.0	0.0	0.0
872.0	885.0	1996.0	0.0	0.0	0.0
872.0	886.0	2000.0	0.0	0.0	0.0
872.0	887.0	2002.0	0.0	0.0	0.0
872.0	885.0	2004.0	0.0	0.0	0.0
872.0	885.0	1980.0	0.0	0.0	0.0
871.0	885.0	2012.0	0.0	0.0	0.0
872.0	884.0	1993.0	0.0	0.0	0.0
872.0	884.0	1991.0	0.0	0.0	0.0
874.0	885.0	1975.0	0.0	0.0	0.0
874.0	884.0	1990.0	0.0	0.0	0.0
874.0	885.0	1974.0	0.0	0.0	0.0
872.0	886.0	1995.0	0.0	0.0	0.0
881.0	885.0	1990.0	0.0	0.0	0.0
873.0	887.0	1990.0	0.0	0.0	0.0
875.0	885.0	1986.0	0.0	0.0	0.0
873.0	887.0	1994.0	0.0	0.0	0.0
873.0	887.0	1992.0	0.0	0.0	0.0
874.0	887.0	1984.0	0.0	0.0	0.0
874.0	884.0	1989.0	0.0	0.0	0.0
872.0	886.0	1989.0	0.0	0.0	0.0
874.0	885.0	1994.0	0.0	0.0	0.0
873.0	884.0	1982.0	0.0	0.0	0.0
872.0	886.0	1995.0	0.0	0.0	0.0
872.0	885.0	1994.0	0.0	0.0	0.0
875.0	888.0	1980.0	0.0	0.0	0.0
873.0	885.0	1997.0	0.0	0.0	0.0
873.0	885.0	2001.0	0.0	0.0	0.0
872.0	886.0	1998.0	0.0	0.0	0.0
873.0	884.0	2009.0	0.0	0.0	0.0
875.0	884.0	1962.0	0.0	0.0	0.0
874.0	884.0	1981.0	0.0	0.0	0.0
872.0	884.0	1976.0	0.0	0.0	0.0
874.0	884.0	1991.0	0.0	0.0	0.0
872.0	886.0	1995.0	0.0	0.0	0.0
872.0	887.0	1988.0	0.0	0.0	0.0
874.0	884.0	1996.0	0.0	0.0	0.0
873.0	884.0	2002.0	0.0	0.0	0.0
874.0	888.0	1987.0	0.0	0.0	0.0
871.0	885.0	1987.0	0.0	0.0	0.0
873.0	887.0	1994.0	0.0	0.0	0.0
873.0	886.0	1997.0	0.0	0.0	0.0
875.0	887.0	2009.0	0.0	0.0	0.0
874.0	885.0	2004.0	0.0	0.0	0.0
875.0	885.0	2009.0	0.0	0.0	0.0
876.0	883.0	2002.0	0.0	0.0	0.0
873.0	887.0	2013.0	0.0	0.0	0.0
874.0	886.0	1999.0	0.0	0.0	0.0
873.0	883.0	1968.0	0.0	0.0	0.0
874.0	887.0	1999.0	0.0	0.0	0.0
874.0	886.0	1997.0	0.0	0.0	0.0
874.0	886.0	2010.0	0.0	0.0	0.0
874.0	886.0	2001.0	0.0	0.0	0.0
875.0	884.0	1985.0	0.0	0.0	0.0
874.0	886.0	1994.0	0.0	0.0	0.0
874.0	887.0	1999.0	0.0	0.0	0.0
874.0	885.0	1984.0	0.0	0.0	0.0
873.0	884.0	2007.0	0.0	0.0	0.0
875.0	885.0	1985.0	0.0	0.0	0.0
873.0	884.0	1987.0	0.0	0.0	0.0
873.0	886.0	1968.0	0.0	0.0	0.0
865.0	884.0	1998.0	0.0	0.0	0.0
874.0	885.0	1979.0	0.0	0.0	0.0
874.0	885.0	1987.0	0.0	0.0	0.0
875.0	884.0	1989.0	0.0	0.0	0.0
874.0	885.0	2016.0	0.0	0.0	0.0
873.0	885.0	1975.0	0.0	0.0	0.0
872.0	886.0	1963.0	0.0	0.0	0.0
874.0	886.0	1969.0	0.0	0.0	0.0
875.0	882.0	1951.0	0.0	0.0	0.0
874.0	894.0	1951.0	0.0	0.0	0.0
874.0	884.0	1956.0	0.0	0.0	0.0
873.0	884.0	1971.0	0.0	0.0	0.0
874.0	884.0	1951.0	0.0	0.0	0.0
873.0	885.0	1948.0	0.0	0.0	0.0
875.0	885.0	1940.0	0.0	0.0	0.0
874.0	882.0	1935.0	0.0	0.0	0.0
875.0	883.0	1957.0	0.0	0.0	0.0
874.0	885.0	1928.0	0.0	0.0	0.0
874.0	883.0	1969.0	0.0	0.0	0.0
874.0	885.0	1963.0	0.0	0.0	0.0
873.0	886.0	1938.0	0.0	0.0	0.0
875.0	884.0	1955.0	0.0	0.0	0.0
874.0	884.0	1973.0	0.0	0.0	0.0
871.0	886.0	1956.0	0.0	0.0	0.0
873.0	887.0	1978.0	0.0	0.0	0.0
873.0	885.0	1928.0	0.0	0.0	0.0
874.0	884.0	1942.0	0.0	0.0	0.0
873.0	887.0	1967.0	0.0	0.0	0.0
875.0	889.0	1992.0	0.0	0.0	0.0
878.0	885.0	1965.0	0.0	0.0	0.0
873.0	886.0	1965.0	0.0	0.0	0.0
874.0	885.0	1939.0	0.0	0.0	0.0
872.0	882.0	1952.0	0.0	0.0	0.0
874.0	884.0	1944.0	0.0	0.0	0.0
874.0	884.0	1932.0	0.0	0.0	0.0
877.0	885.0	1943.0	0.0	0.0	0.0
873.0	885.0	1936.0	0.0	0.0	0.0
873.0	884.0	1975.0	0.0	0.0	0.0
873.0	885.0	1966.0	0.0	0.0	0.0
873.0	886.0	1993.0	0.0	0.0	0.0
874.0	887.0	1964.0	0.0	0.0	0.0
874.0	886.0	1967.0	0.0	0.0	0.0
874.0	883.0	1965.0	0.0	0.0	0.0
873.0	884.0	1971.0	0.0	0.0	0.0
873.0	887.0	1984.0	0.0	0.0	0.0
874.0	887.0	1955.0	0.0	0.0	0.0
873.0	884.0	1950.0	0.0	0.0	0.0
877.0	887.0	1948.0	0.0	0.0	0.0
873.0	886.0	1969.0	0.0	0.0	0.0
873.0	884.0	1984.0	0.0	0.0	0.0
874.0	885.0	1940.0	0.0	0.0	0.0
873.0	884.0	1952.0	0.0	0.0	0.0
874.0	882.0	1968.0	0.0	0.0	0.0
874.0	880.0	1958.0	0.0	0.0	0.0
872.0	886.0	1956.0	0.0	0.0	0.0
872.0	885.0	1946.0	0.0	0.0	0.0
873.0	886.0	1962.0	0.0	0.0	0.0
873.0	886.0	1953.0	0.0	0.0	0.0
876.0	884.0	1952.0	0.0	0.0	0.0
873.0	887.0	1953.0	0.0	0.0	0.0
872.0	882.0	1949.0	0.0	0.0	0.0
874.0	886.0	1971.0	0.0	0.0	0.0
873.0	885.0	1948.0	0.0	0.0	0.0
875.0	885.0	1966.0	0.0	0.0	0.0
875.0	886.0	1977.0	0.0	0.0	0.0
876.0	887.0	1963.0	0.0	0.0	0.0
872.0	890.0	1980.0	0.0	0.0	0.0
874.0	885.0	1957.0	0.0	0.0	0.0
873.0	884.0	1962.0	0.0	0.0	0.0
874.0	886.0	1968.0	0.0	0.0	0.0
872.0	883.0	1969.0	0.0	0.0	0.0
872.0	886.0	1967.0	0.0	0.0	0.0
873.0	886.0	1984.0	0.0	0.0	0.0
872.0	885.0	1956.0	0.0	0.0	0.0
872.0	886.0	1948.0	0.0	0.0	0.0
872.0	884.0	1960.0	0.0	0.0	0.0
873.0	885.0	1974.0	0.0	0.0	0.0
872.0	886.0	1986.0	0.0	0.0	0.0
873.0	885.0	1970.0	0.0	0.0	0.0
873.0	887.0	1955.0	0.0	0.0	0.0
876.0	884.0	1980.0	0.0	0.0	0.0
873.0	884.0	1981.0	0.0	0.0	0.0
874.0	886.0	1957.0	0.0	0.0	0.0
873.0	885.0	1953.0	0.0	0.0	0.0
872.0	857.0	1947.0	0.0	0.0	0.0
873.0	887.0	1975.0	0.0	0.0	0.0
875.0	888.0	1949.0	0.0	0.0	0.0
871.0	883.0	1958.0	0.0	0.0	0.0
873.0	885.0	1963.0	0.0	0.0	0.0
873.0	887.0	1959.0	0.0	0.0	0.0
872.0	885.0	1967.0	0.0	0.0	0.0
874.0	886.0	1969.0	0.0	0.0	0.0
872.0	882.0	1968.0	0.0	0.0	0.0
874.0	886.0	1967.0	0.0	0.0	0.0
873.0	886.0	1970.0	0.0	0.0	0.0
870.0	886.0	1960.0	0.0	0.0	0.0
873.0	885.0	1953.0	0.0	0.0	0.0
873.0	886.0	1963.0	0.0	0.0	0.0
874.0	886.0	1962.0	0.0	0.0	0.0
875.0	883.0	1985.0	0.0	0.0	0.0
871.0	886.0	1972.0	0.0	0.0	0.0
873.0	886.0	1967.0	0.0	0.0	0.0
873.0	883.0	1972.0	0.0	0.0	0.0
872.0	885.0	2052.0	0.0	0.0	0.0
872.0	885.0	2001.0	0.0	0.0	0.0
872.0	888.0	1979.0	0.0	0.0	0.0
880.0	884.0	1980.0	0.0	0.0	0.0
872.0	885.0	1986.0	0.0	0.0	0.0
872.0	886.0	2004.0	0.0	0.0	0.0
872.0	884.0	2031.0	0.0	0.0	0.0
872.0	887.0	2007.0	0.0	0.0	0.0
871.0	886.0	1996.0	0.0	0.0	0.0
872.0	884.0	1992.0	0.0	0.0	0.0
871.0	886.0	2023.0	0.0	0.0	0.0
879.0	884.0	1992.0	0.0	0.0	0.0
879.0	886.0	2013.0	0.0	0.0	0.0
889.0	885.0	1997.0	0.0	0.0	0.0
886.0	883.0	2027.0	0.0	0.0	0.0
894.0	881.0	2013.0	0.0	0.0	0.0
902.0	884.0	2022.0	0.0	0.0	0.0
908.0	885.0	2015.0	0.0	0.0	0.0
908.0	886.0	2030.0	0.0	0.0	0.0
909.0	884.0	2007.0	0.0	0.0	0.0
926.0	886.0	2005.0	0.0	0.0	0.0
925.0	885.0	2013.0	0.0	0.0	0.0
923.0	886.0	2010.0	0.0	0.0	0.0
931.0	887.0	2042.0	0.0	0.0	0.0
944.0	883.0	2021.0	0.0	0.0	0.0
939.0	883.0	2021.0	0.0	0.0	0.0
947.0	886.0	2031.0	0.0	0.0	0.0
954.0	887.0	2001.0	0.0	0.0	0.0
964.0	886.0	2043.0	0.0	0.0	0.0
962.0	886.0	2014.0	0.0	0.0	0.0
970.0	883.0	2039.0	0.0	0.0	0.0
970.0	886.0	2026.0	0.0	0.0	0.0
977.0	889.0	2028.0	0.0	0.0	0.0
979.0	884.0	2024.0	0.0	0.0	0.0
985.0	886.0	2017.0	0.0	0.0	0.0
993.0	884.0	2028.0	0.0	0.0	0.0
995.0	885.0	2009.0	0.0	0.0	0.0
1000.0	884.0	2026.0	0.0	0.0	0.0
1010.0	886.0	2036.0	0.0	0.0	0.0
1019.0	883.0	2021.0	0.0	0.0	0.0
1018.0	885.0	2040.0	0.0	0.0	0.0
1024.0	885.0	2028.0	0.0	0.0	0.0
1024.0	883.0	2030.0	0.0	0.0	0.0
1032.0	885.0	2026.0	0.0	0.0	0.0
1041.0	884.0	2033.0	0.0	0.0	0.0
1054.0	883.0	2050.0	0.0	0.0	0.0
1037.0	885.0	2026.0	0.0	0.0	0.0
1056.0	885.0	2048.0	0.0	0.0	0.0
1057.0	885.0	2028.0	0.0	0.0	0.0
1056.0	882.0	2042.0	0.0	0.0	0.0
1057.0	885.0	2035.0	0.0	0.0	0.0
1065.0	885.0	2024.0	0.0	0.0	0.0
1065.0	886.0	2035.0	0.0	0.0	0.0
1072.0	884.0	2038.0	0.0	0.0	0.0
1074.0	884.0	2033.0	0.0	0.0	0.0
1072.0	885.0	2025.0	0.0	0.0	0.0
1081.0	886.0	2023.0	0.0	0.0	0.0
1082.0	887.0	2017.0	0.0	0.0	0.0
1088.0	883.0	2023.0	0.0	0.0	0.0
1092.0	889.0	2009.0	0.0	0.0	0.0
1090.0	884.0	2021.0	0.0	0.0	0.0
1090.0	884.0	2042.0	0.0	0.0	0.0
1095.0	884.0	2030.0	0.0	0.0	0.0
1097.0	885.0	2070.0	0.0	0.0	0.0
1104.0	883.0	2017.0	0.0	0.0	0.0
1105.0	883.0	2039.0	0.0	0.0	0.0
1115.0	884.0	2030.0	0.0	0.0	0.0
1113.0	884.0	2030.0	0.0	0.0	0.0
1122.0	884.0	2043.0	0.0	0.0	0.0
1120.0	885.0	1998.0	0.0	0.0	0.0
1124.0	884.0	2053.0	0.0	0.0	0.0
1129.0	884.0	2026.0	0.0	0.0	0.0
1132.0	883.0	2034.0	0.0	0.0	0.0
1138.0	883.0	2036.0	0.0	0.0	0.0
1140.0	885.0	2016.0	0.0	0.0	0.0
1147.0	885.0	2046.0	0.0	0.0	0.0
1155.0	885.0	2018.0	0.0	0.0	0.0
1145.0	886.0	2036.0	0.0	0.0	0.0
1165.0	884.0	2040.0	0.0	0.0	0.0
1163.0	884.0	2051.0	0.0	0.0	0.0
1172.0	886.0	2038.0	0.0	0.0	0.0
1172.0	882.0	2038.0	0.0	0.0	0.0
1180.0	883.0	2027.0	0.0	0.0	0.0
1192.0	884.0	2014.0	0.0	0.0	0.0
1188.0	886.0	2036.0	0.0	0.0	0.0
1199.0	888.0	2045.0	0.0	0.0	0.0
1196.0	884.0	2019.0	0.0	0.0	0.0
1207.0	882.0	2018.0	0.0	0.0	0.0
1206.0	883.0	2060.0	0.0	0.0	0.0
1205.0	884.0	2022.0	0.0	0.0	0.0
1220.0	883.0	2035.0	0.0	0.0	0.0
1220.0	883.0	2012.0	0.0	0.0	0.0
1227.0	885.0	2032.0	0.0	0.0	0.0
1234.0	883.0	2016.0	0.0	0.0	0.0
1230.0	884.0	2059.0	0.0	0.0	0.0
1240.0	884.0	2019.0	0.0	0.0	0.0
1249.0	883.0	2026.0	0.0	0.0	0.0
1246.0	884.0	2034.0	0.0	0.0	0.0
1247.0	883.0	2010.0	0.0	0.0	0.0
1256.0	885.0	2007.0	0.0	0.0	0.0
1256.0	884.0	2030.0	0.0	0.0	0.0
1258.0	885.0	2039.0	0.0	0.0	0.0
1265.0	883.0	2020.0	0.0	0.0	0.0
1275.0	882.0	2040.0	0.0	0.0	0.0
1274.0	884.0	2022.0	0.0	0.0	0.0
1274.0	883.0	2036.0	0.0	0.0	0.0
1281.0	883.0	2016.0	0.0	0.0	0.0
1282.0	885.0	2029.0	0.0	0.0	0.0
1291.0	885.0	2026.0	0.0	0.0	0.0
1293.0	885.0	2046.0	0.0	0.0	0.0
1301.0	885.0	2017.0	0.0	0.0	0.0
1299.0	880.0	2028.0	0.0	0.0	0.0
1308.0	882.0	2018.0	0.0	0.0	0.0
1317.0	883.0	2035.0	0.0	0.0	0.0
1317.0	883.0	2041.0	0.0	0.0	0.0
1317.0	884.0	2036.0	0.0	0.0	0.0
1335.0	884.0	2044.0	0.0	0.0	0.0
1335.0	884.0	2055.0	0.0	0.0	0.0
1337.0	883.0	2022.0	0.0	0.0	0.0
1350.0	883.0	2037.0	0.0	0.0	0.0
1358.0	884.0	2037.0	0.0	0.0	0.0
1360.0	882.0	2029.0	0.0	0.0	0.0
1362.0	883.0	2051.0	0.0	0.0	0.0
1370.0	882.0	2025.0	0.0	0.0	0.0
1382.0	890.0	2041.0	0.0	0.0	0.0
1381.0	891.0	2025.0	0.0	0.0	0.0
1380.0	889.0	2035.0	0.0	0.0	0.0
1389.0	884.0	2044.0	0.0	0.0	0.0
1398.0	885.0	2013.0	0.0	0.0	0.0
1406.0	883.0	2039.0	0.0	0.0	0.0
1406.0	886.0	2026.0	0.0	0.0	0.0
1415.0	883.0	2040.0	0.0	0.0	0.0
1425.0	883.0	2037.0	0.0	0.0	0.0
1425.0	883.0	2035.0	0.0	0.0	0.0
1432.0	884.0	2052.0	0.0	0.0	0.0
1434.0	884.0	2045.0	0.0	0.0	0.0
1443.0	883.0	2050.0	0.0	0.0	0.0
1452.0	883.0	2044.0	0.0	0.0	0.0
1462.0	885.0	2043.0	0.0	0.0	0.0
1469.0	884.0	2048.0	0.0	0.0	0.0
1470.0	884.0	2021.0	0.0	0.0	0.0
1479.0	882.0	2045.0	0.0	0.0	0.0
1489.0	884.0	2012.0	0.0	0.0	0.0
1487.0	884.0	2017.0	0.0	0.0	0.0
1497.0	883.0	2053.0	0.0	0.0	0.0
1497.0	882.0	2017.0	0.0	0.0	0.0
1496.0	884.0	2037.0	0.0	0.0	0.0
1502.0	883.0	2018.0	0.0	0.0	0.0
1528.0	885.0	2045.0	0.0	0.0	0.0
1516.0	883.0	2036.0	0.0	0.0	0.0
1524.0	882.0	2034.0	0.0	0.0	0.0
1525.0	885.0	2031.0	0.0	0.0	0.0
1534.0	882.0	2025.0	0.0	0.0	0.0
1537.0	884.0	2035.0	0.0	0.0	0.0
1546.0	883.0	2018.0	0.0	0.0	0.0
1544.0	884.0	2037.0	0.0	0.0	0.0
1543.0	883.0	2041.0	0.0	0.0	0.0
1535.0	885.0	2021.0	0.0	0.0	0.0
1552.0	883.0	2040.0	0.0	0.0	0.0
1551.0	883.0	2028.0	0.0	0.0	0.0
1561.0	880.0	2010.0	0.0	0.0	0.0
1570.0	885.0	2044.0	0.0	0.0	0.0
1581.0	883.0	2025.0	0.0	0.0	0.0
1590.0	885.0	2026.0	0.0	0.0	0.0
1590.0	882.0	2037.0	0.0	0.0	0.0
1588.0	884.0	2045.0	0.0	0.0	0.0
1600.0	883.0	2040.0	0.0	0.0	0.0
1600.0	883.0	2040.0	0.0	0.0	0.0
1608.0	880.0	2040.0	0.0	0.0	0.0
1617.0	882.0	2040.0	0.0	0.0	0.0
1617.0	883.0	2034.0	0.0	0.0	0.0
1626.0	884.0	2025.0	0.0	0.0	0.0
1626.0	884.0	2048.0	0.0	0.0	0.0
1636.0	884.0	2035.0	0.0	0.0	0.0
1638.0	883.0	2047.0	0.0	0.0	0.0
1636.0	883.0	2015.0	0.0	0.0	0.0
1645.0	882.0	2031.0	0.0	0.0	0.0
1644.0	884.0	2048.0	0.0	0.0	0.0
1646.0	882.0	2027.0	0.0	0.0	0.0
1656.0	882.0	2075.0	0.0	0.0	0.0
1654.0	884.0	2036.0	0.0	0.0	0.0
1657.0	883.0	2037.0	0.0	0.0	0.0
1662.0	884.0	2029.0	0.0	0.0	0.0
1679.0	884.0	2045.0	0.0	0.0	0.0
1672.0	882.0	2040.0	0.0	0.0	0.0
1673.0	888.0	2023.0	0.0	0.0	0.0
1679.0	886.0	2036.0	0.0	0.0	0.0
1692.0	883.0	2049.0	0.0	0.0	0.0
1692.0	884.0	2033.0	0.0	0.0	0.0
1692.0	883.0	2038.0	0.0	0.0	0.0
1704.0	883.0	2033.0	0.0	0.0	0.0
1713.0	884.0	2059.0	0.0	0.0	0.0
1710.0	882.0	2031.0	0.0	0.0	0.0
1721.0	883.0	2042.0	0.0	0.0	0.0
1722.0	881.0	2028.0	0.0	0.0	0.0
1723.0	883.0	2048.0	0.0	0.0	0.0
1726.0	885.0	2014.0	0.0	0.0	0.0
1733.0	882.0	2045.0	0.0	0.0	0.0
1740.0	883.0	2052.0	0.0	0.0	0.0
1741.0	882.0	2016.0	0.0	0.0	0.0
1738.0	885.0	2027.0	0.0	0.0	0.0
1748.0	884.0	2048.0	0.0	0.0	0.0
1747.0	885.0	2021.0	0.0	0.0	0.0
1747.0	883.0	2048.0	0.0	0.0	0.0
1758.0	884.0	2034.0	0.0	0.0	0.0
1758.0	883.0	2041.0	0.0	0.0	0.0
1757.0	884.0	2045.0	0.0	0.0	0.0
1767.0	884.0	2031.0	0.0	0.0	0.0
1767.0	884.0	2052.0	0.0	0.0	0.0
1767.0	883.0	2027.0	0.0	0.0	0.0
1792.0	882.0	2032.0	0.0	0.0	0.0
1778.0	882.0	2041.0	0.0	0.0	0.0
1781.0	885.0	2032.0	0.0	0.0	0.0
1777.0	886.0	2040.0	0.0	0.0	0.0
1777.0	884.0	2054.0	0.0	0.0	0.0
1786.0	886.0	2032.0	0.0	0.0	0.0
1788.0	883.0	2049.0	0.0	0.0	0.0
1796.0	885.0	2021.0	0.0	0.0	0.0
1797.0	884.0	2034.0	0.0	0.0	0.0
1808.0	882.0	2044.0	0.0	0.0	0.0
1804.0	881.0	2043.0	0.0	0.0	0.0
1814.0	883.0	2027.0	0.0	0.0	0.0
1814.0	883.0	2028.0	0.0	0.0	0.0
1817.0	883.0	2050.0	0.0	0.0	0.0
1814.0	882.0	2019.0	0.0	0.0	0.0
1824.0	889.0	2042.0	0.0	0.0	0.0
1825.0	885.0	2037.0	0.0	0.0	0.0
1825.0	881.0	2027.0	0.0	0.0	0.0
1833.0	883.0	2024.0	0.0	0.0	0.0
1834.0	881.0	2006.0	0.0	0.0	0.0
1844.0	882.0	2043.0	0.0	0.0	0.0
1845.0	883.0	2043.0	0.0	0.0	0.0
1853.0	883.0	2049.0	0.0	0.0	0.0
1854.0	883.0	2016.0	0.0	0.0	0.0
1855.0	884.0	2029.0	0.0	0.0	0.0
1875.0	884.0	2032.0	0.0	0.0	0.0
1865.0	883.0	2041.0	0.0	0.0	0.0
1862.0	881.0	2043.0	0.0	0.0	0.0
1873.0	885.0	2040.0	0.0	0.0	0.0
1873.0	886.0	2024.0	0.0	0.0	0.0
1884.0	881.0	2012.0	0.0	0.0	0.0
1884.0	875.0	2050.0	0.0	0.0	0.0
1890.0	882.0	2032.0	0.0	0.0	0.0
1892.0	883.0	2039.0	0.0	0.0	0.0
1902.0	883.0	2034.0	0.0	0.0	0.0
1911.0	882.0	2055.0	0.0	0.0	0.0
1911.0	882.0	2034.0	0.0	0.0	0.0
1922.0	883.0	2023.0	0.0	0.0	0.0
1924.0	882.0	2045.0	0.0	0.0	0.0
1931.0	882.0	2042.0	0.0	0.0	0.0
1939.0	889.0	2041.0	0.0	0.0	0.0
1939.0	880.0	2044.0	0.0	0.0	0.0
1939.0	883.0	2035.0	0.0	0.0	0.0
1948.0	882.0	2052.0	0.0	0.0	0.0
1948.0	883.0	2044.0	0.0	0.0	0.0
1958.0	884.0	2033.0	0.0	0.0	0.0
1958.0	883.0	2034.0	0.0	0.0	0.0
1968.0	882.0	2041.0	0.0	0.0	0.0
1967.0	882.0	2046.0	0.0	0.0	0.0
1977.0	882.0	2035.0	0.0	0.0	0.0
1979.0	883.0	2011.0	0.0	0.0	0.0
1989.0	881.0	2041.0	0.0	0.0	0.0
1988.0	879.0	2054.0	0.0	0.0	0.0
1998.0	883.0	2031.0	0.0	0.0	0.0
1997.0	883.0	2034.0	0.0	0.0	0.0
2006.0	882.0	2048.0	0.0	0.0	0.0
2009.0	883.0	2046.0	0.0	0.0	0.0
2016.0	883.0	2030.0	0.0	0.0	0.0
2018.0	882.0	2044.0	0.0	0.0	0.0
2025.0	882.0	2023.0	0.0	0.0	0.0
2026.0	883.0	2057.0	0.0	0.0	0.0
2024.0	883.0	2051.0	0.0	0.0	0.0
2032.0	882.0	2051.0	0.0	0.0	0.0
2047.0	889.0	2037.0	0.0	0.0	0.0
2044.0	882.0	2025.0	0.0	0.0	0.0
2055.0	880.0	2049.0	0.0	0.0	0.0
2056.0	882.0	2034.0	0.0	0.0	0.0
2054.0	883.0	2054.0	0.0	0.0	0.0
2065.0	883.0	2042.0	0.0	0.0	0.0
2067.0	882.0	2028.0	0.0	0.0	0.0
2073.0	882.0	2052.0	0.0	0.0	0.0
2074.0	882.0	2036.0	0.0	0.0	0.0
2071.0	883.0	2028.0	0.0	0.0	0.0
2085.0	880.0	2038.0	0.0	0.0	0.0
2089.0	886.0	2046.0	0.0	0.0	0.0
2093.0	884.0	2034.0	0.0	0.0	0.0
2093.0	880.0	2039.0	0.0	0.0	0.0
2104.0	883.0	2065.0	0.0	0.0	0.0
2105.0	881.0	2018.0	0.0	0.0	0.0
2103.0	881.0	2041.0	0.0	0.0	0.0
2113.0	883.0	2036.0	0.0	0.0	0.0
2111.0	881.0	2062.0	0.0	0.0	0.0
2112.0	881.0	2044.0	0.0	0.0	0.0
2114.0	880.0	2044.0	0.0	0.0	0.0
2127.0	881.0	2058.0	0.0	0.0	0.0
2123.0	881.0	2051.0	0.0	0.0	0.0
2135.0	884.0	2047.0	0.0	0.0	0.0
2135.0	881.0	2050.0	0.0	0.0	0.0
2144.0	883.0	2026.0	0.0	0.0	0.0
2142.0	880.0	2044.0	0.0	0.0	0.0
2143.0	883.0	2035.0	0.0	0.0	0.0
2154.0	881.0	2051.0	0.0	0.0	0.0
2152.0	882.0	2044.0	0.0	0.0	0.0
2160.0	881.0	2024.0	0.0	0.0	0.0
2176.0	882.0	2035.0	0.0	0.0	0.0
2162.0	882.0	2042.0	0.0	0.0	0.0
2170.0	883.0	2043.0	0.0	0.0	0.0
2173.0	883.0	2042.0	0.0	0.0	0.0
2181.0	885.0	2046.0	0.0	0.0	0.0
2182.0	882.0	2027.0	0.0	0.0	0.0
2181.0	882.0	2056.0	0.0	0.0	0.0
2190.0	880.0	2054.0	0.0	0.0	0.0
2191.0	884.0	2028.0	0.0	0.0	0.0
2191.0	880.0	2043.0	0.0	0.0	0.0
2202.0	881.0	2033.0	0.0	0.0	0.0
2204.0	882.0	2017.0	0.0	0.0	0.0
2212.0	881.0	2029.0	0.0	0.0	0.0
2208.0	883.0	2057.0	0.0	0.0	0.0
2219.0	885.0	2032.0	0.0	0.0	0.0
2220.0	884.0	2025.0	0.0	0.0	0.0
2221.0	882.0	2052.0	0.0	0.0	0.0
2229.0	880.0	2038.0	0.0	0.0	0.0
2229.0	885.0	2027.0	0.0	0.0	0.0
2241.0	881.0	2061.0	0.0	0.0	0.0
2239.0	883.0	2055.0	0.0	0.0	0.0
2248.0	882.0	2041.0	0.0	0.0	0.0
2259.0	882.0	2045.0	0.0	0.0	0.0
2256.0	881.0	2051.0	0.0	0.0	0.0
2279.0	881.0	2052.0	0.0	0.0	0.0
2279.0	883.0	2047.0	0.0	0.0	0.0
2289.0	881.0	2074.0	0.0	0.0	0.0
2288.0	881.0	2021.0	0.0	0.0	0.0
2297.0	881.0	2047.0	0.0	0.0	0.0
2310.0	881.0	2054.0	0.0	0.0	0.0
2318.0	882.0	2037.0	0.0	0.0	0.0
2327.0	883.0	2033.0	0.0	0.0	0.0
2334.0	883.0	2048.0	0.0	0.0	0.0
2341.0	881.0	2061.0	0.0	0.0	0.0
2365.0	878.0	2039.0	0.0	0.0	0.0
2367.0	881.0	2048.0	0.0	0.0	0.0
2387.0	881.0	2047.0	0.0	0.0	0.0
2397.0	881.0	2038.0	0.0	0.0	0.0
2405.0	880.0	2035.0	0.0	0.0	0.0
2425.0	881.0	2052.0	0.0	0.0	0.0
2435.0	881.0	2030.0	0.0	0.0	0.0
2445.0	880.0	2046.0	0.0	0.0	0.0
2456.0	882.0	2038.0	0.0	0.0	0.0
2455.0	881.0	2033.0	0.0	0.0	0.0
2488.0	882.0	2036.0	0.0	0.0	0.0
2495.0	879.0	2032.0	0.0	0.0	0.0
2495.0	885.0	2056.0	0.0	0.0	0.0
2502.0	880.0	2056.0	0.0	0.0	0.0
2521.0	882.0	2057.0	0.0	0.0	0.0
2533.0	881.0	2061.0	0.0	0.0	0.0
2541.0	880.0	2047.0	0.0	0.0	0.0
2553.0	882.0	2049.0	0.0	0.0	0.0
2574.0	881.0	2048.0	0.0	0.0	0.0
2570.0	881.0	2061.0	0.0	0.0	0.0
2584.0	882.0	2046.0	0.0	0.0	0.0
2591.0	881.0	2048.0	0.0	0.0	0.0
2598.0	881.0	2030.0	0.0	0.0	0.0
2618.0	881.0	2034.0	0.0	0.0	0.0
2637.0	881.0	2026.0	0.0	0.0	0.0
2641.0	881.0	2064.0	0.0	0.0	0.0
2658.0	889.0	2055.0	0.0	0.0	0.0
2669.0	879.0	2044.0	0.0	0.0	0.0
2679.0	875.0	2036.0	0.0	0.0	0.0
2680.0	880.0	2049.0	0.0	0.0	0.0
2699.0	881.0	2059.0	0.0	0.0	0.0
2707.0	882.0	2040.0	0.0	0.0	0.0
2718.0	879.0	2036.0	0.0	0.0	0.0
2728.0	882.0	2049.0	0.0	0.0	0.0
2747.0	879.0	2040.0	0.0	0.0	0.0
2757.0	879.0	2062.0	0.0	0.0	0.0
2769.0	880.0	2034.0	0.0	0.0	0.0
2768.0	881.0	2028.0	0.0	0.0	0.0
2797.0	881.0	2037.0	0.0	0.0	0.0
2796.0	880.0	2020.0	0.0	0.0	0.0
2806.0	881.0	2054.0	0.0	0.0	0.0
2814.0	881.0	2064.0	0.0	0.0	0.0
2826.0	880.0	2070.0	0.0	0.0	0.0
2842.0	881.0	2035.0	0.0	0.0	0.0
2855.0	881.0	2059.0	0.0	0.0	0.0
2874.0	882.0	2036.0	0.0	0.0	0.0
2885.0	881.0	2061.0	0.0	0.0	0.0
2884.0	881.0	2033.0	0.0	0.0	0.0
2896.0	883.0	2048.0	0.0	0.0	0.0
2906.0	884.0	2033.0	0.0	0.0	0.0
2912.0	883.0	2040.0	0.0	0.0	0.0
2923.0	877.0	2025.0	0.0	0.0	0.0
2935.0	882.0	2058.0	0.0	0.0	0.0
2945.0	882.0	2058.0	0.0	0.0	0.0
2952.0	884.0	2040.0	0.0	0.0	0.0
2964.0	882.0	2060.0	0.0	0.0	0.0
2981.0	882.0	2035.0	0.0	0.0	0.0
2984.0	879.0	2046.0	0.0	0.0	0.0
2993.0	880.0	2038.0	0.0	0.0	0.0
3001.0	881.0	2058.0	0.0	0.0	0.0
3011.0	879.0	2059.0	0.0	0.0	0.0
3021.0	882.0	2048.0	0.0	0.0	0.0
3031.0	882.0	2043.0	0.0	0.0	0.0
3040.0	881.0	2014.0	0.0	0.0	0.0
3060.0	881.0	2056.0	0.0	0.0	0.0
3071.0	882.0	2059.0	0.0	0.0	0.0
3079.0	879.0	2043.0	0.0	0.0	0.0
3081.0	882.0	2038.0	0.0	0.0	0.0
3090.0	880.0	2039.0	0.0	0.0	0.0
3110.0	880.0	2036.0	0.0	0.0	0.0
3119.0	880.0	2049.0	0.0	0.0	0.0
3130.0	882.0	2059.0	0.0	0.0	0.0
3151.0	880.0	2029.0	0.0	0.0	0.0
3157.0	881.0	2025.0	0.0	0.0	0.0
3168.0	884.0	2048.0	0.0	0.0	0.0
3168.0	876.0	2038.0	0.0	0.0	0.0
3187.0	887.0	2025.0	0.0	0.0	0.0
3185.0	886.0	2029.0	0.0	0.0	0.0
3201.0	883.0	2025.0	0.0	0.0	0.0
3206.0	879.0	2036.0	0.0	0.0	0.0
3218.0	880.0	2026.0	0.0	0.0	0.0
3227.0	882.0	2017.0	0.0	0.0	0.0
3239.0	881.0	2022.0	0.0	0.0	0.0
3252.0	880.0	2019.0	0.0	0.0	0.0
3256.0	882.0	2012.0	0.0	0.0	0.0
3256.0	882.0	2017.0	0.0	0.0	0.0
3276.0	880.0	2002.0	0.0	0.0	0.0
3275.0	883.0	2009.0	0.0	0.0	0.0
3288.0	881.0	2027.0	0.0	0.0	0.0
3296.0	881.0	2016.0	0.0	0.0	0.0
3296.0	883.0	2019.0	0.0	0.0	0.0
3305.0	880.0	2020.0	0.0	0.0	0.0
3316.0	883.0	2023.0	0.0	0.0	0.0
3315.0	882.0	2019.0	0.0	0.0	0.0
3324.0	881.0	2026.0	0.0	0.0	0.0
3324.0	882.0	2011.0	0.0	0.0	0.0
3334.0	881.0	2006.0	0.0	0.0	0.0
3344.0	879.0	2024.0	0.0	0.0	0.0
3357.0	880.0	2015.0	0.0	0.0	0.0
3362.0	883.0	2003.0	0.0	0.0	0.0
3363.0	880.0	2011.0	0.0	0.0	0.0
3374.0	882.0	2008.0	0.0	0.0	0.0
3382.0	889.0	2015.0	0.0	0.0	0.0
3384.0	880.0	2014.0	0.0	0.0	0.0
3397.0	881.0	2017.0	0.0	0.0	0.0
3393.0	881.0	2017.0	0.0	0.0	0.0
3393.0	880.0	2008.0	0.0	0.0	0.0
3403.0	881.0	2018.0	0.0	0.0	0.0
3402.0	881.0	2006.0	0.0	0.0	0.0
3411.0	881.0	2016.0	0.0	0.0	0.0
3413.0	881.0	2009.0	0.0	0.0	0.0
3411.0	882.0	2010.0	0.0	0.0	0.0
3415.0	882.0	2008.0	0.0	0.0	0.0
3415.0	880.0	2010.0	0.0	0.0	0.0
3415.0	882.0	1991.0	0.0	0.0	0.0
3416.0	881.0	2015.0	0.0	0.0	0.0
3414.0	882.0	2019.0	0.0	0.0	0.0
3414.0	880.0	2009.0	0.0	0.0	0.0
3416.0	883.0	2007.0	0.0	0.0	0.0
3416.0	884.0	2001.0	0.0	0.0	0.0
3416.0	882.0	2019.0	0.0	0.0	0.0
3416.0	879.0	1998.0	0.0	0.0	0.0
3415.0	881.0	2000.0	0.0	0.0	0.0
3413.0	881.0	2012.0	0.0	0.0	0.0
3414.0	879.0	2019.0	0.0	0.0	0.0
3417.0	882.0	2008.0	0.0	0.0	0.0
3413.0	882.0	2015.0	0.0	0.0	0.0
3414.0	881.0	2021.0	0.0	0.0	0.0
3414.0	881.0	2001.0	0.0	0.0	0.0
3414.0	881.0	2011.0	0.0	0.0	0.0
3413.0	881.0	2034.0	0.0	0.0	0.0
3415.0	881.0	2012.0	0.0	0.0	0.0
3414.0	881.0	2012.0	0.0	0.0	0.0
3414.0	881.0	2012.0	0.0	0.0	0.0
3414.0	879.0	2012.0	0.0	0.0	0.0
3414.0	881.0	2010.0	0.0	0.0	0.0
3413.0	882.0	2008.0	0.0	0.0	0.0
3415.0	888.0	2009.0	0.0	0.0	0.0
3415.0	880.0	2033.0	0.0	0.0	0.0
3417.0	879.0	2020.0	0.0	0.0	0.0
3411.0	881.0	2036.0	0.0	0.0	0.0
3414.0	881.0	2033.0	0.0	0.0	0.0
3414.0	881.0	2039.0	0.0	0.0	0.0
3415.0	881.0	2048.0	0.0	0.0	0.0
3415.0	881.0	2039.0	0.0	0.0	0.0
3414.0	882.0	2067.0	0.0	0.0	0.0
3414.0	882.0	2054.0	0.0	0.0	0.0
3413.0	881.0	2037.0	0.0	0.0	0.0
3414.0	880.0	2034.0	0.0	0.0	0.0
3414.0	880.0	2045.0	0.0	0.0	0.0
3414.0	882.0	2055.0	0.0	0.0	0.0
3412.0	883.0	2045.0	0.0	0.0	0.0
3414.0	882.0	2037.0	0.0	0.0	0.0
3413.0	883.0	2033.0	0.0	0.0	0.0
3413.0	883.0	2019.0	0.0	0.0	0.0
3412.0	878.0	2021.0	0.0	0.0	0.0
3414.0	881.0	2006.0	0.0	0.0	0.0
3427.0	882.0	2014.0	0.0	0.0	0.0
3413.0	880.0	2037.0	0.0	0.0	0.0
3414.0	882.0	2022.0	0.0	0.0	0.0
3413.0	880.0	2011.0	0.0	0.0	0.0
3414.0	879.0	2018.0	0.0	0.0	0.0
3413.0	880.0	2013.0	0.0	0.0	0.0
3413.0	881.0	2032.0	0.0	0.0	0.0
3415.0	879.0	2041.0	0.0	0.0	0.0
3412.0	881.0	2035.0	0.0	0.0	0.0
3413.0	879.0	2027.0	0.0	0.0	0.0
3413.0	881.0	2023.0	0.0	0.0	0.0
3413.0	881.0	2010.0	0.0	0.0	0.0
3413.0	881.0	2032.0	0.0	0.0	0.0
3412.0	883.0	2005.0	0.0	0.0	0.0
3415.0	881.0	2012.0	0.0	0.0	0.0
3414.0	880.0	1992.0	0.0	0.0	0.0
3413.0	877.0	1974.0	0.0	0.0	0.0
3412.0	880.0	2026.0	0.0	0.0	0.0
3418.0	881.0	2034.0	0.0	0.0	0.0
3412.0	880.0	2007.0	0.0	0.0	0.0
3414.0	879.0	2026.0	0.0	0.0	0.0
3413.0	880.0	1986.0	0.0	0.0	0.0
3414.0	882.0	2020.0	0.0	0.0	0.0
3413.0	881.0	2025.0	0.0	0.0	0.0
3413.0	880.0	2003.0	0.0	0.0	0.0
3415.0	881.0	2025.0	0.0	0.0	0.0
3413.0	881.0	2038.0	0.0	0.0	0.0
3413.0	880.0	1981.0	0.0	0.0	0.0
3413.0	879.0	1994.0	0.0	0.0	0.0
3413.0	881.0	1997.0	0.0	0.0	0.0
3416.0	881.0	2014.0	0.0	0.0	0.0
3414.0	880.0	2023.0	0.0	0.0	0.0
3413.0	881.0	2014.0	0.0	0.0	0.0
3415.0	875.0	2010.0	0.0	0.0	0.0
3415.0	884.0	2006.0	0.0	0.0	0.0
3414.0	880.0	2002.0	0.0	0.0	0.0
3414.0	881.0	2021.0	0.0	0.0	0.0
3409.0	879.0	2006.0	0.0	0.0	0.0
3413.0	881.0	2006.0	0.0	0.0	0.0
3413.0	881.0	1992.0	0.0	0.0	0.0
3412.0	881.0	2005.0	0.0	0.0	0.0
3413.0	879.0	2019.0	0.0	0.0	0.0
3413.0	880.0	1985.0	0.0	0.0	0.0
3413.0	882.0	2048.0	0.0	0.0	0.0
3413.0	883.0	2014.0	0.0	0.0	0.0
3412.0	881.0	2038.0	0.0	0.0	0.0
3413.0	880.0	2028.0	0.0	0.0	0.0
3413.0	878.0	2013.0	0.0	0.0	0.0
3413.0	881.0	2033.0	0.0	0.0	0.0
3414.0	880.0	2000.0	0.0	0.0	0.0
3415.0	883.0	2038.0	0.0	0.0	0.0
3414.0	881.0	2040.0	0.0	0.0	0.0
3414.0	878.0	2022.0	0.0	0.0	0.0
3413.0	880.0	2070.0	0.0	0.0	0.0
3412.0	880.0	2050.0	0.0	0.0	0.0
3419.0	880.0	2047.0	0.0	0.0	0.0
3413.0	882.0	2066.0	0.0	0.0	0.0
3413.0	881.0	2057.0	0.0	0.0	0.0
3412.0	879.0	2128.0	0.0	0.0	0.0
3414.0	881.0	2216.0	0.0	0.0	0.0
3412.0	881.0	2194.0	0.0	0.0	0.0
3412.0	881.0	2262.0	0.0	0.0	0.0
3416.0	881.0	2272.0	0.0	0.0	0.0
3413.0	881.0	2293.0	0.0	0.0	0.0
3413.0	881.0	2294.0	0.0	0.0	0.0
3414.0	881.0	2300.0	0.0	0.0	0.0
3415.0	881.0	2350.0	0.0	0.0	0.0
3412.0	881.0	2374.0	0.0	0.0	0.0
3414.0	880.0	2373.0	0.0	0.0	0.0
3414.0	879.0	2374.0	0.0	0.0	0.0
3413.0	882.0	2363.0	0.0	0.0	0.0
3414.0	878.0	2363.0	0.0	0.0	0.0
3414.0	884.0	2368.0	0.0	0.0	0.0
3413.0	879.0	2381.0	0.0	0.0	0.0
3414.0	881.0	2393.0	0.0	0.0	0.0
3422.0	882.0	2367.0	0.0	0.0	0.0
3414.0	899.0	2352.0	0.0	0.0	0.0
3413.0	880.0	2325.0	0.0	0.0	0.0
3413.0	880.0	2386.0	0.0	0.0	0.0
3414.0	879.0	2339.0	0.0	0.0	0.0
3413.0	883.0	2314.0	0.0	0.0	0.0
3413.0	881.0	2298.0	0.0	0.0	0.0
3414.0	881.0	2298.0	0.0	0.0	0.0
3413.0	881.0	2351.0	0.0	0.0	0.0
3413.0	881.0	2322.0	0.0	0.0	0.0
3413.0	881.0	2324.0	0.0	0.0	0.0
3415.0	879.0	2297.0	0.0	0.0	0.0
3413.0	880.0	2382.0	0.0	0.0	0.0
3414.0	880.0	2378.0	0.0	0.0	0.0
3413.0	880.0	2401.0	0.0	0.0	0.0
3413.0	880.0	2404.0	0.0	0.0	0.0
3413.0	890.0	2380.0	0.0	0.0	0.0
3416.0	880.0	2361.0	0.0	0.0	0.0
3419.0	880.0	2379.0	0.0	0.0	0.0
3414.0	880.0	2371.0	0.0	0.0	0.0
3412.0	881.0	2388.0	0.0	0.0	0.0
3413.0	881.0	2374.0	0.0	0.0	0.0
3412.0	882.0	2358.0	0.0	0.0	0.0
3413.0	880.0	2379.0	0.0	0.0	0.0
3413.0	881.0	2354.0	0.0	0.0	0.0
3413.0	880.0	2365.0	0.0	0.0	0.0
3413.0	881.0	2375.0	0.0	0.0	0.0
3416.0	881.0	2331.0	0.0	0.0	0.0
3414.0	881.0	2365.0	0.0	0.0	0.0
3414.0	880.0	2341.0	0.0	0.0	0.0
3413.0	878.0	2316.0	0.0	0.0	0.0
3413.0	881.0	2381.0	0.0	0.0	0.0
3412.0	882.0	2301.0	0.0	0.0	0.0
3413.0	884.0	2402.0	0.0	0.0	0.0
3412.0	887.0	2336.0	0.0	0.0	0.0
3413.0	879.0	2341.0	0.0	0.0	0.0
3413.0	880.0	2369.0	0.0	0.0	0.0
3415.0	881.0	2329.0	0.0	0.0	0.0
3411.0	881.0	2367.0	0.0	0.0	0.0
3412.0	881.0	2320.0	0.0	0.0	0.0
3413.0	881.0	2380.0	0.0	0.0	0.0
3413.0	882.0	2368.0	0.0	0.0	0.0
3415.0	880.0	2364.0	0.0	0.0	0.0
3416.0	880.0	2352.0	0.0	0.0	0.0
3412.0	882.0	2379.0	0.0	0.0	0.0
3412.0	882.0	2316.0	0.0	0.0	0.0
3414.0	880.0	2367.0	0.0	0.0	0.0
3413.0	881.0	2344.0	0.0	0.0	0.0
3413.0	881.0	2357.0	0.0	0.0	0.0
3408.0	883.0	2382.0	0.0	0.0	0.0
3415.0	882.0	2416.0	0.0	0.0	0.0
3417.0	881.0	2351.0	0.0	0.0	0.0
3414.0	881.0	2335.0	0.0	0.0	0.0
3414.0	882.0	2337.0	0.0	0.0	0.0
3413.0	883.0	2341.0	0.0	0.0	0.0
3414.0	887.0	2334.0	0.0	0.0	0.0
3418.0	881.0	2347.0	0.0	0.0	0.0
3422.0	879.0	2335.0	0.0	0.0	0.0
3412.0	882.0	2357.0	0.0	0.0	0.0
3413.0	881.0	2322.0	0.0	0.0	0.0
3412.0	881.0	2370.0	0.0	0.0	0.0
3413.0	880.0	2356.0	0.0	0.0	0.0
3414.0	881.0	2370.0	0.0	0.0	0.0
3415.0	881.0	2362.0	0.0	0.0	0.0
3414.0	880.0	2315.0	0.0	0.0	0.0
3414.0	882.0	2332.0	0.0	0.0	0.0
3415.0	883.0	2377.0	0.0	0.0	0.0
3414.0	882.0	2342.0	0.0	0.0	0.0
3415.0	880.0	2347.0	0.0	0.0	0.0
3414.0	880.0	2378.0	0.0	0.0	0.0
3415.0	880.0	2365.0	0.0	0.0	0.0
3415.0	880.0	2348.0	0.0	0.0	0.0
3415.0	882.0	2332.0	0.0	0.0	0.0
3415.0	876.0	2364.0	0.0	0.0	0.0
3415.0	884.0	2346.0	0.0	0.0	0.0
3413.0	880.0	2337.0	0.0	0.0	0.0
3417.0	880.0	2332.0	0.0	0.0	0.0
3409.0	881.0	2352.0	0.0	0.0	0.0
3415.0	882.0	2378.0	0.0	0.0	0.0
3414.0	881.0	2342.0	0.0	0.0	0.0
3415.0	880.0	2368.0	0.0	0.0	0.0
3414.0	882.0	2349.0	0.0	0.0	0.0
3415.0	879.0	2332.0	0.0	0.0	0.0
3414.0	881.0	2373.0	0.0	0.0	0.0
3413.0	880.0	2351.0	0.0	0.0	0.0
3402.0	882.0	2358.0	0.0	0.0	0.0
3392.0	881.0	2346.0	0.0	0.0	0.0
3395.0	881.0	2342.0	0.0	0.0	0.0
3395.0	880.0	2362.0	0.0	0.0	0.0
3394.0	880.0	2319.0	0.0	0.0	0.0
3394.0	881.0	2340.0	0.0	0.0	0.0
3373.0	881.0	2361.0	0.0	0.0	0.0
3372.0	881.0	2332.0	0.0	0.0	0.0
3353.0	882.0	2329.0	0.0	0.0	0.0
3336.0	889.0	2320.0	0.0	0.0	0.0
3304.0	879.0	2320.0	0.0	0.0	0.0
3256.0	881.0	2364.0	0.0	0.0	0.0
3225.0	879.0	2366.0	0.0	0.0	0.0
3201.0	882.0	2366.0	0.0	0.0	0.0
3178.0	880.0	2351.0	0.0	0.0	0.0
3151.0	883.0	2325.0	0.0	0.0	0.0
3133.0	881.0	2343.0	0.0	0.0	0.0
3130.0	881.0	2314.0	0.0	0.0	0.0
3102.0	880.0	2374.0	0.0	0.0	0.0
3075.0	880.0	2318.0	0.0	0.0	0.0
3048.0	880.0	2338.0	0.0	0.0	0.0
3028.0	881.0	2326.0	0.0	0.0	0.0
2996.0	881.0	2345.0	0.0	0.0	0.0
2966.0	879.0	2330.0	0.0	0.0	0.0
2934.0	880.0	2352.0	0.0	0.0	0.0
2935.0	890.0	2347.0	0.0	0.0	0.0
2865.0	883.0	2360.0	0.0	0.0	0.0
2865.0	880.0	2354.0	0.0	0.0	0.0
2837.0	880.0	2345.0	0.0	0.0	0.0
2805.0	881.0	2343.0	0.0	0.0	0.0
2768.0	881.0	2361.0	0.0	0.0	0.0
2767.0	881.0	2364.0	0.0	0.0	0.0
2768.0	881.0	2339.0	0.0	0.0	0.0
2767.0	880.0	2344.0	0.0	0.0	0.0
2767.0	882.0	2320.0	0.0	0.0	0.0
2765.0	882.0	2339.0	0.0	0.0	0.0
2768.0	881.0	2356.0	0.0	0.0	0.0
2767.0	881.0	2323.0	0.0	0.0	0.0
2767.0	880.0	2333.0	0.0	0.0	0.0
2766.0	881.0	2356.0	0.0	0.0	0.0
2295.0	880.0	2342.0	0.0	0.0	0.0
2298.0	881.0	2301.0	0.0	0.0	0.0
2300.0	887.0	2321.0	0.0	0.0	0.0
2297.0	883.0	2344.0	0.0	0.0	0.0
2289.0	882.0	2319.0	0.0	0.0	0.0
2278.0	881.0	2357.0	0.0	0.0	0.0
2259.0	881.0	2311.0	0.0	0.0	0.0
2257.0	882.0	2316.0	0.0	0.0	0.0
2259.0	882.0	2316.0	0.0	0.0	0.0
2259.0	880.0	2301.0	0.0	0.0	0.0
2257.0	880.0	2328.0	0.0	0.0	0.0
2260.0	881.0	2305.0	0.0	0.0	0.0
2006.0	892.0	2326.0	0.0	0.0	0.0
2007.0	894.0	2342.0	0.0	0.0	0.0
2006.0	891.0	2326.0	0.0	0.0	0.0
2006.0	891.0	2309.0	0.0	0.0	0.0
1997.0	891.0	2333.0	0.0	0.0	0.0
1987.0	892.0	2292.0	0.0	0.0	0.0
1977.0	891.0	2334.0	0.0	0.0	0.0
1958.0	891.0	2298.0	0.0	0.0	0.0
1941.0	892.0	2324.0	0.0	0.0	0.0
1920.0	906.0	2322.0	0.0	0.0	0.0
1920.0	906.0	2298.0	0.0	0.0	0.0
1872.0	899.0	2319.0	0.0	0.0	0.0
1872.0	902.0	2301.0	0.0	0.0	0.0
1862.0	902.0	2341.0	0.0	0.0	0.0
1833.0	901.0	2308.0	0.0	0.0	0.0
1816.0	902.0	2293.0	0.0	0.0	0.0
1796.0	912.0	2320.0	0.0	0.0	0.0
1785.0	912.0	2293.0	0.0	0.0	0.0
1762.0	921.0	2347.0	0.0	0.0	0.0
1740.0	913.0	2315.0	0.0	0.0	0.0
1740.0	912.0	2275.0	0.0	0.0	0.0
1721.0	913.0	2311.0	0.0	0.0	0.0
1703.0	912.0	2316.0	0.0	0.0	0.0
1682.0	912.0	2323.0	0.0	0.0	0.0
1658.0	913.0	2302.0	0.0	0.0	0.0
1637.0	913.0	2318.0	0.0	0.0	0.0
1616.0	911.0	2293.0	0.0	0.0	0.0
1599.0	911.0	2309.0	0.0	0.0	0.0
1579.0	908.0	2286.0	0.0	0.0	0.0
1562.0	919.0	2279.0	0.0	0.0	0.0
1562.0	920.0	2293.0	0.0	0.0	0.0
1543.0	922.0	2299.0	0.0	0.0	0.0
1525.0	921.0	2275.0	0.0	0.0	0.0
1516.0	922.0	2295.0	0.0	0.0	0.0
1498.0	923.0	2256.0	0.0	0.0	0.0
1482.0	923.0	2290.0	0.0	0.0	0.0
1461.0	921.0	2269.0	0.0	0.0	0.0
1442.0	921.0	2314.0	0.0	0.0	0.0
1424.0	923.0	2282.0	0.0	0.0	0.0
1413.0	922.0	2308.0	0.0	0.0	0.0
1408.0	920.0	2277.0	0.0	0.0	0.0
1397.0	924.0	2280.0	0.0	0.0	0.0
1380.0	913.0	2260.0	0.0	0.0	0.0
1372.0	911.0	2301.0	0.0	0.0	0.0
1364.0	910.0	2263.0	0.0	0.0	0.0
1345.0	911.0	2290.0	0.0	0.0	0.0
1327.0	912.0	2285.0	0.0	0.0	0.0
1292.0	913.0	2262.0	0.0	0.0	0.0
1258.0	912.0	2290.0	0.0	0.0	0.0
1239.0	903.0	2282.0	0.0	0.0	0.0
1223.0	901.0	2265.0	0.0	0.0	0.0
1223.0	901.0	2262.0	0.0	0.0	0.0
1215.0	901.0	2251.0	0.0	0.0	0.0
1214.0	902.0	2226.0	0.0	0.0	0.0
1214.0	892.0	2267.0	0.0	0.0	0.0
1225.0	893.0	2236.0	0.0	0.0	0.0
1214.0	888.0	2258.0	0.0	0.0	0.0
1205.0	882.0	2272.0	0.0	0.0	0.0
1207.0	882.0	2273.0	0.0	0.0	0.0
1214.0	882.0	2242.0	0.0	0.0	0.0
1231.0	881.0	2251.0	0.0	0.0	0.0
1231.0	883.0	2243.0	0.0	0.0	0.0
1215.0	882.0	2261.0	0.0	0.0	0.0
1189.0	882.0	2255.0	0.0	0.0	0.0
1183.0	883.0	2293.0	0.0	0.0	0.0
1184.0	882.0	2242.0	0.0	0.0	0.0
1190.0	882.0	2250.0	0.0	0.0	0.0
1199.0	882.0	2276.0	0.0	0.0	0.0
1197.0	884.0	2251.0	0.0	0.0	0.0
1190.0	882.0	2267.0	0.0	0.0	0.0
1181.0	881.0	2250.0	0.0	0.0	0.0
1180.0	881.0	2271.0	0.0	0.0	0.0
1173.0	883.0	2252.0	0.0	0.0	0.0
1163.0	885.0	2244.0	0.0	0.0	0.0
1163.0	883.0	2247.0	0.0	0.0	0.0
1155.0	885.0	2252.0	0.0	0.0	0.0
1147.0	884.0	2244.0	0.0	0.0	0.0
1137.0	884.0	2249.0	0.0	0.0	0.0
1138.0	882.0	2234.0	0.0	0.0	0.0
1129.0	882.0	2279.0	0.0	0.0	0.0
1131.0	883.0	2245.0	0.0	0.0	0.0
1131.0	882.0	2255.0	0.0	0.0	0.0
1130.0	884.0	2269.0	0.0	0.0	0.0
1132.0	882.0	2265.0	0.0	0.0	0.0
1122.0	881.0	2253.0	0.0	0.0	0.0
1113.0	883.0	2260.0	0.0	0.0	0.0
1106.0	883.0	2241.0	0.0	0.0	0.0
1089.0	882.0	2257.0	0.0	0.0	0.0
1072.0	882.0	2257.0	0.0	0.0	0.0
1057.0	885.0	2282.0	0.0	0.0	0.0
1057.0	882.0	2249.0	0.0	0.0	0.0
1034.0	883.0	2253.0	0.0	0.0	0.0
1034.0	882.0	2263.0	0.0	0.0	0.0
1017.0	884.0	2268.0	0.0	0.0	0.0
1010.0	882.0	2266.0	0.0	0.0	0.0
1002.0	883.0	2257.0	0.0	0.0	0.0
994.0	883.0	2229.0	0.0	0.0	0.0
979.0	878.0	2248.0	0.0	0.0	0.0
968.0	884.0	2220.0	0.0	0.0	0.0
962.0	883.0	2257.0	0.0	0.0	0.0
954.0	872.0	2248.0	0.0	0.0	0.0
956.0	883.0	2260.0	0.0	0.0	0.0
947.0	884.0	2250.0	0.0	0.0	0.0
939.0	884.0	2259.0	0.0	0.0	0.0
931.0	883.0	2262.0	0.0	0.0	0.0
925.0	884.0	2275.0	0.0	0.0	0.0
917.0	883.0	2265.0	0.0	0.0	0.0
909.0	883.0	2251.0	0.0	0.0	0.0
903.0	886.0	2221.0	0.0	0.0	0.0
893.0	882.0	2276.0	0.0	0.0	0.0
886.0	884.0	2264.0	0.0	0.0	0.0
887.0	883.0	2243.0	0.0	0.0	0.0
878.0	884.0	2240.0	0.0	0.0	0.0
872.0	885.0	2231.0	0.0	0.0	0.0
872.0	881.0	2199.0	0.0	0.0	0.0
873.0	881.0	2239.0	0.0	0.0	0.0
874.0	883.0	2207.0	0.0	0.0	0.0
873.0	886.0	2227.0	0.0	0.0	0.0
873.0	884.0	2255.0	0.0	0.0	0.0
871.0	882.0	2240.0	0.0	0.0	0.0
872.0	883.0	2193.0	0.0	0.0	0.0
872.0	884.0	2215.0	0.0	0.0	0.0
873.0	881.0	2215.0	0.0	0.0	0.0
872.0	884.0	2252.0	0.0	0.0	0.0
873.0	887.0	2219.0	0.0	0.0	0.0
873.0	889.0	2254.0	0.0	0.0	0.0
874.0	883.0	2238.0	0.0	0.0	0.0
871.0	884.0	2244.0	0.0	0.0	0.0
873.0	883.0	2263.0	0.0	0.0	0.0
873.0	884.0	2207.0	0.0	0.0	0.0
875.0	884.0	2229.0	0.0	0.0	0.0
874.0	884.0	2216.0	0.0	0.0	0.0
874.0	883.0	2233.0	0.0	0.0	0.0
872.0	885.0	2194.0	0.0	0.0	0.0
872.0	880.0	2224.0	0.0	0.0	0.0
871.0	882.0	2189.0	0.0	0.0	0.0
874.0	883.0	2194.0	0.0	0.0	0.0
875.0	884.0	2203.0	0.0	0.0	0.0
873.0	883.0	2222.0	0.0	0.0	0.0
873.0	884.0	2207.0	0.0	0.0	0.0
873.0	884.0	2165.0	0.0	0.0	0.0
873.0	885.0	2186.0	0.0	0.0	0.0
871.0	889.0	2194.0	0.0	0.0	0.0
874.0	884.0	2201.0	0.0	0.0	0.0
874.0	883.0	2144.0	0.0	0.0	0.0
872.0	883.0	2147.0	0.0	0.0	0.0
874.0	883.0	2100.0	0.0	0.0	0.0
873.0	885.0	2092.0	0.0	0.0	0.0
874.0	884.0	2007.0	0.0	0.0	0.0
873.0	882.0	2018.0	0.0	0.0	0.0
873.0	884.0	2007.0	0.0	0.0	0.0
874.0	885.0	1944.0	0.0	0.0	0.0
875.0	884.0	1900.0	0.0	0.0	0.0
875.0	884.0	1877.0	0.0	0.0	0.0
873.0	884.0	1850.0	0.0	0.0	0.0
874.0	881.0	1826.0	0.0	0.0	0.0
874.0	885.0	1794.0	0.0	0.0	0.0
874.0	883.0	1716.0	0.0	0.0	0.0
875.0	887.0	1637.0	0.0	0.0	0.0
875.0	884.0	1631.0	0.0	0.0	0.0
874.0	882.0	1601.0	0.0	0.0	0.0
874.0	883.0	1579.0	0.0	0.0	0.0
873.0	884.0	1585.0	0.0	0.0	0.0
859.0	885.0	1568.0	0.0	0.0	0.0
873.0	884.0	1601.0	0.0	0.0	0.0
874.0	884.0	1579.0	0.0	0.0	0.0
874.0	880.0	1600.0	0.0	0.0	0.0
873.0	882.0	1596.0	0.0	0.0	0.0
873.0	883.0	1593.0	0.0	0.0	0.0
875.0	883.0	1587.0	0.0	0.0	0.0
874.0	884.0	1573.0	0.0	0.0	0.0
874.0	884.0	1608.0	0.0	0.0	0.0
874.0	883.0	1595.0	0.0	0.0	0.0
874.0	888.0	1594.0	0.0	0.0	0.0
873.0	884.0	1610.0	0.0	0.0	0.0
875.0	884.0	1592.0	0.0	0.0	0.0
873.0	885.0	1602.0	0.0	0.0	0.0
874.0	883.0	1614.0	0.0	0.0	0.0
874.0	881.0	1605.0	0.0	0.0	0.0
873.0	883.0	1574.0	0.0	0.0	0.0
873.0	883.0	1611.0	0.0	0.0	0.0
874.0	882.0	1609.0	0.0	0.0	0.0
873.0	881.0	1616.0	0.0	0.0	0.0
875.0	886.0	1583.0	0.0	0.0	0.0
875.0	883.0	1611.0	0.0	0.0	0.0
875.0	883.0	1583.0	0.0	0.0	0.0
875.0	884.0	1593.0	0.0	0.0	0.0
873.0	886.0	1611.0	0.0	0.0	0.0
873.0	888.0	1587.0	0.0	0.0	0.0
876.0	882.0	1593.0	0.0	0.0	0.0
874.0	884.0	1604.0	0.0	0.0	0.0
875.0	883.0	1600.0	0.0	0.0	0.0
874.0	884.0	1587.0	0.0	0.0	0.0
875.0	882.0	1615.0	0.0	0.0	0.0
873.0	884.0	1603.0	0.0	0.0	0.0
873.0	882.0	1607.0	0.0	0.0	0.0
874.0	880.0	1599.0	0.0	0.0	0.0
873.0	883.0	1569.0	0.0	0.0	0.0
871.0	883.0	1619.0	0.0	0.0	0.0
874.0	884.0	1581.0	0.0	0.0	0.0
874.0	884.0	1598.0	0.0	0.0	0.0
875.0	884.0	1594.0	0.0	0.0	0.0
873.0	883.0	1629.0	0.0	0.0	0.0
874.0	880.0	1598.0	0.0	0.0	0.0
876.0	882.0	1601.0	0.0	0.0	0.0
872.0	884.0	1615.0	0.0	0.0	0.0
875.0	883.0	1592.0	0.0	0.0	0.0
874.0	884.0	1590.0	0.0	0.0	0.0
874.0	883.0	1612.0	0.0	0.0	0.0
873.0	885.0	1587.0	0.0	0.0	0.0
874.0	882.0	1601.0	0.0	0.0	0.0
871.0	884.0	1606.0	0.0	0.0	0.0
877.0	885.0	1608.0	0.0	0.0	0.0
873.0	884.0	1588.0	0.0	0.0	0.0
872.0	884.0	1616.0	0.0	0.0	0.0
876.0	882.0	1603.0	0.0	0.0	0.0
873.0	883.0	1619.0	0.0	0.0	0.0
873.0	883.0	1599.0	0.0	0.0	0.0
875.0	884.0	1612.0	0.0	0.0	0.0
874.0	886.0	1618.0	0.0	0.0	0.0
881.0	884.0	1588.0	0.0	0.0	0.0
874.0	882.0	1618.0	0.0	0.0	0.0
873.0	884.0	1614.0	0.0	0.0	0.0
873.0	883.0	1593.0	0.0	0.0	0.0
874.0	879.0	1615.0	0.0	0.0	0.0
875.0	883.0	1627.0	0.0	0.0	0.0
874.0	884.0	1612.0	0.0	0.0	0.0
873.0	882.0	1642.0	0.0	0.0	0.0
873.0	883.0	1605.0	0.0	0.0	0.0
874.0	883.0	1608.0	0.0	0.0	0.0
876.0	884.0	1631.0	0.0	0.0	0.0
874.0	884.0	1616.0	0.0	0.0	0.0
873.0	884.0	1631.0	0.0	0.0	0.0
874.0	881.0	1581.0	0.0	0.0	0.0
874.0	888.0	1610.0	0.0	0.0	0.0
875.0	883.0	1587.0	0.0	0.0	0.0
873.0	882.0	1607.0	0.0	0.0	0.0
876.0	883.0	1627.0	0.0	0.0	0.0
873.0	883.0	1583.0	0.0	0.0	0.0
874.0	885.0	1601.0	0.0	0.0	0.0
874.0	884.0	1601.0	0.0	0.0	0.0
874.0	884.0	1585.0	0.0	0.0	0.0
874.0	893.0	1604.0	0.0	0.0	0.0
875.0	884.0	1616.0	0.0	0.0	0.0
873.0	884.0	1613.0	0.0	0.0	0.0
874.0	884.0	1592.0	0.0	0.0	0.0
873.0	884.0	1588.0	0.0	0.0	0.0
873.0	883.0	1622.0	0.0	0.0	0.0
873.0	884.0	1607.0	0.0	0.0	0.0
875.0	882.0	1598.0	0.0	0.0	0.0
874.0	888.0	1610.0	0.0	0.0	0.0
876.0	883.0	1621.0	0.0	0.0	0.0
873.0	881.0	1607.0	0.0	0.0	0.0
874.0	882.0	1596.0	0.0	0.0	0.0
876.0	883.0	1599.0	0.0	0.0	0.0
875.0	884.0	1599.0	0.0	0.0	0.0
874.0	882.0	1636.0	0.0	0.0	0.0
876.0	882.0	1589.0	0.0	0.0	0.0
874.0	884.0	1624.0	0.0	0.0	0.0
871.0	884.0	1613.0	0.0	0.0	0.0
874.0	884.0	1638.0	0.0	0.0	0.0
874.0	884.0	1598.0	0.0	0.0	0.0
872.0	883.0	1605.0	0.0	0.0	0.0
874.0	883.0	1628.0	0.0	0.0	0.0
873.0	902.0	1598.0	0.0	0.0	0.0
873.0	910.0	1625.0	0.0	0.0	0.0
874.0	933.0	1621.0	0.0	0.0	0.0
877.0	944.0	1613.0	0.0	0.0	0.0
873.0	943.0	1615.0	0.0	0.0	0.0
874.0	964.0	1609.0	0.0	0.0	0.0
874.0	965.0	1626.0	0.0	0.0	0.0
874.0	965.0	1611.0	0.0	0.0	0.0
874.0	963.0	1616.0	0.0	0.0	0.0
873.0	984.0	1626.0	0.0	0.0	0.0
890.0	998.0	1594.0	0.0	0.0	0.0
873.0	995.0	1634.0	0.0	0.0	0.0
873.0	1027.0	1602.0	0.0	0.0	0.0
873.0	1061.0	1607.0	0.0	0.0	0.0
873.0	1116.0	1588.0	0.0	0.0	0.0
874.0	1103.0	1621.0	0.0	0.0	0.0
874.0	1105.0	1598.0	0.0	0.0	0.0
877.0	1104.0	1600.0	0.0	0.0	0.0
874.0	1254.0	1621.0	0.0	0.0	0.0
875.0	1256.0	1609.0	0.0	0.0	0.0
874.0	1255.0	1584.0	0.0	0.0	0.0
879.0	1253.0	1590.0	0.0	0.0	0.0
877.0	1254.0	1600.0	0.0	0.0	0.0
877.0	1267.0	1609.0	0.0	0.0	0.0
877.0	1266.0	1613.0	0.0	0.0	0.0
879.0	1277.0	1593.0	0.0	0.0	0.0
877.0	1302.0	1607.0	0.0	0.0	0.0
872.0	1313.0	1608.0	0.0	0.0	0.0
873.0	1311.0	1613.0	0.0	0.0	0.0
874.0	1324.0	1585.0	0.0	0.0	0.0
871.0	1332.0	1611.0	0.0	0.0	0.0
875.0	1361.0	1618.0	0.0	0.0	0.0
873.0	1359.0	1599.0	0.0	0.0	0.0
873.0	1374.0	1602.0	0.0	0.0	0.0
872.0	1398.0	1611.0	0.0	0.0	0.0
875.0	1409.0	1619.0	0.0	0.0	0.0
875.0	1422.0	1591.0	0.0	0.0	0.0
874.0	1432.0	1608.0	0.0	0.0	0.0
872.0	1432.0	1608.0	0.0	0.0	0.0
872.0	1443.0	1620.0	0.0	0.0	0.0
873.0	1458.0	1599.0	0.0	0.0	0.0
872.0	1483.0	1633.0	0.0	0.0	0.0
873.0	1495.0	1610.0	0.0	0.0	0.0
873.0	1526.0	1615.0	0.0	0.0	0.0
872.0	1532.0	1609.0	0.0	0.0	0.0
872.0	1544.0	1606.0	0.0	0.0	0.0
873.0	1567.0	1603.0	0.0	0.0	0.0
872.0	1579.0	1611.0	0.0	0.0	0.0
880.0	1605.0	1614.0	0.0	0.0	0.0
875.0	1605.0	1604.0	0.0	0.0	0.0
874.0	1622.0	1631.0	0.0	0.0	0.0
872.0	1624.0	1594.0	0.0	0.0	0.0
874.0	1658.0	1626.0	0.0	0.0	0.0
872.0	1668.0	1606.0	0.0	0.0	0.0
875.0	1694.0	1616.0	0.0	0.0	0.0
872.0	1708.0	1600.0	3.0	0.0	0.0
872.0	1708.0	1620.0	0.0	0.0	0.0
872.0	1743.0	1594.0	0.0	0.0	0.0
873.0	1755.0	1614.0	0.0	0.0	0.0
872.0	1758.0	1615.0	0.0	0.0	0.0
871.0	1782.0	1605.0	0.0	0.0	0.0
875.0	1796.0	1618.0	0.0	0.0	0.0
874.0	1807.0	1606.0	0.0	0.0	0.0
873.0	1833.0	1617.0	0.0	0.0	0.0
873.0	1844.0	1623.0	0.0	0.0	0.0
873.0	1854.0	1609.0	0.0	0.0	0.0
872.0	1862.0	1628.0	0.0	0.0	0.0
875.0	1872.0	1604.0	0.0	0.0	0.0
871.0	1897.0	1612.0	0.0	0.0	0.0
873.0	1911.0	1623.0	0.0	0.0	0.0
872.0	1925.0	1609.0	0.0	0.0	0.0
880.0	1938.0	1590.0	0.0	0.0	0.0
872.0	1949.0	1622.0	0.0	0.0	0.0
872.0	1967.0	1599.0	0.0	0.0	0.0
872.0	1985.0	1626.0	0.0	0.0	0.0
873.0	2002.0	1624.0	0.0	0.0	0.0
872.0	2003.0	1595.0	0.0	0.0	0.0
874.0	2015.0	1608.0	0.0	0.0	0.0
873.0	2041.0	1622.0	0.0	0.0	0.0
871.0	2052.0	1609.0	0.0	0.0	0.0
872.0	2065.0	1630.0	0.0	0.0	0.0
874.0	2091.0	1606.0	0.0	0.0	0.0
871.0	2098.0	1635.0	0.0	0.0	0.0
872.0	2119.0	1620.0	0.0	0.0	0.0
872.0	2128.0	1628.0	0.0	0.0	0.0
873.0	2144.0	1632.0	0.0	0.0	0.0
874.0	2142.0	1625.0	0.0	0.0	0.0
872.0	2170.0	1646.0	0.0	0.0	0.0
871.0	2182.0	1616.0	0.0	0.0	0.0
871.0	2196.0	1618.0	0.0	0.0	0.0
871.0	2209.0	1605.0	0.0	0.0	0.0
872.0	2221.0	1624.0	0.0	0.0	0.0
872.0	2238.0	1625.0	0.0	0.0	0.0
874.0	2258.0	1616.0	0.0	0.0	0.0
872.0	2262.0	1646.0	0.0	0.0	0.0
871.0	2261.0	1612.0	0.0	0.0	0.0
871.0	2261.0	1622.0	0.0	0.0	0.0
870.0	2377.0	1623.0	0.0	0.0	0.0
874.0	2379.0	1603.0	0.0	0.0	0.0
871.0	2380.0	1635.0	0.0	0.0	0.0
871.0	2377.0	1611.0	0.0	0.0	0.0
872.0	2378.0	1598.0	0.0	0.0	0.0
873.0	2373.0	1614.0	0.0	0.0	0.0
872.0	2396.0	1613.0	0.0	0.0	0.0
873.0	2390.0	1596.0	0.0	0.0	0.0
872.0	2405.0	1618.0	0.0	0.0	0.0
872.0	2420.0	1639.0	0.0	0.0	0.0
872.0	2415.0	1623.0	0.0	0.0	0.0
873.0	2431.0	1630.0	0.0	0.0	0.0
871.0	2442.0	1639.0	0.0	0.0	0.0
871.0	2456.0	1638.0	0.0	0.0	0.0
872.0	2469.0	1643.0	0.0	0.0	0.0
871.0	2487.0	1630.0	0.0	0.0	0.0
871.0	2501.0	1631.0	0.0	0.0	0.0
872.0	2497.0	1651.0	0.0	0.0	0.0
871.0	2509.0	1613.0	0.0	0.0	0.0
871.0	2509.0	1609.0	0.0	0.0	0.0
871.0	2520.0	1614.0	0.0	0.0	0.0
873.0	2536.0	1608.0	0.0	0.0	0.0
870.0	2546.0	1636.0	0.0	0.0	0.0
872.0	2560.0	1620.0	0.0	0.0	0.0
870.0	2572.0	1644.0	0.0	0.0	0.0
876.0	2573.0	1607.0	0.0	0.0	0.0
871.0	2584.0	1622.0	0.0	0.0	0.0
871.0	2590.0	1597.0	0.0	0.0	0.0
873.0	2590.0	1636.0	0.0	0.0	0.0
872.0	2598.0	1632.0	0.0	0.0	0.0
872.0	2599.0	1606.0	0.0	0.0	0.0
873.0	2613.0	1642.0	0.0	0.0	0.0
871.0	2612.0	1613.0	0.0	0.0	0.0
870.0	2625.0	1629.0	0.0	0.0	0.0
869.0	2627.0	1600.0	0.0	0.0	0.0
871.0	2627.0	1628.0	0.0	0.0	0.0
871.0	2653.0	1601.0	0.0	0.0	0.0
868.0	2653.0	1621.0	0.0	0.0	0.0
872.0	2651.0	1617.0	0.0	0.0	0.0
871.0	2664.0	1640.0	0.0	0.0	0.0
872.0	2664.0	1612.0	0.0	0.0	0.0
872.0	2677.0	1608.0	0.0	0.0	0.0
871.0	2677.0	1624.0	0.0	0.0	0.0
871.0	2691.0	1624.0	0.0	0.0	0.0
871.0	2705.0	1604.0	0.0	0.0	0.0
872.0	2704.0	1655.0	0.0	0.0	0.0
871.0	2716.0	1628.0	0.0	0.0	0.0
870.0	2716.0	1621.0	0.0	0.0	0.0
870.0	2718.0	1611.0	0.0	0.0	0.0
872.0	2730.0	1630.0	0.0	0.0	0.0
869.0	2744.0	1614.0	0.0	0.0	0.0
870.0	2745.0	1652.0	0.0	0.0	0.0
872.0	2754.0	1628.0	0.0	0.0	0.0
870.0	2769.0	1628.0	0.0	0.0	0.0
870.0	2778.0	1600.0	0.0	0.0	0.0
871.0	2801.0	1652.0	0.0	0.0	0.0
871.0	2796.0	1628.0	0.0	0.0	0.0
871.0	2801.0	1614.0	0.0	0.0	0.0
871.0	2810.0	1634.0	0.0	0.0	0.0
869.0	2825.0	1620.0	0.0	0.0	0.0
870.0	2837.0	1608.0	0.0	0.0	0.0
872.0	2849.0	1639.0	0.0	0.0	0.0
870.0	2863.0	1633.0	0.0	0.0	0.0
872.0	2860.0	1617.0	0.0	0.0	0.0
872.0	2874.0	1640.0	0.0	0.0	0.0
872.0	2887.0	1673.0	0.0	0.0	0.0
870.0	2886.0	1627.0	0.0	0.0	0.0
868.0	2901.0	1639.0	0.0	0.0	0.0
870.0	2900.0	1626.0	0.0	0.0	0.0
870.0	2914.0	1618.0	0.0	0.0	0.0
870.0	2928.0	1634.0	0.0	0.0	0.0
870.0	2940.0	1612.0	0.0	0.0	0.0
871.0	2954.0	1650.0	0.0	0.0	0.0
870.0	2953.0	1616.0	0.0	0.0	0.0
871.0	2967.0	1645.0	0.0	0.0	0.0
867.0	2967.0	1633.0	0.0	0.0	0.0
879.0	2978.0	1654.0	0.0	0.0	0.0
874.0	2993.0	1621.0	0.0	0.0	0.0
873.0	2993.0	1637.0	0.0	0.0	0.0
872.0	3006.0	1624.0	0.0	0.0	0.0
872.0	3018.0	1663.0	0.0	0.0	0.0
872.0	3029.0	1626.0	0.0	0.0	0.0
871.0	3032.0	1627.0	0.0	0.0	0.0
871.0	3037.0	1636.0	0.0	0.0	0.0
870.0	3064.0	1627.0	0.0	0.0	0.0
871.0	3062.0	1640.0	0.0	0.0	0.0
871.0	3068.0	1658.0	0.0	0.0	0.0
871.0	3071.0	1630.0	0.0	0.0	0.0
871.0	3079.0	1676.0	0.0	0.0	0.0
870.0	3080.0	1621.0	0.0	0.0	0.0
870.0	3098.0	1645.0	0.0	0.0	0.0
871.0	3116.0	1620.0	0.0	0.0	0.0
872.0	3110.0	1672.0	0.0	0.0	0.0
870.0	3113.0	1654.0	0.0	0.0	0.0
870.0	3124.0	1638.0	0.0	0.0	0.0
870.0	3137.0	1633.0	0.0	0.0	0.0
870.0	3135.0	1637.0	0.0	0.0	0.0
867.0	3135.0	1646.0	0.0	0.0	0.0
870.0	3155.0	1615.0	0.0	0.0	0.0
870.0	3149.0	1655.0	0.0	0.0	0.0
870.0	3163.0	1648.0	0.0	0.0	0.0
864.0	3162.0	1650.0	0.0	0.0	0.0
869.0	3181.0	1616.0	0.0	0.0	0.0
872.0	3175.0	1640.0	0.0	0.0	0.0
869.0	3177.0	1617.0	0.0	0.0	0.0
872.0	3191.0	1659.0	0.0	0.0	0.0
870.0	3189.0	1613.0	0.0	0.0	0.0
869.0	3188.0	1656.0	0.0	0.0	0.0
873.0	3195.0	1645.0	0.0	0.0	0.0
872.0	3202.0	1639.0	0.0	0.0	0.0
869.0	3221.0	1645.0	0.0	0.0	0.0
870.0	3218.0	1624.0	0.0	0.0	0.0
870.0	3219.0	1637.0	0.0	0.0	0.0
870.0	3233.0	1638.0	0.0	0.0	0.0
871.0	3234.0	1615.0	0.0	0.0	0.0
872.0	3246.0	1657.0	0.0	0.0	0.0
871.0	3238.0	1626.0	0.0	0.0	0.0
868.0	3238.0	1659.0	0.0	0.0	0.0
870.0	3252.0	1636.0	0.0	0.0	0.0
869.0	3254.0	1667.0	0.0	0.0	0.0
871.0	3267.0	1648.0	0.0	0.0	0.0
873.0	3267.0	1633.0	0.0	0.0	0.0
869.0	3280.0	1654.0	0.0	0.0	0.0
876.0	3279.0	1656.0	0.0	0.0	0.0
868.0	3293.0	1618.0	0.0	0.0	0.0
870.0	3293.0	1637.0	0.0	0.0	0.0
869.0	3306.0	1634.0	0.0	0.0	0.0
872.0	3319.0	1635.0	0.0	0.0	0.0
872.0	3319.0	1655.0	0.0	0.0	0.0
872.0	3331.0	1639.0	0.0	0.0	0.0
870.0	3333.0	1655.0	0.0	0.0	0.0
869.0	3345.0	1651.0	0.0	0.0	0.0
868.0	3347.0	1639.0	0.0	0.0	0.0
871.0	3357.0	1623.0	0.0	0.0	0.0
870.0	3359.0	1670.0	0.0	0.0	0.0
870.0	3373.0	1630.0	0.0	0.0	0.0
869.0	3371.0	1647.0	0.0	0.0	0.0
872.0	3372.0	1635.0	0.0	0.0	0.0
870.0	3385.0	1632.0	0.0	0.0	0.0
872.0	3384.0	1652.0	0.0	0.0	0.0
868.0	3398.0	1627.0	0.0	0.0	0.0
871.0	3398.0	1646.0	0.0	0.0	0.0
870.0	3414.0	1643.0	0.0	0.0	0.0
871.0	3412.0	1642.0	0.0	0.0	0.0
870.0	3409.0	1652.0	0.0	0.0	0.0
871.0	3412.0	1631.0	0.0	0.0	0.0
869.0	3415.0	1660.0	0.0	0.0	0.0
870.0	3410.0	1646.0	0.0	0.0	0.0
869.0	3409.0	1664.0	0.0	0.0	0.0
869.0	3412.0	1642.0	0.0	0.0	0.0
870.0	3411.0	1650.0	0.0	0.0	0.0
866.0	3414.0	1654.0	0.0	0.0	0.0
868.0	3414.0	1646.0	0.0	0.0	0.0
869.0	3412.0	1655.0	0.0	0.0	0.0
869.0	3415.0	1639.0	0.0	0.0	0.0
869.0	3414.0	1648.0	0.0	0.0	0.0
869.0	3413.0	1644.0	0.0	0.0	0.0
868.0	3414.0	1668.0	0.0	0.0	0.0
869.0	3408.0	1656.0	0.0	0.0	0.0
869.0	3413.0	1644.0	0.0	0.0	0.0
870.0	3413.0	1646.0	0.0	0.0	0.0
868.0	3413.0	1660.0	0.0	0.0	0.0
869.0	3415.0	1632.0	0.0	0.0	0.0
889.0	3415.0	1674.0	0.0	0.0	0.0
868.0	3414.0	1646.0	0.0	0.0	0.0
868.0	3413.0	1673.0	0.0	0.0	0.0
869.0	3412.0	1655.0	0.0	0.0	0.0
869.0	3413.0	1655.0	0.0	0.0	0.0
870.0	3410.0	1644.0	0.0	0.0	0.0
869.0	3412.0	1659.0	0.0	0.0	0.0
870.0	3418.0	1651.0	0.0	0.0	0.0
869.0	3408.0	1637.0	0.0	0.0	0.0
869.0	3415.0	1675.0	0.0	0.0	0.0
869.0	3412.0	1638.0	0.0	0.0	0.0
871.0	3412.0	1652.0	0.0	0.0	0.0
871.0	3412.0	1656.0	0.0	0.0	0.0
872.0	3414.0	1643.0	0.0	0.0	0.0
869.0	3413.0	1635.0	0.0	0.0	0.0
868.0	3412.0	1647.0	0.0	0.0	0.0
870.0	3413.0	1666.0	0.0	0.0	0.0
870.0	3411.0	1645.0	0.0	0.0	0.0
869.0	3412.0	1677.0	0.0	0.0	0.0
869.0	3412.0	1637.0	0.0	0.0	0.0
869.0	3414.0	1653.0	0.0	0.0	0.0
870.0	3412.0	1653.0	0.0	0.0	0.0
870.0	3413.0	1652.0	0.0	0.0	0.0
870.0	3413.0	1643.0	0.0	0.0	0.0
870.0	3412.0	1648.0	0.0	0.0	0.0
867.0	3413.0	1646.0	0.0	0.0	0.0
871.0	3412.0	1655.0	0.0	0.0	0.0
868.0	3412.0	1636.0	0.0	0.0	0.0
868.0	3413.0	1676.0	0.0	0.0	0.0
869.0	3411.0	1649.0	0.0	0.0	0.0
870.0	3413.0	1669.0	0.0	0.0	0.0
871.0	3412.0	1661.0	0.0	0.0	0.0
871.0	3412.0	1661.0	0.0	0.0	0.0
870.0	3414.0	1664.0	0.0	0.0	0.0
869.0	3410.0	1646.0	0.0	0.0	0.0
871.0	3416.0	1660.0	0.0	0.0	0.0
869.0	3414.0	1629.0	0.0	0.0	0.0
869.0	3413.0	1673.0	0.0	0.0	0.0
869.0	3407.0	1639.0	0.0	0.0	0.0
869.0	3423.0	1672.0	0.0	0.0	0.0
869.0	3411.0	1656.0	0.0	0.0	0.0
869.0	3412.0	1643.0	0.0	0.0	0.0
869.0	3412.0	1650.0	0.0	0.0	0.0
870.0	3411.0	1683.0	0.0	0.0	0.0
869.0	3413.0	1653.0	0.0	0.0	0.0
868.0	3413.0	1655.0	0.0	0.0	0.0
869.0	3411.0	1666.0	0.0	0.0	0.0
868.0	3411.0	1660.0	0.0	0.0	0.0
868.0	3412.0	1658.0	0.0	0.0	0.0
869.0	3414.0	1659.0	0.0	0.0	0.0
869.0	3411.0	1629.0	0.0	0.0	0.0
869.0	3412.0	1662.0	0.0	0.0	0.0
870.0	3412.0	1652.0	0.0	0.0	0.0
869.0	3411.0	1665.0	0.0	0.0	0.0
871.0	3411.0	1652.0	0.0	0.0	0.0
869.0	3412.0	1665.0	0.0	0.0	0.0
869.0	3411.0	1631.0	0.0	0.0	0.0
871.0	3411.0	1672.0	0.0	0.0	0.0
868.0	3411.0	1640.0	0.0	0.0	0.0
870.0	3412.0	1671.0	0.0	0.0	0.0
869.0	3415.0	1640.0	0.0	0.0	0.0
869.0	3414.0	1645.0	0.0	0.0	0.0
871.0	3412.0	1660.0	0.0	0.0	0.0
870.0	3412.0	1666.0	0.0	0.0	0.0
872.0	3411.0	1637.0	0.0	0.0	0.0
870.0	3413.0	1676.0	0.0	0.0	0.0
869.0	3413.0	1635.0	0.0	0.0	0.0
869.0	3408.0	1667.0	0.0	0.0	0.0
868.0	3415.0	1670.0	0.0	0.0	0.0
869.0	3412.0	1665.0	0.0	0.0	0.0
868.0	3416.0	1668.0	0.0	0.0	0.0
869.0	3405.0	1652.0	0.0	0.0	0.0
871.0	3416.0	1675.0	0.0	0.0	0.0
869.0	3416.0	1639.0	0.0	0.0	0.0
871.0	3416.0	1675.0	0.0	0.0	0.0
868.0	3408.0	1619.0	0.0	0.0	0.0
870.0	3411.0	1655.0	0.0	0.0	0.0
869.0	3412.0	1653.0	0.0	0.0	0.0
876.0	3411.0	1676.0	0.0	0.0	0.0
876.0	3411.0	1670.0	0.0	0.0	0.0
865.0	3411.0	1652.0	0.0	0.0	0.0
869.0	3413.0	1653.0	0.0	0.0	0.0
868.0	3412.0	1646.0	0.0	0.0	0.0
869.0	3412.0	1682.0	0.0	0.0	0.0
869.0	3411.0	1666.0	0.0	0.0	0.0
870.0	3411.0	1649.0	0.0	0.0	0.0
869.0	3413.0	1660.0	0.0	0.0	0.0
869.0	3411.0	1642.0	0.0	0.0	0.0
869.0	3411.0	1662.0	0.0	0.0	0.0
869.0	3412.0	1667.0	0.0	0.0	0.0
869.0	3412.0	1653.0	0.0	0.0	0.0
869.0	3411.0	1669.0	0.0	0.0	0.0
869.0	3412.0	1666.0	0.0	0.0	0.0
869.0	3412.0	1640.0	0.0	0.0	0.0
869.0	3412.0	1648.0	0.0	0.0	0.0
870.0	3411.0	1662.0	0.0	0.0	0.0
869.0	3412.0	1654.0	0.0	0.0	0.0
869.0	3412.0	1661.0	0.0	0.0	0.0
870.0	3411.0	1641.0	0.0	0.0	0.0
868.0	3411.0	1643.0	0.0	0.0	0.0
871.0	3411.0	1654.0	0.0	0.0	0.0
869.0	3410.0	1612.0	0.0	0.0	0.0
869.0	3414.0	1647.0	0.0	0.0	0.0
869.0	3412.0	1617.0	0.0	0.0	0.0
870.0	3412.0	1654.0	0.0	0.0	0.0
870.0	3407.0	1646.0	0.0	0.0	0.0
870.0	3415.0	1661.0	0.0	0.0	0.0
870.0	3412.0	1625.0	0.0	0.0	0.0
869.0	3411.0	1638.0	0.0	0.0	0.0
870.0	3413.0	1630.0	0.0	0.0	0.0
870.0	3411.0	1665.0	0.0	0.0	0.0
869.0	3408.0	1639.0	0.0	0.0	0.0
870.0	3425.0	1635.0	0.0	0.0	0.0
869.0	3408.0	1673.0	0.0	0.0	0.0
871.0	3412.0	1622.0	0.0	0.0	0.0
869.0	3410.0	1628.0	0.0	0.0	0.0
872.0	3412.0	1631.0	0.0	0.0	0.0
871.0	3411.0	1648.0	0.0	0.0	0.0
871.0	3415.0	1635.0	0.0	0.0	0.0
867.0	3412.0	1636.0	0.0	0.0	0.0
868.0	3411.0	1644.0	0.0	0.0	0.0
869.0	3415.0	1662.0	0.0	0.0	0.0
869.0	3412.0	1654.0	0.0	0.0	0.0
869.0	3411.0	1633.0	0.0	0.0	0.0
869.0	3415.0	1650.0	0.0	0.0	0.0
869.0	3411.0	1665.0	0.0	0.0	0.0
869.0	3411.0	1637.0	0.0	0.0	0.0
869.0	3411.0	1667.0	0.0	0.0	0.0
869.0	3411.0	1656.0	0.0	0.0	0.0
868.0	3411.0	1644.0	0.0	0.0	0.0
870.0	3412.0	1660.0	0.0	0.0	0.0
868.0	3412.0	1637.0	0.0	0.0	0.0
869.0	3411.0	1653.0	0.0	0.0	0.0
869.0	3411.0	1640.0	0.0	0.0	0.0
870.0	3412.0	1621.0	0.0	0.0	0.0
870.0	3413.0	1641.0	0.0	0.0	0.0
869.0	3411.0	1604.0	0.0	0.0	0.0
868.0	3412.0	1644.0	0.0	0.0	0.0
870.0	3411.0	1635.0	0.0	0.0	0.0
870.0	3413.0	1647.0	0.0	0.0	0.0
869.0	3413.0	1642.0	0.0	0.0	0.0
869.0	3414.0	1643.0	0.0	0.0	0.0
871.0	3412.0	1649.0	0.0	0.0	0.0
869.0	3411.0	1652.0	0.0	0.0	0.0
870.0	3411.0	1652.0	0.0	0.0	0.0
869.0	3409.0	1649.0	0.0	0.0	0.0
870.0	3414.0	1667.0	0.0	0.0	0.0
869.0	3413.0	1643.0	0.0	0.0	0.0
870.0	3415.0	1629.0	0.0	0.0	0.0
869.0	3406.0	1629.0	0.0	0.0	0.0
869.0	3418.0	1655.0	0.0	0.0	0.0
868.0	3415.0	1618.0	0.0	0.0	0.0
871.0	3416.0	1643.0	0.0	0.0	0.0
868.0	3409.0	1649.0	0.0	0.0	0.0
870.0	3412.0	1643.0	0.0	0.0	0.0
870.0	3410.0	1617.0	0.0	0.0	0.0
871.0	3412.0	1645.0	0.0	0.0	0.0
871.0	3411.0	1617.0	0.0	0.0	0.0
872.0	3412.0	1616.0	0.0	0.0	0.0
876.0	3412.0	1641.0	0.0	0.0	0.0
866.0	3412.0	1623.0	0.0	0.0	0.0
868.0	3411.0	1657.0	0.0	0.0	0.0
870.0	3412.0	1653.0	0.0	0.0	0.0
868.0	3413.0	1613.0	0.0	0.0	0.0
870.0	3412.0	1640.0	0.0	0.0	0.0
869.0	3412.0	1646.0	0.0	0.0	0.0
869.0	3413.0	1661.0	0.0	0.0	0.0
870.0	3411.0	1628.0	0.0	0.0	0.0
868.0	3413.0	1661.0	0.0	0.0	0.0
869.0	3413.0	1629.0	0.0	0.0	0.0
869.0	3412.0	1659.0	0.0	0.0	0.0
869.0	3410.0	1627.0	0.0	0.0	0.0
868.0	3414.0	1635.0	0.0	0.0	0.0
869.0	3412.0	1658.0	0.0	0.0	0.0
869.0	3411.0	1660.0	0.0	0.0	0.0
870.0	3412.0	1633.0	0.0	0.0	0.0
870.0	3412.0	1679.0	0.0	0.0	0.0
871.0	3413.0	1644.0	0.0	0.0	0.0
869.0	3411.0	1642.0	0.0	0.0	0.0
868.0	3411.0	1648.0	0.0	0.0	0.0
869.0	3412.0	1662.0	0.0	0.0	0.0
869.0	3411.0	1663.0	0.0	0.0	0.0
870.0	3412.0	1637.0	0.0	0.0	0.0
869.0	3414.0	1641.0	0.0	0.0	0.0
868.0	3413.0	1655.0	0.0	0.0	0.0
870.0	3413.0	1674.0	0.0	0.0	0.0
868.0	3412.0	1638.0	0.0	0.0	0.0
870.0	3412.0	1669.0	0.0	0.0	0.0
869.0	3411.0	1657.0	0.0	0.0	0.0
868.0	3412.0	1657.0	0.0	0.0	0.0
869.0	3412.0	1657.0	0.0	0.0	0.0
868.0	3411.0	1648.0	0.0	0.0	0.0
869.0	3412.0	1634.0	0.0	0.0	0.0
868.0	3412.0	1647.0	0.0	0.0	0.0
868.0	3408.0	1662.0	0.0	0.0	0.0
869.0	3413.0	1681.0	0.0	0.0	0.0
869.0	3417.0	1663.0	0.0	0.0	0.0
870.0	3411.0	1644.0	0.0	0.0	0.0
873.0	3413.0	1655.0	0.0	0.0	0.0
868.0	3413.0	1638.0	0.0	0.0	0.0
870.0	3414.0	1628.0	0.0	0.0	0.0
869.0	3414.0	1647.0	0.0	0.0	0.0
870.0	3407.0	1636.0	0.0	0.0	0.0
869.0	3417.0	1647.0	0.0	0.0	0.0
871.0	3428.0	1672.0	0.0	0.0	0.0
869.0	3406.0	1625.0	0.0	0.0	0.0
869.0	3408.0	1643.0	0.0	0.0	0.0
870.0	3413.0	1669.0	0.0	0.0	0.0
868.0	3410.0	1648.0	0.0	0.0	0.0
868.0	3413.0	1665.0	0.0	0.0	0.0
871.0	3411.0	1670.0	0.0	0.0	0.0
872.0	3411.0	1669.0	0.0	0.0	0.0
873.0	3412.0	1636.0	0.0	0.0	0.0
871.0	3413.0	1661.0	0.0	0.0	0.0
869.0	3413.0	1646.0	0.0	0.0	0.0
866.0	3413.0	1656.0	0.0	0.0	0.0
867.0	3412.0	1627.0	0.0	0.0	0.0
869.0	3413.0	1650.0	0.0	0.0	0.0
870.0	3411.0	1656.0	0.0	0.0	0.0
871.0	3411.0	1663.0	0.0	0.0	0.0
870.0	3412.0	1644.0	0.0	0.0	0.0
869.0	3412.0	1657.0	0.0	0.0	0.0
869.0	3410.0	1643.0	0.0	0.0	0.0
869.0	3412.0	1652.0	0.0	0.0	0.0
870.0	3412.0	1649.0	0.0	0.0	0.0
869.0	3413.0	1657.0	0.0	0.0	0.0
868.0	3411.0	1641.0	0.0	0.0	0.0
869.0	3411.0	1654.0	0.0	0.0	0.0
868.0	3411.0	1648.0	0.0	0.0	0.0
869.0	3412.0	1635.0	0.0	0.0	0.0
869.0	3413.0	1631.0	0.0	0.0	0.0
870.0	3413.0	1655.0	0.0	0.0	0.0
868.0	3411.0	1617.0	0.0	0.0	0.0
869.0	3411.0	1649.0	0.0	0.0	0.0
869.0	3413.0	1654.0	0.0	0.0	0.0
870.0	3411.0	1666.0	0.0	0.0	0.0
869.0	3412.0	1649.0	0.0	0.0	0.0
866.0	3412.0	1642.0	0.0	0.0	0.0
870.0	3412.0	1644.0	0.0	0.0	0.0
868.0	3411.0	1662.0	0.0	0.0	0.0
869.0	3412.0	1661.0	0.0	0.0	0.0
870.0	3410.0	1650.0	0.0	0.0	0.0
871.0	3413.0	1642.0	0.0	0.0	0.0
868.0	3412.0	1667.0	0.0	0.0	0.0
869.0	3411.0	1665.0	0.0	0.0	0.0
870.0	3410.0	1668.0	0.0	0.0	0.0
867.0	3410.0	1633.0	0.0	0.0	0.0
870.0	3413.0	1651.0	0.0	0.0	0.0
869.0	3412.0	1647.0	0.0	0.0	0.0
869.0	3411.0	1646.0	0.0	0.0	0.0
871.0	3411.0	1672.0	0.0	0.0	0.0
872.0	3412.0	1651.0	0.0	0.0	0.0
868.0	3411.0	1650.0	0.0	0.0	0.0
869.0	3413.0	1649.0	0.0	0.0	0.0
869.0	3410.0	1647.0	0.0	0.0	0.0
868.0	3412.0	1638.0	0.0	0.0	0.0
869.0	3412.0	1656.0	0.0	0.0	0.0
870.0	3412.0	1658.0	0.0	0.0	0.0
869.0	3412.0	1619.0	0.0	0.0	0.0
868.0	3411.0	1649.0	0.0	0.0	0.0
868.0	3412.0	1627.0	0.0	0.0	0.0
869.0	3412.0	1654.0	0.0	0.0	0.0
869.0	3413.0	1640.0	0.0	0.0	0.0
869.0	3412.0	1660.0	0.0	0.0	0.0
868.0	3413.0	1635.0	0.0	0.0	0.0
869.0	3412.0	1637.0	0.0	0.0	0.0
869.0	3411.0	1638.0	0.0	0.0	0.0
868.0	3412.0	1648.0	0.0	0.0	0.0
869.0	3414.0	1639.0	0.0	0.0	0.0
869.0	3415.0	1633.0	0.0	0.0	0.0
869.0	3414.0	1623.0	0.0	0.0	0.0
869.0	3412.0	1654.0	0.0	0.0	0.0
870.0	3415.0	1646.0	0.0	0.0	0.0
868.0	3414.0	1644.0	0.0	0.0	0.0
870.0	3410.0	1628.0	0.0	0.0	0.0
868.0	3407.0	1622.0	0.0	0.0	0.0
869.0	3406.0	1657.0	0.0	0.0	0.0
871.0	3403.0	1649.0	0.0	0.0	0.0
871.0	3392.0	1650.0	0.0	0.0	0.0
868.0	3362.0	1638.0	0.0	0.0	0.0
870.0	3336.0	1642.0	0.0	0.0	0.0
871.0	3305.0	1637.0	0.0	0.0	0.0
869.0	3262.0	1623.0	0.0	0.0	0.0
869.0	3234.0	1653.0	0.0	0.0	0.0
870.0	3219.0	1634.0	0.0	0.0	0.0
870.0	3174.0	1622.0	0.0	0.0	0.0
870.0	3174.0	1640.0	0.0	0.0	0.0
870.0	3152.0	1655.0	0.0	0.0	0.0
871.0	3109.0	1631.0	0.0	0.0	0.0
867.0	3087.0	1623.0	0.0	0.0	0.0
869.0	3045.0	1639.0	0.0	0.0	0.0
871.0	3006.0	1647.0	0.0	0.0	0.0
871.0	2981.0	1657.0	0.0	0.0	0.0
870.0	2941.0	1637.0	0.0	0.0	0.0
869.0	2924.0	1652.0	0.0	0.0	0.0
869.0	2873.0	1647.0	0.0	0.0	0.0
869.0	2877.0	1629.0	0.0	0.0	0.0
868.0	2836.0	1634.0	0.0	0.0	0.0
869.0	2809.0	1643.0	0.0	0.0	0.0
869.0	2785.0	1641.0	0.0	0.0	0.0
872.0	2729.0	1640.0	0.0	0.0	0.0
872.0	2701.0	1639.0	0.0	0.0	0.0
873.0	2663.0	1618.0	0.0	0.0	0.0
872.0	2639.0	1648.0	0.0	0.0	0.0
874.0	2639.0	1620.0	0.0	0.0	0.0
873.0	2599.0	1644.0	0.0	0.0	0.0
887.0	2521.0	1644.0	0.0	0.0	0.0
880.0	2527.0	1647.0	0.0	0.0	0.0
879.0	2494.0	1621.0	0.0	0.0	0.0
878.0	2457.0	1627.0	0.0	0.0	0.0
878.0	2431.0	1635.0	0.0	0.0	0.0
880.0	2391.0	1643.0	0.0	0.0	0.0
878.0	2364.0	1619.0	0.0	0.0	0.0
882.0	2327.0	1660.0	0.0	0.0	0.0
882.0	2325.0	1629.0	0.0	0.0	0.0
879.0	2287.0	1649.0	0.0	0.0	0.0
878.0	2260.0	1622.0	0.0	0.0	0.0
879.0	2224.0	1640.0	0.0	0.0	0.0
880.0	2194.0	1660.0	0.0	0.0	0.0
878.0	2157.0	1655.0	0.0	0.0	0.0
880.0	2129.0	1628.0	0.0	0.0	0.0
875.0	2108.0	1617.0	0.0	0.0	0.0
880.0	2065.0	1620.0	0.0	0.0	0.0
880.0	2027.0	1615.0	0.0	0.0	0.0
879.0	2027.0	1616.0	0.0	0.0	0.0
878.0	2003.0	1629.0	0.0	0.0	0.0
876.0	1976.0	1625.0	0.0	0.0	0.0
872.0	1946.0	1637.0	0.0	0.0	0.0
873.0	1907.0	1652.0	0.0	0.0	0.0
873.0	1883.0	1618.0	0.0	0.0	0.0
873.0	1858.0	1660.0	0.0	0.0	0.0
871.0	1820.0	1621.0	0.0	0.0	0.0
871.0	1820.0	1610.0	0.0	0.0	0.0
873.0	1770.0	1614.0	0.0	0.0	0.0
872.0	1777.0	1596.0	0.0	0.0	0.0
872.0	1741.0	1645.0	0.0	0.0	0.0
870.0	1717.0	1602.0	0.0	0.0	0.0
872.0	1693.0	1621.0	0.0	0.0	0.0
870.0	1668.0	1646.0	0.0	0.0	0.0
871.0	1642.0	1630.0	0.0	0.0	0.0
870.0	1619.0	1610.0	0.0	0.0	0.0
874.0	1592.0	1622.0	0.0	0.0	0.0
872.0	1594.0	1607.0	0.0	0.0	0.0
871.0	1566.0	1641.0	0.0	0.0	0.0
871.0	1544.0	1626.0	0.0	0.0	0.0
871.0	1519.0	1609.0	0.0	0.0	0.0
871.0	1494.0	1629.0	0.0	0.0	0.0
873.0	1471.0	1615.0	0.0	0.0	0.0
871.0	1457.0	1605.0	0.0	0.0	0.0
875.0	1432.0	1627.0	0.0	0.0	0.0
872.0	1408.0	1615.0	0.0	0.0	0.0
871.0	1391.0	1639.0	0.0	0.0	0.0
871.0	1396.0	1614.0	0.0	0.0	0.0
871.0	1372.0	1629.0	0.0	0.0	0.0
874.0	1337.0	1633.0	0.0	0.0	0.0
871.0	1338.0	1621.0	0.0	0.0	0.0
872.0	1326.0	1625.0	0.0	0.0	0.0
874.0	1301.0	1605.0	0.0	0.0	0.0
871.0	1275.0	1619.0	0.0	0.0	0.0
870.0	1265.0	1617.0	0.0	0.0	0.0
872.0	1242.0	1637.0	0.0	0.0	0.0
874.0	1230.0	1630.0	0.0	0.0	0.0
873.0	1219.0	1635.0	0.0	0.0	0.0
873.0	1218.0	1653.0	0.0	0.0	0.0
872.0	1204.0	1608.0	0.0	0.0	0.0
873.0	1183.0	1612.0	0.0	0.0	0.0
893.0	1175.0	1593.0	0.0	0.0	0.0
870.0	1160.0	1618.0	0.0	0.0	0.0
871.0	1148.0	1636.0	0.0	0.0	0.0
873.0	1128.0	1628.0	0.0	0.0	0.0
872.0	1129.0	1627.0	0.0	0.0	0.0
874.0	1106.0	1610.0	0.0	0.0	0.0
873.0	1106.0	1624.0	0.0	0.0	0.0
872.0	1094.0	1615.0	0.0	0.0	0.0
872.0	1074.0	1624.0	0.0	0.0	0.0
872.0	1062.0	1607.0	0.0	0.0	0.0
872.0	1068.0	1620.0	0.0	0.0	0.0
872.0	1029.0	1613.0	0.0	0.0	0.0
871.0	993.0	1612.0	0.0	0.0	0.0
872.0	1006.0	1623.0	0.0	0.0	0.0
872.0	997.0	1625.0	0.0	0.0	0.0
872.0	985.0	1624.0	0.0	0.0	0.0
872.0	975.0	1645.0	0.0	0.0	0.0
875.0	974.0	1622.0	0.0	0.0	0.0
872.0	965.0	1638.0	0.0	0.0	0.0
872.0	955.0	1594.0	0.0	0.0	0.0
871.0	944.0	1602.0	0.0	0.0	0.0
872.0	931.0	1614.0	0.0	0.0	0.0
871.0	922.0	1621.0	0.0	0.0	0.0
871.0	914.0	1605.0	0.0	0.0	0.0
873.0	901.0	1600.0	0.0	0.0	0.0
872.0	902.0	1621.0	0.0	0.0	0.0
873.0	892.0	1623.0	0.0	0.0	0.0
873.0	881.0	1604.0	0.0	0.0	0.0
878.0	882.0	1630.0	0.0	0.0	0.0
872.0	882.0	1607.0	0.0	0.0	0.0
872.0	883.0	1623.0	0.0	0.0	0.0
872.0	884.0	1641.0	0.0	0.0	0.0
873.0	883.0	1597.0	0.0	0.0	0.0
874.0	882.0	1621.0	0.0	0.0	0.0
873.0	884.0	1625.0	0.0	0.0	0.0
873.0	882.0	1631.0	0.0	0.0	0.0
873.0	884.0	1638.0	0.0	0.0	0.0
874.0	882.0	1609.0	0.0	0.0	0.0
872.0	883.0	1614.0	0.0	0.0	0.0
871.0	883.0	1605.0	0.0	0.0	0.0
870.0	884.0	1612.0	0.0	0.0	0.0
872.0	884.0	1630.0	0.0	0.0	0.0
872.0	886.0	1588.0	0.0	0.0	0.0
872.0	886.0	1622.0	0.0	0.0	0.0
871.0	881.0	1609.0	0.0	0.0	0.0
874.0	883.0	1594.0	0.0	0.0	0.0
876.0	883.0	1627.0	0.0	0.0	0.0
872.0	884.0	1629.0	0.0	0.0	0.0
872.0	873.0	1638.0	0.0	0.0	0.0
872.0	884.0	1637.0	0.0	0.0	0.0
872.0	883.0	1615.0	0.0	0.0	0.0
873.0	885.0	1616.0	0.0	0.0	0.0
872.0	884.0	1620.0	0.0	0.0	0.0
873.0	882.0	1636.0	0.0	0.0	0.0
872.0	883.0	1631.0	0.0	0.0	0.0
872.0	884.0	1614.0	0.0	0.0	0.0
875.0	885.0	1628.0	0.0	0.0	0.0
872.0	885.0	1629.0	0.0	0.0	0.0
873.0	885.0	1608.0	0.0	0.0	0.0
872.0	888.0	1606.0	0.0	0.0	0.0
872.0	884.0	1627.0	0.0	0.0	0.0
874.0	883.0	1592.0	0.0	0.0	0.0
872.0	881.0	1636.0	0.0	0.0	0.0
873.0	885.0	1612.0	0.0	0.0	0.0
874.0	884.0	1606.0	0.0	0.0	0.0
874.0	885.0	1616.0	0.0	0.0	0.0
874.0	885.0	1615.0	0.0	0.0	0.0
872.0	883.0	1634.0	0.0	0.0	0.0
873.0	884.0	1627.0	0.0	0.0	0.0
872.0	885.0	1607.0	0.0	0.0	0.0
874.0	883.0	1616.0	0.0	0.0	0.0
872.0	884.0	1587.0	0.0	0.0	0.0
873.0	884.0	1629.0	0.0	0.0	0.0
875.0	883.0	1621.0	0.0	0.0	0.0
872.0	885.0	1629.0	0.0	0.0	0.0
873.0	885.0	1605.0	0.0	0.0	0.0
874.0	884.0	1626.0	0.0	0.0	0.0
872.0	883.0	1605.0	0.0	0.0	0.0
869.0	886.0	1609.0	0.0	0.0	0.0
872.0	887.0	1628.0	0.0	0.0	0.0
872.0	888.0	1600.0	0.0	0.0	0.0
873.0	885.0	1590.0	0.0	0.0	0.0
873.0	885.0	1612.0	0.0	0.0	0.0
875.0	884.0	1614.0	0.0	0.0	0.0
871.0	883.0	1613.0	0.0	0.0	0.0
873.0	884.0	1626.0	0.0	0.0	0.0
872.0	883.0	1617.0	0.0	0.0	0.0
873.0	885.0	1624.0	0.0	0.0	0.0
873.0	885.0	1621.0	0.0	0.0	0.0
873.0	884.0	1612.0	0.0	0.0	0.0
873.0	884.0	1601.0	0.0	0.0	0.0
873.0	887.0	1627.0	0.0	0.0	0.0
872.0	885.0	1622.0	0.0	0.0	0.0
873.0	885.0	1656.0	0.0	0.0	0.0
873.0	885.0	1618.0	0.0	0.0	0.0
872.0	858.0	1623.0	0.0	0.0	0.0
873.0	885.0	1637.0	0.0	0.0	0.0
873.0	886.0	1605.0	0.0	0.0	0.0
872.0	887.0	1643.0	0.0	0.0	0.0
872.0	885.0	1633.0	0.0	0.0	0.0
872.0	886.0	1637.0	0.0	0.0	0.0
875.0	891.0	1641.0	0.0	0.0	0.0
873.0	883.0	1619.0	0.0	0.0	0.0
871.0	885.0	1661.0	0.0	0.0	0.0
873.0	884.0	1613.0	0.0	0.0	0.0
871.0	887.0	1627.0	0.0	0.0	0.0
872.0	886.0	1641.0	0.0	0.0	0.0
881.0	886.0	1642.0	0.0	0.0	0.0
873.0	887.0	1628.0	0.0	0.0	0.0
874.0	885.0	1601.0	0.0	0.0	0.0
872.0	885.0	1614.0	0.0	0.0	0.0
873.0	885.0	1643.0	0.0	0.0	0.0
872.0	885.0	1637.0	0.0	0.0	0.0
875.0	885.0	1647.0	0.0	0.0	0.0
872.0	885.0	1639.0	0.0	0.0	0.0
872.0	887.0	1621.0	0.0	0.0	0.0
879.0	885.0	1651.0	0.0	0.0	0.0
886.0	885.0	1596.0	0.0	0.0	0.0
893.0	885.0	1624.0	0.0	0.0	0.0
902.0	884.0	1622.0	0.0	0.0	0.0
901.0	886.0	1616.0	0.0	0.0	0.0
907.0	887.0	1633.0	0.0	0.0	0.0
932.0	884.0	1619.0	0.0	0.0	0.0
931.0	882.0	1656.0	0.0	0.0	0.0
939.0	887.0	1618.0	0.0	0.0	0.0
954.0	885.0	1629.0	0.0	0.0	0.0
962.0	888.0	1624.0	0.0	0.0	0.0
971.0	887.0	1634.0	0.0	0.0	0.0
986.0	889.0	1627.0	0.0	0.0	0.0
1001.0	886.0	1617.0	0.0	0.0	0.0
1009.0	887.0	1615.0	0.0	0.0	0.0
1008.0	885.0	1665.0	0.0	0.0	0.0
1027.0	884.0	1626.0	0.0	0.0	0.0
1042.0	885.0	1637.0	0.0	0.0	0.0
1058.0	884.0	1637.0	0.0	0.0	0.0
1072.0	886.0	1621.0	0.0	0.0	0.0
1098.0	885.0	1634.0	0.0	0.0	0.0
1113.0	883.0	1623.0	0.0	0.0	0.0
1131.0	886.0	1628.0	0.0	0.0	0.0
1146.0	883.0	1638.0	0.0	0.0	0.0
1174.0	885.0	1625.0	0.0	0.0	0.0
1173.0	883.0	1626.0	0.0	0.0	0.0
1197.0	885.0	1659.0	0.0	0.0	0.0
1215.0	885.0	1664.0	0.0	0.0	0.0
1246.0	881.0	1615.0	0.0	0.0	0.0
1276.0	885.0	1628.0	0.0	0.0	0.0
1299.0	883.0	1638.0	0.0	0.0	0.0
1335.0	885.0	1622.0	0.0	0.0	0.0
1335.0	885.0	1622.0	0.0	0.0	0.0
1389.0	885.0	1634.0	0.0	0.0	0.0
1390.0	882.0	1630.0	0.0	0.0	0.0
1426.0	884.0	1620.0	0.0	0.0	0.0
1458.0	883.0	1640.0	0.0	0.0	0.0
1497.0	886.0	1627.0	0.0	0.0	0.0
1531.0	884.0	1628.0	0.0	0.0	0.0
1561.0	885.0	1614.0	0.0	0.0	0.0
1598.0	884.0	1613.0	0.0	0.0	0.0
1635.0	883.0	1629.0	0.0	0.0	0.0
1636.0	883.0	1633.0	0.0	0.0	0.0
1673.0	883.0	1628.0	0.0	0.0	0.0
1710.0	884.0	1669.0	0.0	0.0	0.0
1749.0	883.0	1645.0	0.0	0.0	0.0
1787.0	885.0	1665.0	0.0	0.0	0.0
1825.0	883.0	1653.0	0.0	0.0	0.0
1862.0	884.0	1637.0	0.0	0.0	0.0
1902.0	884.0	1635.0	0.0	0.0	0.0
1940.0	882.0	1648.0	0.0	0.0	0.0
1978.0	885.0	1631.0	0.0	0.0	0.0
2007.0	883.0	1641.0	0.0	0.0	0.0
2006.0	891.0	1624.0	0.0	0.0	0.0
2084.0	883.0	1639.0	0.0	0.0	0.0
2083.0	884.0	1627.0	0.0	0.0	0.0
2113.0	884.0	1656.0	0.0	0.0	0.0
2151.0	883.0	1626.0	0.0	0.0	0.0
2182.0	886.0	1632.0	0.0	0.0	0.0
2220.0	882.0	1656.0	0.0	0.0	0.0
2251.0	882.0	1634.0	0.0	0.0	0.0
2288.0	884.0	1668.0	0.0	0.0	0.0
2284.0	883.0	1621.0	0.0	0.0	0.0
2317.0	879.0	1632.0	0.0	0.0	0.0
2347.0	880.0	1647.0	0.0	0.0	0.0
2386.0	883.0	1644.0	0.0	0.0	0.0
2414.0	881.0	1628.0	0.0	0.0	0.0
2444.0	883.0	1667.0	0.0	0.0	0.0
2475.0	882.0	1636.0	0.0	0.0	0.0
2512.0	886.0	1649.0	0.0	0.0	0.0
2512.0	883.0	1647.0	0.0	0.0	0.0
2571.0	884.0	1636.0	0.0	0.0	0.0
2570.0	883.0	1659.0	0.0	0.0	0.0
2603.0	883.0	1654.0	0.0	0.0	0.0
2630.0	884.0	1637.0	0.0	0.0	0.0
2659.0	884.0	1659.0	0.0	0.0	0.0
2688.0	882.0	1650.0	0.0	0.0	0.0
2717.0	883.0	1647.0	0.0	0.0	0.0
2747.0	883.0	1659.0	0.0	0.0	0.0
2781.0	883.0	1645.0	0.0	0.0	0.0
2801.0	887.0	1657.0	0.0	0.0	0.0
2826.0	881.0	1623.0	0.0	0.0	0.0
2857.0	884.0	1641.0	0.0	0.0	0.0
2854.0	883.0	1658.0	0.0	0.0	0.0
2887.0	882.0	1662.0	0.0	0.0	0.0
2911.0	882.0	1649.0	0.0	0.0	0.0
2930.0	884.0	1643.0	0.0	0.0	0.0
2965.0	882.0	1640.0	0.0	0.0	0.0
2982.0	884.0	1650.0	0.0	0.0	0.0
3002.0	883.0	1658.0	0.0	0.0	0.0
3002.0	882.0	1658.0	0.0	0.0	0.0
3022.0	881.0	1638.0	0.0	0.0	0.0
3040.0	882.0	1652.0	0.0	0.0	0.0
3049.0	882.0	1652.0	0.0	0.0	0.0
3088.0	883.0	1618.0	0.0	0.0	0.0
3122.0	878.0	1673.0	0.0	0.0	0.0
3130.0	881.0	1666.0	0.0	0.0	0.0
3150.0	885.0	1658.0	0.0	0.0	0.0
3166.0	884.0	1632.0	0.0	0.0	0.0
3187.0	881.0	1669.0	0.0	0.0	0.0
3207.0	882.0	1664.0	0.0	0.0	0.0
3208.0	881.0	1683.0	0.0	0.0	0.0
3219.0	883.0	1676.0	0.0	0.0	0.0
3236.0	883.0	1639.0	0.0	0.0	0.0
3256.0	881.0	1677.0	0.0	0.0	0.0
3265.0	882.0	1651.0	0.0	0.0	0.0
3285.0	882.0	1662.0	0.0	0.0	0.0
3292.0	881.0	1667.0	0.0	0.0	0.0
3317.0	883.0	1667.0	0.0	0.0	0.0
3336.0	881.0	1677.0	0.0	0.0	0.0
3353.0	884.0	1682.0	0.0	0.0	0.0
3353.0	882.0	1653.0	0.0	0.0	0.0
3363.0	884.0	1666.0	0.0	0.0	0.0
3372.0	884.0	1645.0	0.0	0.0	0.0
3391.0	882.0	1662.0	0.0	0.0	0.0
3402.0	883.0	1698.0	0.0	0.0	0.0
3399.0	882.0	1653.0	0.0	0.0	0.0
3415.0	882.0	1675.0	0.0	0.0	0.0
3414.0	882.0	1683.0	0.0	0.0	0.0
3415.0	881.0	1665.0	0.0	0.0	0.0
3415.0	881.0	1673.0	0.0	0.0	0.0
3415.0	881.0	1661.0	0.0	0.0	0.0
3414.0	882.0	1649.0	0.0	0.0	0.0
3415.0	880.0	1691.0	0.0	0.0	0.0
3416.0	881.0	1666.0	0.0	0.0	0.0
3414.0	883.0	1666.0	0.0	0.0	0.0
3410.0	882.0	1653.0	0.0	0.0	0.0
3421.0	881.0	1682.0	0.0	0.0	0.0
3415.0	882.0	1651.0	0.0	0.0	0.0
3414.0	879.0	1675.0	0.0	0.0	0.0
3414.0	886.0	1660.0	0.0	0.0	0.0
3414.0	878.0	1692.0	0.0	0.0	0.0
3414.0	881.0	1664.0	0.0	0.0	0.0
3415.0	881.0	1673.0	0.0	0.0	0.0
3413.0	883.0	1648.0	0.0	0.0	0.0
3416.0	882.0	1667.0	0.0	0.0	0.0
3415.0	882.0	1678.0	0.0	0.0	0.0
3414.0	883.0	1652.0	0.0	0.0	0.0
3415.0	880.0	1660.0	0.0	0.0	0.0
3415.0	880.0	1685.0	0.0	0.0	0.0
3414.0	882.0	1681.0	0.0	0.0	0.0
3414.0	882.0	1668.0	0.0	0.0	0.0
3414.0	883.0	1674.0	0.0	0.0	0.0
3415.0	881.0	1662.0	0.0	0.0	0.0
3416.0	882.0	1667.0	0.0	0.0	0.0
3414.0	882.0	1690.0	0.0	0.0	0.0
3417.0	881.0	1656.0	0.0	0.0	0.0
3421.0	880.0	1667.0	0.0	0.0	0.0
3417.0	880.0	1691.0	0.0	0.0	0.0
3416.0	891.0	1662.0	0.0	0.0	0.0
3415.0	882.0	1640.0	0.0	0.0	0.0
3417.0	883.0	1661.0	0.0	0.0	0.0
3414.0	878.0	1642.0	0.0	0.0	0.0
3413.0	881.0	1668.0	0.0	0.0	0.0
3415.0	879.0	1672.0	0.0	0.0	0.0
3416.0	882.0	1663.0	0.0	0.0	0.0
3414.0	881.0	1677.0	0.0	0.0	0.0
3415.0	881.0	1649.0	0.0	0.0	0.0
3414.0	881.0	1667.0	0.0	0.0	0.0
3414.0	881.0	1650.0	0.0	0.0	0.0
3412.0	880.0	1671.0	0.0	0.0	0.0
3412.0	882.0	1687.0	0.0	0.0	0.0
3417.0	880.0	1645.0	0.0	0.0	0.0
3413.0	881.0	1683.0	0.0	0.0	0.0
3413.0	880.0	1669.0	0.0	0.0	0.0
3411.0	879.0	1686.0	0.0	0.0	0.0
3412.0	879.0	1662.0	0.0	0.0	0.0
3415.0	880.0	1651.0	0.0	0.0	0.0
3413.0	878.0	1676.0	0.0	0.0	0.0
3413.0	885.0	1674.0	0.0	0.0	0.0
3413.0	884.0	1666.0	0.0	0.0	0.0
3414.0	882.0	1658.0	0.0	0.0	0.0
3413.0	880.0	1684.0	0.0	0.0	0.0
3414.0	880.0	1659.0	0.0	0.0	0.0
3416.0	880.0	1685.0	0.0	0.0	0.0
3414.0	878.0	1680.0	0.0	0.0	0.0
3411.0	901.0	1685.0	0.0	0.0	0.0
3412.0	921.0	1662.0	0.0	0.0	0.0
3411.0	954.0	1692.0	0.0	0.0	0.0
3411.0	953.0	1656.0	0.0	0.0	0.0
3411.0	1006.0	1689.0	0.0	0.0	0.0
3415.0	1006.0	1682.0	0.0	0.0	0.0
3412.0	1027.0	1676.0	0.0	0.0	0.0
3413.0	1059.0	1639.0	0.0	0.0	0.0
3412.0	1062.0	1685.0	0.0	0.0	0.0
3410.0	1060.0	1690.0	0.0	0.0	0.0
3412.0	1288.0	1653.0	0.0	0.0	0.0
3412.0	1288.0	1670.0	0.0	0.0	0.0
3414.0	1290.0	1691.0	0.0	0.0	0.0
3411.0	1293.0	1646.0	0.0	0.0	0.0
3412.0	1303.0	1700.0	0.0	0.0	0.0
3411.0	1300.0	1648.0	0.0	0.0	0.0
3411.0	1327.0	1682.0	0.0	0.0	0.0
3410.0	1348.0	1669.0	0.0	0.0	0.0
3411.0	1374.0	1671.0	0.0	0.0	0.0
3411.0	1407.0	1683.0	0.0	0.0	0.0
3412.0	1433.0	1681.0	0.0	0.0	0.0
3410.0	1469.0	1666.0	0.0	0.0	0.0
3410.0	1511.0	1682.0	0.0	0.0	0.0
3413.0	1503.0	1669.0	0.0	0.0	0.0
3411.0	1545.0	1664.0	0.0	0.0	0.0
3410.0	1579.0	1656.0	0.0	0.0	0.0
3375.0	1628.0	1691.0	0.0	0.0	0.0
3419.0	1655.0	1639.0	0.0	0.0	0.0
3413.0	1681.0	1675.0	0.0	0.0	0.0
3410.0	1719.0	1642.0	0.0	0.0	0.0
3412.0	1747.0	1653.0	0.0	0.0	0.0
3412.0	1770.0	1666.0	0.0	0.0	0.0
3414.0	1772.0	1654.0	0.0	0.0	0.0
3411.0	1784.0	1650.0	0.0	0.0	0.0
3411.0	1835.0	1649.0	0.0	0.0	0.0
3412.0	1887.0	1667.0	0.0	0.0	0.0
3413.0	1923.0	1674.0	0.0	0.0	0.0
3414.0	1948.0	1666.0	0.0	0.0	0.0
3410.0	1988.0	1654.0	0.0	0.0	0.0
3412.0	2027.0	1654.0	0.0	0.0	0.0
3411.0	2066.0	1654.0	0.0	0.0	0.0
3410.0	2061.0	1664.0	0.0	0.0	0.0
3412.0	2094.0	1629.0	0.0	0.0	0.0
3410.0	2130.0	1680.0	0.0	0.0	0.0
3413.0	2154.0	1640.0	0.0	0.0	0.0
3413.0	2161.0	1665.0	0.0	0.0	0.0
3412.0	2157.0	1670.0	0.0	0.0	0.0
3411.0	2157.0	1662.0	0.0	0.0	0.0
3414.0	2160.0	1642.0	0.0	0.0	0.0
3410.0	2468.0	1646.0	0.0	0.0	0.0
3407.0	2471.0	1627.0	0.0	0.0	0.0
3410.0	2469.0	1653.0	0.0	0.0	0.0
3410.0	2471.0	1644.0	0.0	0.0	0.0
3413.0	2471.0	1657.0	0.0	0.0	0.0
3411.0	2482.0	1653.0	0.0	0.0	0.0
3419.0	2482.0	1630.0	0.0	0.0	0.0
3409.0	2537.0	1633.0	0.0	0.0	0.0
3410.0	2535.0	1628.0	0.0	0.0	0.0
3409.0	2574.0	1627.0	0.0	0.0	0.0
3411.0	2598.0	1634.0	0.0	0.0	0.0
3410.0	2627.0	1653.0	0.0	0.0	0.0
3410.0	2666.0	1642.0	0.0	0.0	0.0
3411.0	2692.0	1598.0	0.0	0.0	0.0
3406.0	2716.0	1586.0	0.0	0.0	0.0
3411.0	2758.0	1565.0	0.0	0.0	0.0
3408.0	2758.0	1478.0	0.0	0.0	0.0
3411.0	2782.0	980.0	0.0	0.0	0.0
3408.0	2822.0	894.0	0.0	0.0	0.0
3411.0	2849.0	128.0	0.0	0.0	0.0
3412.0	2874.0	9.0	0.0	0.0	0.0
3410.0	2900.0	0.0	0.0	0.0	0.0
3411.0	2940.0	0.0	0.0	0.0	0.0
3408.0	2965.0	0.0	0.0	0.0	0.0
3410.0	2993.0	0.0	0.0	0.0	0.0
3410.0	2994.0	0.0	0.0	0.0	0.0
3408.0	3034.0	0.0	0.0	0.0	0.0
3410.0	3064.0	0.0	0.0	0.0	0.0
3411.0	3095.0	0.0	0.0	0.0	0.0
3408.0	3123.0	0.0	0.0	0.0	0.0
3409.0	3149.0	0.0	0.0	0.0	0.0
3410.0	3176.0	462.0	0.0	0.0	0.0
3409.0	3203.0	652.0	0.0	0.0	0.0
3408.0	3229.0	608.0	0.0	0.0	0.0
3409.0	3254.0	793.0	0.0	0.0	0.0
3408.0	3252.0	612.0	0.0	0.0	0.0
3408.0	3279.0	668.0	0.0	0.0	0.0
3410.0	3307.0	514.0	0.0	0.0	0.0
3408.0	3333.0	587.0	0.0	0.0	0.0
3410.0	3358.0	108.0	0.0	0.0	0.0
3410.0	3385.0	673.0	0.0	0.0	0.0
3407.0	3399.0	489.0	0.0	0.0	0.0
3407.0	3409.0	226.0	0.0	0.0	0.0
3410.0	3407.0	0.0	0.0	0.0	0.0
3407.0	3404.0	0.0	0.0	0.0	0.0
3406.0	3385.0	9.0	0.0	0.0	0.0
3407.0	3409.0	0.0	0.0	0.0	0.0
3408.0	3408.0	0.0	0.0	0.0	0.0
3408.0	3406.0	0.0	0.0	0.0	0.0
3408.0	3410.0	0.0	0.0	0.0	0.0
3407.0	3404.0	0.0	0.0	0.0	0.0
3406.0	3407.0	0.0	0.0	0.0	0.0
3408.0	3407.0	0.0	0.0	0.0	0.0
3415.0	3405.0	0.0	0.0	0.0	0.0
3408.0	3407.0	0.0	0.0	0.0	0.0
3408.0	3407.0	0.0	0.0	0.0	0.0
3408.0	3403.0	0.0	0.0	0.0	0.0
3407.0	3405.0	0.0	0.0	0.0	0.0
3410.0	3405.0	0.0	0.0	0.0	0.0
3409.0	3405.0	0.0	0.0	0.0	0.0
3408.0	3405.0	0.0	0.0	0.0	0.0
3408.0	3405.0	0.0	0.0	0.0	0.0
3412.0	3403.0	0.0	0.0	0.0	0.0
3410.0	3405.0	0.0	0.0	0.0	0.0
3408.0	3404.0	0.0	0.0	0.0	0.0
3408.0	3405.0	0.0	0.0	0.0	0.0
3408.0	3404.0	0.0	0.0	0.0	0.0
3409.0	3405.0	0.0	0.0	0.0	0.0
3411.0	3403.0	0.0	0.0	0.0	0.0
3407.0	3404.0	0.0	0.0	0.0	0.0
3408.0	3403.0	0.0	0.0	0.0	0.0
3409.0	3405.0	0.0	0.0	0.0	0.0
3409.0	3405.0	0.0	0.0	0.0	0.0
3409.0	3403.0	0.0	0.0	0.0	0.0
3409.0	3403.0	0.0	0.0	0.0	0.0
3406.0	3405.0	0.0	0.0	0.0	0.0
3409.0	3405.0	0.0	0.0	0.0	0.0
3408.0	3406.0	0.0	0.0	0.0	0.0
3408.0	3405.0	0.0	0.0	0.0	0.0
3407.0	3403.0	0.0	0.0	0.0	0.0
3408.0	3404.0	0.0	0.0	0.0	0.0
3407.0	3391.0	0.0	0.0	0.0	0.0
3408.0	3403.0	0.0	0.0	0.0	0.0
3408.0	3407.0	0.0	0.0	0.0	0.0
3409.0	3403.0	0.0	0.0	0.0	0.0
3377.0	3411.0	0.0	0.0	0.0	0.0
3408.0	3401.0	0.0	0.0	0.0	0.0
3409.0	3404.0	0.0	0.0	0.0	0.0
3407.0	3405.0	301.0	0.0	0.0	0.0
3408.0	3405.0	0.0	0.0	0.0	0.0
3409.0	3405.0	0.0	0.0	0.0	0.0
3408.0	3405.0	0.0	0.0	0.0	0.0
3410.0	3410.0	0.0	0.0	0.0	0.0
3403.0	3405.0	0.0	0.0	0.0	0.0
3407.0	3403.0	0.0	0.0	0.0	0.0
3409.0	3405.0	0.0	0.0	0.0	0.0
3410.0	3407.0	0.0	0.0	0.0	0.0
3408.0	3406.0	0.0	0.0	0.0	0.0
3406.0	3402.0	0.0	0.0	0.0	0.0
3412.0	3405.0	0.0	0.0	0.0	0.0
3408.0	3405.0	0.0	0.0	0.0	0.0
3410.0	3404.0	0.0	0.0	0.0	0.0
3410.0	3404.0	0.0	0.0	0.0	0.0
3408.0	3404.0	0.0	0.0	0.0	0.0
3408.0	3408.0	20.0	0.0	0.0	0.0
3408.0	3402.0	0.0	0.0	0.0	0.0
3407.0	3404.0	76.0	0.0	0.0	0.0
3408.0	3407.0	0.0	0.0	0.0	0.0
3409.0	3405.0	0.0	0.0	0.0	0.0
3412.0	3404.0	0.0	0.0	0.0	0.0
3408.0	3405.0	0.0	0.0	0.0	0.0
3409.0	3406.0	0.0	0.0	0.0	0.0
3416.0	3404.0	217.0	0.0	0.0	0.0
3409.0	3406.0	0.0	0.0	0.0	0.0
3409.0	3404.0	41.0	0.0	0.0	0.0
3408.0	3404.0	21.0	0.0	0.0	0.0
3409.0	3405.0	0.0	0.0	0.0	0.0
3407.0	3407.0	0.0	0.0	0.0	0.0
3411.0	3412.0	0.0	0.0	0.0	0.0
3416.0	3404.0	0.0	0.0	0.0	0.0
3407.0	3404.0	0.0	0.0	0.0	0.0
3407.0	3404.0	0.0	0.0	0.0	0.0
3407.0	3403.0	0.0	0.0	0.0	0.0
3409.0	3404.0	0.0	0.0	0.0	0.0
3406.0	3405.0	0.0	0.0	0.0	0.0
3409.0	3404.0	0.0	0.0	0.0	0.0
3407.0	3404.0	167.0	0.0	0.0	0.0
3408.0	3404.0	0.0	0.0	0.0	0.0
3407.0	3405.0	0.0	0.0	0.0	0.0
3408.0	3406.0	0.0	0.0	0.0	0.0
3408.0	3402.0	0.0	0.0	0.0	0.0
3407.0	3409.0	0.0	0.0	0.0	0.0
3408.0	3404.0	0.0	0.0	0.0	0.0
3408.0	3405.0	0.0	0.0	0.0	0.0
3407.0	3404.0	0.0	0.0	0.0	0.0
3408.0	3405.0	0.0	0.0	0.0	0.0
3410.0	3405.0	0.0	0.0	0.0	0.0
3409.0	3403.0	0.0	0.0	0.0	0.0
3412.0	3402.0	0.0	0.0	0.0	0.0
3408.0	3404.0	0.0	0.0	0.0	0.0
3408.0	3403.0	0.0	0.0	0.0	0.0
3407.0	3405.0	0.0	0.0	0.0	0.0
3408.0	3405.0	0.0	0.0	0.0	0.0
3407.0	3405.0	0.0	0.0	0.0	0.0
3408.0	3400.0	0.0	0.0	0.0	0.0
3408.0	3406.0	0.0	0.0	0.0	0.0
3410.0	3404.0	0.0	0.0	0.0	0.0
3407.0	3404.0	0.0	0.0	0.0	0.0
3408.0	3405.0	0.0	0.0	0.0	0.0
3409.0	3405.0	0.0	0.0	0.0	0.0
3408.0	3408.0	0.0	0.0	0.0	0.0
3393.0	3411.0	0.0	0.0	0.0	0.0
3410.0	3405.0	0.0	0.0	0.0	0.0
3408.0	3404.0	0.0	0.0	0.0	0.0
3411.0	3404.0	0.0	0.0	0.0	0.0
3408.0	3405.0	0.0	0.0	0.0	0.0
3407.0	3405.0	0.0	0.0	0.0	0.0
3408.0	3408.0	0.0	0.0	0.0	0.0
3410.0	3410.0	0.0	0.0	0.0	0.0
3415.0	3405.0	0.0	0.0	0.0	0.0
3407.0	3404.0	0.0	0.0	0.0	0.0
3410.0	3406.0	0.0	0.0	0.0	0.0
3408.0	3404.0	0.0	0.0	0.0	0.0
3408.0	3404.0	135.0	0.0	0.0	0.0
3408.0	3407.0	0.0	0.0	0.0	0.0
3410.0	3420.0	0.0	0.0	0.0	0.0
3410.0	3404.0	0.0	0.0	0.0	0.0
3407.0	3404.0	0.0	0.0	0.0	0.0
3409.0	3405.0	0.0	0.0	0.0	0.0
3408.0	3404.0	1017.0	0.0	0.0	0.0
3408.0	3404.0	0.0	0.0	0.0	0.0
3408.0	3408.0	0.0	0.0	0.0	0.0
3410.0	3410.0	0.0	0.0	0.0	0.0
3416.0	3404.0	0.0	0.0	0.0	0.0
3408.0	3407.0	0.0	0.0	0.0	0.0
3410.0	3404.0	0.0	0.0	0.0	0.0
3407.0	3404.0	13.0	0.0	0.0	0.0
3408.0	3404.0	0.0	0.0	0.0	0.0
3409.0	3405.0	77.0	0.0	0.0	0.0
3408.0	3405.0	0.0	0.0	0.0	0.0
3411.0	3403.0	0.0	0.0	0.0	0.0
3408.0	3405.0	0.0	0.0	0.0	0.0
3408.0	3404.0	0.0	0.0	0.0	0.0
3407.0	3403.0	0.0	0.0	0.0	0.0
3409.0	3404.0	55.0	0.0	0.0	0.0
3408.0	3404.0	0.0	0.0	0.0	0.0
3407.0	3401.0	0.0	0.0	0.0	0.0
3407.0	3404.0	0.0	0.0	0.0	0.0
3408.0	3403.0	0.0	0.0	0.0	0.0
3407.0	3404.0	0.0	0.0	0.0	0.0
3407.0	3404.0	0.0	0.0	0.0	0.0
3409.0	3405.0	0.0	0.0	0.0	0.0
3408.0	3405.0	0.0	0.0	0.0	0.0
3407.0	3404.0	0.0	0.0	0.0	0.0
3410.0	3403.0	0.0	0.0	0.0	0.0
3404.0	3404.0	0.0	0.0	0.0	0.0
3409.0	3404.0	759.0	0.0	0.0	0.0
3409.0	3406.0	0.0	0.0	0.0	0.0
3409.0	3404.0	0.0	0.0	0.0	0.0
3408.0	3403.0	0.0	0.0	0.0	0.0
3409.0	3402.0	7.0	0.0	0.0	0.0
3407.0	3410.0	0.0	0.0	0.0	0.0
3410.0	3404.0	0.0	0.0	0.0	0.0
3408.0	3404.0	0.0	0.0	0.0	0.0
3409.0	3403.0	315.0	0.0	0.0	0.0
3407.0	3404.0	0.0	0.0	0.0	0.0
3408.0	3405.0	593.0	0.0	0.0	0.0
3408.0	3403.0	0.0	0.0	0.0	0.0
3407.0	3405.0	66.0	0.0	0.0	0.0
3412.0	3420.0	0.0	0.0	0.0	0.0
3412.0	3402.0	0.0	0.0	0.0	0.0
3408.0	3405.0	0.0	0.0	0.0	0.0
3407.0	3404.0	155.0	0.0	0.0	0.0
3407.0	3404.0	0.0	0.0	0.0	0.0
3407.0	3405.0	0.0	0.0	0.0	0.0
3408.0	3404.0	0.0	0.0	0.0	0.0
3409.0	3396.0	0.0	0.0	0.0	0.0
3410.0	3404.0	0.0	0.0	0.0	0.0
3407.0	3405.0	0.0	0.0	0.0	0.0
3407.0	3403.0	0.0	0.0	0.0	0.0
3410.0	3404.0	0.0	0.0	0.0	0.0
3410.0	3405.0	0.0	0.0	0.0	0.0
3409.0	3406.0	0.0	0.0	0.0	0.0
3408.0	3408.0	0.0	0.0	0.0	0.0
3409.0	3401.0	74.0	0.0	0.0	0.0
3417.0	3404.0	0.0	0.0	0.0	0.0
3407.0	3404.0	0.0	0.0	0.0	0.0
3410.0	3404.0	0.0	0.0	0.0	0.0
3408.0	3405.0	0.0	0.0	0.0	0.0
3409.0	3404.0	0.0	0.0	0.0	0.0
3408.0	3404.0	735.0	0.0	0.0	0.0
3408.0	3403.0	0.0	0.0	0.0	0.0
3407.0	3401.0	0.0	0.0	0.0	0.0
3421.0	3405.0	0.0	0.0	0.0	0.0
3407.0	3404.0	0.0	0.0	0.0	0.0
3410.0	3404.0	0.0	0.0	0.0	0.0
3409.0	3404.0	0.0	0.0	0.0	0.0
3410.0	3404.0	0.0	0.0	0.0	0.0
3409.0	3406.0	0.0	0.0	0.0	0.0
3409.0	3407.0	0.0	0.0	0.0	0.0
3410.0	3403.0	25.0	0.0	0.0	0.0
3407.0	3405.0	0.0	0.0	0.0	0.0
3409.0	3404.0	0.0	0.0	0.0	0.0
3410.0	3404.0	0.0	0.0	0.0	0.0
3408.0	3404.0	0.0	0.0	0.0	0.0
3408.0	3406.0	0.0	0.0	0.0	0.0
3409.0	3405.0	0.0	0.0	0.0	0.0
3409.0	3396.0	0.0	0.0	0.0	0.0
3411.0	3404.0	0.0	0.0	0.0	0.0
3403.0	3405.0	207.0	0.0	0.0	0.0
3409.0	3404.0	0.0	0.0	0.0	0.0
3407.0	3404.0	87.0	0.0	0.0	0.0
3408.0	3405.0	0.0	0.0	0.0	0.0
3407.0	3407.0	0.0	0.0	0.0	0.0
3410.0	3406.0	47.0	0.0	0.0	0.0
3409.0	3406.0	0.0	0.0	0.0	0.0
3407.0	3404.0	0.0	0.0	0.0	0.0
3411.0	3403.0	0.0	0.0	0.0	0.0
3409.0	3403.0	97.0	0.0	0.0	0.0
3406.0	3405.0	0.0	0.0	0.0	0.0
3407.0	3403.0	441.0	0.0	0.0	0.0
3409.0	3403.0	0.0	0.0	0.0	0.0
3409.0	3404.0	0.0	0.0	0.0	0.0
3407.0	3408.0	0.0	0.0	0.0	0.0
3409.0	3407.0	0.0	0.0	0.0	0.0
3419.0	3403.0	0.0	0.0	0.0	0.0
3408.0	3405.0	394.0	0.0	0.0	0.0
3406.0	3405.0	0.0	0.0	0.0	0.0
3411.0	3405.0	0.0	0.0	0.0	0.0
3408.0	3406.0	0.0	0.0	0.0	0.0
3408.0	3404.0	0.0	0.0	0.0	0.0
3408.0	3408.0	0.0	0.0	0.0	0.0
3410.0	3416.0	0.0	0.0	0.0	0.0
3413.0	3406.0	65.0	0.0	0.0	0.0
3409.0	3405.0	43.0	0.0	0.0	0.0
3408.0	3405.0	0.0	0.0	0.0	0.0
3408.0	3406.0	0.0	0.0	0.0	0.0
3410.0	3404.0	0.0	0.0	0.0	0.0
3408.0	3404.0	0.0	0.0	0.0	0.0
3408.0	3404.0	0.0	0.0	0.0	0.0
3409.0	3410.0	0.0	0.0	0.0	0.0
3420.0	3404.0	0.0	0.0	0.0	0.0
3408.0	3404.0	0.0	0.0	0.0	0.0
3406.0	3404.0	0.0	0.0	0.0	0.0
3407.0	3405.0	0.0	0.0	0.0	0.0
3409.0	3405.0	0.0	0.0	0.0	0.0
3410.0	3405.0	0.0	0.0	0.0	0.0
3407.0	3405.0	0.0	0.0	0.0	0.0
3407.0	3399.0	0.0	0.0	0.0	0.0
3411.0	3404.0	0.0	0.0	0.0	0.0
3407.0	3402.0	0.0	0.0	0.0	0.0
3407.0	3404.0	0.0	0.0	0.0	0.0
3409.0	3405.0	0.0	0.0	0.0	0.0
3407.0	3404.0	0.0	0.0	0.0	0.0
3408.0	3404.0	0.0	0.0	0.0	0.0
3407.0	3404.0	0.0	0.0	0.0	0.0
3407.0	3402.0	0.0	0.0	0.0	0.0
3402.0	3404.0	0.0	0.0	0.0	0.0
3408.0	3405.0	0.0	0.0	0.0	0.0
3411.0	3405.0	0.0	0.0	0.0	0.0
3410.0	3406.0	0.0	0.0	0.0	0.0
3408.0	3406.0	0.0	0.0	0.0	0.0
3408.0	3406.0	0.0	0.0	0.0	0.0
3408.0	3406.0	0.0	0.0	0.0	0.0
3409.0	3402.0	0.0	0.0	0.0	0.0
3406.0	3406.0	41.0	0.0	0.0	0.0
3409.0	3406.0	93.0	0.0	0.0	0.0
3408.0	3407.0	150.0	0.0	0.0	0.0
3410.0	3405.0	713.0	0.0	0.0	0.0
3407.0	3406.0	477.0	0.0	0.0	0.0
3408.0	3406.0	759.0	0.0	0.0	0.0
3407.0	3406.0	554.0	0.0	0.0	0.0
3408.0	3406.0	592.0	0.0	0.0	0.0
3408.0	3407.0	683.0	0.0	0.0	0.0
3408.0	3406.0	569.0	0.0	0.0	0.0
3408.0	3408.0	0.0	0.0	0.0	0.0
3408.0	3408.0	0.0	0.0	0.0	0.0
3408.0	3385.0	0.0	0.0	0.0	0.0
3411.0	3346.0	0.0	0.0	0.0	0.0
3409.0	3322.0	0.0	0.0	0.0	0.0
3408.0	3286.0	0.0	0.0	0.0	0.0
3410.0	3253.0	0.0	0.0	0.0	0.0
3421.0	3217.0	33.0	0.0	0.0	0.0
3407.0	3189.0	285.0	0.0	0.0	0.0
3408.0	3189.0	1080.0	0.0	0.0	0.0
3411.0	3111.0	1481.0	0.0	0.0	0.0
3410.0	3110.0	1555.0	0.0	0.0	0.0
3409.0	3073.0	1615.0	0.0	0.0	0.0
3409.0	3071.0	1589.0	0.0	0.0	0.0
3408.0	3067.0	1640.0	0.0	0.0	0.0
3409.0	2769.0	1659.0	0.0	0.0	0.0
3411.0	2771.0	1671.0	0.0	0.0	0.0
3407.0	2771.0	1679.0	0.0	0.0	0.0
3412.0	2767.0	1697.0	0.0	0.0	0.0
3409.0	2770.0	1673.0	0.0	0.0	0.0
3410.0	2743.0	1703.0	0.0	0.0	0.0
3409.0	2743.0	1686.0	0.0	0.0	0.0
3408.0	2707.0	1695.0	0.0	0.0	0.0
3409.0	2679.0	1686.0	0.0	0.0	0.0
3405.0	2626.0	1677.0	0.0	0.0	0.0
3410.0	2591.0	1699.0	0.0	0.0	0.0
3409.0	2546.0	1649.0	0.0	0.0	0.0
3411.0	2494.0	1681.0	0.0	0.0	0.0
3409.0	2459.0	1670.0	0.0	0.0	0.0
3410.0	2458.0	1662.0	0.0	0.0	0.0
3410.0	2417.0	1668.0	0.0	0.0	0.0
3409.0	2366.0	1676.0	0.0	0.0	0.0
3410.0	2325.0	1704.0	0.0	0.0	0.0
3409.0	2275.0	1691.0	0.0	0.0	0.0
3409.0	2237.0	1692.0	0.0	0.0	0.0
3411.0	2194.0	1675.0	0.0	0.0	0.0
3410.0	2144.0	1690.0	0.0	0.0	0.0
3410.0	2105.0	1674.0	0.0	0.0	0.0
3410.0	2068.0	1714.0	0.0	0.0	0.0
3410.0	2064.0	1667.0	0.0	0.0	0.0
3410.0	2013.0	1694.0	0.0	0.0	0.0
3410.0	1975.0	1657.0	0.0	0.0	0.0
3409.0	1924.0	1668.0	0.0	0.0	0.0
3410.0	1880.0	1655.0	0.0	0.0	0.0
3409.0	1847.0	1677.0	0.0	0.0	0.0
3410.0	1807.0	1662.0	0.0	0.0	0.0
3409.0	1771.0	1662.0	0.0	0.0	0.0
3413.0	1733.0	1678.0	0.0	0.0	0.0
3412.0	1694.0	1675.0	0.0	0.0	0.0
3411.0	1695.0	1692.0	0.0	0.0	0.0
3410.0	1656.0	1643.0	0.0	0.0	0.0
3411.0	1618.0	1683.0	0.0	0.0	0.0
3411.0	1575.0	1650.0	0.0	0.0	0.0
3411.0	1544.0	1688.0	0.0	0.0	0.0
3410.0	1506.0	1692.0	0.0	0.0	0.0
3412.0	1472.0	1660.0	0.0	0.0	0.0
3410.0	1432.0	1677.0	0.0	0.0	0.0
3412.0	1434.0	1659.0	0.0	0.0	0.0
3411.0	1361.0	1660.0	0.0	0.0	0.0
3412.0	1373.0	1677.0	0.0	0.0	0.0
3411.0	1324.0	1676.0	0.0	0.0	0.0
3412.0	1289.0	1681.0	0.0	0.0	0.0
3411.0	1254.0	1693.0	0.0	0.0	0.0
3412.0	1234.0	1654.0	0.0	0.0	0.0
3411.0	1194.0	1673.0	0.0	0.0	0.0
3413.0	1172.0	1663.0	0.0	0.0	0.0
3414.0	1140.0	1678.0	0.0	0.0	0.0
3411.0	1136.0	1675.0	0.0	0.0	0.0
3411.0	1083.0	1687.0	0.0	0.0	0.0
3410.0	1083.0	1674.0	0.0	0.0	0.0
3411.0	1052.0	1684.0	0.0	0.0	0.0
3412.0	1027.0	1661.0	0.0	0.0	0.0
3411.0	995.0	1693.0	0.0	0.0	0.0
3412.0	977.0	1687.0	0.0	0.0	0.0
3411.0	954.0	1689.0	0.0	0.0	0.0
3413.0	933.0	1707.0	0.0	0.0	0.0
3411.0	911.0	1679.0	0.0	0.0	0.0
3411.0	911.0	1698.0	0.0	0.0	0.0
3412.0	891.0	1699.0	0.0	0.0	0.0
3412.0	876.0	1708.0	0.0	0.0	0.0
3414.0	878.0	1669.0	0.0	0.0	0.0
3414.0	878.0	1713.0	0.0	0.0	0.0
3415.0	878.0	1707.0	0.0	0.0	0.0
3412.0	880.0	1683.0	0.0	0.0	0.0
3413.0	880.0	1711.0	0.0	0.0	0.0
3412.0	879.0	1692.0	0.0	0.0	0.0
3412.0	879.0	1702.0	0.0	0.0	0.0
3414.0	880.0	1712.0	0.0	0.0	0.0
3415.0	882.0	1700.0	0.0	0.0	0.0
3415.0	880.0	1685.0	0.0	0.0	0.0
3416.0	877.0	1701.0	0.0	0.0	0.0
3414.0	878.0	1689.0	0.0	0.0	0.0
3413.0	880.0	1680.0	0.0	0.0	0.0
3413.0	880.0	1703.0	0.0	0.0	0.0
3415.0	879.0	1694.0	0.0	0.0	0.0
3412.0	879.0	1713.0	0.0	0.0	0.0
3416.0	880.0	1693.0	0.0	0.0	0.0
3416.0	880.0	1672.0	0.0	0.0	0.0
3414.0	880.0	1714.0	0.0	0.0	0.0
3416.0	880.0	1689.0	0.0	0.0	0.0
3415.0	880.0	1702.0	0.0	0.0	0.0
3414.0	879.0	1702.0	0.0	0.0	0.0
3413.0	881.0	1676.0	0.0	0.0	0.0
3414.0	880.0	1687.0	0.0	0.0	0.0
3414.0	879.0	1702.0	0.0	0.0	0.0
3414.0	886.0	1700.0	0.0	0.0	0.0
3414.0	880.0	1686.0	0.0	0.0	0.0
3413.0	881.0	1697.0	0.0	0.0	0.0
3414.0	879.0	1691.0	0.0	0.0	0.0
3415.0	883.0	1697.0	0.0	0.0	0.0
3415.0	881.0	1695.0	0.0	0.0	0.0
3413.0	880.0	1682.0	0.0	0.0	0.0
3421.0	881.0	1696.0	0.0	0.0	0.0
3414.0	889.0	1703.0	0.0	0.0	0.0
3415.0	883.0	1699.0	0.0	0.0	0.0
3413.0	879.0	1686.0	0.0	0.0	0.0
3415.0	879.0	1707.0	0.0	0.0	0.0
3414.0	880.0	1681.0	0.0	0.0	0.0
3414.0	880.0	1699.0	0.0	0.0	0.0
3413.0	881.0	1693.0	0.0	0.0	0.0
3419.0	880.0	1695.0	0.0	0.0	0.0
3413.0	883.0	1662.0	0.0	0.0	0.0
3415.0	882.0	1685.0	0.0	0.0	0.0
3415.0	881.0	1684.0	0.0	0.0	0.0
3417.0	880.0	1661.0	0.0	0.0	0.0
3415.0	881.0	1677.0	0.0	0.0	0.0
3413.0	881.0	1685.0	0.0	0.0	0.0
3414.0	880.0	1662.0	0.0	0.0	0.0
3416.0	881.0	1689.0	0.0	0.0	0.0
3413.0	881.0	1700.0	0.0	0.0	0.0
3414.0	879.0	1648.0	0.0	0.0	0.0
3415.0	881.0	1695.0	0.0	0.0	0.0
3416.0	881.0	1673.0	0.0	0.0	0.0
3415.0	880.0	1698.0	0.0	0.0	0.0
3384.0	881.0	1662.0	0.0	0.0	0.0
3414.0	881.0	1659.0	0.0	0.0	0.0
3416.0	880.0	1677.0	0.0	0.0	0.0
3417.0	879.0	1680.0	0.0	0.0	0.0
3414.0	880.0	1688.0	0.0	0.0	0.0
3415.0	883.0	1681.0	0.0	0.0	0.0
3414.0	883.0	1677.0	0.0	0.0	0.0
3415.0	880.0	1686.0	0.0	0.0	0.0
3417.0	881.0	1683.0	0.0	0.0	0.0
3412.0	881.0	1664.0	0.0	0.0	0.0
3413.0	878.0	1679.0	0.0	0.0	0.0
3415.0	881.0	1688.0	0.0	0.0	0.0
3415.0	883.0	1666.0	0.0	0.0	0.0
3414.0	882.0	1692.0	0.0	0.0	0.0
3417.0	882.0	1676.0	0.0	0.0	0.0
3416.0	882.0	1675.0	0.0	0.0	0.0
3414.0	881.0	1669.0	0.0	0.0	0.0
3417.0	881.0	1685.0	0.0	0.0	0.0
3415.0	884.0	1679.0	0.0	0.0	0.0
3415.0	882.0	1703.0	0.0	0.0	0.0
3414.0	881.0	1676.0	0.0	0.0	0.0
3418.0	881.0	1713.0	0.0	0.0	0.0
3416.0	882.0	1677.0	0.0	0.0	0.0
3413.0	878.0	1679.0	0.0	0.0	0.0
3414.0	882.0	1686.0	0.0	0.0	0.0
3419.0	880.0	1680.0	0.0	0.0	0.0
3416.0	883.0	1675.0	0.0	0.0	0.0
3414.0	882.0	1673.0	0.0	0.0	0.0
3414.0	882.0	1680.0	0.0	0.0	0.0
3417.0	883.0	1678.0	0.0	0.0	0.0
3417.0	881.0	1650.0	0.0	0.0	0.0
3416.0	881.0	1685.0	0.0	0.0	0.0
3423.0	879.0	1642.0	0.0	0.0	0.0
3415.0	883.0	1678.0	0.0	0.0	0.0
3416.0	880.0	1634.0	0.0	0.0	0.0
3416.0	883.0	1696.0	0.0	0.0	0.0
3414.0	882.0	1671.0	0.0	0.0	0.0
3414.0	882.0	1664.0	0.0	0.0	0.0
3414.0	882.0	1651.0	0.0	0.0	0.0
3412.0	882.0	1672.0	0.0	0.0	0.0
3414.0	882.0	1665.0	0.0	0.0	0.0
3415.0	885.0	1670.0	0.0	0.0	0.0
3415.0	882.0	1680.0	0.0	0.0	0.0
3414.0	882.0	1681.0	0.0	0.0	0.0
3416.0	882.0	1687.0	0.0	0.0	0.0
3415.0	885.0	1674.0	0.0	0.0	0.0
3415.0	880.0	1685.0	0.0	0.0	0.0
3416.0	882.0	1692.0	0.0	0.0	0.0
3417.0	886.0	1689.0	0.0	0.0	0.0
3415.0	881.0	1685.0	0.0	0.0	0.0
3414.0	881.0	1659.0	0.0	0.0	0.0
3415.0	881.0	1666.0	0.0	0.0	0.0
3415.0	880.0	1685.0	0.0	0.0	0.0
3413.0	881.0	1672.0	0.0	0.0	0.0
3412.0	882.0	1641.0	0.0	0.0	0.0
3416.0	881.0	1691.0	0.0	0.0	0.0
3419.0	882.0	1678.0	0.0	0.0	0.0
3414.0	883.0	1680.0	0.0	0.0	0.0
3415.0	883.0	1695.0	0.0	0.0	0.0
3415.0	881.0	1685.0	0.0	0.0	0.0
3417.0	881.0	1665.0	0.0	0.0	0.0
3413.0	883.0	1691.0	0.0	0.0	0.0
3415.0	881.0	1680.0	0.0	0.0	0.0
3416.0	879.0	1699.0	0.0	0.0	0.0
3417.0	881.0	1686.0	0.0	0.0	0.0
3415.0	880.0	1684.0	0.0	0.0	0.0
3414.0	882.0	1664.0	0.0	0.0	0.0
3415.0	881.0	1680.0	0.0	0.0	0.0
3416.0	881.0	1655.0	0.0	0.0	0.0
3413.0	882.0	1698.0	0.0	0.0	0.0
3415.0	881.0	1663.0	0.0	0.0	0.0
3415.0	882.0	1675.0	0.0	0.0	0.0
3415.0	881.0	1693.0	0.0	0.0	0.0
3414.0	881.0	1677.0	0.0	0.0	0.0
3416.0	882.0	1686.0	0.0	0.0	0.0
3415.0	881.0	1648.0	0.0	0.0	0.0
3412.0	883.0	1669.0	0.0	0.0	0.0
3413.0	886.0	1662.0	0.0	0.0	0.0
3417.0	879.0	1679.0	0.0	0.0	0.0
3415.0	881.0	1671.0	0.0	0.0	0.0
3415.0	882.0	1667.0	0.0	0.0	0.0
3417.0	880.0	1643.0	0.0	0.0	0.0
3414.0	883.0	1664.0	0.0	0.0	0.0
3418.0	881.0	1674.0	0.0	0.0	0.0
3416.0	882.0	1657.0	0.0	0.0	0.0
3415.0	880.0	1684.0	0.0	0.0	0.0
3415.0	882.0	1678.0	0.0	0.0	0.0
3414.0	884.0	1671.0	0.0	0.0	0.0
3417.0	882.0	1665.0	0.0	0.0	0.0
3416.0	882.0	1683.0	0.0	0.0	0.0
3429.0	880.0	1664.0	0.0	0.0	0.0
3416.0	901.0	1670.0	0.0	0.0	0.0
3415.0	882.0	1667.0	0.0	0.0	0.0
3415.0	880.0	1678.0	0.0	0.0	0.0
3415.0	882.0	1661.0	0.0	0.0	0.0
3416.0	882.0	1683.0	0.0	0.0	0.0
3415.0	881.0	1651.0	0.0	0.0	0.0
3413.0	881.0	1699.0	0.0	0.0	0.0
3415.0	891.0	1657.0	0.0	0.0	0.0
3416.0	883.0	1661.0	0.0	0.0	0.0
3415.0	881.0	1685.0	0.0	0.0	0.0
3415.0	881.0	1674.0	0.0	0.0	0.0
3416.0	881.0	1659.0	0.0	0.0	0.0
3415.0	882.0	1662.0	0.0	0.0	0.0
3426.0	883.0	1683.0	0.0	0.0	0.0
3416.0	882.0	1651.0	0.0	0.0	0.0
3414.0	882.0	1687.0	0.0	0.0	0.0
3415.0	881.0	1671.0	0.0	0.0	0.0
3415.0	881.0	1659.0	0.0	0.0	0.0
3413.0	882.0	1656.0	0.0	0.0	0.0
3415.0	881.0	1633.0	0.0	0.0	0.0
3419.0	882.0	1684.0	0.0	0.0	0.0
