2093.0	1406.0	2986.0	1817.0	2068.0	1817.0
2096.0	1409.0	2969.0	1798.0	2067.0	1798.0
2094.0	1409.0	2925.0	1774.0	2068.0	1774.0
2094.0	1410.0	2876.0	1766.0	2060.0	1766.0
2095.0	1410.0	2834.0	1756.0	2069.0	1756.0
2095.0	1410.0	2814.0	1750.0	2068.0	1750.0
2094.0	1410.0	2761.0	1738.0	2068.0	1738.0
2095.0	1411.0	2757.0	1732.0	2068.0	1732.0
2095.0	1410.0	2693.0	1710.0	2069.0	1710.0
2096.0	1411.0	2674.0	1704.0	2068.0	1704.0
2094.0	1410.0	2680.0	1703.0	2070.0	1703.0
2094.0	1409.0	2620.0	1697.0	2068.0	1697.0
2095.0	1409.0	2584.0	1688.0	2069.0	1688.0
2095.0	1410.0	2560.0	1682.0	2069.0	1682.0
2097.0	1411.0	2496.0	1679.0	2069.0	1679.0
2100.0	1411.0	2442.0	1676.0	2069.0	1676.0
2094.0	1410.0	2431.0	1672.0	2078.0	1672.0
2095.0	1412.0	2410.0	1670.0	2069.0	1670.0
2095.0	1409.0	2362.0	1669.0	2068.0	1669.0
2094.0	1411.0	2299.0	1669.0	2069.0	1669.0
2094.0	1411.0	2258.0	1669.0	2068.0	1669.0
2096.0	1410.0	2262.0	1669.0	2067.0	1669.0
2096.0	1410.0	2273.0	1668.0	2068.0	1668.0
2098.0	1409.0	2222.0	1667.0	2069.0	1667.0
2094.0	1411.0	2165.0	1666.0	2067.0	1666.0
2094.0	1409.0	2160.0	1665.0	2067.0	1665.0
2093.0	1410.0	2120.0	1664.0	2067.0	1664.0
2094.0	1414.0	2100.0	1665.0	2068.0	1665.0
2094.0	1411.0	2067.0	1665.0	2068.0	1665.0
2097.0	1411.0	2046.0	1664.0	2068.0	1664.0
2094.0	1413.0	2049.0	1664.0	2070.0	1664.0
2096.0	1411.0	2037.0	1666.0	2068.0	1666.0
2095.0	1411.0	2022.0	1665.0	2067.0	1665.0
2094.0	1410.0	2035.0	1665.0	2067.0	1665.0
2095.0	1404.0	2038.0	1665.0	2068.0	1665.0
2095.0	1410.0	2005.0	1665.0	2068.0	1665.0
2092.0	1409.0	2008.0	1665.0	2068.0	1665.0
2094.0	1408.0	1995.0	1665.0	2068.0	1665.0
2094.0	1410.0	1998.0	1665.0	2068.0	1665.0
2094.0	1411.0	2001.0	1666.0	2068.0	1666.0
2099.0	1410.0	2002.0	1665.0	2068.0	1665.0
2095.0	1412.0	2014.0	1666.0	2069.0	1666.0
2096.0	1411.0	2002.0	1666.0	2069.0	1666.0
2094.0	1410.0	2003.0	1665.0	2068.0	1665.0
2094.0	1406.0	1992.0	1666.0	2069.0	1666.0
2093.0	1410.0	2015.0	1666.0	2069.0	1666.0
2096.0	1409.0	2010.0	1665.0	2068.0	1665.0
2095.0	1408.0	1994.0	1664.0	2067.0	1664.0
2095.0	1410.0	2002.0	1664.0	2070.0	1664.0
2094.0	1410.0	2007.0	1664.0	2066.0	1664.0
2094.0	1411.0	2008.0	1664.0	2068.0	1664.0
2054.0	1410.0	1998.0	1664.0	2068.0	1664.0
2095.0	1412.0	2000.0	1663.0	2068.0	1663.0
2096.0	1410.0	2008.0	1662.0	2068.0	1662.0
2096.0	1410.0	2013.0	1663.0	2068.0	1663.0
2095.0	1413.0	1998.0	1662.0	2068.0	1662.0
2094.0	1410.0	2003.0	1661.0	2068.0	1661.0
2096.0	1410.0	2008.0	1661.0	2068.0	1661.0
2095.0	1406.0	1995.0	1662.0	2067.0	1662.0
2095.0	1411.0	1999.0	1661.0	2068.0	1661.0
2095.0	1410.0	2009.0	1661.0	2068.0	1661.0
2097.0	1411.0	2002.0	1661.0	2069.0	1661.0
2094.0	1410.0	2000.0	1661.0	2069.0	1661.0
2094.0	1409.0	2008.0	1659.0	2067.0	1659.0
2093.0	1409.0	2004.0	1643.0	2069.0	1643.0
2095.0	1413.0	2001.0	1595.0	2068.0	1595.0
2095.0	1410.0	1998.0	1551.0	2068.0	1551.0
2094.0	1410.0	2005.0	1501.0	2068.0	1501.0
2097.0	1411.0	1999.0	1443.0	2069.0	1443.0
2094.0	1410.0	1960.0	1371.0	2069.0	1371.0
2094.0	1413.0	1986.0	1274.0	2069.0	1274.0
2094.0	1411.0	1968.0	1177.0	2068.0	1177.0
2094.0	1415.0	1934.0	1056.0	2068.0	1056.0
2093.0	1410.0	1909.0	933.0	2068.0	933.0
2094.0	1413.0	1881.0	799.0	2068.0	799.0
2093.0	1410.0	1858.0	676.0	2067.0	676.0
2096.0	1412.0	1829.0	561.0	2067.0	561.0
2097.0	1411.0	1792.0	449.0	2067.0	449.0
2095.0	1413.0	1778.0	340.0	2068.0	340.0
2094.0	1411.0	1744.0	235.0	2068.0	235.0
2093.0	1410.0	1729.0	131.0	2068.0	131.0
2094.0	1413.0	1698.0	28.0	2068.0	28.0
2095.0	1411.0	1695.0	0.0	2068.0	0.0
2095.0	1410.0	1665.0	0.0	2068.0	0.0
2093.0	1410.0	1635.0	0.0	2069.0	0.0
2110.0	1410.0	1593.0	0.0	2066.0	0.0
2093.0	1409.0	1561.0	0.0	2067.0	0.0
2094.0	1411.0	1544.0	0.0	2068.0	0.0
2097.0	1411.0	1510.0	0.0	2069.0	0.0
2095.0	1410.0	1496.0	0.0	2068.0	0.0
2093.0	1411.0	1482.0	0.0	2068.0	0.0
2100.0	1409.0	1460.0	0.0	2066.0	0.0
2096.0	1410.0	1438.0	0.0	2068.0	0.0
2096.0	1410.0	1423.0	0.0	2068.0	0.0
2094.0	1410.0	1407.0	0.0	2069.0	0.0
2094.0	1411.0	1386.0	0.0	2067.0	0.0
2093.0	1410.0	1375.0	0.0	2068.0	0.0
2101.0	1410.0	1356.0	0.0	2068.0	0.0
2095.0	1423.0	1356.0	0.0	2068.0	0.0
2094.0	1411.0	1343.0	0.0	2068.0	0.0
2096.0	1410.0	1339.0	0.0	2068.0	0.0
2094.0	1408.0	1334.0	0.0	2068.0	0.0
2095.0	1410.0	1333.0	0.0	2068.0	0.0
2094.0	1412.0	1323.0	0.0	2068.0	0.0
2098.0	1409.0	1331.0	0.0	2068.0	0.0
2094.0	1413.0	1331.0	0.0	2068.0	0.0
2095.0	1411.0	1338.0	0.0	2068.0	0.0
2094.0	1409.0	1335.0	0.0	2068.0	0.0
2094.0	1411.0	1329.0	0.0	2069.0	0.0
2095.0	1411.0	1330.0	0.0	2068.0	0.0
2094.0	1411.0	1328.0	0.0	2069.0	0.0
2095.0	1409.0	1323.0	0.0	2068.0	0.0
2097.0	1410.0	1325.0	0.0	2068.0	0.0
2096.0	1410.0	1326.0	0.0	2068.0	0.0
2094.0	1411.0	1327.0	0.0	2068.0	0.0
2094.0	1411.0	1334.0	0.0	2067.0	0.0
2096.0	1410.0	1334.0	0.0	2067.0	0.0
2099.0	1409.0	1330.0	0.0	2069.0	0.0
2094.0	1415.0	1336.0	0.0	2068.0	0.0
2094.0	1410.0	1334.0	0.0	2067.0	0.0
2094.0	1410.0	1325.0	0.0	2067.0	0.0
2094.0	1411.0	1328.0	0.0	2068.0	0.0
2093.0	1410.0	1326.0	0.0	2069.0	0.0
2093.0	1411.0	1331.0	0.0	2068.0	0.0
2096.0	1410.0	1330.0	0.0	2069.0	0.0
2094.0	1408.0	1320.0	0.0	2067.0	0.0
2096.0	1412.0	1322.0	0.0	2068.0	0.0
2096.0	1410.0	1323.0	0.0	2067.0	0.0
2095.0	1412.0	1323.0	0.0	2068.0	0.0
2093.0	1409.0	1334.0	0.0	2069.0	0.0
2093.0	1412.0	1330.0	0.0	2068.0	0.0
2096.0	1407.0	1329.0	0.0	2068.0	0.0
2095.0	1410.0	1328.0	0.0	2068.0	0.0
2094.0	1412.0	1326.0	0.0	2069.0	0.0
2094.0	1410.0	1329.0	0.0	2069.0	0.0
2095.0	1410.0	1335.0	0.0	2064.0	0.0
2093.0	1409.0	1331.0	0.0	2067.0	0.0
2108.0	1410.0	1322.0	0.0	2068.0	0.0
2095.0	1424.0	1325.0	0.0	2069.0	0.0
2094.0	1411.0	1326.0	0.0	2068.0	0.0
2093.0	1411.0	1330.0	0.0	2069.0	0.0
2095.0	1409.0	1326.0	0.0	2069.0	0.0
2095.0	1411.0	1322.0	0.0	2069.0	0.0
2095.0	1411.0	1318.0	0.0	2068.0	0.0
2095.0	1409.0	1318.0	0.0	2067.0	0.0
2095.0	1413.0	1323.0	0.0	2069.0	0.0
2095.0	1412.0	1330.0	0.0	2069.0	0.0
2094.0	1410.0	1318.0	0.0	2068.0	0.0
2095.0	1411.0	1328.0	0.0	2068.0	0.0
2093.0	1411.0	1330.0	0.0	2068.0	0.0
2096.0	1411.0	1321.0	0.0	2068.0	0.0
2095.0	1409.0	1325.0	0.0	2069.0	0.0
2092.0	1411.0	1329.0	0.0	2068.0	0.0
2094.0	1410.0	1330.0	0.0	2068.0	0.0
2096.0	1410.0	1329.0	0.0	2068.0	0.0
2094.0	1411.0	1326.0	0.0	2069.0	0.0
2096.0	1410.0	1324.0	0.0	2067.0	0.0
2091.0	1411.0	1327.0	0.0	2068.0	0.0
2095.0	1408.0	1326.0	0.0	2068.0	0.0
2095.0	1411.0	1328.0	0.0	2068.0	0.0
2095.0	1409.0	1331.0	0.0	2069.0	0.0
2096.0	1411.0	1327.0	0.0	2069.0	0.0
2095.0	1410.0	1328.0	0.0	2068.0	0.0
2094.0	1410.0	1326.0	0.0	2069.0	0.0
2100.0	1410.0	1328.0	0.0	2068.0	0.0
2094.0	1414.0	1328.0	0.0	2069.0	0.0
2095.0	1409.0	1324.0	0.0	2068.0	0.0
2095.0	1409.0	1332.0	0.0	2068.0	0.0
2093.0	1410.0	1336.0	0.0	2068.0	0.0
2094.0	1412.0	1326.0	0.0	2068.0	0.0
2094.0	1410.0	1324.0	0.0	2068.0	0.0
2098.0	1408.0	1326.0	0.0	2067.0	0.0
2095.0	1416.0	1324.0	0.0	2068.0	0.0
2094.0	1411.0	1335.0	0.0	2067.0	0.0
2094.0	1409.0	1316.0	0.0	2068.0	0.0
2094.0	1409.0	1317.0	0.0	2068.0	0.0
2094.0	1410.0	1324.0	0.0	2069.0	0.0
2097.0	1410.0	1318.0	0.0	2067.0	0.0
2095.0	1409.0	1315.0	0.0	2067.0	0.0
2096.0	1408.0	1331.0	0.0	2068.0	0.0
2093.0	1412.0	1318.0	0.0	2068.0	0.0
2094.0	1411.0	1319.0	0.0	2069.0	0.0
2096.0	1414.0	1320.0	0.0	2068.0	0.0
2094.0	1411.0	1320.0	0.0	2064.0	0.0
2092.0	1411.0	1324.0	0.0	2068.0	0.0
2096.0	1407.0	1325.0	0.0	2069.0	0.0
2095.0	1411.0	1327.0	0.0	2068.0	0.0
2095.0	1411.0	1328.0	0.0	2068.0	0.0
2094.0	1411.0	1328.0	0.0	2068.0	0.0
2094.0	1411.0	1326.0	0.0	2068.0	0.0
2094.0	1409.0	1323.0	0.0	2068.0	0.0
2092.0	1409.0	1328.0	0.0	2068.0	0.0
2093.0	1407.0	1325.0	0.0	2069.0	0.0
2094.0	1410.0	1322.0	0.0	2068.0	0.0
2093.0	1411.0	1322.0	0.0	2067.0	0.0
2094.0	1410.0	1324.0	0.0	2069.0	0.0
2094.0	1411.0	1331.0	0.0	2068.0	0.0
2093.0	1410.0	1331.0	0.0	2068.0	0.0
2096.0	1410.0	1319.0	0.0	2068.0	0.0
2095.0	1415.0	1327.0	0.0	2068.0	0.0
2093.0	1408.0	1315.0	0.0	2065.0	0.0
2095.0	1410.0	1319.0	0.0	2068.0	0.0
2094.0	1411.0	1323.0	0.0	2069.0	0.0
2094.0	1410.0	1329.0	0.0	2067.0	0.0
2094.0	1408.0	1335.0	0.0	2068.0	0.0
2095.0	1410.0	1324.0	0.0	2069.0	0.0
2095.0	1410.0	1326.0	0.0	2068.0	0.0
2094.0	1411.0	1337.0	0.0	2068.0	0.0
2095.0	1411.0	1324.0	0.0	2068.0	0.0
2094.0	1410.0	1316.0	0.0	2068.0	0.0
2094.0	1410.0	1325.0	0.0	2069.0	0.0
2095.0	1411.0	1326.0	0.0	2067.0	0.0
2094.0	1409.0	1330.0	0.0	2069.0	0.0
2095.0	1411.0	1319.0	0.0	2069.0	0.0
2097.0	1412.0	1321.0	0.0	2068.0	0.0
2095.0	1410.0	1327.0	0.0	2067.0	0.0
2094.0	1411.0	1327.0	0.0	2068.0	0.0
2094.0	1409.0	1328.0	0.0	2069.0	0.0
2092.0	1411.0	1329.0	0.0	2068.0	0.0
2093.0	1409.0	1328.0	0.0	2068.0	0.0
2094.0	1411.0	1327.0	0.0	2068.0	0.0
2096.0	1410.0	1321.0	0.0	2068.0	0.0
2096.0	1412.0	1335.0	0.0	2068.0	0.0
2094.0	1412.0	1321.0	0.0	2068.0	0.0
2094.0	1410.0	1325.0	0.0	2068.0	0.0
2097.0	1411.0	1330.0	0.0	2068.0	0.0
2098.0	1413.0	1330.0	0.0	2069.0	0.0
2093.0	1412.0	1326.0	0.0	2069.0	0.0
2094.0	1410.0	1322.0	0.0	2068.0	0.0
2094.0	1410.0	1326.0	0.0	2071.0	0.0
2095.0	1410.0	1328.0	0.0	2068.0	0.0
2094.0	1409.0	1325.0	0.0	2067.0	0.0
2097.0	1409.0	1323.0	0.0	2064.0	0.0
2095.0	1413.0	1326.0	0.0	2068.0	0.0
2095.0	1407.0	1332.0	0.0	2067.0	0.0
2095.0	1410.0	1328.0	0.0	2068.0	0.0
2095.0	1411.0	1318.0	0.0	2069.0	0.0
2094.0	1411.0	1325.0	0.0	2068.0	0.0
2093.0	1409.0	1324.0	0.0	2068.0	0.0
2099.0	1408.0	1327.0	0.0	2069.0	0.0
2094.0	1415.0	1321.0	0.0	2068.0	0.0
2093.0	1408.0	1332.0	0.0	2068.0	0.0
2096.0	1410.0	1324.0	0.0	2058.0	0.0
2096.0	1410.0	1322.0	0.0	2068.0	0.0
2096.0	1410.0	1319.0	0.0	2068.0	0.0
2094.0	1412.0	1328.0	0.0	2067.0	0.0
2096.0	1410.0	1329.0	0.0	2068.0	0.0
2093.0	1407.0	1329.0	0.0	2069.0	0.0
2094.0	1412.0	1325.0	0.0	2067.0	0.0
2095.0	1409.0	1318.0	0.0	2068.0	0.0
2095.0	1411.0	1329.0	0.0	2068.0	0.0
2094.0	1412.0	1316.0	0.0	2068.0	0.0
2094.0	1410.0	1324.0	0.0	2068.0	0.0
2092.0	1411.0	1323.0	0.0	2068.0	0.0
2095.0	1413.0	1327.0	0.0	2068.0	0.0
2094.0	1412.0	1328.0	0.0	2068.0	0.0
2094.0	1410.0	1321.0	0.0	2068.0	0.0
2093.0	1412.0	1326.0	0.0	2068.0	0.0
2094.0	1411.0	1330.0	0.0	2067.0	0.0
2093.0	1410.0	1325.0	0.0	2066.0	0.0
2095.0	1409.0	1328.0	9.0	2068.0	9.0
2095.0	1409.0	1319.0	117.0	2068.0	117.0
2093.0	1420.0	1327.0	237.0	2068.0	237.0
2096.0	1411.0	1321.0	355.0	2067.0	355.0
2094.0	1409.0	1335.0	455.0	2067.0	455.0
2094.0	1410.0	1328.0	542.0	2067.0	542.0
2096.0	1411.0	1323.0	621.0	2068.0	621.0
2096.0	1409.0	1333.0	684.0	2068.0	684.0
2095.0	1410.0	1325.0	744.0	2070.0	744.0
2095.0	1409.0	1323.0	787.0	2068.0	787.0
2095.0	1410.0	1310.0	834.0	2068.0	834.0
2094.0	1415.0	1324.0	883.0	2068.0	883.0
2096.0	1409.0	1337.0	927.0	2069.0	927.0
2093.0	1411.0	1345.0	953.0	2068.0	953.0
2094.0	1410.0	1352.0	976.0	2068.0	976.0
2100.0	1411.0	1364.0	1002.0	2068.0	1002.0
2095.0	1410.0	1379.0	1035.0	2068.0	1035.0
2093.0	1410.0	1390.0	1061.0	2068.0	1061.0
2093.0	1411.0	1404.0	1091.0	2068.0	1091.0
2092.0	1410.0	1430.0	1115.0	2069.0	1115.0
2094.0	1411.0	1439.0	1148.0	2068.0	1148.0
2097.0	1411.0	1460.0	1175.0	2068.0	1175.0
2094.0	1410.0	1471.0	1204.0	2069.0	1204.0
2110.0	1410.0	1486.0	1230.0	2068.0	1230.0
2094.0	1418.0	1512.0	1265.0	2068.0	1265.0
2095.0	1408.0	1528.0	1312.0	2068.0	1312.0
2096.0	1409.0	1547.0	1352.0	2068.0	1352.0
2093.0	1410.0	1567.0	1391.0	2069.0	1391.0
2094.0	1412.0	1600.0	1420.0	2068.0	1420.0
2096.0	1409.0	1634.0	1423.0	2068.0	1423.0
2094.0	1412.0	1654.0	1424.0	2068.0	1424.0
2099.0	1410.0	1693.0	1424.0	2069.0	1424.0
2094.0	1414.0	1721.0	1425.0	2067.0	1425.0
2096.0	1410.0	1723.0	1425.0	2069.0	1425.0
2093.0	1411.0	1731.0	1425.0	2068.0	1425.0
2093.0	1408.0	1753.0	1425.0	2069.0	1425.0
2094.0	1410.0	1767.0	1425.0	2068.0	1425.0
2095.0	1410.0	1771.0	1426.0	2067.0	1426.0
2093.0	1411.0	1791.0	1427.0	2068.0	1427.0
2096.0	1410.0	1794.0	1427.0	2069.0	1427.0
2098.0	1410.0	1807.0	1426.0	2068.0	1426.0
2095.0	1409.0	1804.0	1426.0	2068.0	1426.0
2092.0	1409.0	1799.0	1427.0	2068.0	1427.0
2094.0	1411.0	1808.0	1427.0	2068.0	1427.0
2095.0	1410.0	1801.0	1427.0	2067.0	1427.0
2094.0	1410.0	1820.0	1427.0	2068.0	1427.0
2096.0	1414.0	1813.0	1427.0	2069.0	1427.0
2094.0	1409.0	1807.0	1427.0	2068.0	1427.0
2094.0	1411.0	1803.0	1429.0	2068.0	1429.0
2094.0	1411.0	1809.0	1430.0	2067.0	1430.0
2095.0	1411.0	1818.0	1431.0	2070.0	1431.0
2096.0	1410.0	1818.0	1433.0	2068.0	1433.0
2092.0	1411.0	1811.0	1441.0	2067.0	1441.0
2097.0	1413.0	1812.0	1440.0	2069.0	1440.0
2096.0	1411.0	1813.0	1441.0	2069.0	1441.0
2093.0	1409.0	1817.0	1442.0	2069.0	1442.0
2096.0	1411.0	1824.0	1440.0	2068.0	1440.0
2094.0	1414.0	1824.0	1440.0	2068.0	1440.0
2094.0	1412.0	1831.0	1441.0	2070.0	1441.0
2095.0	1409.0	1832.0	1440.0	2068.0	1440.0
2095.0	1410.0	1835.0	1441.0	2070.0	1441.0
2097.0	1411.0	1821.0	1440.0	2067.0	1440.0
2094.0	1409.0	1841.0	1440.0	2068.0	1440.0
2094.0	1410.0	1825.0	1441.0	2064.0	1441.0
2095.0	1410.0	1834.0	1440.0	2068.0	1440.0
2094.0	1410.0	1834.0	1442.0	2068.0	1442.0
2095.0	1411.0	1831.0	1441.0	2068.0	1441.0
2099.0	1411.0	1826.0	1440.0	2068.0	1440.0
2094.0	1413.0	1840.0	1441.0	2068.0	1441.0
2095.0	1410.0	1817.0	1441.0	2067.0	1441.0
2093.0	1411.0	1818.0	1441.0	2068.0	1441.0
2093.0	1407.0	1841.0	1441.0	2067.0	1441.0
2094.0	1412.0	1828.0	1438.0	2068.0	1438.0
2093.0	1410.0	1824.0	1439.0	2067.0	1439.0
2093.0	1412.0	1833.0	1440.0	2068.0	1440.0
2096.0	1412.0	1828.0	1440.0	2068.0	1440.0
2095.0	1409.0	1827.0	1439.0	2067.0	1439.0
2095.0	1411.0	1841.0	1439.0	2068.0	1439.0
2090.0	1410.0	1832.0	1439.0	2067.0	1439.0
2094.0	1410.0	1835.0	1438.0	2069.0	1438.0
2096.0	1410.0	1822.0	1438.0	2069.0	1438.0
2094.0	1410.0	1837.0	1436.0	2068.0	1436.0
2093.0	1414.0	1823.0	1436.0	2068.0	1436.0
2094.0	1411.0	1826.0	1434.0	2075.0	1434.0
2095.0	1411.0	1826.0	1435.0	2068.0	1435.0
2099.0	1409.0	1832.0	1434.0	2068.0	1434.0
2095.0	1413.0	1829.0	1435.0	2068.0	1435.0
2094.0	1410.0	1833.0	1435.0	2068.0	1435.0
2093.0	1410.0	1828.0	1433.0	2069.0	1433.0
2095.0	1409.0	1833.0	1437.0	2067.0	1437.0
2096.0	1412.0	1826.0	1439.0	2069.0	1439.0
2094.0	1410.0	1827.0	1440.0	2068.0	1440.0
2095.0	1411.0	1826.0	1443.0	2068.0	1443.0
2094.0	1411.0	1826.0	1447.0	2095.0	1447.0
2095.0	1412.0	1830.0	1454.0	2068.0	1454.0
2095.0	1410.0	1828.0	1464.0	2067.0	1464.0
2095.0	1410.0	1829.0	1471.0	2067.0	1471.0
2095.0	1411.0	1827.0	1480.0	2069.0	1480.0
2094.0	1409.0	1838.0	1490.0	2069.0	1490.0
2093.0	1410.0	1820.0	1504.0	2069.0	1504.0
2097.0	1412.0	1831.0	1522.0	2068.0	1522.0
2097.0	1409.0	1841.0	1537.0	2068.0	1537.0
2095.0	1409.0	1843.0	1552.0	2069.0	1552.0
2099.0	1411.0	1859.0	1572.0	2068.0	1572.0
2094.0	1409.0	1869.0	1589.0	2067.0	1589.0
2095.0	1412.0	1866.0	1596.0	2068.0	1596.0
2094.0	1411.0	1880.0	1622.0	2068.0	1622.0
2095.0	1415.0	1882.0	1656.0	2067.0	1656.0
2095.0	1409.0	1902.0	1679.0	2068.0	1679.0
2097.0	1410.0	1934.0	1698.0	2068.0	1698.0
2108.0	1409.0	1922.0	1718.0	2067.0	1718.0
2094.0	1413.0	1940.0	1740.0	2068.0	1740.0
2094.0	1409.0	1963.0	1763.0	2067.0	1763.0
2094.0	1410.0	1974.0	1787.0	2069.0	1787.0
2097.0	1423.0	1992.0	1841.0	2068.0	1841.0
2094.0	1410.0	2005.0	1895.0	2068.0	1895.0
2093.0	1409.0	2017.0	1986.0	2068.0	1986.0
2099.0	1410.0	2047.0	2105.0	2068.0	2105.0
2094.0	1412.0	2054.0	2244.0	2068.0	2244.0
2094.0	1409.0	2072.0	2415.0	2068.0	2415.0
2095.0	1412.0	2062.0	2589.0	2069.0	2589.0
2095.0	1415.0	2098.0	2730.0	2067.0	2730.0
2093.0	1410.0	2146.0	2854.0	2069.0	2854.0
2095.0	1411.0	2142.0	2962.0	2069.0	2962.0
2093.0	1411.0	2182.0	3060.0	2063.0	3060.0
2094.0	1411.0	2242.0	3167.0	2068.0	3167.0
2094.0	1410.0	2248.0	3267.0	2069.0	3267.0
2094.0	1410.0	2267.0	3369.0	2068.0	3369.0
2099.0	1410.0	2267.0	3475.0	2068.0	3475.0
2097.0	1413.0	2295.0	3572.0	2068.0	3572.0
2093.0	1410.0	2341.0	3654.0	2069.0	3654.0
2094.0	1410.0	2388.0	3742.0	2068.0	3742.0
2108.0	1409.0	2424.0	3819.0	2068.0	3819.0
2094.0	1411.0	2452.0	3899.0	2068.0	3899.0
2096.0	1410.0	2477.0	3992.0	2069.0	3992.0
2095.0	1411.0	2514.0	4060.0	2068.0	4060.0
2094.0	1412.0	2559.0	4072.0	2069.0	4072.0
2106.0	1409.0	2581.0	4086.0	2068.0	4086.0
2094.0	1410.0	2629.0	4092.0	2069.0	4092.0
2095.0	1408.0	2672.0	4093.0	2068.0	4093.0
2056.0	1412.0	2710.0	4094.0	2068.0	4094.0
2094.0	1412.0	2711.0	4093.0	2068.0	4093.0
2094.0	1410.0	2751.0	4093.0	2069.0	4093.0
2112.0	1412.0	2765.0	4094.0	2068.0	4094.0
2095.0	1415.0	2820.0	4093.0	2069.0	4093.0
2093.0	1414.0	2842.0	4093.0	2069.0	4093.0
2095.0	1409.0	2875.0	4092.0	2069.0	4092.0
2095.0	1411.0	2913.0	4093.0	2070.0	4093.0
2095.0	1412.0	2952.0	4094.0	2068.0	4094.0
2095.0	1410.0	2962.0	4092.0	2068.0	4092.0
2097.0	1410.0	3024.0	4094.0	2068.0	4094.0
2093.0	1407.0	2989.0	4093.0	2069.0	4093.0
2095.0	1411.0	3021.0	4092.0	2069.0	4092.0
2094.0	1412.0	3051.0	4092.0	2068.0	4092.0
2095.0	1410.0	3097.0	4092.0	2069.0	4092.0
2095.0	1409.0	3100.0	4094.0	2068.0	4094.0
2095.0	1412.0	3117.0	4093.0	2067.0	4093.0
2095.0	1411.0	3174.0	4092.0	2068.0	4092.0
2095.0	1411.0	3160.0	4093.0	2068.0	4093.0
2094.0	1411.0	3228.0	4091.0	2069.0	4091.0
2093.0	1411.0	3183.0	4087.0	2068.0	4087.0
2097.0	1410.0	3265.0	4093.0	2069.0	4093.0
2095.0	1417.0	3244.0	4092.0	2069.0	4092.0
2094.0	1411.0	3297.0	4093.0	2068.0	4093.0
2096.0	1409.0	3280.0	4093.0	2069.0	4093.0
2097.0	1412.0	3309.0	4092.0	2068.0	4092.0
2094.0	1410.0	3320.0	4093.0	2068.0	4093.0
2098.0	1409.0	3334.0	4093.0	2068.0	4093.0
2094.0	1406.0	3350.0	4093.0	2068.0	4093.0
2094.0	1410.0	3359.0	4093.0	2068.0	4093.0
2096.0	1409.0	3349.0	4091.0	2069.0	4091.0
2094.0	1412.0	3368.0	4092.0	2068.0	4092.0
2096.0	1411.0	3384.0	4093.0	2069.0	4093.0
2096.0	1410.0	3391.0	4092.0	2068.0	4092.0
2093.0	1410.0	3388.0	4093.0	2069.0	4093.0
2090.0	1412.0	3393.0	4093.0	2068.0	4093.0
2100.0	1412.0	3366.0	4092.0	2068.0	4092.0
2095.0	1410.0	3368.0	4095.0	2068.0	4095.0
2098.0	1415.0	3344.0	4092.0	2068.0	4092.0
2096.0	1411.0	3377.0	4092.0	2069.0	4092.0
2095.0	1410.0	3400.0	4093.0	2069.0	4093.0
2096.0	1409.0	3364.0	4093.0	2068.0	4093.0
2094.0	1411.0	3396.0	4092.0	2068.0	4092.0
2095.0	1412.0	3388.0	4092.0	2067.0	4092.0
2096.0	1411.0	3346.0	4092.0	2068.0	4092.0
2095.0	1410.0	3357.0	4093.0	2069.0	4093.0
2094.0	1409.0	3387.0	4093.0	2068.0	4093.0
2094.0	1411.0	3379.0	4093.0	2068.0	4093.0
2095.0	1410.0	3383.0	4092.0	2070.0	4092.0
2093.0	1411.0	3387.0	4093.0	2063.0	4093.0
2096.0	1409.0	3373.0	4092.0	2068.0	4092.0
2094.0	1410.0	3382.0	4093.0	2068.0	4093.0
2095.0	1411.0	3370.0	4093.0	2069.0	4093.0
2092.0	1411.0	3367.0	4093.0	2068.0	4093.0
2098.0	1411.0	3376.0	4093.0	2069.0	4093.0
2092.0	1410.0	3366.0	4093.0	2068.0	4093.0
2093.0	1409.0	3357.0	4093.0	2067.0	4093.0
2094.0	1419.0	3356.0	4093.0	2068.0	4093.0
2092.0	1411.0	3383.0	4093.0	2068.0	4093.0
2095.0	1412.0	3383.0	4093.0	2069.0	4093.0
2095.0	1410.0	3370.0	4071.0	2068.0	4071.0
2095.0	1411.0	3385.0	4094.0	2069.0	4094.0
2094.0	1411.0	3367.0	4093.0	2068.0	4093.0
2094.0	1411.0	3387.0	4093.0	2067.0	4093.0
2092.0	1411.0	3370.0	4094.0	2069.0	4094.0
2095.0	1409.0	3367.0	4093.0	2068.0	4093.0
2094.0	1411.0	3371.0	4093.0	2069.0	4093.0
2095.0	1410.0	3394.0	4093.0	2070.0	4093.0
2094.0	1411.0	3360.0	4093.0	2068.0	4093.0
2093.0	1411.0	3376.0	4092.0	2068.0	4092.0
2094.0	1409.0	3400.0	4092.0	2068.0	4092.0
2106.0	1409.0	3392.0	4092.0	2069.0	4092.0
2098.0	1408.0	3383.0	4093.0	2069.0	4093.0
2093.0	1411.0	3402.0	4093.0	2068.0	4093.0
2094.0	1418.0	3365.0	4093.0	2068.0	4093.0
2093.0	1407.0	3385.0	4093.0	2069.0	4093.0
2096.0	1411.0	3414.0	4093.0	2069.0	4093.0
2094.0	1411.0	3373.0	4093.0	2069.0	4093.0
2095.0	1410.0	3386.0	4093.0	2068.0	4093.0
2094.0	1408.0	3371.0	4092.0	2069.0	4092.0
2095.0	1409.0	3412.0	4092.0	2068.0	4092.0
2094.0	1411.0	3386.0	4092.0	2068.0	4092.0
2093.0	1412.0	3381.0	4093.0	2068.0	4093.0
2095.0	1410.0	3386.0	4094.0	2068.0	4094.0
2096.0	1410.0	3380.0	4092.0	2069.0	4092.0
2090.0	1412.0	3382.0	4092.0	2068.0	4092.0
2095.0	1411.0	3371.0	4093.0	2068.0	4093.0
2095.0	1411.0	3383.0	4095.0	2068.0	4095.0
2091.0	1411.0	3405.0	4093.0	2069.0	4093.0
2097.0	1411.0	3361.0	4092.0	2068.0	4092.0
2096.0	1413.0	3355.0	4092.0	2067.0	4092.0
2093.0	1405.0	3387.0	4093.0	2068.0	4093.0
2095.0	1416.0	3356.0	4092.0	2068.0	4092.0
2094.0	1412.0	3357.0	4092.0	2069.0	4092.0
2095.0	1409.0	3388.0	4093.0	2069.0	4093.0
2094.0	1411.0	3369.0	4093.0	2064.0	4093.0
2095.0	1410.0	3396.0	4093.0	2067.0	4093.0
2096.0	1410.0	3380.0	4093.0	2067.0	4093.0
2096.0	1411.0	3390.0	4094.0	2069.0	4094.0
2094.0	1411.0	3391.0	4094.0	2068.0	4094.0
2095.0	1412.0	3353.0	4093.0	2068.0	4093.0
2094.0	1410.0	3388.0	4092.0	2069.0	4092.0
2095.0	1411.0	3380.0	4092.0	2070.0	4092.0
2096.0	1412.0	3383.0	4092.0	2067.0	4092.0
2094.0	1409.0	3366.0	4092.0	2068.0	4092.0
2093.0	1411.0	3390.0	4093.0	2068.0	4093.0
2098.0	1411.0	3387.0	4093.0	2070.0	4093.0
2097.0	1410.0	3376.0	4093.0	2069.0	4093.0
2094.0	1409.0	3372.0	4093.0	2068.0	4093.0
2095.0	1408.0	3395.0	4094.0	2070.0	4094.0
2094.0	1410.0	3372.0	4092.0	2068.0	4092.0
2094.0	1410.0	3380.0	4093.0	2069.0	4093.0
2094.0	1411.0	3369.0	4092.0	2068.0	4092.0
2094.0	1409.0	3390.0	4092.0	2067.0	4092.0
2094.0	1411.0	3359.0	4094.0	2067.0	4094.0
2095.0	1411.0	3351.0	4092.0	2068.0	4092.0
2092.0	1410.0	3381.0	4092.0	2067.0	4092.0
2094.0	1411.0	3402.0	4094.0	2067.0	4094.0
2094.0	1410.0	3388.0	4094.0	2068.0	4094.0
2094.0	1411.0	3404.0	4093.0	2068.0	4093.0
2094.0	1410.0	3372.0	4093.0	2069.0	4093.0
2093.0	1412.0	3385.0	4092.0	2068.0	4092.0
2106.0	1411.0	3395.0	4094.0	2069.0	4094.0
2092.0	1410.0	3378.0	4093.0	2068.0	4093.0
2095.0	1411.0	3383.0	4093.0	2067.0	4093.0
2094.0	1411.0	3348.0	4093.0	2069.0	4093.0
2094.0	1412.0	3370.0	4093.0	2070.0	4093.0
2094.0	1410.0	3346.0	4093.0	2068.0	4093.0
2098.0	1411.0	3375.0	4092.0	2067.0	4092.0
2096.0	1409.0	3356.0	4092.0	2068.0	4092.0
2094.0	1411.0	3384.0	4093.0	2067.0	4093.0
2096.0	1410.0	3385.0	4094.0	2069.0	4094.0
2093.0	1410.0	3381.0	4093.0	2068.0	4093.0
2095.0	1412.0	3339.0	4094.0	2069.0	4094.0
2092.0	1411.0	3368.0	4093.0	2069.0	4093.0
2093.0	1410.0	3392.0	4093.0	2068.0	4093.0
2092.0	1412.0	3376.0	4093.0	2069.0	4093.0
2094.0	1410.0	3366.0	4092.0	2068.0	4092.0
2097.0	1410.0	3372.0	4093.0	2069.0	4093.0
2095.0	1410.0	3392.0	4093.0	2069.0	4093.0
2097.0	1412.0	3375.0	4092.0	2068.0	4092.0
2094.0	1415.0	3368.0	4093.0	2068.0	4093.0
2094.0	1408.0	3358.0	4093.0	2069.0	4093.0
2094.0	1408.0	3361.0	4093.0	2069.0	4093.0
2094.0	1410.0	3369.0	4093.0	2067.0	4093.0
2094.0	1410.0	3357.0	4082.0	2069.0	4082.0
2095.0	1411.0	3385.0	4093.0	2068.0	4093.0
2097.0	1410.0	3369.0	4092.0	2068.0	4092.0
2095.0	1411.0	3393.0	4093.0	2068.0	4093.0
2094.0	1411.0	3375.0	4094.0	2069.0	4094.0
2095.0	1413.0	3379.0	4092.0	2068.0	4092.0
2096.0	1412.0	3385.0	4093.0	2069.0	4093.0
2094.0	1410.0	3390.0	4093.0	2068.0	4093.0
2096.0	1410.0	3376.0	4093.0	2068.0	4093.0
2098.0	1410.0	3394.0	4090.0	2069.0	4090.0
2094.0	1410.0	3367.0	4093.0	2067.0	4093.0
2095.0	1412.0	3364.0	4092.0	2068.0	4092.0
2095.0	1410.0	3409.0	4092.0	2068.0	4092.0
2095.0	1408.0	3375.0	4093.0	2067.0	4093.0
2094.0	1409.0	3405.0	4092.0	2064.0	4092.0
2095.0	1410.0	3388.0	4094.0	2069.0	4094.0
2094.0	1409.0	3362.0	4093.0	2068.0	4093.0
2094.0	1412.0	3354.0	4094.0	2068.0	4094.0
2094.0	1410.0	3386.0	4092.0	2069.0	4092.0
2092.0	1411.0	3393.0	4093.0	2069.0	4093.0
2094.0	1410.0	3376.0	4093.0	2069.0	4093.0
2094.0	1408.0	3357.0	4093.0	2068.0	4093.0
2093.0	1411.0	3367.0	4093.0	2067.0	4093.0
2094.0	1412.0	3390.0	4093.0	2069.0	4093.0
2093.0	1409.0	3377.0	4093.0	2064.0	4093.0
2096.0	1411.0	3400.0	4094.0	2068.0	4094.0
2096.0	1411.0	3373.0	4092.0	2068.0	4092.0
2093.0	1405.0	3383.0	4092.0	2068.0	4092.0
2096.0	1408.0	3384.0	4094.0	2069.0	4094.0
2095.0	1412.0	3394.0	4093.0	2069.0	4093.0
2096.0	1410.0	3372.0	4092.0	2068.0	4092.0
2094.0	1412.0	3373.0	4093.0	2068.0	4093.0
2094.0	1410.0	3372.0	4092.0	2067.0	4092.0
2095.0	1411.0	3382.0	4094.0	2066.0	4094.0
2094.0	1412.0	3370.0	4093.0	2069.0	4093.0
2096.0	1409.0	3349.0	4093.0	2069.0	4093.0
2094.0	1410.0	3351.0	4093.0	2067.0	4093.0
2096.0	1410.0	3400.0	4092.0	2068.0	4092.0
2094.0	1410.0	3365.0	4092.0	2070.0	4092.0
2092.0	1412.0	3394.0	4093.0	2068.0	4093.0
2097.0	1412.0	3383.0	4093.0	2068.0	4093.0
2107.0	1409.0	3361.0	4092.0	2068.0	4092.0
2092.0	1409.0	3391.0	4094.0	2069.0	4094.0
2096.0	1408.0	3361.0	4092.0	2069.0	4092.0
2097.0	1408.0	3368.0	4093.0	2068.0	4093.0
2096.0	1412.0	3352.0	4093.0	2069.0	4093.0
2096.0	1408.0	3380.0	4093.0	2069.0	4093.0
2094.0	1409.0	3405.0	4094.0	2069.0	4094.0
2094.0	1410.0	3355.0	4093.0	2069.0	4093.0
2094.0	1411.0	3371.0	4093.0	2069.0	4093.0
2095.0	1411.0	3389.0	4092.0	2070.0	4092.0
2093.0	1411.0	3378.0	4092.0	2065.0	4092.0
2097.0	1410.0	3369.0	4093.0	2069.0	4093.0
2095.0	1411.0	3409.0	4093.0	2068.0	4093.0
2089.0	1411.0	3363.0	4092.0	2067.0	4092.0
2094.0	1410.0	3366.0	4092.0	2068.0	4092.0
2094.0	1411.0	3370.0	4092.0	2069.0	4092.0
2092.0	1409.0	3369.0	4086.0	2069.0	4086.0
2096.0	1411.0	3377.0	4077.0	2069.0	4077.0
2094.0	1408.0	3390.0	4069.0	2068.0	4069.0
2095.0	1413.0	3397.0	4058.0	2068.0	4058.0
2095.0	1412.0	3360.0	4006.0	2068.0	4006.0
2096.0	1414.0	3378.0	3943.0	2069.0	3943.0
2095.0	1410.0	3374.0	3872.0	2069.0	3872.0
2094.0	1411.0	3373.0	3800.0	2068.0	3800.0
2095.0	1410.0	3370.0	3717.0	2068.0	3717.0
2096.0	1411.0	3363.0	3626.0	2069.0	3626.0
2094.0	1410.0	3377.0	3515.0	2068.0	3515.0
2094.0	1410.0	3369.0	3388.0	2068.0	3388.0
2095.0	1409.0	3379.0	3253.0	2068.0	3253.0
2094.0	1411.0	3400.0	3098.0	2067.0	3098.0
2093.0	1407.0	3374.0	2898.0	2067.0	2898.0
2090.0	1411.0	3334.0	2659.0	2068.0	2659.0
2094.0	1411.0	3358.0	2428.0	2068.0	2428.0
2095.0	1409.0	3325.0	2240.0	2068.0	2240.0
2095.0	1410.0	3311.0	2115.0	2068.0	2115.0
2093.0	1411.0	3315.0	2041.0	2070.0	2041.0
2091.0	1412.0	3282.0	1997.0	2069.0	1997.0
2094.0	1410.0	3316.0	1973.0	2068.0	1973.0
2096.0	1411.0	3257.0	1956.0	2067.0	1956.0
2094.0	1410.0	3228.0	1949.0	2069.0	1949.0
2095.0	1409.0	3173.0	1942.0	2068.0	1942.0
2093.0	1411.0	3196.0	1934.0	2069.0	1934.0
2093.0	1410.0	3171.0	1919.0	2069.0	1919.0
2096.0	1409.0	3157.0	1903.0	2068.0	1903.0
2095.0	1408.0	3112.0	1896.0	2069.0	1896.0
2094.0	1410.0	3127.0	1875.0	2068.0	1875.0
2093.0	1411.0	3095.0	1863.0	2068.0	1863.0
2095.0	1409.0	3089.0	1839.0	2068.0	1839.0
2098.0	1411.0	3049.0	1825.0	2068.0	1825.0
2096.0	1406.0	3003.0	1805.0	2068.0	1805.0
2096.0	1410.0	3008.0	1784.0	2068.0	1784.0
2094.0	1411.0	2975.0	1766.0	2068.0	1766.0
2095.0	1410.0	2980.0	1746.0	2068.0	1746.0
2099.0	1411.0	2938.0	1735.0	2069.0	1735.0
2095.0	1410.0	2856.0	1727.0	2064.0	1727.0
2097.0	1409.0	2850.0	1718.0	2069.0	1718.0
2095.0	1385.0	2818.0	1714.0	2068.0	1714.0
2093.0	1412.0	2771.0	1705.0	2069.0	1705.0
2095.0	1406.0	2727.0	1693.0	2069.0	1693.0
2096.0	1412.0	2664.0	1684.0	2069.0	1684.0
2094.0	1409.0	2681.0	1678.0	2068.0	1678.0
2096.0	1420.0	2658.0	1674.0	2068.0	1674.0
2095.0	1412.0	2608.0	1671.0	2068.0	1671.0
2094.0	1411.0	2573.0	1667.0	2069.0	1667.0
2095.0	1410.0	2543.0	1667.0	2069.0	1667.0
2096.0	1410.0	2481.0	1665.0	2068.0	1665.0
2096.0	1410.0	2440.0	1664.0	2069.0	1664.0
2096.0	1411.0	2438.0	1663.0	2068.0	1663.0
2094.0	1411.0	2395.0	1664.0	2067.0	1664.0
2095.0	1408.0	2343.0	1664.0	2068.0	1664.0
2094.0	1410.0	2284.0	1664.0	2068.0	1664.0
2093.0	1409.0	2256.0	1665.0	2069.0	1665.0
2093.0	1410.0	2272.0	1664.0	2068.0	1664.0
2095.0	1414.0	2238.0	1665.0	2069.0	1665.0
2094.0	1410.0	2172.0	1664.0	2068.0	1664.0
2094.0	1411.0	2164.0	1666.0	2068.0	1666.0
2094.0	1407.0	2160.0	1666.0	2068.0	1666.0
2094.0	1410.0	2119.0	1664.0	2068.0	1664.0
2094.0	1410.0	2073.0	1666.0	2069.0	1666.0
2094.0	1412.0	2070.0	1665.0	2067.0	1665.0
2094.0	1412.0	2054.0	1666.0	2069.0	1666.0
2095.0	1410.0	2042.0	1665.0	2067.0	1665.0
2094.0	1412.0	2041.0	1667.0	2068.0	1667.0
2096.0	1411.0	2037.0	1665.0	2068.0	1665.0
2094.0	1411.0	2031.0	1667.0	2068.0	1667.0
2096.0	1411.0	2011.0	1666.0	2067.0	1666.0
2094.0	1412.0	2029.0	1667.0	2069.0	1667.0
2096.0	1413.0	2008.0	1669.0	2068.0	1669.0
2094.0	1411.0	2012.0	1669.0	2068.0	1669.0
2093.0	1410.0	2015.0	1669.0	2068.0	1669.0
2097.0	1408.0	2004.0	1679.0	2070.0	1679.0
2095.0	1410.0	1996.0	1709.0	2067.0	1709.0
2094.0	1398.0	2010.0	1752.0	2069.0	1752.0
2093.0	1410.0	2001.0	1802.0	2069.0	1802.0
2094.0	1412.0	2012.0	1859.0	2068.0	1859.0
2094.0	1412.0	2015.0	1925.0	2068.0	1925.0
2095.0	1410.0	2019.0	2027.0	2068.0	2027.0
2098.0	1408.0	2027.0	2120.0	2068.0	2120.0
2093.0	1411.0	2052.0	2208.0	2068.0	2208.0
2093.0	1413.0	2050.0	2265.0	2068.0	2265.0
2093.0	1410.0	2064.0	2320.0	2068.0	2320.0
2095.0	1410.0	2068.0	2361.0	2070.0	2361.0
2094.0	1409.0	2109.0	2409.0	2068.0	2409.0
2093.0	1412.0	2152.0	2441.0	2068.0	2441.0
2092.0	1409.0	2150.0	2462.0	2068.0	2462.0
2093.0	1412.0	2167.0	2477.0	2069.0	2477.0
2094.0	1411.0	2231.0	2489.0	2069.0	2489.0
2093.0	1411.0	2272.0	2494.0	2068.0	2494.0
2095.0	1411.0	2267.0	2495.0	2068.0	2495.0
2092.0	1410.0	2263.0	2497.0	2069.0	2497.0
2095.0	1407.0	2312.0	2496.0	2068.0	2496.0
2095.0	1410.0	2371.0	2498.0	2068.0	2498.0
2095.0	1411.0	2411.0	2499.0	2068.0	2499.0
2093.0	1411.0	2439.0	2499.0	2069.0	2499.0
2093.0	1410.0	2451.0	2501.0	2068.0	2501.0
2094.0	1416.0	2490.0	2503.0	2067.0	2503.0
2095.0	1410.0	2539.0	2508.0	2068.0	2508.0
2092.0	1412.0	2554.0	2519.0	2069.0	2519.0
2095.0	1410.0	2595.0	2538.0	2068.0	2538.0
2095.0	1413.0	2595.0	2559.0	2068.0	2559.0
2094.0	1411.0	2598.0	2572.0	2068.0	2572.0
2094.0	1412.0	2611.0	2581.0	2068.0	2581.0
2093.0	1409.0	2630.0	2586.0	2067.0	2586.0
2096.0	1412.0	2649.0	2587.0	2069.0	2587.0
2094.0	1411.0	2657.0	2587.0	2069.0	2587.0
2097.0	1411.0	2665.0	2587.0	2068.0	2587.0
2094.0	1411.0	2678.0	2587.0	2068.0	2587.0
2095.0	1413.0	2674.0	2586.0	2067.0	2586.0
2094.0	1414.0	2669.0	2587.0	2067.0	2587.0
2093.0	1410.0	2675.0	2587.0	2069.0	2587.0
2093.0	1409.0	2709.0	2586.0	2068.0	2586.0
2094.0	1412.0	2690.0	2587.0	2069.0	2587.0
2096.0	1410.0	2689.0	2587.0	2068.0	2587.0
2096.0	1411.0	2695.0	2587.0	2070.0	2587.0
2094.0	1409.0	2709.0	2587.0	2069.0	2587.0
2096.0	1412.0	2674.0	2587.0	2067.0	2587.0
2094.0	1409.0	2684.0	2587.0	2068.0	2587.0
2093.0	1412.0	2685.0	2587.0	2068.0	2587.0
2094.0	1410.0	2681.0	2587.0	2069.0	2587.0
2095.0	1416.0	2690.0	2587.0	2068.0	2587.0
2095.0	1412.0	2691.0	2586.0	2069.0	2586.0
2095.0	1411.0	2692.0	2587.0	2069.0	2587.0
2094.0	1410.0	2694.0	2588.0	2068.0	2588.0
2095.0	1414.0	2704.0	2587.0	2068.0	2587.0
2094.0	1411.0	2673.0	2587.0	2068.0	2587.0
2094.0	1409.0	2697.0	2585.0	2069.0	2585.0
2092.0	1411.0	2696.0	2587.0	2068.0	2587.0
2095.0	1409.0	2694.0	2587.0	2068.0	2587.0
2096.0	1411.0	2671.0	2587.0	2069.0	2587.0
2094.0	1410.0	2674.0	2587.0	2068.0	2587.0
2096.0	1411.0	2693.0	2586.0	2068.0	2586.0
2095.0	1410.0	2673.0	2586.0	2069.0	2586.0
2093.0	1413.0	2697.0	2582.0	2069.0	2582.0
2094.0	1410.0	2674.0	2586.0	2067.0	2586.0
2095.0	1412.0	2685.0	2586.0	2068.0	2586.0
2095.0	1410.0	2691.0	2587.0	2068.0	2587.0
2095.0	1410.0	2683.0	2586.0	2068.0	2586.0
2094.0	1413.0	2696.0	2586.0	2068.0	2586.0
2093.0	1411.0	2680.0	2586.0	2069.0	2586.0
2091.0	1408.0	2688.0	2586.0	2067.0	2586.0
2096.0	1410.0	2691.0	2586.0	2070.0	2586.0
2094.0	1412.0	2695.0	2586.0	2073.0	2586.0
2095.0	1412.0	2697.0	2586.0	2069.0	2586.0
2100.0	1409.0	2674.0	2584.0	2068.0	2584.0
2092.0	1414.0	2694.0	2584.0	2069.0	2584.0
2092.0	1411.0	2694.0	2584.0	2069.0	2584.0
2095.0	1411.0	2679.0	2580.0	2068.0	2580.0
2098.0	1410.0	2693.0	2570.0	2068.0	2570.0
2095.0	1413.0	2691.0	2546.0	2067.0	2546.0
2093.0	1410.0	2677.0	2516.0	2069.0	2516.0
2093.0	1411.0	2670.0	2503.0	2068.0	2503.0
2102.0	1412.0	2691.0	2496.0	2068.0	2496.0
2095.0	1412.0	2676.0	2485.0	2069.0	2485.0
2096.0	1410.0	2716.0	2458.0	2068.0	2458.0
2094.0	1410.0	2690.0	2441.0	2068.0	2441.0
2098.0	1411.0	2679.0	2431.0	2068.0	2431.0
2093.0	1412.0	2664.0	2426.0	2069.0	2426.0
2095.0	1412.0	2677.0	2424.0	2068.0	2424.0
2095.0	1410.0	2655.0	2423.0	2068.0	2423.0
2099.0	1411.0	2629.0	2423.0	2068.0	2423.0
2095.0	1409.0	2620.0	2422.0	2068.0	2422.0
2097.0	1412.0	2615.0	2418.0	2069.0	2418.0
2096.0	1411.0	2586.0	2423.0	2069.0	2423.0
2098.0	1410.0	2596.0	2423.0	2068.0	2423.0
2096.0	1411.0	2592.0	2422.0	2069.0	2422.0
2095.0	1410.0	2579.0	2422.0	2069.0	2422.0
2096.0	1409.0	2576.0	2422.0	2068.0	2422.0
2095.0	1409.0	2600.0	2421.0	2068.0	2421.0
2094.0	1411.0	2593.0	2421.0	2069.0	2421.0
2093.0	1410.0	2584.0	2421.0	2065.0	2421.0
2095.0	1411.0	2592.0	2420.0	2069.0	2420.0
2097.0	1410.0	2600.0	2421.0	2068.0	2421.0
2094.0	1410.0	2585.0	2421.0	2068.0	2421.0
2096.0	1412.0	2578.0	2420.0	2067.0	2420.0
2093.0	1410.0	2578.0	2420.0	2064.0	2420.0
2094.0	1408.0	2571.0	2420.0	2069.0	2420.0
2094.0	1412.0	2589.0	2420.0	2068.0	2420.0
2094.0	1411.0	2571.0	2422.0	2068.0	2422.0
2095.0	1412.0	2566.0	2419.0	2068.0	2419.0
2094.0	1407.0	2575.0	2419.0	2069.0	2419.0
2096.0	1410.0	2580.0	2420.0	2069.0	2420.0
2094.0	1409.0	2592.0	2419.0	2069.0	2419.0
2092.0	1411.0	2591.0	2418.0	2069.0	2418.0
2094.0	1409.0	2583.0	2418.0	2068.0	2418.0
2094.0	1411.0	2603.0	2426.0	2068.0	2426.0
2094.0	1411.0	2585.0	2416.0	2068.0	2416.0
2109.0	1410.0	2591.0	2417.0	2068.0	2417.0
2094.0	1411.0	2571.0	2416.0	2069.0	2416.0
2094.0	1411.0	2588.0	2415.0	2068.0	2415.0
2095.0	1409.0	2590.0	2416.0	2069.0	2416.0
2099.0	1410.0	2590.0	2416.0	2068.0	2416.0
2089.0	1408.0	2579.0	2416.0	2068.0	2416.0
2094.0	1410.0	2581.0	2416.0	2070.0	2416.0
2097.0	1411.0	2587.0	2415.0	2067.0	2415.0
2097.0	1410.0	2566.0	2415.0	2068.0	2415.0
2094.0	1409.0	2578.0	2415.0	2069.0	2415.0
2095.0	1412.0	2577.0	2414.0	2068.0	2414.0
2093.0	1411.0	2575.0	2415.0	2067.0	2415.0
2096.0	1425.0	2573.0	2415.0	2069.0	2415.0
2096.0	1411.0	2576.0	2414.0	2068.0	2414.0
2096.0	1410.0	2586.0	2414.0	2068.0	2414.0
2094.0	1411.0	2585.0	2415.0	2068.0	2415.0
2093.0	1412.0	2578.0	2415.0	2069.0	2415.0
2094.0	1411.0	2576.0	2415.0	2068.0	2415.0
2095.0	1410.0	2584.0	2415.0	2069.0	2415.0
2093.0	1410.0	2585.0	2415.0	2075.0	2415.0
2095.0	1411.0	2580.0	2415.0	2067.0	2415.0
2093.0	1410.0	2583.0	2414.0	2068.0	2414.0
2096.0	1409.0	2579.0	2414.0	2069.0	2414.0
2098.0	1409.0	2573.0	2413.0	2068.0	2413.0
2064.0	1416.0	2566.0	2415.0	2068.0	2415.0
2094.0	1410.0	2581.0	2415.0	2069.0	2415.0
2095.0	1410.0	2572.0	2414.0	2067.0	2414.0
2094.0	1409.0	2570.0	2415.0	2067.0	2415.0
2094.0	1410.0	2572.0	2415.0	2068.0	2415.0
2094.0	1410.0	2571.0	2414.0	2068.0	2414.0
2094.0	1410.0	2570.0	2415.0	2068.0	2415.0
2101.0	1409.0	2557.0	2414.0	2068.0	2414.0
2095.0	1411.0	2582.0	2415.0	2069.0	2415.0
2098.0	1410.0	2567.0	2415.0	2068.0	2415.0
2092.0	1413.0	2573.0	2414.0	2068.0	2414.0
2095.0	1410.0	2580.0	2415.0	2067.0	2415.0
2095.0	1411.0	2566.0	2414.0	2067.0	2414.0
2095.0	1411.0	2565.0	2415.0	2068.0	2415.0
2096.0	1410.0	2571.0	2415.0	2068.0	2415.0
2096.0	1418.0	2572.0	2414.0	2069.0	2414.0
2094.0	1411.0	2585.0	2414.0	2068.0	2414.0
2095.0	1410.0	2584.0	2415.0	2068.0	2415.0
2094.0	1410.0	2569.0	2415.0	2068.0	2415.0
2093.0	1415.0	2576.0	2415.0	2068.0	2415.0
2096.0	1410.0	2597.0	2414.0	2069.0	2414.0
2095.0	1410.0	2586.0	2415.0	2065.0	2415.0
2094.0	1411.0	2574.0	2414.0	2069.0	2414.0
2094.0	1409.0	2580.0	2414.0	2068.0	2414.0
2093.0	1411.0	2581.0	2415.0	2069.0	2415.0
2093.0	1409.0	2586.0	2414.0	2069.0	2414.0
2096.0	1411.0	2568.0	2415.0	2067.0	2415.0
2095.0	1409.0	2571.0	2415.0	2068.0	2415.0
2096.0	1412.0	2580.0	2414.0	2069.0	2414.0
2093.0	1410.0	2584.0	2414.0	2068.0	2414.0
2096.0	1409.0	2585.0	2415.0	2069.0	2415.0
2094.0	1407.0	2570.0	2414.0	2068.0	2414.0
2095.0	1407.0	2577.0	2414.0	2068.0	2414.0
2094.0	1411.0	2586.0	2414.0	2068.0	2414.0
2094.0	1408.0	2585.0	2413.0	2069.0	2413.0
2094.0	1411.0	2586.0	2415.0	2068.0	2415.0
2094.0	1410.0	2567.0	2415.0	2069.0	2415.0
2094.0	1411.0	2574.0	2415.0	2069.0	2415.0
2095.0	1413.0	2576.0	2414.0	2067.0	2414.0
2094.0	1409.0	2574.0	2415.0	2068.0	2415.0
2095.0	1412.0	2579.0	2414.0	2068.0	2414.0
2093.0	1411.0	2574.0	2414.0	2068.0	2414.0
2095.0	1414.0	2590.0	2415.0	2069.0	2415.0
2095.0	1409.0	2577.0	2414.0	2068.0	2414.0
2096.0	1409.0	2574.0	2416.0	2069.0	2416.0
2094.0	1410.0	2566.0	2415.0	2068.0	2415.0
2097.0	1412.0	2566.0	2414.0	2069.0	2414.0
2094.0	1410.0	2584.0	2415.0	2068.0	2415.0
2095.0	1410.0	2581.0	2414.0	2069.0	2414.0
2097.0	1409.0	2572.0	2415.0	2070.0	2415.0
2096.0	1410.0	2587.0	2414.0	2068.0	2414.0
2094.0	1411.0	2586.0	2415.0	2069.0	2415.0
2094.0	1410.0	2590.0	2414.0	2069.0	2414.0
2091.0	1412.0	2585.0	2414.0	2067.0	2414.0
2093.0	1411.0	2572.0	2414.0	2067.0	2414.0
2094.0	1410.0	2577.0	2416.0	2068.0	2416.0
2094.0	1411.0	2580.0	2414.0	2069.0	2414.0
2095.0	1408.0	2571.0	2415.0	2069.0	2415.0
2096.0	1410.0	2572.0	2415.0	2068.0	2415.0
2095.0	1412.0	2586.0	2415.0	2069.0	2415.0
2094.0	1408.0	2563.0	2414.0	2068.0	2414.0
2094.0	1425.0	2569.0	2415.0	2068.0	2415.0
2094.0	1410.0	2579.0	2415.0	2069.0	2415.0
2094.0	1407.0	2584.0	2415.0	2067.0	2415.0
2092.0	1410.0	2570.0	2415.0	2068.0	2415.0
2096.0	1407.0	2575.0	2412.0	2068.0	2412.0
2094.0	1411.0	2572.0	2442.0	2067.0	2442.0
2093.0	1410.0	2584.0	2414.0	2069.0	2414.0
2092.0	1408.0	2585.0	2414.0	2068.0	2414.0
2095.0	1402.0	2567.0	2416.0	2069.0	2416.0
2094.0	1411.0	2579.0	2415.0	2069.0	2415.0
2094.0	1412.0	2567.0	2415.0	2068.0	2415.0
2095.0	1409.0	2569.0	2414.0	2067.0	2414.0
2095.0	1410.0	2557.0	2415.0	2069.0	2415.0
2093.0	1410.0	2584.0	2415.0	2069.0	2415.0
2094.0	1410.0	2585.0	2415.0	2068.0	2415.0
2093.0	1409.0	2581.0	2417.0	2069.0	2417.0
2095.0	1411.0	2581.0	2415.0	2069.0	2415.0
2095.0	1410.0	2573.0	2414.0	2067.0	2414.0
2095.0	1410.0	2560.0	2415.0	2068.0	2415.0
2095.0	1425.0	2557.0	2415.0	2069.0	2415.0
2094.0	1411.0	2579.0	2416.0	2068.0	2416.0
2095.0	1411.0	2566.0	2415.0	2068.0	2415.0
2094.0	1412.0	2582.0	2415.0	2068.0	2415.0
2097.0	1408.0	2571.0	2414.0	2069.0	2414.0
2094.0	1410.0	2576.0	2414.0	2068.0	2414.0
2094.0	1411.0	2557.0	2413.0	2068.0	2413.0
2088.0	1411.0	2581.0	2414.0	2068.0	2414.0
2094.0	1411.0	2584.0	2414.0	2068.0	2414.0
2096.0	1409.0	2582.0	2414.0	2069.0	2414.0
2093.0	1410.0	2569.0	2414.0	2068.0	2414.0
2101.0	1410.0	2586.0	2414.0	2069.0	2414.0
2094.0	1410.0	2564.0	2414.0	2068.0	2414.0
2095.0	1410.0	2569.0	2413.0	2069.0	2413.0
2094.0	1409.0	2571.0	2416.0	2069.0	2416.0
2095.0	1408.0	2560.0	2415.0	2069.0	2415.0
2097.0	1412.0	2579.0	2414.0	2068.0	2414.0
2094.0	1413.0	2577.0	2414.0	2068.0	2414.0
2094.0	1410.0	2579.0	2415.0	2068.0	2415.0
2095.0	1410.0	2573.0	2414.0	2068.0	2414.0
2096.0	1411.0	2569.0	2415.0	2069.0	2415.0
2095.0	1413.0	2583.0	2415.0	2068.0	2415.0
2095.0	1410.0	2583.0	2414.0	2069.0	2414.0
2094.0	1416.0	2563.0	2415.0	2069.0	2415.0
2096.0	1411.0	2573.0	2415.0	2069.0	2415.0
2095.0	1412.0	2580.0	2415.0	2069.0	2415.0
2096.0	1411.0	2573.0	2415.0	2069.0	2415.0
2094.0	1411.0	2590.0	2415.0	2069.0	2415.0
2095.0	1409.0	2577.0	2423.0	2069.0	2423.0
2094.0	1411.0	2569.0	2412.0	2069.0	2412.0
2099.0	1411.0	2567.0	2414.0	2068.0	2414.0
2094.0	1409.0	2589.0	2414.0	2069.0	2414.0
2093.0	1410.0	2594.0	2415.0	2069.0	2415.0
2095.0	1410.0	2575.0	2415.0	2069.0	2415.0
2097.0	1409.0	2574.0	2415.0	2069.0	2415.0
2094.0	1411.0	2571.0	2415.0	2070.0	2415.0
2095.0	1410.0	2575.0	2414.0	2069.0	2414.0
2096.0	1412.0	2582.0	2414.0	2069.0	2414.0
2097.0	1426.0	2580.0	2415.0	2069.0	2415.0
2094.0	1412.0	2567.0	2414.0	2069.0	2414.0
2096.0	1411.0	2576.0	2414.0	2071.0	2414.0
2093.0	1411.0	2578.0	2415.0	2072.0	2415.0
2095.0	1409.0	2565.0	2415.0	2076.0	2415.0
2094.0	1408.0	2555.0	2414.0	2096.0	2414.0
2096.0	1411.0	2572.0	2414.0	2136.0	2414.0
2089.0	1412.0	2567.0	2415.0	2172.0	2415.0
2094.0	1411.0	2565.0	2414.0	2212.0	2414.0
2095.0	1410.0	2582.0	2414.0	2263.0	2414.0
2095.0	1412.0	2559.0	2415.0	2324.0	2415.0
2097.0	1410.0	2608.0	2415.0	2382.0	2415.0
2094.0	1407.0	2638.0	2414.0	2437.0	2414.0
2096.0	1410.0	2640.0	2413.0	2487.0	2413.0
2095.0	1410.0	2648.0	2413.0	2526.0	2413.0
2104.0	1411.0	2656.0	2414.0	2557.0	2414.0
2093.0	1418.0	2704.0	2416.0	2601.0	2416.0
2094.0	1408.0	2756.0	2415.0	2642.0	2415.0
2095.0	1410.0	2807.0	2414.0	2677.0	2414.0
2093.0	1409.0	2823.0	2417.0	2712.0	2417.0
2096.0	1411.0	2832.0	2412.0	2746.0	2412.0
2094.0	1409.0	2836.0	2414.0	2792.0	2414.0
2094.0	1411.0	2885.0	2414.0	2866.0	2414.0
2095.0	1411.0	2917.0	2414.0	2947.0	2414.0
2093.0	1411.0	2951.0	2415.0	3021.0	2415.0
2095.0	1411.0	2959.0	2414.0	3088.0	2414.0
2093.0	1407.0	2985.0	2414.0	3142.0	2414.0
2095.0	1409.0	3013.0	2415.0	3196.0	2415.0
2097.0	1409.0	3054.0	2414.0	3243.0	2414.0
2093.0	1411.0	3082.0	2415.0	3283.0	2415.0
2093.0	1411.0	3117.0	2415.0	3308.0	2415.0
2094.0	1408.0	3141.0	2414.0	3337.0	2414.0
2095.0	1412.0	3173.0	2415.0	3349.0	2415.0
2094.0	1410.0	3202.0	2414.0	3361.0	2414.0
2095.0	1410.0	3232.0	2414.0	3388.0	2414.0
2093.0	1412.0	3251.0	2415.0	3421.0	2415.0
2093.0	1410.0	3264.0	2415.0	3438.0	2415.0
2095.0	1410.0	3273.0	2414.0	3443.0	2414.0
2093.0	1412.0	3290.0	2415.0	3446.0	2415.0
2095.0	1408.0	3301.0	2415.0	3448.0	2415.0
2094.0	1408.0	3307.0	2415.0	3448.0	2415.0
2120.0	1414.0	3311.0	2415.0	3447.0	2415.0
2095.0	1404.0	3316.0	2416.0	3448.0	2416.0
2096.0	1412.0	3318.0	2414.0	3448.0	2414.0
2094.0	1411.0	3320.0	2413.0	3450.0	2413.0
2094.0	1411.0	3313.0	2414.0	3448.0	2414.0
2094.0	1409.0	3319.0	2414.0	3449.0	2414.0
2094.0	1410.0	3318.0	2415.0	3434.0	2415.0
2090.0	1410.0	3322.0	2415.0	3447.0	2415.0
2096.0	1410.0	3314.0	2415.0	3445.0	2415.0
2093.0	1417.0	3319.0	2415.0	3443.0	2415.0
2094.0	1414.0	3324.0	2415.0	3443.0	2415.0
2093.0	1409.0	3313.0	2415.0	3437.0	2415.0
2094.0	1410.0	3320.0	2415.0	3419.0	2415.0
2097.0	1412.0	3319.0	2417.0	3384.0	2417.0
2094.0	1410.0	3319.0	2414.0	3358.0	2414.0
2095.0	1410.0	3316.0	2414.0	3336.0	2414.0
2092.0	1412.0	3315.0	2414.0	3308.0	2414.0
2090.0	1412.0	3313.0	2415.0	3283.0	2415.0
2093.0	1415.0	3305.0	2416.0	3255.0	2416.0
2095.0	1412.0	3305.0	2414.0	3243.0	2414.0
2097.0	1410.0	3286.0	2414.0	3229.0	2414.0
2093.0	1411.0	3273.0	2415.0	3205.0	2415.0
2096.0	1411.0	3277.0	2415.0	3158.0	2415.0
2094.0	1411.0	3255.0	2414.0	3109.0	2414.0
2094.0	1410.0	3255.0	2414.0	3047.0	2414.0
2094.0	1409.0	3250.0	2414.0	2986.0	2414.0
2096.0	1413.0	3238.0	2415.0	2927.0	2415.0
2096.0	1410.0	3227.0	2415.0	2847.0	2415.0
2095.0	1412.0	3205.0	2414.0	2742.0	2414.0
2095.0	1411.0	3175.0	2415.0	2627.0	2415.0
2093.0	1410.0	3153.0	2414.0	2512.0	2414.0
2096.0	1411.0	3113.0	2414.0	2410.0	2414.0
2094.0	1412.0	3094.0	2414.0	2321.0	2414.0
2095.0	1411.0	3061.0	2414.0	2245.0	2414.0
2094.0	1412.0	2980.0	2415.0	2182.0	2415.0
2094.0	1411.0	2965.0	2415.0	2139.0	2415.0
2093.0	1410.0	2960.0	2415.0	2106.0	2415.0
2096.0	1418.0	2899.0	2414.0	2079.0	2414.0
2094.0	1411.0	2869.0	2415.0	2067.0	2415.0
2094.0	1412.0	2844.0	2415.0	2058.0	2415.0
2093.0	1412.0	2808.0	2414.0	2051.0	2414.0
2100.0	1412.0	2740.0	2414.0	2045.0	2414.0
2097.0	1409.0	2705.0	2416.0	2046.0	2416.0
2095.0	1409.0	2670.0	2414.0	2045.0	2414.0
2093.0	1411.0	2640.0	2416.0	2046.0	2416.0
2096.0	1412.0	2607.0	2414.0	2045.0	2414.0
2095.0	1412.0	2585.0	2415.0	2045.0	2415.0
2093.0	1411.0	2572.0	2415.0	2046.0	2415.0
2095.0	1409.0	2579.0	2414.0	2046.0	2414.0
2101.0	1410.0	2571.0	2415.0	2045.0	2415.0
2094.0	1410.0	2547.0	2415.0	2046.0	2415.0
2095.0	1409.0	2539.0	2414.0	2045.0	2414.0
2094.0	1411.0	2535.0	2415.0	2045.0	2415.0
2095.0	1410.0	2551.0	2414.0	2045.0	2414.0
2094.0	1411.0	2563.0	2415.0	2046.0	2415.0
2094.0	1411.0	2567.0	2414.0	2046.0	2414.0
2094.0	1410.0	2573.0	2415.0	2045.0	2415.0
2093.0	1407.0	2573.0	2416.0	2045.0	2416.0
2096.0	1411.0	2567.0	2415.0	2046.0	2415.0
2095.0	1410.0	2564.0	2414.0	2045.0	2414.0
2094.0	1412.0	2562.0	2414.0	2045.0	2414.0
2096.0	1417.0	2580.0	2415.0	2045.0	2415.0
2094.0	1413.0	2560.0	2414.0	2046.0	2414.0
2093.0	1411.0	2577.0	2415.0	2046.0	2415.0
2093.0	1409.0	2559.0	2415.0	2048.0	2415.0
2094.0	1407.0	2582.0	2414.0	2047.0	2414.0
2095.0	1410.0	2573.0	2414.0	2048.0	2414.0
2095.0	1412.0	2573.0	2415.0	2049.0	2415.0
2094.0	1412.0	2567.0	2415.0	2049.0	2415.0
2095.0	1413.0	2588.0	2414.0	2048.0	2414.0
2094.0	1412.0	2568.0	2416.0	2049.0	2416.0
2094.0	1409.0	2603.0	2414.0	2048.0	2414.0
2092.0	1410.0	2585.0	2415.0	2049.0	2415.0
2097.0	1412.0	2589.0	2415.0	2049.0	2415.0
2094.0	1411.0	2563.0	2414.0	2048.0	2414.0
2097.0	1410.0	2591.0	2415.0	2048.0	2415.0
2092.0	1412.0	2574.0	2415.0	2049.0	2415.0
2095.0	1406.0	2576.0	2415.0	2048.0	2415.0
2095.0	1410.0	2572.0	2415.0	2050.0	2415.0
2095.0	1409.0	2598.0	2415.0	2051.0	2415.0
2090.0	1410.0	2575.0	2415.0	2051.0	2415.0
2094.0	1412.0	2579.0	2415.0	2050.0	2415.0
2094.0	1412.0	2572.0	2392.0	2050.0	2392.0
2093.0	1412.0	2567.0	2414.0	2051.0	2414.0
2095.0	1411.0	2582.0	2414.0	2051.0	2414.0
2095.0	1409.0	2568.0	2415.0	2052.0	2415.0
2096.0	1410.0	2577.0	2415.0	2050.0	2415.0
2094.0	1411.0	2581.0	2416.0	2051.0	2416.0
2105.0	1409.0	2582.0	2415.0	2052.0	2415.0
2093.0	1411.0	2564.0	2415.0	2051.0	2415.0
2093.0	1409.0	2587.0	2415.0	2052.0	2415.0
2095.0	1409.0	2573.0	2415.0	2052.0	2415.0
2103.0	1409.0	2564.0	2415.0	2048.0	2415.0
2094.0	1411.0	2578.0	2415.0	2051.0	2415.0
2095.0	1410.0	2560.0	2415.0	2051.0	2415.0
2096.0	1411.0	2553.0	2415.0	2071.0	2415.0
2095.0	1411.0	2566.0	2415.0	2052.0	2415.0
2093.0	1409.0	2567.0	2415.0	2051.0	2415.0
2095.0	1410.0	2568.0	2415.0	2053.0	2415.0
2094.0	1412.0	2563.0	2415.0	2052.0	2415.0
2096.0	1410.0	2587.0	2415.0	2052.0	2415.0
2094.0	1410.0	2571.0	2415.0	2052.0	2415.0
2094.0	1411.0	2576.0	2414.0	2051.0	2414.0
2093.0	1410.0	2561.0	2414.0	2051.0	2414.0
2096.0	1417.0	2585.0	2415.0	2052.0	2415.0
2094.0	1410.0	2562.0	2415.0	2052.0	2415.0
2095.0	1411.0	2577.0	2414.0	2051.0	2414.0
2093.0	1413.0	2567.0	2416.0	2051.0	2416.0
2096.0	1410.0	2547.0	2415.0	2052.0	2415.0
2094.0	1410.0	2573.0	2416.0	2052.0	2416.0
2094.0	1411.0	2553.0	2415.0	2051.0	2415.0
2093.0	1411.0	2561.0	2415.0	2052.0	2415.0
2096.0	1407.0	2572.0	2415.0	2050.0	2415.0
2096.0	1411.0	2580.0	2415.0	2050.0	2415.0
2095.0	1410.0	2590.0	2415.0	2049.0	2415.0
2088.0	1410.0	2546.0	2414.0	2030.0	2414.0
2093.0	1410.0	2555.0	2415.0	1977.0	2415.0
2096.0	1409.0	2559.0	2415.0	1939.0	2415.0
2094.0	1412.0	2576.0	2415.0	1904.0	2415.0
2097.0	1409.0	2557.0	2416.0	1875.0	2416.0
2094.0	1411.0	2577.0	2414.0	1839.0	2414.0
2093.0	1412.0	2544.0	2415.0	1783.0	2415.0
2093.0	1411.0	2524.0	2415.0	1699.0	2415.0
2094.0	1409.0	2499.0	2415.0	1616.0	2415.0
2094.0	1411.0	2476.0	2415.0	1546.0	2415.0
2094.0	1412.0	2463.0	2415.0	1466.0	2415.0
2093.0	1410.0	2444.0	2415.0	1373.0	2415.0
2096.0	1408.0	2415.0	2414.0	1258.0	2414.0
2094.0	1410.0	2369.0	2415.0	1110.0	2415.0
2094.0	1412.0	2286.0	2414.0	970.0	2414.0
2094.0	1409.0	2310.0	2416.0	850.0	2416.0
2092.0	1413.0	2282.0	2415.0	812.0	2415.0
2093.0	1410.0	2215.0	2415.0	785.0	2415.0
2094.0	1408.0	2247.0	2415.0	775.0	2415.0
2096.0	1410.0	2205.0	2414.0	770.0	2414.0
2093.0	1416.0	2171.0	2415.0	771.0	2415.0
2095.0	1411.0	2115.0	2416.0	769.0	2416.0
2095.0	1411.0	2063.0	2414.0	769.0	2414.0
2095.0	1410.0	2036.0	2415.0	771.0	2415.0
2096.0	1414.0	2053.0	2413.0	771.0	2413.0
2095.0	1412.0	2049.0	2415.0	771.0	2415.0
2094.0	1409.0	2049.0	2415.0	769.0	2415.0
2094.0	1410.0	2074.0	2415.0	770.0	2415.0
2096.0	1407.0	2009.0	2415.0	771.0	2415.0
2095.0	1410.0	1972.0	2415.0	771.0	2415.0
2094.0	1410.0	2050.0	2415.0	772.0	2415.0
2094.0	1410.0	2085.0	2415.0	774.0	2415.0
2093.0	1409.0	2024.0	2414.0	774.0	2414.0
2095.0	1411.0	2063.0	2415.0	774.0	2415.0
2094.0	1413.0	2059.0	2415.0	775.0	2415.0
2094.0	1410.0	2043.0	2415.0	776.0	2415.0
2095.0	1410.0	2094.0	2415.0	779.0	2415.0
2095.0	1409.0	2048.0	2415.0	777.0	2415.0
2094.0	1412.0	2056.0	2414.0	777.0	2414.0
2095.0	1410.0	2059.0	2415.0	776.0	2415.0
2096.0	1409.0	2061.0	2416.0	779.0	2416.0
2093.0	1411.0	2070.0	2414.0	780.0	2414.0
2095.0	1412.0	2042.0	2415.0	783.0	2415.0
2094.0	1408.0	2052.0	2414.0	785.0	2414.0
2094.0	1412.0	2036.0	2415.0	789.0	2415.0
2093.0	1412.0	2033.0	2414.0	790.0	2414.0
2095.0	1410.0	2034.0	2415.0	791.0	2415.0
2094.0	1411.0	2014.0	2414.0	790.0	2414.0
2093.0	1410.0	2032.0	2415.0	791.0	2415.0
2094.0	1412.0	2002.0	2415.0	791.0	2415.0
2094.0	1411.0	2016.0	2415.0	790.0	2415.0
2094.0	1410.0	1992.0	2415.0	789.0	2415.0
2096.0	1411.0	2007.0	2414.0	789.0	2414.0
2093.0	1412.0	2017.0	2414.0	788.0	2414.0
2094.0	1409.0	2018.0	2414.0	789.0	2414.0
2093.0	1411.0	2001.0	2416.0	788.0	2416.0
2095.0	1410.0	2004.0	2415.0	788.0	2415.0
2096.0	1424.0	2015.0	2415.0	787.0	2415.0
2094.0	1411.0	2002.0	2414.0	786.0	2414.0
2095.0	1410.0	2021.0	2416.0	787.0	2416.0
2093.0	1410.0	1988.0	2415.0	787.0	2415.0
2097.0	1411.0	2011.0	2415.0	788.0	2415.0
2094.0	1412.0	1972.0	2416.0	787.0	2416.0
2094.0	1409.0	1987.0	2415.0	787.0	2415.0
2094.0	1410.0	1985.0	2415.0	788.0	2415.0
2093.0	1406.0	2017.0	2415.0	786.0	2415.0
2094.0	1410.0	2010.0	2416.0	788.0	2416.0
2094.0	1410.0	2008.0	2415.0	787.0	2415.0
2094.0	1410.0	2006.0	2415.0	788.0	2415.0
2094.0	1410.0	2012.0	2415.0	788.0	2415.0
2094.0	1410.0	1999.0	2415.0	790.0	2415.0
2096.0	1410.0	1985.0	2415.0	791.0	2415.0
2092.0	1413.0	2035.0	2415.0	794.0	2415.0
2094.0	1409.0	1971.0	2415.0	796.0	2415.0
2094.0	1411.0	2025.0	2415.0	797.0	2415.0
2095.0	1409.0	2006.0	2414.0	799.0	2414.0
2095.0	1411.0	1982.0	2414.0	806.0	2414.0
2094.0	1411.0	1996.0	2417.0	821.0	2417.0
2097.0	1407.0	2012.0	2415.0	856.0	2415.0
2095.0	1410.0	2031.0	2416.0	902.0	2416.0
2095.0	1411.0	2030.0	2415.0	964.0	2415.0
2091.0	1409.0	1988.0	2416.0	1053.0	2416.0
2095.0	1408.0	2016.0	2415.0	1145.0	2415.0
2097.0	1410.0	2016.0	2414.0	1254.0	2414.0
2093.0	1410.0	2051.0	2415.0	1369.0	2415.0
2095.0	1413.0	2051.0	2415.0	1493.0	2415.0
2094.0	1412.0	2055.0	2414.0	1595.0	2414.0
2094.0	1410.0	2054.0	2415.0	1680.0	2415.0
2093.0	1412.0	2054.0	2415.0	1751.0	2415.0
2093.0	1407.0	1985.0	2414.0	1792.0	2414.0
2096.0	1409.0	2020.0	2415.0	1826.0	2415.0
2094.0	1410.0	2166.0	2416.0	1843.0	2416.0
2091.0	1410.0	2163.0	2415.0	1854.0	2415.0
2092.0	1411.0	2232.0	2416.0	1862.0	2416.0
2094.0	1409.0	2220.0	2415.0	1866.0	2415.0
2093.0	1411.0	2245.0	2416.0	1866.0	2416.0
2095.0	1405.0	2286.0	2415.0	1866.0	2415.0
2094.0	1409.0	2327.0	2414.0	1865.0	2414.0
2095.0	1411.0	2301.0	2415.0	1863.0	2415.0
2092.0	1411.0	2369.0	2415.0	1846.0	2415.0
2096.0	1412.0	2407.0	2415.0	1753.0	2415.0
2095.0	1411.0	2437.0	2415.0	1659.0	2415.0
2094.0	1410.0	2453.0	2415.0	1572.0	2415.0
2094.0	1408.0	2467.0	2415.0	1467.0	2415.0
2094.0	1412.0	2446.0	2415.0	1368.0	2415.0
2092.0	1411.0	2445.0	2415.0	1229.0	2415.0
2092.0	1410.0	2431.0	2418.0	1114.0	2418.0
2094.0	1416.0	2371.0	2415.0	1028.0	2415.0
2094.0	1411.0	2319.0	2415.0	994.0	2415.0
2096.0	1409.0	2345.0	2415.0	966.0	2415.0
2095.0	1410.0	2284.0	2415.0	953.0	2415.0
2094.0	1408.0	2269.0	2415.0	948.0	2415.0
2093.0	1409.0	2244.0	2415.0	948.0	2415.0
2095.0	1409.0	2208.0	2416.0	950.0	2416.0
2093.0	1411.0	2163.0	2414.0	951.0	2414.0
2094.0	1406.0	2180.0	2415.0	953.0	2415.0
2093.0	1413.0	2051.0	2415.0	985.0	2415.0
2095.0	1411.0	2011.0	2414.0	1080.0	2414.0
2100.0	1409.0	2059.0	2416.0	1232.0	2416.0
2096.0	1412.0	2064.0	2415.0	1413.0	2415.0
2095.0	1409.0	2059.0	2414.0	1587.0	2414.0
2095.0	1411.0	2039.0	2415.0	1729.0	2415.0
2095.0	1409.0	2047.0	2415.0	1830.0	2415.0
2094.0	1409.0	1958.0	2414.0	1922.0	2414.0
2093.0	1411.0	1924.0	2415.0	2008.0	2415.0
2094.0	1411.0	1931.0	2415.0	2068.0	2415.0
2095.0	1413.0	1987.0	2415.0	2100.0	2415.0
2094.0	1412.0	2185.0	2411.0	2112.0	2411.0
2094.0	1410.0	2200.0	2415.0	2119.0	2415.0
2092.0	1410.0	2252.0	2415.0	2121.0	2415.0
2094.0	1407.0	2246.0	2415.0	2124.0	2415.0
2095.0	1410.0	2262.0	2415.0	2123.0	2415.0
2094.0	1410.0	2288.0	2414.0	2124.0	2414.0
2092.0	1407.0	2346.0	2414.0	2124.0	2414.0
2095.0	1411.0	2371.0	2415.0	2125.0	2415.0
2094.0	1411.0	2417.0	2414.0	2124.0	2414.0
2093.0	1411.0	2455.0	2415.0	2125.0	2415.0
2094.0	1403.0	2488.0	2415.0	2124.0	2415.0
2095.0	1409.0	2506.0	2414.0	2124.0	2414.0
2094.0	1411.0	2547.0	2414.0	2124.0	2414.0
2089.0	1411.0	2574.0	2413.0	2125.0	2413.0
2094.0	1412.0	2613.0	2415.0	2123.0	2415.0
2095.0	1408.0	2622.0	2415.0	2124.0	2415.0
2095.0	1411.0	2639.0	2415.0	2124.0	2415.0
2092.0	1410.0	2638.0	2415.0	2124.0	2415.0
2094.0	1416.0	2633.0	2415.0	2124.0	2415.0
2092.0	1410.0	2633.0	2414.0	2124.0	2414.0
2093.0	1411.0	2619.0	2415.0	2125.0	2415.0
2103.0	1411.0	2644.0	2414.0	2125.0	2414.0
2094.0	1411.0	2616.0	2414.0	2126.0	2414.0
2094.0	1410.0	2619.0	2415.0	2127.0	2415.0
2094.0	1410.0	2618.0	2415.0	2127.0	2415.0
2096.0	1411.0	2605.0	2415.0	2127.0	2415.0
2093.0	1410.0	2612.0	2411.0	2128.0	2411.0
2095.0	1411.0	2598.0	2414.0	2127.0	2414.0
2095.0	1410.0	2610.0	2416.0	2127.0	2416.0
2094.0	1409.0	2611.0	2414.0	2126.0	2414.0
2094.0	1410.0	2608.0	2414.0	2127.0	2414.0
2093.0	1411.0	2609.0	2415.0	2126.0	2415.0
2094.0	1411.0	2606.0	2414.0	2125.0	2414.0
2099.0	1410.0	2603.0	2415.0	2110.0	2415.0
2093.0	1411.0	2616.0	2415.0	2064.0	2415.0
2095.0	1411.0	2608.0	2415.0	2013.0	2415.0
2095.0	1413.0	2603.0	2425.0	1962.0	2425.0
2099.0	1411.0	2610.0	2415.0	1910.0	2415.0
2094.0	1413.0	2598.0	2414.0	1870.0	2414.0
2094.0	1411.0	2575.0	2414.0	1832.0	2414.0
2094.0	1411.0	2555.0	2415.0	1811.0	2415.0
2091.0	1411.0	2553.0	2415.0	1788.0	2415.0
2095.0	1410.0	2500.0	2415.0	1773.0	2415.0
2094.0	1411.0	2473.0	2415.0	1770.0	2415.0
2095.0	1411.0	2473.0	2415.0	1768.0	2415.0
2094.0	1409.0	2436.0	2415.0	1768.0	2415.0
2097.0	1412.0	2444.0	2415.0	1767.0	2415.0
2093.0	1411.0	2422.0	2415.0	1767.0	2415.0
2094.0	1411.0	2413.0	2416.0	1768.0	2416.0
2094.0	1406.0	2422.0	2415.0	1768.0	2415.0
2094.0	1409.0	2427.0	2415.0	1775.0	2415.0
2094.0	1411.0	2417.0	2415.0	1817.0	2415.0
2097.0	1411.0	2422.0	2415.0	1876.0	2415.0
2094.0	1408.0	2422.0	2415.0	1938.0	2415.0
2094.0	1411.0	2423.0	2414.0	2000.0	2414.0
2095.0	1412.0	2392.0	2415.0	2066.0	2415.0
2096.0	1409.0	2425.0	2414.0	2122.0	2414.0
2095.0	1411.0	2454.0	2414.0	2175.0	2414.0
2095.0	1411.0	2486.0	2415.0	2235.0	2415.0
2094.0	1412.0	2505.0	2415.0	2293.0	2415.0
2098.0	1423.0	2517.0	2414.0	2339.0	2414.0
2093.0	1413.0	2564.0	2415.0	2384.0	2415.0
2096.0	1411.0	2593.0	2415.0	2415.0	2415.0
2092.0	1411.0	2619.0	2415.0	2446.0	2415.0
2094.0	1415.0	2623.0	2415.0	2466.0	2415.0
2094.0	1413.0	2657.0	2414.0	2495.0	2414.0
2094.0	1412.0	2709.0	2415.0	2506.0	2415.0
2094.0	1411.0	2749.0	2415.0	2513.0	2415.0
2093.0	1407.0	2741.0	2414.0	2516.0	2414.0
2095.0	1412.0	2809.0	2414.0	2516.0	2414.0
2096.0	1411.0	2795.0	2415.0	2520.0	2415.0
2093.0	1413.0	2815.0	2416.0	2521.0	2416.0
2101.0	1411.0	2816.0	2414.0	2522.0	2414.0
2093.0	1412.0	2806.0	2415.0	2524.0	2415.0
2095.0	1410.0	2817.0	2414.0	2526.0	2414.0
2093.0	1409.0	2805.0	2415.0	2529.0	2415.0
2095.0	1409.0	2817.0	2415.0	2534.0	2415.0
2094.0	1410.0	2822.0	2415.0	2539.0	2415.0
2094.0	1407.0	2812.0	2415.0	2546.0	2415.0
2096.0	1412.0	2826.0	2411.0	2555.0	2411.0
2097.0	1409.0	2815.0	2414.0	2567.0	2414.0
2094.0	1410.0	2823.0	2415.0	2582.0	2415.0
2094.0	1415.0	2813.0	2414.0	2597.0	2414.0
2094.0	1410.0	2825.0	2414.0	2610.0	2414.0
2096.0	1408.0	2829.0	2414.0	2623.0	2414.0
2094.0	1411.0	2822.0	2415.0	2645.0	2415.0
2100.0	1410.0	2839.0	2415.0	2676.0	2415.0
2094.0	1409.0	2829.0	2415.0	2728.0	2415.0
2095.0	1410.0	2871.0	2415.0	2797.0	2415.0
2095.0	1410.0	2877.0	2415.0	2879.0	2415.0
2093.0	1413.0	2888.0	2414.0	2976.0	2414.0
2091.0	1411.0	2917.0	2414.0	3098.0	2414.0
2093.0	1410.0	2935.0	2415.0	3218.0	2415.0
2095.0	1409.0	2966.0	2415.0	3334.0	2415.0
2095.0	1411.0	3000.0	2415.0	3421.0	2415.0
2094.0	1410.0	3033.0	2414.0	3482.0	2414.0
2096.0	1410.0	3065.0	2416.0	3518.0	2416.0
2099.0	1411.0	3091.0	2415.0	3542.0	2415.0
2093.0	1406.0	3132.0	2415.0	3555.0	2415.0
2094.0	1410.0	3163.0	2415.0	3564.0	2415.0
2095.0	1410.0	3204.0	2415.0	3563.0	2415.0
2094.0	1411.0	3231.0	2416.0	3569.0	2416.0
2095.0	1410.0	3264.0	2415.0	3569.0	2415.0
2094.0	1411.0	3268.0	2415.0	3568.0	2415.0
2094.0	1409.0	3308.0	2414.0	3568.0	2414.0
2094.0	1410.0	3321.0	2415.0	3569.0	2415.0
2090.0	1408.0	3341.0	2414.0	3569.0	2414.0
2092.0	1412.0	3347.0	2414.0	3569.0	2414.0
2099.0	1415.0	3346.0	2415.0	3569.0	2415.0
2096.0	1415.0	3354.0	2415.0	3568.0	2415.0
2093.0	1408.0	3359.0	2415.0	3570.0	2415.0
2094.0	1412.0	3353.0	2414.0	3568.0	2414.0
2095.0	1406.0	3358.0	2416.0	3569.0	2416.0
2095.0	1409.0	3363.0	2414.0	3569.0	2414.0
2094.0	1410.0	3351.0	2415.0	3568.0	2415.0
2097.0	1410.0	3353.0	2414.0	3568.0	2414.0
2094.0	1409.0	3356.0	2415.0	3567.0	2415.0
2093.0	1410.0	3356.0	2415.0	3566.0	2415.0
2098.0	1410.0	3352.0	2415.0	3563.0	2415.0
2095.0	1411.0	3350.0	2415.0	3559.0	2415.0
2095.0	1408.0	3357.0	2415.0	3554.0	2415.0
2097.0	1408.0	3344.0	2414.0	3538.0	2414.0
2095.0	1410.0	3353.0	2414.0	3487.0	2414.0
2095.0	1408.0	3354.0	2414.0	3424.0	2414.0
2095.0	1410.0	3347.0	2415.0	3355.0	2415.0
2094.0	1409.0	3357.0	2415.0	3287.0	2415.0
2096.0	1409.0	3349.0	2415.0	3221.0	2415.0
2096.0	1410.0	3332.0	2415.0	3163.0	2415.0
2090.0	1410.0	3325.0	2415.0	3131.0	2415.0
2098.0	1409.0	3307.0	2414.0	3122.0	2414.0
2093.0	1405.0	3272.0	2414.0	3116.0	2414.0
2095.0	1412.0	3263.0	2415.0	3110.0	2415.0
2094.0	1410.0	3240.0	2414.0	3100.0	2414.0
2095.0	1412.0	3219.0	2415.0	3086.0	2415.0
2094.0	1409.0	3192.0	2415.0	3069.0	2415.0
2094.0	1411.0	3198.0	2415.0	3049.0	2415.0
2098.0	1409.0	3176.0	2415.0	3039.0	2415.0
2094.0	1415.0	3166.0	2414.0	3033.0	2414.0
2093.0	1409.0	3165.0	2415.0	3029.0	2415.0
2095.0	1412.0	3149.0	2414.0	3027.0	2414.0
2094.0	1411.0	3148.0	2415.0	3027.0	2415.0
2094.0	1410.0	3142.0	2415.0	3027.0	2415.0
2095.0	1410.0	3139.0	2415.0	3027.0	2415.0
2099.0	1411.0	3138.0	2414.0	3022.0	2414.0
2095.0	1408.0	3132.0	2415.0	3001.0	2415.0
2094.0	1412.0	3132.0	2432.0	2973.0	2432.0
2094.0	1413.0	3126.0	2416.0	2938.0	2416.0
2095.0	1411.0	3128.0	2414.0	2896.0	2414.0
2095.0	1411.0	3117.0	2415.0	2853.0	2415.0
2105.0	1410.0	3112.0	2415.0	2810.0	2415.0
2096.0	1422.0	3097.0	2414.0	2768.0	2414.0
2095.0	1407.0	3090.0	2414.0	2727.0	2414.0
2094.0	1409.0	3087.0	2415.0	2699.0	2415.0
2095.0	1412.0	3067.0	2414.0	2674.0	2414.0
2095.0	1411.0	3046.0	2414.0	2665.0	2414.0
2097.0	1412.0	3013.0	2414.0	2662.0	2414.0
2096.0	1408.0	2991.0	2415.0	2661.0	2415.0
2094.0	1413.0	2976.0	2415.0	2661.0	2415.0
2094.0	1410.0	2953.0	2414.0	2662.0	2414.0
2094.0	1411.0	2952.0	2414.0	2659.0	2414.0
2095.0	1409.0	2900.0	2415.0	2660.0	2415.0
2095.0	1415.0	2892.0	2414.0	2656.0	2414.0
2096.0	1411.0	2907.0	2414.0	2635.0	2414.0
2094.0	1409.0	2902.0	2415.0	2617.0	2415.0
2094.0	1409.0	2903.0	2415.0	2603.0	2415.0
2096.0	1410.0	2900.0	2411.0	2589.0	2411.0
2094.0	1415.0	2899.0	2415.0	2575.0	2415.0
2095.0	1412.0	2889.0	2415.0	2569.0	2415.0
2095.0	1410.0	2884.0	2415.0	2569.0	2415.0
2094.0	1410.0	2880.0	2415.0	2569.0	2415.0
2097.0	1411.0	2883.0	2415.0	2568.0	2415.0
2094.0	1404.0	2867.0	2415.0	2570.0	2415.0
2094.0	1410.0	2862.0	2415.0	2569.0	2415.0
2094.0	1411.0	2870.0	2415.0	2569.0	2415.0
2095.0	1411.0	2863.0	2415.0	2569.0	2415.0
2101.0	1408.0	2854.0	2414.0	2569.0	2414.0
2094.0	1412.0	2861.0	2415.0	2570.0	2415.0
2095.0	1411.0	2858.0	2414.0	2569.0	2414.0
2095.0	1413.0	2853.0	2415.0	2570.0	2415.0
2093.0	1411.0	2857.0	2414.0	2570.0	2414.0
2096.0	1410.0	2844.0	2414.0	2571.0	2414.0
2096.0	1413.0	2855.0	2414.0	2571.0	2414.0
2094.0	1412.0	2856.0	2415.0	2571.0	2415.0
2094.0	1412.0	2847.0	2414.0	2572.0	2414.0
2096.0	1410.0	2843.0	2414.0	2571.0	2414.0
2097.0	1409.0	2854.0	2415.0	2572.0	2415.0
2095.0	1396.0	2853.0	2415.0	2572.0	2415.0
2093.0	1411.0	2852.0	2415.0	2574.0	2415.0
2095.0	1411.0	2847.0	2416.0	2573.0	2416.0
2094.0	1410.0	2849.0	2415.0	2575.0	2415.0
2098.0	1416.0	2850.0	2414.0	2575.0	2414.0
2095.0	1411.0	2853.0	2415.0	2575.0	2415.0
2095.0	1411.0	2851.0	2414.0	2572.0	2414.0
2093.0	1411.0	2841.0	2415.0	2574.0	2415.0
2088.0	1409.0	2850.0	2415.0	2574.0	2415.0
2094.0	1409.0	2853.0	2414.0	2573.0	2414.0
2096.0	1412.0	2847.0	2414.0	2574.0	2414.0
2094.0	1412.0	2851.0	2415.0	2575.0	2415.0
2096.0	1412.0	2845.0	2415.0	2574.0	2415.0
2094.0	1409.0	2850.0	2414.0	2575.0	2414.0
2093.0	1410.0	2855.0	2416.0	2574.0	2416.0
2093.0	1410.0	2855.0	2415.0	2574.0	2415.0
2094.0	1411.0	2849.0	2415.0	2574.0	2415.0
2093.0	1412.0	2850.0	2415.0	2572.0	2415.0
2094.0	1411.0	2848.0	2414.0	2574.0	2414.0
2094.0	1410.0	2847.0	2414.0	2573.0	2414.0
2093.0	1410.0	2848.0	2414.0	2574.0	2414.0
2097.0	1410.0	2848.0	2415.0	2574.0	2415.0
2094.0	1409.0	2841.0	2414.0	2574.0	2414.0
2096.0	1408.0	2852.0	2415.0	2573.0	2415.0
2096.0	1412.0	2853.0	2415.0	2574.0	2415.0
2094.0	1411.0	2853.0	2414.0	2574.0	2414.0
2094.0	1409.0	2859.0	2414.0	2573.0	2414.0
2093.0	1410.0	2848.0	2414.0	2572.0	2414.0
2096.0	1413.0	2817.0	2416.0	2574.0	2416.0
2095.0	1413.0	2847.0	2413.0	2573.0	2413.0
2094.0	1410.0	2844.0	2415.0	2573.0	2415.0
2095.0	1409.0	2854.0	2414.0	2574.0	2414.0
2094.0	1410.0	2849.0	2415.0	2574.0	2415.0
2094.0	1413.0	2854.0	2416.0	2574.0	2416.0
2093.0	1410.0	2852.0	2415.0	2574.0	2415.0
2094.0	1409.0	2846.0	2414.0	2574.0	2414.0
2095.0	1409.0	2851.0	2414.0	2574.0	2414.0
2097.0	1409.0	2854.0	2415.0	2574.0	2415.0
2094.0	1407.0	2849.0	2414.0	2574.0	2414.0
2094.0	1409.0	2854.0	2415.0	2574.0	2415.0
2094.0	1410.0	2848.0	2416.0	2574.0	2416.0
2094.0	1410.0	2850.0	2415.0	2574.0	2415.0
2101.0	1409.0	2842.0	2415.0	2575.0	2415.0
2094.0	1415.0	2844.0	2415.0	2574.0	2415.0
2094.0	1410.0	2850.0	2417.0	2575.0	2417.0
2095.0	1411.0	2856.0	2415.0	2575.0	2415.0
2093.0	1410.0	2848.0	2415.0	2574.0	2415.0
2090.0	1410.0	2854.0	2415.0	2575.0	2415.0
2095.0	1410.0	2857.0	2416.0	2573.0	2416.0
2095.0	1410.0	2859.0	2414.0	2573.0	2414.0
2096.0	1410.0	2855.0	2415.0	2574.0	2415.0
2094.0	1411.0	2846.0	2415.0	2574.0	2415.0
2096.0	1408.0	2851.0	2415.0	2575.0	2415.0
2095.0	1410.0	2851.0	2419.0	2574.0	2419.0
2094.0	1410.0	2855.0	2414.0	2574.0	2414.0
2094.0	1410.0	2850.0	2416.0	2573.0	2416.0
2096.0	1410.0	2849.0	2415.0	2575.0	2415.0
2094.0	1406.0	2855.0	2416.0	2574.0	2416.0
2096.0	1411.0	2857.0	2415.0	2574.0	2415.0
2093.0	1410.0	2845.0	2416.0	2574.0	2416.0
2094.0	1411.0	2855.0	2415.0	2574.0	2415.0
2093.0	1411.0	2847.0	2415.0	2574.0	2415.0
2094.0	1418.0	2847.0	2416.0	2574.0	2416.0
2095.0	1411.0	2855.0	2414.0	2574.0	2414.0
2095.0	1412.0	2852.0	2414.0	2573.0	2414.0
2094.0	1410.0	2849.0	2416.0	2574.0	2416.0
2109.0	1410.0	2845.0	2415.0	2575.0	2415.0
2097.0	1410.0	2851.0	2415.0	2575.0	2415.0
2094.0	1410.0	2842.0	2415.0	2574.0	2415.0
2093.0	1410.0	2850.0	2415.0	2574.0	2415.0
2094.0	1411.0	2856.0	2415.0	2574.0	2415.0
2097.0	1409.0	2852.0	2415.0	2574.0	2415.0
2094.0	1409.0	2850.0	2418.0	2573.0	2418.0
2094.0	1404.0	2847.0	2416.0	2574.0	2416.0
2095.0	1410.0	2848.0	2415.0	2573.0	2415.0
2095.0	1411.0	2853.0	2415.0	2573.0	2415.0
2097.0	1410.0	2847.0	2415.0	2574.0	2415.0
2095.0	1410.0	2856.0	2415.0	2575.0	2415.0
2095.0	1410.0	2846.0	2414.0	2574.0	2414.0
2096.0	1412.0	2851.0	2413.0	2574.0	2413.0
2094.0	1409.0	2839.0	2415.0	2574.0	2415.0
2089.0	1410.0	2854.0	2415.0	2573.0	2415.0
2094.0	1413.0	2853.0	2414.0	2574.0	2414.0
2096.0	1411.0	2853.0	2414.0	2574.0	2414.0
2093.0	1412.0	2854.0	2413.0	2574.0	2413.0
2094.0	1411.0	2850.0	2415.0	2574.0	2415.0
2093.0	1408.0	2848.0	2415.0	2572.0	2415.0
2095.0	1410.0	2854.0	2414.0	2573.0	2414.0
2095.0	1411.0	2855.0	2414.0	2574.0	2414.0
2094.0	1410.0	2853.0	2415.0	2574.0	2415.0
2094.0	1410.0	2846.0	2415.0	2574.0	2415.0
2095.0	1415.0	2852.0	2415.0	2574.0	2415.0
2094.0	1411.0	2852.0	2415.0	2574.0	2415.0
2095.0	1409.0	2853.0	2414.0	2574.0	2414.0
2094.0	1410.0	2853.0	2416.0	2573.0	2416.0
2093.0	1411.0	2857.0	2415.0	2573.0	2415.0
2095.0	1418.0	2846.0	2415.0	2574.0	2415.0
2097.0	1410.0	2855.0	2415.0	2574.0	2415.0
2095.0	1411.0	2852.0	2414.0	2574.0	2414.0
2094.0	1410.0	2852.0	2415.0	2574.0	2415.0
2098.0	1410.0	2850.0	2417.0	2573.0	2417.0
2096.0	1406.0	2845.0	2415.0	2575.0	2415.0
2094.0	1408.0	2848.0	2414.0	2570.0	2414.0
2096.0	1408.0	2846.0	2416.0	2574.0	2416.0
2095.0	1410.0	2853.0	2415.0	2573.0	2415.0
2101.0	1410.0	2855.0	2415.0	2570.0	2415.0
2094.0	1417.0	2848.0	2415.0	2574.0	2415.0
2096.0	1410.0	2848.0	2412.0	2574.0	2412.0
2095.0	1411.0	2850.0	2415.0	2574.0	2415.0
2094.0	1410.0	2855.0	2415.0	2575.0	2415.0
2097.0	1410.0	2850.0	2414.0	2574.0	2414.0
2093.0	1410.0	2859.0	2415.0	2570.0	2415.0
2094.0	1410.0	2848.0	2415.0	2574.0	2415.0
2095.0	1408.0	2847.0	2415.0	2574.0	2415.0
2095.0	1410.0	2854.0	2415.0	2574.0	2415.0
2095.0	1409.0	2852.0	2414.0	2574.0	2414.0
2094.0	1415.0	2858.0	2415.0	2574.0	2415.0
2094.0	1410.0	2844.0	2415.0	2574.0	2415.0
2092.0	1410.0	2853.0	2414.0	2575.0	2414.0
2093.0	1411.0	2852.0	2414.0	2575.0	2414.0
2095.0	1411.0	2850.0	2415.0	2574.0	2415.0
2096.0	1409.0	2854.0	2414.0	2573.0	2414.0
2097.0	1411.0	2846.0	2414.0	2573.0	2414.0
2094.0	1410.0	2850.0	2414.0	2574.0	2414.0
2092.0	1411.0	2850.0	2415.0	2573.0	2415.0
2094.0	1423.0	2850.0	2415.0	2574.0	2415.0
2095.0	1410.0	2848.0	2415.0	2574.0	2415.0
2097.0	1412.0	2854.0	2415.0	2574.0	2415.0
2094.0	1410.0	2848.0	2415.0	2574.0	2415.0
2091.0	1410.0	2859.0	2414.0	2574.0	2414.0
2095.0	1417.0	2851.0	2415.0	2573.0	2415.0
2094.0	1411.0	2858.0	2415.0	2574.0	2415.0
2094.0	1409.0	2850.0	2414.0	2574.0	2414.0
2094.0	1410.0	2853.0	2415.0	2573.0	2415.0
2088.0	1412.0	2850.0	2415.0	2574.0	2415.0
2093.0	1412.0	2856.0	2415.0	2574.0	2415.0
2095.0	1413.0	2854.0	2414.0	2573.0	2414.0
2094.0	1409.0	2852.0	2415.0	2574.0	2415.0
2095.0	1411.0	2855.0	2414.0	2573.0	2414.0
2105.0	1411.0	2855.0	2415.0	2575.0	2415.0
2094.0	1413.0	2852.0	2415.0	2575.0	2415.0
2095.0	1410.0	2854.0	2414.0	2574.0	2414.0
2094.0	1410.0	2851.0	2414.0	2574.0	2414.0
2095.0	1410.0	2845.0	2415.0	2574.0	2415.0
2106.0	1409.0	2857.0	2418.0	2574.0	2418.0
2098.0	1410.0	2848.0	2414.0	2574.0	2414.0
2094.0	1412.0	2848.0	2415.0	2574.0	2415.0
2094.0	1411.0	2851.0	2415.0	2573.0	2415.0
2094.0	1411.0	2850.0	2415.0	2574.0	2415.0
2096.0	1410.0	2853.0	2415.0	2574.0	2415.0
2095.0	1412.0	2850.0	2415.0	2574.0	2415.0
2094.0	1410.0	2858.0	2415.0	2573.0	2415.0
2095.0	1410.0	2846.0	2415.0	2574.0	2415.0
2095.0	1411.0	2848.0	2415.0	2574.0	2415.0
2097.0	1411.0	2848.0	2415.0	2573.0	2415.0
2095.0	1410.0	2853.0	2415.0	2574.0	2415.0
2094.0	1410.0	2849.0	2415.0	2573.0	2415.0
2095.0	1412.0	2850.0	2414.0	2574.0	2414.0
2094.0	1411.0	2849.0	2416.0	2573.0	2416.0
2095.0	1411.0	2853.0	2415.0	2574.0	2415.0
2096.0	1413.0	2856.0	2414.0	2574.0	2414.0
2095.0	1410.0	2848.0	2415.0	2573.0	2415.0
2094.0	1410.0	2848.0	2414.0	2573.0	2414.0
2094.0	1411.0	2854.0	2415.0	2574.0	2415.0
2096.0	1410.0	2852.0	2416.0	2573.0	2416.0
2095.0	1410.0	2853.0	2415.0	2574.0	2415.0
2097.0	1410.0	2847.0	2415.0	2574.0	2415.0
2094.0	1410.0	2857.0	2415.0	2573.0	2415.0
2093.0	1412.0	2844.0	2415.0	2574.0	2415.0
2094.0	1409.0	2850.0	2415.0	2574.0	2415.0
2094.0	1408.0	2859.0	2415.0	2574.0	2415.0
2096.0	1411.0	2856.0	2414.0	2574.0	2414.0
2094.0	1411.0	2846.0	2415.0	2575.0	2415.0
2094.0	1409.0	2851.0	2416.0	2574.0	2416.0
2096.0	1416.0	2845.0	2415.0	2574.0	2415.0
2096.0	1411.0	2857.0	2414.0	2574.0	2414.0
2094.0	1412.0	2849.0	2414.0	2572.0	2414.0
2096.0	1411.0	2855.0	2414.0	2574.0	2414.0
2092.0	1413.0	2845.0	2414.0	2574.0	2414.0
2095.0	1414.0	2851.0	2415.0	2574.0	2415.0
2096.0	1411.0	2856.0	2415.0	2574.0	2415.0
2094.0	1412.0	2851.0	2415.0	2574.0	2415.0
2094.0	1409.0	2852.0	2414.0	2574.0	2414.0
2097.0	1410.0	2856.0	2415.0	2575.0	2415.0
2094.0	1410.0	2843.0	2415.0	2575.0	2415.0
2093.0	1413.0	2850.0	2411.0	2573.0	2411.0
2093.0	1412.0	2856.0	2415.0	2574.0	2415.0
2094.0	1409.0	2855.0	2414.0	2574.0	2414.0
2098.0	1412.0	2854.0	2415.0	2574.0	2415.0
2096.0	1405.0	2842.0	2415.0	2574.0	2415.0
2094.0	1412.0	2852.0	2415.0	2574.0	2415.0
2093.0	1410.0	2850.0	2411.0	2574.0	2411.0
2093.0	1411.0	2848.0	2415.0	2574.0	2415.0
2102.0	1411.0	2848.0	2415.0	2575.0	2415.0
2094.0	1413.0	2847.0	2414.0	2574.0	2414.0
2094.0	1410.0	2847.0	2413.0	2575.0	2413.0
2094.0	1413.0	2847.0	2416.0	2574.0	2416.0
