2036.0	1989.0	2554.296630859375
2036.0	1989.0	2554.463134765625
2037.0	1988.0	2553.711181640625
2037.0	1989.0	2553.8779296875
2034.0	1990.0	2556.799560546875
2039.0	1994.0	2552.375244140625
2036.0	1989.0	2555.294921875
2036.0	1989.0	2555.460205078125
2037.0	1988.0	2554.708984375
2037.0	1989.0	2554.874755859375
2035.0	1989.0	2556.877197265625
2038.0	1986.0	2554.287353515625
2035.0	1990.0	2557.20849609375
2038.0	1986.0	2554.61962890625
2035.0	1990.0	2557.5400390625
2037.0	1990.0	2555.869384765625
2037.0	1987.0	2556.035400390625
2037.0	1989.0	2556.202392578125
2036.0	1991.0	2557.286376953125
2037.0	1989.0	2556.5341796875
2038.0	1990.0	2555.78173828125
2040.0	1987.0	2554.111328125
2037.0	1988.0	2557.033203125
2035.0	1983.0	2559.034423828125
2038.0	1992.0	2556.4453125
2035.0	1987.0	2559.365966796875
2037.0	1989.0	2557.697021484375
2037.0	1988.0	2557.86279296875
2035.0	1988.0	2559.86474609375
2038.0	1989.0	2557.2763671875
2036.0	1986.0	2559.279541015625
2037.0	1992.0	2558.52783203125
2036.0	1992.0	2559.61181640625
2035.0	1988.0	2560.69580078125
2037.0	1988.0	2559.025634765625
2036.0	1989.0	2560.10986328125
2036.0	1988.0	2560.276123046875
2036.0	1987.0	2560.442138671875
2045.0	1989.0	2552.34375
2037.0	1993.0	2559.855712890625
2037.0	1974.0	2560.021728515625
2036.0	1976.0	2561.106201171875
2036.0	1977.0	2561.272216796875
2036.0	1976.0	2561.4375
2038.0	1975.0	2559.767822265625
2035.0	1977.0	2562.6884765625
2052.0	1976.0	2547.2431640625
2036.0	1971.0	2562.1015625
2038.0	1979.0	2560.43017578125
2029.0	1975.0	2568.866455078125
2026.0	1976.0	2571.802734375
2027.0	1976.0	2571.06884765625
2028.0	1976.0	2570.331787109375
2026.0	1976.0	2572.349609375
2024.0	1973.0	2574.36767578125
2029.0	1961.0	2569.9580078125
2028.0	1960.0	2571.056884765625
2026.0	1961.0	2573.074951171875
2026.0	1962.0	2573.256103515625
2026.0	1961.0	2573.436279296875
2018.0	1963.0	2580.966064453125
2017.0	1963.0	2582.078857421875
2017.0	1964.0	2582.27392578125
2016.0	1956.0	2583.388671875
2018.0	1979.0	2581.749755859375
2017.0	1970.0	2582.865234375
2018.0	1961.0	2582.14306640625
2017.0	1964.0	2583.256591796875
2018.0	1963.0	2582.533935546875
2018.0	1963.0	2582.728759765625
2018.0	1964.0	2582.924560546875
2020.0	1964.0	2581.28369140625
2018.0	1969.0	2583.317626953125
2018.0	1968.0	2583.513427734375
2016.0	1975.0	2585.54443359375
2017.0	1973.0	2584.8212890625
2017.0	1977.0	2585.01806640625
2017.0	1975.0	2585.212646484375
2016.0	1989.0	2586.32568359375
2022.0	1988.0	2581.011474609375
2039.0	1988.0	2565.594970703125
2016.0	1989.0	2586.910888671875
2019.0	2003.0	2584.3525390625
2016.0	2004.0	2587.302490234375
2028.0	2004.0	2576.471435546875
2026.0	2015.0	2578.489501953125
2026.0	2026.0	2578.670166015625
2027.0	2041.0	2577.933349609375
2026.0	2040.0	2579.0322265625
2026.0	2036.0	2579.213134765625
2037.0	2067.0	2569.27880859375
2038.0	2066.0	2568.52587890625
2037.0	2066.0	2569.610595703125
2037.0	2080.0	2569.77685546875
2036.0	2079.0	2570.861083984375
2043.0	2094.0	2564.594482421875
2046.0	2090.0	2561.9921875
2046.0	2107.0	2562.14501953125
2045.0	2105.0	2563.215576171875
2046.0	2104.0	2562.448974609375
2046.0	2109.0	2562.600341796875
2046.0	2108.0	2562.751953125
2044.0	2105.0	2564.740478515625
2045.0	2106.0	2563.974365234375
2045.0	2104.0	2564.125732421875
2046.0	2100.0	2563.3583984375
2045.0	2103.0	2564.42919921875
2048.0	2106.0	2561.82470703125
2046.0	2105.0	2563.8134765625
2046.0	2106.0	2563.965087890625
2045.0	2105.0	2565.03466796875
2032.0	2106.0	2577.134765625
2037.0	2098.0	2572.709716796875
2039.0	2108.0	2571.039794921875
2036.0	2103.0	2573.9599609375
2036.0	2092.0	2574.125732421875
2035.0	2094.0	2575.2099609375
2036.0	2094.0	2574.4580078125
2036.0	2081.0	2574.625
2034.0	2079.0	2576.626953125
2036.0	2078.0	2574.9580078125
2036.0	2075.0	2575.1240234375
2036.0	2078.0	2575.28955078125
2037.0	2079.0	2574.5380859375
2037.0	2068.0	2574.703125
2036.0	2066.0	2575.7861328125
2036.0	2066.0	2575.953369140625
2036.0	2067.0	2576.11962890625
2039.0	2067.0	2573.531494140625
2039.0	2068.0	2573.697509765625
2035.0	2064.0	2577.535400390625
2036.0	2055.0	2576.783447265625
2036.0	2052.0	2576.94970703125
2026.0	2053.0	2586.30419921875
2025.0	2053.0	2587.404052734375
2027.0	2056.0	2585.74951171875
2025.0	2048.0	2587.767333984375
2027.0	2059.0	2586.11279296875
2026.0	2056.0	2587.21337890625
2026.0	2053.0	2587.39501953125
2026.0	2056.0	2587.57666015625
2028.0	2054.0	2585.922119140625
2026.0	2054.0	2587.939208984375
2027.0	2056.0	2587.20263671875
2028.0	2052.0	2586.46630859375
2025.0	2060.0	2589.403076171875
2026.0	2052.0	2588.666259765625
2026.0	2054.0	2588.84814453125
2026.0	2041.0	2589.029052734375
2027.0	2044.0	2588.292724609375
2026.0	2041.0	2589.39208984375
2027.0	2042.0	2588.656005859375
2032.0	2040.0	2584.245849609375
2027.0	2034.0	2589.017822265625
2026.0	2038.0	2590.11767578125
2038.0	2041.0	2579.275390625
2036.0	2041.0	2581.278076171875
2037.0	2042.0	2580.526123046875
2038.0	2039.0	2579.77490234375
2036.0	2042.0	2581.7783203125
2040.0	2042.0	2578.271728515625
2036.0	2042.0	2582.11083984375
2038.0	2040.0	2580.439453125
2037.0	2041.0	2581.522216796875
2035.0	2040.0	2583.5244140625
2037.0	2038.0	2581.854248046875
2036.0	2043.0	2582.93896484375
2035.0	2040.0	2584.023681640625
2040.0	2041.0	2579.59814453125
2037.0	2042.0	2582.517822265625
2038.0	2043.0	2581.76611328125
2037.0	2039.0	2582.850341796875
2039.0	2040.0	2581.179443359375
2036.0	2039.0	2584.100341796875
2036.0	2040.0	2584.2666015625
2035.0	2042.0	2585.351806640625
2035.0	2040.0	2585.518310546875
2038.0	2044.0	2582.9296875
2037.0	2039.0	2584.013671875
2037.0	2040.0	2584.179931640625
2035.0	2041.0	2586.182861328125
2038.0	2038.0	2583.59521484375
2037.0	2042.0	2584.679931640625
2037.0	2041.0	2584.84521484375
2040.0	2040.0	2582.2568359375
2039.0	2038.0	2583.3408203125
2037.0	2044.0	2585.345458984375
2035.0	2040.0	2587.3486328125
2037.0	2042.0	2585.677734375
2037.0	2038.0	2585.84423828125
2038.0	2041.0	2585.0908203125
2035.0	2041.0	2588.011474609375
2051.0	2040.0	2573.485595703125
2038.0	2033.0	2585.58984375
2037.0	2042.0	2586.67529296875
2037.0	2043.0	2586.84130859375
2036.0	2040.0	2587.92626953125
2038.0	2040.0	2586.256103515625
2036.0	2042.0	2588.25927734375
2037.0	2041.0	2587.5078125
2043.0	2038.0	2582.164306640625
2037.0	2038.0	2587.840576171875
2038.0	2044.0	2587.0888671875
2036.0	2041.0	2589.091552734375
2036.0	2039.0	2589.25830078125
2039.0	2041.0	2586.668701171875
2039.0	2042.0	2586.834716796875
2037.0	2030.0	2588.83740234375
2035.0	2025.0	2590.83984375
2037.0	2027.0	2589.169189453125
2036.0	2014.0	2590.253173828125
2038.0	2014.0	2588.58154296875
2038.0	2014.0	2588.747802734375
2038.0	2013.0	2588.913818359375
2037.0	2016.0	2589.998046875
2037.0	2016.0	2590.16455078125
2040.0	2016.0	2587.57666015625
2037.0	2016.0	2590.49853515625
2036.0	2012.0	2591.58251953125
2037.0	2017.0	2590.831298828125
2037.0	2015.0	2590.997802734375
2037.0	2016.0	2591.163818359375
2036.0	2003.0	2592.249267578125
2036.0	2003.0	2592.41552734375
2036.0	2001.0	2592.581787109375
2038.0	2002.0	2590.91015625
2026.0	1998.0	2602.111083984375
2027.0	2008.0	2601.375
2028.0	2003.0	2600.638427734375
2026.0	2001.0	2602.656982421875
2027.0	2000.0	2601.91943359375
2029.0	2003.0	2600.263916015625
2025.0	2003.0	2604.117919921875
2024.0	2003.0	2605.218017578125
2025.0	2008.0	2604.481689453125
2029.0	2003.0	2600.98974609375
2026.0	2004.0	2603.9248046875
2024.0	2000.0	2605.942626953125
2027.0	2004.0	2603.3701171875
2028.0	1989.0	2602.63330078125
2026.0	1989.0	2604.65087890625
2032.0	1989.0	2599.321533203125
2026.0	2002.0	2605.013427734375
2030.0	1988.0	2601.522216796875
2028.0	1988.0	2603.540283203125
2026.0	1990.0	2605.558837890625
2027.0	1991.0	2604.82177734375
2026.0	1974.0	2605.919921875
2025.0	1974.0	2607.01953125
2027.0	1974.0	2605.364990234375
2025.0	1974.0	2607.3837890625
2027.0	1974.0	2605.728759765625
2028.0	1963.0	2604.99169921875
2027.0	1962.0	2606.090087890625
2039.0	1965.0	2595.23779296875
2037.0	1964.0	2597.239013671875
2035.0	1961.0	2599.240966796875
2036.0	1964.0	2598.489501953125
2038.0	1963.0	2596.819091796875
2036.0	1959.0	2598.82080078125
2037.0	1964.0	2598.068359375
2035.0	1963.0	2600.0712890625
2036.0	1962.0	2599.3193359375
2045.0	1964.0	2591.211669921875
2048.0	1963.0	2588.609130859375
2045.0	1966.0	2591.516845703125
2047.0	1962.0	2589.83349609375
2057.0	1970.0	2580.79638671875
2055.0	1962.0	2582.769287109375
2057.0	1965.0	2581.068359375
2055.0	1976.0	2583.041748046875
2055.0	1977.0	2583.177490234375
2065.0	1976.0	2574.117919921875
2065.0	1977.0	2574.23974609375
2082.0	1977.0	2558.7490234375
2075.0	1984.0	2565.288330078125
2076.0	1989.0	2564.477294921875
2076.0	1990.0	2564.583984375
2084.0	1988.0	2557.3427734375
2085.0	1987.0	2556.516357421875
2094.0	1985.0	2548.341796875
2094.0	1987.0	2548.418701171875
2096.0	2000.0	2546.660400390625
2104.0	1999.0	2539.38134765625
2106.0	1993.0	2537.607666015625
2104.0	2002.0	2539.506103515625
2115.0	2015.0	2529.459228515625
2114.0	2027.0	2530.425048828125
2123.0	2029.0	2522.204833984375
2124.0	2027.0	2521.319091796875
2144.0	2040.0	2502.984130859375
2131.0	2040.0	2514.9404296875
2143.0	2054.0	2503.92529296875
2143.0	2053.0	2503.927734375
2152.0	2068.0	2495.658935546875
2161.0	2065.0	2487.381591796875
2161.0	2065.0	2487.35595703125
2172.0	2079.0	2477.223876953125
2174.0	2081.0	2475.3466796875
2172.0	2085.0	2477.142822265625
2182.0	2095.0	2467.90576171875
2190.0	2093.0	2460.49365234375
2192.0	2105.0	2458.585693359375
2203.0	2107.0	2448.40380859375
2201.0	2118.0	2450.154052734375
2208.0	2118.0	2443.635009765625
2221.0	2129.0	2431.59521484375
2221.0	2134.0	2431.4794921875
2231.0	2144.0	2422.178466796875
2229.0	2144.0	2423.884521484375
2240.0	2156.0	2413.638671875
2240.0	2158.0	2413.492919921875
2249.0	2170.0	2405.074462890625
2260.0	2182.0	2394.803466796875
2261.0	2189.0	2393.710205078125
2270.0	2190.0	2385.265380859375
2278.0	2197.0	2377.724365234375
2280.0	2195.0	2375.681640625
2290.0	2220.0	2366.27978515625
2288.0	2223.0	2367.894775390625
2298.0	2221.0	2358.47802734375
2298.0	2236.0	2358.24365234375
2310.0	2251.0	2346.982177734375
2318.0	2249.0	2339.375732421875
2327.0	2261.0	2330.83984375
2327.0	2274.0	2330.559814453125
2337.0	2273.0	2321.09375
2338.0	2276.0	2319.8818359375
2346.0	2300.0	2312.22705078125
2344.0	2300.0	2313.75390625
2358.0	2304.0	2300.574951171875
2368.0	2316.0	2291.05712890625
2376.0	2326.0	2283.364501953125
2386.0	2326.0	2273.822021484375
2389.0	2341.0	2270.697509765625
2395.0	2352.0	2264.815673828125
2406.0	2352.0	2254.32763671875
2406.0	2351.0	2253.929443359375
2415.0	2366.0	2245.25244140625
2415.0	2363.0	2244.83935546875
2426.0	2378.0	2234.310546875
2436.0	2391.0	2224.689453125
2434.0	2393.0	2226.082763671875
2443.0	2405.0	2217.370849609375
2444.0	2404.0	2215.993896484375
2458.0	2418.0	2202.67431640625
2454.0	2411.0	2205.87548828125
2456.0	2419.0	2203.565673828125
2464.0	2429.0	2195.732666015625
2464.0	2430.0	2195.24560546875
2474.0	2443.0	2185.565673828125
2476.0	2441.0	2183.22509765625
2483.0	2457.0	2176.28466796875
2484.0	2470.0	2174.8486328125
2494.0	2466.0	2165.14501953125
2512.0	2464.0	2148.072021484375
2521.0	2485.0	2139.2421875
2522.0	2485.0	2137.745849609375
2533.0	2482.0	2127.0537109375
2542.0	2498.0	2118.18359375
2551.0	2496.0	2109.302490234375
2553.0	2508.0	2106.842529296875
2563.0	2508.0	2097.029296875
2572.0	2507.0	2088.121826171875
2572.0	2523.0	2087.46875
2574.0	2522.0	2084.979248046875
2580.0	2540.0	2078.814208984375
2580.0	2535.0	2078.147216796875
2581.0	2536.0	2076.561279296875
2581.0	2550.0	2075.89453125
2580.0	2547.0	2076.145263671875
2591.0	2550.0	2065.37158203125
2590.0	2549.0	2065.607421875
2592.0	2550.0	2063.087890625
2593.0	2561.0	2061.48681640625
2592.0	2577.0	2061.72216796875
2592.0	2561.0	2061.039306640625
2599.0	2563.0	2053.918212890625
2601.0	2559.0	2051.384521484375
2601.0	2561.0	2050.688720703125
2599.0	2562.0	2051.828125
2599.0	2563.0	2051.129638671875
2600.0	2560.0	2049.51416015625
2602.0	2554.0	2046.9798583984375
2598.0	2561.0	2049.956298828125
2599.0	2559.0	2048.34033203125
2602.0	2567.0	2044.891845703125
2600.0	2567.0	2046.0316162109375
2601.0	2560.0	2044.4163818359375
2602.0	2561.0	2042.8011474609375
2600.0	2549.0	2043.9381103515625
2591.0	2548.0	2051.51123046875
2592.0	2549.0	2049.910400390625
2592.0	2547.0	2049.226806640625
2589.0	2550.0	2051.29931640625
2595.0	2546.0	2045.1068115234375
2581.0	2534.0	2057.294189453125
2582.0	2522.0	2055.70849609375
2580.0	2518.0	2056.8779296875
2573.0	2522.0	2062.650390625
2571.0	2509.0	2063.83447265625
2573.0	2508.0	2061.34521484375
2562.0	2495.0	2070.79541015625
2561.0	2494.0	2071.075439453125
2541.0	2482.0	2088.819091796875
2544.0	2481.0	2085.456298828125
2534.0	2485.0	2094.04443359375
2513.0	2467.0	2112.756591796875
2502.0	2469.0	2122.30126953125
2495.0	2456.0	2128.18603515625
2485.0	2459.0	2136.843017578125
2475.0	2443.0	2145.511474609375
2475.0	2429.0	2145.00634765625
2475.0	2430.0	2144.502197265625
2464.0	2430.0	2154.113525390625
2453.0	2419.0	2163.736328125
2454.0	2405.0	2162.343994140625
2445.0	2403.0	2170.14453125
2433.0	2390.0	2180.713134765625
2426.0	2378.0	2186.70263671875
2427.0	2364.0	2185.3544921875
2415.0	2364.0	2195.949462890625
2409.0	2353.0	2201.0478515625
2407.0	2359.0	2202.484619140625
2397.0	2339.0	2211.282958984375
2377.0	2326.0	2229.286865234375
2367.0	2314.0	2238.12939453125
2356.0	2302.0	2247.900634765625
2347.0	2288.0	2255.847900390625
2338.0	2276.0	2263.808349609375
2327.0	2262.0	2273.61767578125
2320.0	2253.0	2279.77099609375
2309.0	2240.0	2289.60888671875
2310.0	2235.0	2288.4404296875
2298.0	2221.0	2299.2236328125
2279.0	2209.0	2316.44677734375
2279.0	2197.0	2316.234375
2269.0	2184.0	2325.22265625
2261.0	2172.0	2332.3857421875
2252.0	2160.0	2340.48046875
2240.0	2147.0	2351.343017578125
2240.0	2145.0	2351.197265625
2212.0	2118.0	2376.7919921875
2210.0	2118.0	2378.5283203125
2201.0	2105.0	2386.705810546875
2186.0	2092.0	2400.406494140625
2179.0	2061.0	2406.77099609375
2172.0	2052.0	2413.147216796875
2153.0	2042.0	2430.56884765625
2143.0	2016.0	2439.744384765625
2124.0	2003.0	2457.197509765625
2123.0	2003.0	2458.146728515625
2104.0	1974.0	2475.64208984375
2103.0	1975.0	2476.62158203125
2095.0	1962.0	2484.04345703125
2074.0	1932.0	2503.428466796875
2066.0	1925.0	2510.889404296875
2055.0	1911.0	2521.11669921875
2046.0	1898.0	2529.52587890625
2027.0	1886.0	2547.134521484375
2017.0	1874.0	2556.500732421875
2016.0	1877.0	2557.6142578125
2008.0	1863.0	2565.170166015625
1999.0	1860.0	2573.65625
1978.0	1831.0	2593.19091796875
1969.0	1821.0	2601.72119140625
1960.0	1797.0	2610.2626953125
1949.0	1786.0	2620.653564453125
1930.0	1771.0	2638.4033203125
1921.0	1758.0	2647.001708984375
1901.0	1745.0	2665.713134765625
1904.0	1744.0	2663.330322265625
1895.0	1730.0	2671.98046875
1874.0	1721.0	2691.6728515625
1864.0	1711.0	2701.279296875
1853.0	1694.0	2711.822265625
1846.0	1682.0	2718.70361328125
1835.0	1683.0	2729.271240234375
1825.0	1670.0	2738.930908203125
1826.0	1669.0	2738.5029296875
1798.0	1643.0	2764.72021484375
1796.0	1644.0	2767.089599609375
1785.0	1633.0	2777.7373046875
1779.0	1620.0	2783.80419921875
1768.0	1619.0	2794.474853515625
1759.0	1605.0	2803.31982421875
1748.0	1591.0	2814.01953125
1740.0	1593.0	2821.976318359375
1730.0	1584.0	2831.78125
1732.0	1583.0	2830.580322265625
1721.0	1572.0	2841.31884765625
1721.0	1569.0	2841.968017578125
1711.0	1559.0	2851.813720703125
1703.0	1543.0	2859.8330078125
1693.0	1530.0	2869.70068359375
1682.0	1532.0	2880.49853515625
1674.0	1520.0	2888.559814453125
1663.0	1522.0	2899.386474609375
1661.0	1520.0	2901.96044921875
1670.0	1519.0	2894.43212890625
1654.0	1506.0	2909.873779296875
1644.0	1508.0	2919.816650390625
1644.0	1514.0	2920.5810546875
1645.0	1503.0	2920.4267578125
1636.0	1505.0	2929.464111328125
1636.0	1497.0	2930.241455078125
1629.0	1495.0	2937.45068359375
1627.0	1495.0	2940.08154296875
1617.0	1495.0	2950.060302734375
1619.0	1496.0	2949.03076171875
1620.0	1497.0	2948.91796875
1615.0	1495.0	2954.316162109375
1619.0	1508.0	2951.4501953125
1608.0	1509.0	2962.3681640625
1607.0	1509.0	2964.106689453125
1608.0	1509.0	2964.009521484375
1609.0	1522.0	2963.91259765625
1608.0	1518.0	2965.65283203125
1609.0	1520.0	2965.555419921875
1608.0	1521.0	2967.29541015625
1608.0	1531.0	2968.115966796875
1608.0	1546.0	2968.93798828125
1605.0	1543.0	2972.514404296875
1618.0	1557.0	2961.38818359375
1617.0	1567.0	2963.113525390625
1620.0	1567.0	2961.164794921875
1629.0	1582.0	2953.705810546875
1627.0	1584.0	2956.3359375
1634.0	1595.0	2950.69873046875
1637.0	1593.0	2948.721435546875
1636.0	1606.0	2950.417724609375
1645.0	1620.0	2942.921630859375
1646.0	1631.0	2942.767578125
1656.0	1646.0	2934.3447265625
1656.0	1659.0	2935.094482421875
1663.0	1671.0	2929.410888671875
1674.0	1680.0	2920.042724609375
1673.0	1683.0	2921.68212890625
1682.0	1695.0	2914.126953125
1692.0	1710.0	2905.6396484375
1705.0	1719.0	2894.38037109375
1713.0	1730.0	2887.701171875
1721.0	1750.0	2881.010009765625
1730.0	1777.0	2873.390380859375
1740.0	1782.0	2864.841064453125
1751.0	1809.0	2855.355224609375
1759.0	1821.0	2848.612060546875
1760.0	1820.0	2848.283935546875
1769.0	1835.0	2840.596923828125
1777.0	1858.0	2833.816650390625
1788.0	1872.0	2824.27001953125
1805.0	1885.0	2809.185791015625
1817.0	1913.0	2798.679443359375
1828.0	1922.0	2789.0771484375
1845.0	1952.0	2773.950439453125
1843.0	1949.0	2776.248046875
1874.0	1989.0	2748.221923828125
1874.0	1989.0	2748.63916015625
1883.0	2014.0	2740.777099609375
1902.0	2041.0	2723.71044921875
1920.0	2067.0	2707.536376953125
1946.0	2093.0	2683.9814453125
1960.0	2106.0	2671.421875
1968.0	2133.0	2664.354736328125
1988.0	2156.0	2646.2529296875
1987.0	2158.0	2647.41064453125
2017.0	2196.0	2620.072509765625
2019.0	2196.0	2618.432373046875
2036.0	2222.0	2602.990966796875
2050.0	2249.0	2590.279296875
2075.0	2272.0	2567.443603515625
2095.0	2302.0	2549.17529296875
2119.0	2326.0	2527.204833984375
2122.0	2352.0	2524.502197265625
2153.0	2377.0	2496.05908203125
2155.0	2379.0	2494.210693359375
2162.0	2394.0	2487.757080078125
2182.0	2416.0	2469.343505859375
2199.0	2441.0	2453.648681640625
2219.0	2477.0	2435.176025390625
2241.0	2498.0	2414.841552734375
2259.0	2522.0	2398.158203125
2280.0	2548.0	2378.692138671875
2299.0	2575.0	2361.030517578125
2320.0	2601.0	2341.505859375
2319.0	2600.0	2342.158935546875
2337.0	2627.0	2325.34033203125
2358.0	2652.0	2305.74072265625
2386.0	2673.0	2279.680908203125
2408.0	2704.0	2259.088623046875
2425.0	2718.0	2243.0634765625
2444.0	2745.0	2225.177734375
2474.0	2770.0	2197.1630859375
2494.0	2795.0	2178.28369140625
2512.0	2824.0	2161.213623046875
2514.0	2820.0	2158.812744140625
2532.0	2849.0	2141.692626953125
2552.0	2861.0	2122.708251953125
2572.0	2889.0	2103.703369140625
2594.0	2915.0	2082.82666015625
2609.0	2927.0	2068.352294921875
2640.0	2953.0	2039.1578369140625
2659.0	2980.0	2020.9471435546875
2658.0	2979.0	2021.0775146484375
2687.0	3019.0	1993.64111328125
2687.0	3019.0	1992.80908203125
2706.0	3043.0	1974.50244140625
2725.0	3057.0	1956.17138671875
2745.0	3083.0	1936.8974609375
2755.0	3097.0	1926.788818359375
2776.0	3109.0	1906.5523681640625
2795.0	3137.0	1888.129150390625
2805.0	3153.0	1877.9442138671875
2807.0	3151.0	1875.0953369140625
2825.0	3162.0	1857.526611328125
2845.0	3176.0	1838.0943603515625
2855.0	3190.0	1827.8270263671875
2873.0	3203.0	1810.1868896484375
2893.0	3213.0	1790.689453125
2904.0	3226.0	1779.4364013671875
2913.0	3239.0	1770.006591796875
2933.0	3255.0	1750.4542236328125
2942.0	3269.0	1740.9813232421875
2943.0	3270.0	1738.8404541015625
2953.0	3268.0	1728.4224853515625
2963.0	3274.0	1717.99267578125
2971.0	3292.0	1709.3814697265625
2981.0	3293.0	1698.9215087890625
2991.0	3307.0	1688.4521484375
3000.0	3307.0	1678.887451171875
3012.0	3320.0	1666.554931640625
3021.0	3320.0	1656.9608154296875
3022.0	3319.0	1654.7008056640625
3021.0	3322.0	1654.278564453125
3034.0	3321.0	1640.983154296875
3040.0	3323.0	1634.107421875
3040.0	3319.0	1632.736572265625
3048.0	3322.0	1624.008056640625
3059.0	3320.0	1612.511962890625
3061.0	3322.0	1609.2760009765625
3070.0	3310.0	1599.6083984375
3071.0	3306.0	1597.27392578125
3072.0	3309.0	1594.938720703125
3080.0	3295.0	1586.175048828125
3079.0	3291.0	1585.662353515625
3080.0	3282.0	1583.31396484375
3081.0	3267.0	1580.964599609375
3105.0	3267.0	1557.48876953125
3091.0	3254.0	1568.8980712890625
3091.0	3243.0	1567.4520263671875
3090.0	3229.0	1566.924560546875
3092.0	3231.0	1563.639404296875
3090.0	3214.0	1564.029052734375
3079.0	3187.0	1572.68359375
3081.0	3189.0	1569.415283203125
3081.0	3180.0	1567.984619140625
3081.0	3164.0	1566.5533447265625
3079.0	3140.0	1566.958740234375
3071.0	3122.0	1572.8822021484375
3078.0	3096.0	1565.036865234375
3058.0	3085.0	1581.9876708984375
3060.0	3083.0	1578.750244140625
3058.0	3057.0	1579.1859130859375
3052.0	3031.0	1583.304931640625
3041.0	3006.0	1592.0338134765625
3040.0	2979.0	1591.5811767578125
3032.0	2952.0	1597.5645751953125
3022.0	2928.0	1605.3992919921875
3010.0	2900.0	1615.07958984375
3001.0	2876.0	1622.0228271484375
2991.0	2834.0	1629.8978271484375
2992.0	2836.0	1627.6849365234375
2983.0	2808.0	1634.667236328125
2971.0	2784.0	1644.416015625
2963.0	2743.0	1650.5050048828125
2953.0	2715.0	1658.447021484375
2943.0	2678.0	1666.3994140625
2923.0	2652.0	1683.5537109375
2913.0	2613.0	1691.5477294921875
2913.0	2614.0	1690.3717041015625
2884.0	2536.0	1715.8448486328125
2885.0	2534.0	1713.79345703125
2866.0	2496.0	1730.1368408203125
2843.0	2456.0	1750.176513671875
2833.0	2418.0	1758.295166015625
2815.0	2389.0	1773.777587890625
2804.0	2349.0	1782.861083984375
2784.0	2312.0	1800.224609375
2757.0	2260.0	1824.0462646484375
2758.0	2259.0	1822.1905517578125
2690.0	2184.0	1883.7611083984375
2689.0	2182.0	1883.8485107421875
2669.0	2145.0	1901.4095458984375
2652.0	2105.0	1916.239013671875
2617.0	2050.0	1947.6331787109375
2602.0	2013.0	1960.69091796875
2573.0	1965.0	1986.6494140625
2552.0	1929.0	2005.28955078125
2523.0	1888.0	2031.3060302734375
2523.0	1887.0	2030.72802734375
2502.0	1834.0	2049.461181640625
2474.0	1797.0	2074.657470703125
2455.0	1748.0	2091.62744140625
2426.0	1707.0	2117.81640625
2403.0	1655.0	2138.535888671875
2366.0	1616.0	2172.143310546875
2337.0	1573.0	2198.43798828125
2309.0	1532.0	2223.870361328125
2289.0	1483.0	2241.98828125
2288.0	1484.0	2242.684814453125
2259.0	1446.0	2269.136962890625
2229.0	1409.0	2296.54296875
2200.0	1360.0	2323.0654296875
2172.0	1325.0	2348.72900390625
2142.0	1279.0	2376.261474609375
2104.0	1243.0	2411.177734375
2075.0	1208.0	2437.88037109375
2075.0	1208.0	2437.98828125
2016.0	1129.0	2492.322998046875
2016.0	1130.0	2492.518798828125
1988.0	1094.0	2518.467529296875
1960.0	1051.0	2544.455810546875
1921.0	1019.0	2580.58251953125
1892.0	985.0	2607.592041015625
1864.0	954.0	2633.71435546875
1835.0	921.0	2660.788818359375
1808.0	892.0	2686.06494140625
1805.0	897.0	2689.338623046875
1739.0	885.0	2750.51220703125
1747.0	882.0	2743.785400390625
1712.0	883.0	2776.583984375
1694.0	883.0	2793.79931640625
1663.0	883.0	2822.981201171875
1636.0	884.0	2848.524169921875
1617.0	883.0	2866.7646484375
1600.0	882.0	2883.191650390625
1591.0	884.0	2892.294677734375
1589.0	883.0	2894.980712890625
1571.0	882.0	2912.384765625
1563.0	884.0	2920.619140625
1552.0	884.0	2931.62548828125
1554.0	888.0	2930.697265625
1543.0	885.0	2941.71240234375
1538.0	884.0	2947.22802734375
1525.0	884.0	2960.102783203125
1526.0	884.0	2960.13134765625
1517.0	886.0	2969.34765625
1516.0	886.0	2971.228271484375
1517.0	885.0	2971.270263671875
1513.0	885.0	2975.916259765625
1498.0	884.0	2990.67431640625
1500.0	884.0	2989.82763671875
1499.0	884.0	2991.73681640625
1497.0	885.0	2994.563720703125
1482.0	888.0	3009.345947265625
1484.0	884.0	3008.52783203125
1480.0	884.0	3013.21875
1480.0	884.0	3014.23681640625
1479.0	886.0	3016.1728515625
1479.0	885.0	3017.19091796875
1481.0	884.0	3016.372314453125
1482.0	882.0	3016.472412109375
1482.0	885.0	3017.490966796875
1479.0	883.0	3021.263916015625
1479.0	883.0	3022.283203125
1479.0	885.0	3023.30126953125
1479.0	889.0	3024.3193359375
1485.0	883.0	3019.82763671875
1480.0	884.0	3025.43359375
1479.0	885.0	3027.370361328125
1480.0	884.0	3027.469970703125
1480.0	884.0	3028.487548828125
1481.0	883.0	3028.58642578125
1480.0	881.0	3030.5224609375
1479.0	884.0	3032.458740234375
1480.0	883.0	3032.5576171875
1480.0	884.0	3033.57568359375
1479.0	884.0	3035.51171875
1480.0	891.0	3035.61181640625
1483.0	883.0	3033.87451171875
1481.0	883.0	3036.7294921875
1481.0	887.0	3037.74755859375
1479.0	885.0	3040.601806640625
1480.0	885.0	3040.70068359375
1482.0	883.0	3039.8818359375
1479.0	884.0	3043.6552734375
1481.0	887.0	3042.83740234375
1481.0	885.0	3043.85546875
1480.0	885.0	3045.79248046875
1481.0	881.0	3045.892578125
1479.0	886.0	3048.74755859375
1483.0	886.0	3046.09228515625
1481.0	883.0	3048.947265625
1481.0	887.0	3049.965576171875
1483.0	884.0	3049.14697265625
1479.0	883.0	3053.837890625
1479.0	892.0	3054.85595703125
1484.0	883.0	3051.282958984375
1655.0	1448.0	2895.109619140625
1667.0	1448.0	2884.83935546875
1659.0	1444.0	2892.9345703125
1657.0	1445.0	2895.521728515625
1657.0	1444.0	2896.270751953125
1657.0	1444.0	2897.018310546875
1654.0	1452.0	2900.523193359375
1655.0	1445.0	2900.3544921875
1729.0	1618.0	2833.0927734375
1730.0	1619.0	2832.809814453125
1730.0	1621.0	2833.444580078125
1729.0	1619.0	2834.99853515625
1740.0	1620.0	2825.524169921875
1739.0	1633.0	2827.0625
1749.0	1658.0	2818.490966796875
1748.0	1681.0	2820.01513671875
1758.0	1695.0	2811.435791015625
1759.0	1697.0	2811.108154296875
1757.0	1694.0	2813.53564453125
1759.0	1694.0	2812.289306640625
1760.0	1703.0	2811.961669921875
1768.0	1721.0	2805.20654296875
1768.0	1722.0	2805.78466796875
1779.0	1746.0	2796.249267578125
1797.0	1783.0	2780.2666015625
1807.0	1822.0	2771.606689453125
1834.0	1862.0	2747.30859375
1843.0	1889.0	2739.51318359375
1852.0	1911.0	2731.7080078125
1854.0	1910.0	2730.317138671875
1873.0	1939.0	2713.3017578125
1874.0	1944.0	2712.799072265625
1882.0	1950.0	2705.855224609375
1892.0	1964.0	2697.061279296875
1911.0	1975.0	2679.984619140625
1920.0	1990.0	2672.072998046875
1920.0	2002.0	2672.414794921875
1932.0	2002.0	2661.732177734375
1943.0	2014.0	2651.957763671875
1941.0	2013.0	2654.107177734375
1941.0	2031.0	2654.419189453125
1941.0	2028.0	2654.7314453125
1950.0	2040.0	2646.767822265625
1949.0	2039.0	2647.9853515625
1959.0	2040.0	2639.09375
1958.0	2054.0	2640.296875
1959.0	2047.0	2639.662841796875
1960.0	2054.0	2639.02783203125
1969.0	2052.0	2631.04443359375
1968.0	2053.0	2632.232177734375
1968.0	2054.0	2632.500244140625
1970.0	2040.0	2630.934326171875
1968.0	2042.0	2633.040771484375
1968.0	2039.0	2633.310546875
1983.0	2029.0	2619.797607421875
1979.0	2019.0	2623.724609375
1978.0	2020.0	2624.89697265625
1978.0	2002.0	2625.15087890625
1979.0	2002.0	2624.4873046875
1979.0	2000.0	2624.74169921875
1980.0	1990.0	2624.077880859375
1986.0	1991.0	2618.81298828125
1987.0	1978.0	2618.135498046875
1987.0	1962.0	2618.375244140625
1988.0	1965.0	2617.69580078125
1998.0	1965.0	2608.74658203125
1997.0	1949.0	2609.88916015625
1998.0	1949.0	2609.196044921875
2007.0	1950.0	2601.154052734375
2007.0	1950.0	2601.36474609375
2006.0	1952.0	2602.49365234375
2003.0	1950.0	2605.45849609375
2006.0	1942.0	2602.914794921875
2017.0	1939.0	2593.02001953125
2017.0	1930.0	2593.2158203125
2027.0	1936.0	2584.224609375
2026.0	1940.0	2585.32470703125
2026.0	1936.0	2585.505615234375
2033.0	1939.0	2579.245849609375
2041.0	1937.0	2572.06591796875
2044.0	1950.0	2569.464111328125
2047.0	1942.0	2566.861572265625
2054.0	1937.0	2560.576171875
2058.0	1938.0	2557.0400390625
2055.0	1939.0	2559.930908203125
2068.0	1938.0	2548.125732421875
2067.0	1938.0	2549.16259765625
2071.0	1937.0	2545.609375
2065.0	1939.0	2551.240478515625
2076.0	1952.0	2541.25048828125
2074.0	1951.0	2543.193603515625
2076.0	1949.0	2541.464111328125
2086.0	1948.0	2532.3779296875
2086.0	1949.0	2532.47021484375
2082.0	1963.0	2536.235107421875
2089.0	1959.0	2529.89794921875
2089.0	1955.0	2529.9892578125
2086.0	1962.0	2532.835205078125
2085.0	1962.0	2533.8447265625
2085.0	1974.0	2533.936279296875
2086.0	1975.0	2533.109130859375
2085.0	1987.0	2534.118896484375
2085.0	1989.0	2534.2099609375
2078.0	1988.0	2540.73291015625
2073.0	2010.0	2545.43017578125
2075.0	2001.0	2543.701171875
2075.0	2017.0	2543.80810546875
2074.0	2014.0	2544.834716796875
2066.0	2015.0	2552.302001953125
2065.0	2027.0	2553.341064453125
2065.0	2030.0	2553.46142578125
2065.0	2027.0	2553.581787109375
2066.0	2031.0	2552.78515625
2067.0	2028.0	2551.98779296875
2065.0	2029.0	2553.946044921875
2037.0	2067.0	2579.79931640625
2036.0	2068.0	2580.8837890625
2038.0	2067.0	2579.212646484375
2035.0	2069.0	2582.133056640625
2039.0	2069.0	2578.62646484375
2036.0	2063.0	2581.54736328125
2038.0	2064.0	2579.877197265625
2038.0	2055.0	2580.0419921875
2037.0	2052.0	2581.126708984375
2038.0	2055.0	2580.375
2036.0	2049.0	2582.3779296875
2016.0	2052.0	2600.909912109375
2035.0	2068.0	2583.628662109375
2036.0	2053.0	2582.875244140625
2036.0	2054.0	2583.041015625
2026.0	2054.0	2592.404052734375
2026.0	2052.0	2592.585693359375
2026.0	2039.0	2592.767578125
2029.0	2039.0	2590.195068359375
2030.0	2041.0	2589.45849609375
2028.0	2040.0	2591.47705078125
2027.0	2048.0	2592.5771484375
2028.0	2043.0	2591.840576171875
2026.0	2040.0	2593.858642578125
2026.0	2057.0	2594.039306640625
2026.0	2028.0	2594.220947265625
2027.0	2023.0	2593.483642578125
2028.0	2014.0	2592.746826171875
2026.0	2015.0	2594.764892578125
2027.0	2016.0	2594.02734375
2026.0	2014.0	2595.126953125
2028.0	2015.0	2593.47216796875
2025.0	2017.0	2596.40869140625
2028.0	2015.0	2593.8359375
2026.0	2013.0	2595.854248046875
2030.0	2014.0	2592.362060546875
2025.0	2019.0	2597.134033203125
2026.0	2015.0	2596.396728515625
2026.0	2012.0	2596.577392578125
2027.0	2002.0	2595.840087890625
2028.0	2003.0	2595.103759765625
2024.0	2003.0	2598.958251953125
2026.0	2003.0	2597.30322265625
2027.0	2003.0	2596.566650390625
2026.0	2015.0	2597.66650390625
2027.0	1999.0	2596.928955078125
2028.0	2003.0	2596.19189453125
2026.0	2003.0	2598.2099609375
2036.0	2002.0	2589.20361328125
2037.0	2003.0	2588.450927734375
2036.0	2002.0	2589.534912109375
2037.0	1997.0	2588.783203125
2039.0	2005.0	2587.1123046875
2035.0	2000.0	2590.951416015625
2036.0	2001.0	2590.198974609375
2038.0	2001.0	2588.52880859375
2036.0	2001.0	2590.531494140625
2037.0	2002.0	2589.779296875
2031.0	2002.0	2595.45458984375
2038.0	2000.0	2589.19287109375
2028.0	2004.0	2598.547607421875
2028.0	2002.0	2598.72802734375
2026.0	2003.0	2600.746337890625
2026.0	2001.0	2600.92724609375
2026.0	2002.0	2601.108642578125
2026.0	2001.0	2601.28955078125
2024.0	2003.0	2603.3076171875
2028.0	2000.0	2599.8154296875
2027.0	1998.0	2600.9140625
2027.0	2005.0	2601.0947265625
2025.0	2002.0	2603.114013671875
2026.0	2002.0	2602.377197265625
2029.0	2003.0	2599.803466796875
2028.0	2001.0	2600.902099609375
2038.0	2003.0	2591.901123046875
2026.0	1999.0	2603.102783203125
2026.0	2002.0	2603.284423828125
2027.0	2002.0	2602.546875
2027.0	2001.0	2602.728515625
2027.0	2004.0	2602.910400390625
2027.0	2005.0	2603.091064453125
2026.0	2003.0	2604.190185546875
2028.0	2003.0	2602.53515625
2028.0	2001.0	2602.716064453125
2028.0	1995.0	2602.8984375
2024.0	2003.0	2606.75390625
2027.0	2003.0	2604.179443359375
2027.0	2005.0	2604.361083984375
2026.0	2003.0	2605.46044921875
2027.0	2001.0	2604.7236328125
2040.0	2003.0	2592.966796875
2029.0	2012.0	2603.24951171875
2026.0	2013.0	2606.1865234375
2028.0	2017.0	2604.53076171875
2026.0	2013.0	2606.549560546875
2027.0	2014.0	2605.81201171875
2026.0	2006.0	2606.912109375
2027.0	2015.0	2606.17529296875
2029.0	2016.0	2604.52099609375
2026.0	2021.0	2607.45654296875
2025.0	2021.0	2608.555419921875
2027.0	2028.0	2606.900146484375
2028.0	2028.0	2606.163330078125
2027.0	2041.0	2607.2626953125
2027.0	2042.0	2607.444091796875
2026.0	2040.0	2608.544189453125
2026.0	2042.0	2608.7255859375
2027.0	2037.0	2607.98828125
2026.0	2039.0	2609.08740234375
2027.0	2043.0	2608.350830078125
2027.0	2042.0	2608.532470703125
2036.0	2041.0	2600.435302734375
2035.0	2052.0	2601.518798828125
2035.0	2054.0	2601.68505859375
2038.0	2054.0	2599.097900390625
2037.0	2050.0	2600.181884765625
2037.0	2054.0	2600.347412109375
2036.0	2054.0	2601.430908203125
2036.0	2054.0	2601.596923828125
2036.0	2067.0	2601.76318359375
2035.0	2067.0	2602.84912109375
2052.0	2069.0	2587.40478515625
2049.0	2068.0	2590.314697265625
2044.0	2063.0	2595.05810546875
2045.0	2061.0	2594.290771484375
2046.0	2066.0	2593.52490234375
2045.0	2068.0	2594.59375
2046.0	2067.0	2593.8271484375
2043.0	2066.0	2596.7353515625
2053.0	2068.0	2587.705322265625
2046.0	2069.0	2594.2861328125
2055.0	2065.0	2586.158447265625
2055.0	2065.0	2586.294921875
2055.0	2067.0	2586.4306640625
2058.0	2066.0	2583.81201171875
2056.0	2066.0	2585.785400390625
2052.0	2068.0	2589.5966796875
2056.0	2068.0	2586.060546875
2055.0	2068.0	2587.115966796875
2056.0	2070.0	2586.33349609375
2057.0	2068.0	2585.552001953125
2056.0	2069.0	2586.607177734375
2054.0	2068.0	2588.58056640625
2057.0	2065.0	2585.96240234375
2059.0	2050.0	2584.262451171875
2058.0	2053.0	2585.31689453125
2053.0	2060.0	2590.045166015625
2045.0	2055.0	2597.53125
2045.0	2053.0	2597.68408203125
2047.0	2054.0	2595.999755859375
2045.0	2053.0	2597.98828125
2045.0	2055.0	2598.1396484375
2045.0	2053.0	2598.291748046875
2046.0	2053.0	2597.52490234375
2047.0	2054.0	2596.75830078125
2046.0	2053.0	2597.82861328125
2036.0	2052.0	2607.16845703125
2036.0	2055.0	2607.33544921875
2039.0	2054.0	2604.74658203125
2037.0	2052.0	2606.749267578125
2037.0	2052.0	2606.915283203125
2037.0	2048.0	2607.080810546875
2036.0	2054.0	2608.165771484375
2036.0	2054.0	2608.33203125
2035.0	2041.0	2609.416748046875
2037.0	2040.0	2607.746337890625
2037.0	2039.0	2607.912841796875
2043.0	2042.0	2602.569091796875
2040.0	2036.0	2605.48974609375
2036.0	2039.0	2609.32861328125
2037.0	2041.0	2608.57666015625
2026.0	2041.0	2618.853759765625
2026.0	2039.0	2619.034423828125
2027.0	2040.0	2618.296630859375
2025.0	2039.0	2620.314697265625
2033.0	2043.0	2613.150634765625
2025.0	2049.0	2620.67822265625
2026.0	2044.0	2619.93994140625
2029.0	2039.0	2617.36669921875
2027.0	2041.0	2619.38427734375
2029.0	2041.0	2617.728515625
2026.0	2041.0	2620.665283203125
2025.0	2040.0	2621.765869140625
2027.0	2039.0	2620.111572265625
2027.0	2039.0	2620.293212890625
2028.0	2040.0	2619.556396484375
2026.0	2041.0	2621.573974609375
2028.0	2042.0	2619.91796875
2027.0	2039.0	2621.01806640625
2028.0	2040.0	2620.281982421875
2024.0	2039.0	2624.136962890625
2026.0	2039.0	2622.481689453125
2028.0	2037.0	2620.82666015625
2028.0	2039.0	2621.007568359375
2027.0	2040.0	2622.1064453125
2026.0	2040.0	2623.20751953125
2027.0	2040.0	2622.470458984375
2026.0	2041.0	2623.570068359375
2030.0	2040.0	2620.078125
2027.0	2040.0	2623.0146484375
2026.0	2043.0	2624.11376953125
2028.0	2040.0	2622.4580078125
2027.0	2042.0	2623.557861328125
2027.0	2040.0	2623.73876953125
2027.0	2044.0	2623.920166015625
2026.0	2041.0	2625.020263671875
2031.0	2040.0	2620.61083984375
2026.0	2042.0	2625.381103515625
2028.0	2039.0	2623.72607421875
2026.0	2058.0	2625.74462890625
2025.0	2039.0	2626.84375
2028.0	2039.0	2624.270263671875
2026.0	2042.0	2626.288330078125
2026.0	2040.0	2626.468994140625
2030.0	2037.0	2622.976806640625
2036.0	2027.0	2617.63427734375
2037.0	2028.0	2616.8828125
2023.0	2029.0	2629.905029296875
2036.0	2029.0	2618.1328125
2028.0	2016.0	2625.6455078125
2036.0	2017.0	2618.46435546875
2034.0	2015.0	2620.46728515625
2034.0	2015.0	2620.633544921875
2036.0	2021.0	2618.96337890625
2036.0	2013.0	2619.1298828125
2038.0	2016.0	2617.45947265625
2035.0	2015.0	2620.380615234375
2037.0	2015.0	2618.709716796875
2036.0	2016.0	2619.79296875
2040.0	2017.0	2616.27880859375
2045.0	2013.0	2611.839599609375
2039.0	2017.0	2617.501220703125
2046.0	2015.0	2611.22607421875
2045.0	2016.0	2612.29638671875
2047.0	2012.0	2610.612060546875
2044.0	2013.0	2613.5185546875
2045.0	2014.0	2612.75244140625
2058.0	2014.0	2600.957763671875
2059.0	2013.0	2600.175537109375
2055.0	2013.0	2603.985595703125
2056.0	2016.0	2603.20361328125
2056.0	2015.0	2603.340576171875
2057.0	2013.0	2602.557373046875
2055.0	2029.0	2604.5302734375
2055.0	2031.0	2604.666748046875
2059.0	2029.0	2601.11474609375
2066.0	2027.0	2594.80908203125
2064.0	2029.0	2596.76611328125
2065.0	2028.0	2595.969970703125
2065.0	2042.0	2596.09228515625
2066.0	2041.0	2595.295654296875
2075.0	2040.0	2587.14892578125
2073.0	2041.0	2589.09326171875
2077.0	2040.0	2585.527099609375
2074.0	2047.0	2588.388427734375
2075.0	2038.0	2587.578125
2075.0	2040.0	2587.685302734375
2085.0	2041.0	2578.60205078125
2086.0	2039.0	2577.77490234375
2085.0	2040.0	2578.78369140625
2096.0	2037.0	2568.773681640625
2086.0	2035.0	2578.048583984375
2085.0	2041.0	2579.058837890625
2085.0	2039.0	2579.150634765625
2085.0	2042.0	2579.2431640625
2093.0	2040.0	2571.974609375
2095.0	2038.0	2570.215087890625
2084.0	2039.0	2580.404052734375
2086.0	2036.0	2578.66015625
2086.0	2044.0	2578.752197265625
2085.0	2040.0	2579.76220703125
2085.0	2038.0	2579.854736328125
2084.0	2040.0	2580.86474609375
2062.0	2040.0	2601.1572265625
2085.0	2039.0	2580.128662109375
2084.0	2040.0	2581.148193359375
2072.0	2037.0	2592.275390625
2073.0	2041.0	2591.46337890625
2075.0	2027.0	2589.734375
2076.0	2028.0	2588.923828125
2075.0	2028.0	2589.94873046875
2065.0	2015.0	2599.251953125
2065.0	2016.0	2599.373291015625
2068.0	2017.0	2596.739501953125
2065.0	2017.0	2599.615966796875
2057.0	1998.0	2607.091796875
2057.0	2003.0	2607.228515625
2054.0	2004.0	2610.11962890625
2055.0	2003.0	2609.337646484375
2046.0	2002.0	2617.741943359375
2044.0	2003.0	2619.730712890625
2048.0	1996.0	2616.2099609375
2045.0	2003.0	2619.1171875
2046.0	2001.0	2618.3515625
2046.0	2003.0	2618.503662109375
2046.0	2004.0	2618.65478515625
2046.0	2001.0	2618.8076171875
2045.0	2002.0	2619.878173828125
2046.0	2001.0	2619.11279296875
2046.0	2001.0	2619.264892578125
2047.0	1998.0	2618.49755859375
2046.0	2002.0	2619.56689453125
2045.0	2002.0	2620.637451171875
2045.0	2002.0	2620.789306640625
2046.0	2003.0	2620.0234375
2045.0	2003.0	2621.093994140625
2042.0	2003.0	2624.001708984375
2044.0	2002.0	2622.318359375
2049.0	2004.0	2617.878173828125
2048.0	2003.0	2618.949462890625
2046.0	2002.0	2620.93798828125
2045.0	2004.0	2622.009765625
2045.0	2002.0	2622.161865234375
2048.0	2003.0	2619.5576171875
2048.0	2001.0	2619.7099609375
2047.0	2015.0	2620.780517578125
2045.0	2014.0	2622.769287109375
2045.0	2014.0	2622.921875
2047.0	2016.0	2621.238525390625
2045.0	2013.0	2623.226806640625
2045.0	2018.0	2623.378173828125
2042.0	2015.0	2626.285400390625
2047.0	2013.0	2621.84619140625
2054.0	2031.0	2615.560791015625
2056.0	2017.0	2613.86181640625
2056.0	2016.0	2613.998291015625
2056.0	2014.0	2614.134765625
2055.0	2016.0	2615.189697265625
2055.0	2014.0	2615.325927734375
2056.0	2015.0	2614.544921875
2055.0	2014.0	2615.602294921875
2056.0	2022.0	2614.820556640625
2054.0	2013.0	2616.79443359375
2059.0	2015.0	2612.33837890625
2058.0	2015.0	2613.394775390625
2056.0	2016.0	2615.367431640625
2053.0	2015.0	2618.258544921875
2063.0	2013.0	2609.212158203125
2055.0	2012.0	2616.69482421875
2055.0	2017.0	2616.83056640625
2055.0	2014.0	2616.967529296875
2056.0	2014.0	2616.186767578125
2057.0	2016.0	2615.405517578125
2057.0	2015.0	2615.5419921875
2059.0	2015.0	2613.84130859375
2060.0	2015.0	2613.059326171875
2057.0	2013.0	2615.94970703125
2055.0	2014.0	2617.9228515625
2057.0	2013.0	2616.22314453125
2057.0	2017.0	2616.35986328125
2057.0	2028.0	2616.49609375
2056.0	2028.0	2617.551513671875
2066.0	2041.0	2608.49267578125
2070.0	2042.0	2604.939453125
2065.0	2054.0	2609.6513671875
2069.0	2044.0	2606.09912109375
2066.0	2041.0	2608.976318359375
2066.0	2042.0	2609.09619140625
2065.0	2042.0	2610.134521484375
2066.0	2039.0	2609.338134765625
2065.0	2041.0	2610.377197265625
2063.0	2038.0	2612.336181640625
2066.0	2045.0	2609.70263671875
2069.0	2039.0	2607.068359375
2068.0	2041.0	2608.108154296875
2066.0	2040.0	2610.065185546875
2066.0	2041.0	2610.1845703125
2057.0	2041.0	2618.5732421875
2053.0	2040.0	2622.383544921875
2056.0	2034.0	2619.765625
2056.0	2038.0	2619.90234375
2055.0	2039.0	2620.9580078125
2059.0	2043.0	2617.421875
2055.0	2041.0	2621.2294921875
2055.0	2040.0	2621.3662109375
2056.0	2042.0	2620.583984375
2054.0	2042.0	2622.557373046875
2056.0	2040.0	2620.857666015625
2057.0	2040.0	2620.0751953125
2056.0	2038.0	2621.12939453125
2054.0	2042.0	2623.102783203125
2059.0	2043.0	2618.64794921875
2055.0	2039.0	2622.45751953125
2056.0	2041.0	2621.675048828125
2050.0	2040.0	2627.3203125
2055.0	2040.0	2622.864990234375
2057.0	2040.0	2621.163818359375
2057.0	2039.0	2621.30078125
2057.0	2040.0	2621.437744140625
2055.0	2041.0	2623.411376953125
2055.0	2038.0	2623.549072265625
2055.0	2041.0	2623.685791015625
2057.0	2042.0	2621.986083984375
2055.0	2037.0	2623.9599609375
2059.0	2042.0	2620.423095703125
2055.0	2027.0	2624.232666015625
2057.0	2027.0	2622.532470703125
2054.0	2014.0	2625.42431640625
2056.0	2015.0	2623.723876953125
2055.0	2014.0	2624.77880859375
2071.0	2005.0	2610.223388671875
2057.0	2000.0	2623.21630859375
2058.0	2003.0	2622.4345703125
2066.0	2004.0	2615.221923828125
2065.0	2002.0	2616.26123046875
2065.0	2004.0	2616.382568359375
2066.0	2001.0	2615.58447265625
2067.0	2002.0	2614.7861328125
2068.0	2004.0	2613.989501953125
2068.0	1984.0	2614.1103515625
2065.0	1990.0	2616.987060546875
2066.0	1988.0	2616.189453125
2076.0	1987.0	2607.124267578125
2075.0	1989.0	2608.149169921875
2075.0	1988.0	2608.256103515625
2074.0	1988.0	2609.282470703125
2087.0	1989.0	2597.451904296875
2075.0	1986.0	2608.578857421875
2075.0	1991.0	2608.686767578125
2085.0	1988.0	2599.602783203125
2085.0	1989.0	2599.6962890625
2086.0	1987.0	2598.8701171875
2086.0	1976.0	2598.9619140625
2086.0	1975.0	2599.054931640625
2088.0	1974.0	2597.309326171875
2086.0	1977.0	2599.238037109375
2086.0	1973.0	2599.32958984375
2087.0	1975.0	2598.50244140625
2087.0	1977.0	2598.594482421875
2084.0	1974.0	2601.440673828125
2086.0	1976.0	2599.695068359375
2084.0	1963.0	2601.622314453125
2087.0	1961.0	2598.95849609375
2088.0	1976.0	2598.13037109375
2084.0	1967.0	2601.89453125
2086.0	1960.0	2600.150146484375
2084.0	1963.0	2602.0771484375
2093.0	1962.0	2593.895263671875
2097.0	1963.0	2590.29931640625
2095.0	1962.0	2592.214111328125
2098.0	1962.0	2589.537109375
2095.0	1967.0	2592.370361328125
2096.0	1965.0	2591.530029296875
2095.0	1963.0	2592.52587890625
2095.0	1962.0	2592.60205078125
2096.0	1963.0	2591.762451171875
2094.0	1963.0	2593.6767578125
2094.0	1961.0	2593.75439453125
2105.0	1963.0	2583.725830078125
2103.0	1976.0	2585.623291015625
2104.0	1965.0	2584.767333984375
2095.0	1962.0	2593.09716796875
2093.0	1962.0	2595.010498046875
2094.0	1963.0	2594.169189453125
2094.0	1963.0	2594.246337890625
2093.0	1963.0	2595.241943359375
2092.0	1961.0	2596.237060546875
2094.0	1967.0	2594.478271484375
2095.0	1961.0	2593.635498046875
2095.0	1963.0	2593.712158203125
2097.0	1962.0	2591.95361328125
2094.0	1962.0	2594.7861328125
2094.0	1963.0	2594.86279296875
2085.0	1951.0	2603.21875
2088.0	1944.0	2600.5546875
2085.0	1945.0	2603.40185546875
2084.0	1948.0	2604.410888671875
2086.0	1950.0	2602.665771484375
2085.0	1950.0	2603.676025390625
2076.0	1949.0	2612.03466796875
2075.0	1950.0	2613.059326171875
2073.0	1949.0	2615.00244140625
2076.0	1949.0	2612.3544921875
2076.0	1953.0	2612.4619140625
2075.0	1948.0	2613.4873046875
2076.0	1952.0	2612.67529296875
2075.0	1948.0	2613.701171875
2075.0	1952.0	2613.80712890625
2075.0	1950.0	2613.9140625
2073.0	1951.0	2615.85791015625
2076.0	1948.0	2613.209716796875
2067.0	1950.0	2621.583984375
2065.0	1946.0	2623.541259765625
2066.0	1949.0	2622.74462890625
2065.0	1950.0	2623.783203125
2065.0	1952.0	2623.90478515625
2065.0	1950.0	2624.026123046875
2065.0	1952.0	2624.14697265625
2067.0	1950.0	2622.431396484375
2067.0	1953.0	2622.55078125
2042.0	1949.0	2645.6298828125
2065.0	1949.0	2624.630859375
2066.0	1951.0	2623.833251953125
2074.0	1949.0	2616.59521484375
2074.0	1951.0	2616.70166015625
2074.0	1949.0	2616.8095703125
2077.0	1948.0	2614.1611328125
2076.0	1946.0	2615.185791015625
2075.0	1948.0	2616.21240234375
2073.0	1949.0	2618.1552734375
2075.0	1950.0	2616.42578125
2078.0	1950.0	2613.77783203125
2076.0	1966.0	2615.720947265625
2075.0	1962.0	2616.7451171875
2073.0	1962.0	2618.68896484375
2075.0	1969.0	2616.960205078125
2075.0	1961.0	2617.06689453125
2075.0	1947.0	2617.174072265625
2078.0	1962.0	2614.527099609375
2072.0	1962.0	2620.142578125
2075.0	1963.0	2617.493408203125
2073.0	1963.0	2619.43701171875
2076.0	1960.0	2616.789306640625
2074.0	1957.0	2618.732666015625
2074.0	1963.0	2618.8388671875
2076.0	1964.0	2617.109619140625
2075.0	1962.0	2618.13427734375
2074.0	1964.0	2619.1591796875
2075.0	1961.0	2618.348876953125
2074.0	1962.0	2619.3740234375
2074.0	1960.0	2619.481201171875
2075.0	1969.0	2618.669921875
2074.0	1961.0	2619.69580078125
2076.0	1964.0	2617.966552734375
2075.0	1966.0	2618.991943359375
2074.0	1963.0	2620.016845703125
2075.0	1963.0	2619.2060546875
2074.0	1963.0	2620.231689453125
2078.0	1963.0	2616.66552734375
2073.0	1960.0	2621.3642578125
2074.0	1963.0	2620.553955078125
2075.0	1961.0	2619.741943359375
2077.0	1964.0	2618.010986328125
2076.0	1962.0	2619.035888671875
2075.0	1963.0	2620.060791015625
2074.0	1961.0	2621.085205078125
2079.0	1962.0	2616.60009765625
2075.0	1967.0	2620.380615234375
2078.0	1965.0	2617.731689453125
2075.0	1964.0	2620.593505859375
2075.0	1965.0	2620.700927734375
2075.0	1962.0	2620.807861328125
2077.0	1964.0	2619.078125
2073.0	1963.0	2622.857177734375
2076.0	1962.0	2620.209228515625
2085.0	1963.0	2612.048095703125
2085.0	1965.0	2612.13916015625
2085.0	1963.0	2612.23046875
2086.0	1962.0	2611.404296875
2084.0	1962.0	2613.330810546875
2084.0	1962.0	2613.4228515625
2085.0	1962.0	2612.596435546875
2088.0	1960.0	2609.93212890625
2087.0	1966.0	2610.943115234375
2086.0	1965.0	2611.951904296875
2083.0	1963.0	2614.797607421875
2086.0	1963.0	2612.134033203125
2096.0	1962.0	2047.5
2094.0	1965.0	2047.5
2093.0	1960.0	2047.5
2092.0	2689.0	2047.5
2096.0	2332.0	2047.5
2094.0	2159.0	2047.5
2098.0	2093.0	2047.5
2085.0	2078.0	2047.5
2082.0	2078.0	2047.5
2079.0	2075.0	2047.5
2078.0	2075.0	2047.5
2078.0	2074.0	2047.5
2077.0	2077.0	2047.5
2077.0	2073.0	2047.5
2077.0	2072.0	2047.5
2077.0	2073.0	2047.5
2076.0	2072.0	2047.5
2077.0	2073.0	2047.5
2080.0	2071.0	2047.5
2076.0	2074.0	2047.5
2078.0	2071.0	2047.5
2078.0	2072.0	2047.5
2076.0	2072.0	2047.5
2077.0	2071.0	2047.5
2076.0	2072.0	2047.5
2085.0	2074.0	2047.5
2079.0	2081.0	2047.5
2082.0	2080.0	2047.5
2081.0	2077.0	2047.5
2083.0	2075.0	2047.5
2081.0	2075.0	2047.5
2081.0	2077.0	2047.5
2078.0	2078.0	2047.5
2083.0	2074.0	2047.5
2080.0	2076.0	2047.5
2081.0	2078.0	2047.5
2082.0	2078.0	2047.5
2083.0	2078.0	2047.5
2081.0	2076.0	2047.5
2080.0	2075.0	2047.5
2083.0	2076.0	2047.5
2082.0	2070.0	2047.5
2081.0	2077.0	2047.5
2084.0	2077.0	2047.5
2082.0	2075.0	2047.5
2082.0	2078.0	2047.5
2079.0	2077.0	2047.5
2081.0	2076.0	2047.5
2084.0	2078.0	2047.5
2081.0	2074.0	2047.5
2084.0	2079.0	2047.5
2083.0	2077.0	2047.5
2081.0	2076.0	2047.5
2082.0	2075.0	2047.5
2085.0	2076.0	2047.5
2081.0	2082.0	2047.5
2095.0	3043.0	2047.5
2095.0	3040.0	2047.5
2096.0	3036.0	2047.5
2094.0	3039.0	2047.5
2096.0	3039.0	2047.5
2096.0	3037.0	2047.5
2094.0	3037.0	2047.5
2095.0	3039.0	2047.5
2095.0	3038.0	2047.5
2095.0	3040.0	2047.5
2095.0	3038.0	2047.5
2095.0	3041.0	2047.5
2095.0	3038.0	2047.5
2096.0	3041.0	2047.5
2093.0	3038.0	2047.5
2093.0	3039.0	2047.5
2095.0	3038.0	2047.5
2096.0	3036.0	2047.5
2094.0	3037.0	2047.5
2096.0	3046.0	2047.5
2093.0	3040.0	2047.5
2094.0	3035.0	2047.5
2094.0	3037.0	2047.5
2094.0	3040.0	2047.5
2096.0	3041.0	2047.5
2095.0	3037.0	2047.5
2097.0	3040.0	2047.5
2095.0	3041.0	2047.5
2094.0	3037.0	2047.5
2096.0	3036.0	2047.5
2092.0	3039.0	2047.5
2094.0	3038.0	2047.5
2092.0	3038.0	2047.5
2093.0	3038.0	2047.5
2094.0	3037.0	2047.5
2092.0	3037.0	2047.5
2097.0	3038.0	2047.5
2103.0	3039.0	2047.5
2095.0	3039.0	2047.5
2093.0	3044.0	2047.5
2095.0	3043.0	2047.5
2093.0	3032.0	2047.5
2094.0	3037.0	2047.5
2094.0	3036.0	2047.5
2094.0	3038.0	2047.5
2094.0	3038.0	2047.5
2095.0	3038.0	2047.5
2095.0	3039.0	2047.5
2095.0	3038.0	2047.5
2095.0	3036.0	2047.5
2099.0	3039.0	2047.5
2094.0	3038.0	2047.5
2093.0	3037.0	2047.5
2095.0	3036.0	2047.5
2093.0	3040.0	2047.5
2094.0	3039.0	2047.5
2093.0	3037.0	2047.5
2091.0	3039.0	2047.5
2109.0	3037.0	2047.5
2096.0	3037.0	2047.5
2095.0	3034.0	2047.5
2094.0	3053.0	2047.5
2097.0	3040.0	2047.5
2094.0	3040.0	2047.5
2096.0	3038.0	2047.5
2095.0	3039.0	2047.5
2095.0	3038.0	2047.5
2093.0	3038.0	2047.5
2066.0	2066.0	2047.5
2064.0	2067.0	2047.5
2065.0	2065.0	2047.5
2064.0	2065.0	2047.5
2064.0	2066.0	2047.5
2063.0	2069.0	2047.5
2065.0	2062.0	2047.5
2064.0	2063.0	2047.5
2065.0	2068.0	2047.5
2067.0	2068.0	2047.5
2065.0	2065.0	2047.5
2076.0	2065.0	2047.5
2065.0	2072.0	2047.5
2064.0	2067.0	2047.5
2064.0	2068.0	2047.5
2064.0	2065.0	2047.5
2066.0	2065.0	2047.5
2064.0	2065.0	2047.5
2067.0	2065.0	2047.5
2066.0	2067.0	2047.5
2065.0	2072.0	2047.5
2064.0	2064.0	2047.5
2065.0	2061.0	2047.5
2064.0	2065.0	2047.5
2065.0	2069.0	2047.5
2066.0	2065.0	2047.5
2067.0	2061.0	2047.5
2065.0	2064.0	2047.5
2066.0	2068.0	2047.5
2066.0	2064.0	2047.5
2065.0	2068.0	2047.5
2065.0	2068.0	2047.5
2065.0	2066.0	2047.5
2071.0	2068.0	2047.5
2067.0	2072.0	2047.5
2065.0	2062.0	2047.5
2068.0	2066.0	2047.5
2065.0	2064.0	2047.5
2065.0	2066.0	2047.5
2064.0	2065.0	2047.5
2079.0	2067.0	2047.5
2067.0	2064.0	2047.5
2066.0	2066.0	2047.5
2064.0	2064.0	2047.5
2064.0	2064.0	2047.5
2065.0	2066.0	2047.5
2064.0	2067.0	2047.5
2065.0	2065.0	2047.5
2062.0	2067.0	2047.5
2067.0	2072.0	2047.5
2064.0	2067.0	2047.5
2066.0	2066.0	2047.5
2064.0	2068.0	2047.5
2064.0	2067.0	2047.5
2063.0	2068.0	2047.5
2069.0	2064.0	2047.5
2065.0	2066.0	2047.5
2065.0	2066.0	2047.5
2066.0	2068.0	2047.5
2065.0	2069.0	2047.5
2065.0	2068.0	2047.5
2064.0	2066.0	2047.5
2065.0	2061.0	2047.5
2064.0	2073.0	2047.5
2065.0	2065.0	2047.5
2064.0	2064.0	2047.5
2067.0	2065.0	2047.5
2065.0	2067.0	2047.5
2066.0	2068.0	2047.5
2064.0	2066.0	2047.5
2065.0	2080.0	2047.5
2064.0	2070.0	2047.5
2065.0	2067.0	2047.5
2065.0	2066.0	2047.5
2065.0	2064.0	2047.5
2067.0	2066.0	2047.5
2067.0	2066.0	2047.5
2067.0	2067.0	2047.5
2065.0	2065.0	2047.5
2066.0	2066.0	2047.5
2064.0	2063.0	2047.5
2065.0	2067.0	2047.5
2064.0	2065.0	2047.5
2064.0	2064.0	2047.5
2066.0	2066.0	2047.5
2065.0	2070.0	2047.5
2067.0	2067.0	2047.5
2066.0	2067.0	2047.5
2065.0	2064.0	2047.5
2066.0	2065.0	2047.5
2065.0	2065.0	2047.5
2068.0	2066.0	2047.5
2065.0	2070.0	2047.5
2065.0	2064.0	2047.5
2065.0	2065.0	2047.5
2067.0	2065.0	2047.5
2066.0	2064.0	2047.5
2065.0	2067.0	2047.5
2063.0	2066.0	2047.5
2065.0	2083.0	2047.5
2064.0	2067.0	2047.5
2067.0	2065.0	2047.5
2063.0	2065.0	2047.5
2067.0	2065.0	2047.5
2066.0	2067.0	2047.5
2064.0	2063.0	2047.5
2070.0	2064.0	2047.5
2064.0	2069.0	2047.5
2065.0	2068.0	2047.5
2064.0	2066.0	2047.5
2066.0	2064.0	2047.5
2065.0	2066.0	2047.5
2065.0	2066.0	2047.5
2065.0	2066.0	2047.5
2068.0	2066.0	2047.5
2065.0	2067.0	2047.5
2064.0	2064.0	2047.5
2065.0	2066.0	2047.5
2065.0	2065.0	2047.5
2064.0	2066.0	2047.5
2064.0	2066.0	2047.5
2072.0	2066.0	2047.5
2064.0	2069.0	2047.5
2065.0	2069.0	2047.5
2064.0	2066.0	2047.5
2065.0	2068.0	2047.5
2065.0	2065.0	2047.5
2066.0	2067.0	2047.5
2060.0	2067.0	2047.5
2065.0	2066.0	2047.5
2064.0	2069.0	2047.5
2065.0	2064.0	2047.5
2064.0	2067.0	2047.5
2065.0	2065.0	2047.5
2064.0	2066.0	2047.5
2064.0	2067.0	2047.5
2070.0	2065.0	2047.5
2063.0	2071.0	2047.5
2066.0	2069.0	2047.5
2066.0	2068.0	2047.5
2064.0	2065.0	2047.5
2065.0	2066.0	2047.5
2065.0	2066.0	2047.5
2062.0	2066.0	2047.5
2067.0	2066.0	2047.5
2067.0	2066.0	2047.5
2063.0	2069.0	2047.5
2065.0	2066.0	2047.5
2066.0	2067.0	2047.5
2064.0	2068.0	2047.5
2065.0	2066.0	2047.5
2067.0	2068.0	2047.5
2065.0	2064.0	2047.5
2065.0	2071.0	2047.5
2065.0	2067.0	2047.5
2065.0	2066.0	2047.5
2064.0	2069.0	2047.5
2065.0	2067.0	2047.5
2066.0	2068.0	2047.5
2066.0	2066.0	2047.5
2065.0	2055.0	2047.5
2065.0	2067.0	2047.5
2064.0	2066.0	2047.5
2065.0	2067.0	2047.5
2065.0	2066.0	2047.5
2065.0	2066.0	2047.5
2068.0	2066.0	2047.5
2063.0	2064.0	2047.5
2065.0	2064.0	2047.5
2064.0	2067.0	2047.5
2065.0	2065.0	2047.5
2066.0	2069.0	2047.5
2064.0	2067.0	2047.5
2065.0	2065.0	2047.5
2065.0	2065.0	2047.5
2065.0	2067.0	2047.5
2065.0	2066.0	2047.5
2065.0	2066.0	2047.5
2066.0	2066.0	2047.5
2064.0	2066.0	2047.5
2064.0	2065.0	2047.5
2067.0	2067.0	2047.5
2066.0	2064.0	2047.5
2065.0	2074.0	2047.5
2065.0	2067.0	2047.5
2064.0	2067.0	2047.5
2066.0	2068.0	2047.5
2065.0	2066.0	2047.5
2064.0	2069.0	2047.5
2067.0	2067.0	2047.5
2066.0	2067.0	2047.5
2065.0	2067.0	2047.5
2066.0	2067.0	2047.5
2065.0	2067.0	2047.5
2066.0	2069.0	2047.5
2064.0	2068.0	2047.5
2066.0	2065.0	2047.5
2065.0	2055.0	2047.5
2064.0	2063.0	2047.5
2065.0	2065.0	2047.5
2065.0	2067.0	2047.5
2066.0	2066.0	2047.5
2066.0	2065.0	2047.5
2064.0	2064.0	2047.5
2067.0	2066.0	2047.5
2064.0	2066.0	2047.5
2065.0	2067.0	2047.5
2066.0	2065.0	2047.5
2064.0	2065.0	2047.5
2065.0	2064.0	2047.5
2066.0	2066.0	2047.5
2062.0	2066.0	2047.5
2064.0	2063.0	2047.5
2066.0	2071.0	2047.5
2066.0	2066.0	2047.5
2066.0	2067.0	2047.5
2065.0	2067.0	2047.5
2065.0	2065.0	2047.5
2063.0	2064.0	2047.5
2066.0	2066.0	2047.5
2065.0	2067.0	2047.5
2064.0	2065.0	2047.5
2064.0	2067.0	2047.5
2066.0	2067.0	2047.5
2064.0	2069.0	2047.5
2065.0	2064.0	2047.5
2066.0	2065.0	2047.5
2066.0	2062.0	2047.5
2065.0	2066.0	2047.5
2065.0	2068.0	2047.5
2065.0	2066.0	2047.5
2065.0	2068.0	2047.5
2065.0	2068.0	2047.5
2066.0	2066.0	2047.5
2066.0	2065.0	2047.5
2065.0	2068.0	2047.5
2064.0	2066.0	2047.5
2064.0	2067.0	2047.5
2065.0	2066.0	2047.5
2065.0	2066.0	2047.5
2064.0	2066.0	2047.5
2071.0	2067.0	2047.5
2065.0	2069.0	2047.5
2065.0	2067.0	2047.5
2067.0	2066.0	2047.5
2065.0	2066.0	2047.5
2065.0	2066.0	2047.5
2065.0	2066.0	2047.5
2073.0	2065.0	2047.5
2069.0	2061.0	2047.5
2064.0	2065.0	2047.5
2066.0	2066.0	2047.5
2065.0	2068.0	2047.5
2065.0	2065.0	2047.5
2063.0	2065.0	2047.5
2064.0	2068.0	2047.5
2067.0	2067.0	2047.5
2066.0	2065.0	2047.5
2065.0	2064.0	2047.5
2065.0	2067.0	2047.5
2064.0	2067.0	2047.5
2065.0	2065.0	2047.5
2064.0	2066.0	2047.5
2071.0	2066.0	2047.5
2065.0	2067.0	2047.5
2065.0	2069.0	2047.5
2067.0	2067.0	2047.5
2065.0	2068.0	2047.5
2067.0	2066.0	2047.5
2063.0	2067.0	2047.5
2064.0	2069.0	2047.5
2066.0	2065.0	2047.5
2065.0	2060.0	2047.5
2066.0	2069.0	2047.5
2065.0	2068.0	2047.5
2065.0	2065.0	2047.5
2063.0	2067.0	2047.5
2065.0	2066.0	2047.5
2065.0	2064.0	2047.5
2066.0	2062.0	2047.5
2064.0	2069.0	2047.5
2065.0	2069.0	2047.5
2064.0	2065.0	2047.5
2065.0	2067.0	2047.5
2064.0	2067.0	2047.5
2068.0	2067.0	2047.5
2068.0	2062.0	2047.5
2066.0	2067.0	2047.5
2064.0	2066.0	2047.5
2064.0	2065.0	2047.5
2064.0	2066.0	2047.5
2066.0	2065.0	2047.5
2064.0	2066.0	2047.5
2066.0	2067.0	2047.5
2063.0	2067.0	2047.5
2065.0	2067.0	2047.5
2069.0	2066.0	2047.5
2066.0	2065.0	2047.5
2066.0	2066.0	2047.5
2064.0	2066.0	2047.5
2072.0	2065.0	2047.5
2067.0	2071.0	2047.5
2065.0	2065.0	2047.5
2065.0	2066.0	2047.5
2067.0	2067.0	2047.5
2064.0	2068.0	2047.5
2065.0	2066.0	2047.5
2074.0	2067.0	2047.5
2066.0	2067.0	2047.5
2065.0	2072.0	2047.5
2064.0	2065.0	2047.5
2064.0	2067.0	2047.5
2064.0	2066.0	2047.5
2063.0	2066.0	2047.5
2065.0	2064.0	2047.5
2066.0	2071.0	2047.5
2065.0	2063.0	2047.5
2067.0	2068.0	2047.5
2067.0	2066.0	2047.5
2065.0	2069.0	2047.5
2065.0	2068.0	2047.5
2064.0	2066.0	2047.5
2065.0	2067.0	2047.5
2065.0	2065.0	2047.5
2064.0	2067.0	2047.5
2065.0	2066.0	2047.5
2065.0	2066.0	2047.5
2065.0	2065.0	2047.5
2067.0	2067.0	2047.5
2062.0	2066.0	2047.5
2064.0	2075.0	2047.5
2065.0	2066.0	2047.5
2064.0	2067.0	2047.5
2065.0	2066.0	2047.5
2066.0	2068.0	2047.5
2064.0	2065.0	2047.5
2067.0	2064.0	2047.5
2063.0	2066.0	2047.5
2065.0	2065.0	2047.5
2066.0	2068.0	2047.5
2064.0	2068.0	2047.5
2065.0	2066.0	2047.5
2065.0	2064.0	2047.5
2067.0	2068.0	2047.5
2064.0	2071.0	2047.5
2066.0	2066.0	2047.5
2064.0	2067.0	2047.5
2065.0	2066.0	2047.5
2064.0	2068.0	2047.5
2067.0	2066.0	2047.5
2077.0	2066.0	2047.5
2064.0	2065.0	2047.5
2064.0	2058.0	2047.5
2066.0	2067.0	2047.5
2059.0	2068.0	2047.5
2065.0	2068.0	2047.5
2064.0	2068.0	2047.5
2063.0	2065.0	2047.5
2066.0	2067.0	2047.5
2066.0	2061.0	2047.5
2065.0	2065.0	2047.5
2066.0	2065.0	2047.5
2065.0	2065.0	2047.5
2065.0	2067.0	2047.5
2063.0	2067.0	2047.5
2066.0	2064.0	2047.5
2062.0	2061.0	2047.5
2065.0	2063.0	2047.5
2064.0	2066.0	2047.5
2065.0	2068.0	2047.5
2065.0	2065.0	2047.5
2067.0	2068.0	2047.5
2067.0	2066.0	2047.5
2064.0	2066.0	2047.5
2065.0	2069.0	2047.5
2065.0	2064.0	2047.5
2065.0	2064.0	2047.5
2068.0	2067.0	2047.5
2064.0	2067.0	2047.5
2058.0	2066.0	2047.5
2067.0	2064.0	2047.5
2065.0	2068.0	2047.5
2064.0	2066.0	2047.5
2066.0	2065.0	2047.5
2065.0	2067.0	2047.5
2068.0	2067.0	2047.5
2064.0	2066.0	2047.5
2067.0	2067.0	2047.5
2067.0	2069.0	2047.5
2064.0	2069.0	2047.5
2064.0	2067.0	2047.5
2067.0	2068.0	2047.5
2065.0	2066.0	2047.5
2066.0	2067.0	2047.5
2067.0	2065.0	2047.5
2065.0	2065.0	2047.5
2064.0	2062.0	2047.5
2063.0	2068.0	2047.5
2066.0	2065.0	2047.5
2063.0	2069.0	2047.5
2064.0	2067.0	2047.5
2071.0	2065.0	2047.5
2065.0	2059.0	2047.5
2066.0	2066.0	2047.5
2045.0	2066.0	2047.5
2064.0	2066.0	2047.5
