871.0	1209.0	2047.5
873.0	1210.0	2047.5
876.0	1210.0	2047.5
873.0	1208.0	2047.5
872.0	1209.0	2047.5
873.0	1210.0	2047.5
873.0	1210.0	2047.5
874.0	1209.0	2047.5
873.0	1212.0	2047.5
874.0	1209.0	2047.5
874.0	1208.0	2047.5
872.0	1210.0	2047.5
872.0	1208.0	2047.5
873.0	1208.0	2047.5
874.0	1206.0	2047.5
874.0	1204.0	2047.5
878.0	1208.0	2047.5
873.0	1208.0	2047.5
872.0	1209.0	2047.5
873.0	1208.0	2047.5
874.0	1208.0	2047.5
874.0	1213.0	2047.5
873.0	1213.0	2047.5
872.0	1210.0	2047.5
875.0	1208.0	2047.5
873.0	1209.0	2047.5
872.0	1207.0	2047.5
874.0	1210.0	2047.5
874.0	1210.0	2047.5
873.0	1217.0	2047.5
877.0	1206.0	2047.5
871.0	1206.0	2047.5
872.0	1208.0	2047.5
874.0	1208.0	2047.5
875.0	1207.0	2047.5
875.0	1210.0	2047.5
874.0	1207.0	2047.5
871.0	1208.0	2047.5
874.0	1209.0	2047.5
872.0	1209.0	2047.5
872.0	1209.0	2047.5
873.0	1211.0	2047.5
872.0	1208.0	2047.5
872.0	1212.0	2047.5
872.0	1209.0	2047.5
875.0	1208.0	2047.5
872.0	1209.0	2047.5
872.0	1210.0	2047.5
872.0	1210.0	2047.5
874.0	1209.0	2047.5
875.0	1207.0	2047.5
871.0	1209.0	2047.5
872.0	1210.0	2047.5
872.0	1208.0	2047.5
872.0	1208.0	2047.5
874.0	1202.0	2047.5
873.0	1207.0	2047.5
873.0	1207.0	2047.5
872.0	1208.0	2047.5
874.0	1208.0	2047.5
871.0	1210.0	2047.5
872.0	1209.0	2047.5
873.0	1209.0	2047.5
874.0	1206.0	2047.5
872.0	1207.0	2047.5
874.0	1209.0	2047.5
872.0	1209.0	2047.5
875.0	1208.0	2047.5
872.0	1209.0	2047.5
900.0	1211.0	2047.5
873.0	1208.0	2047.5
874.0	1206.0	2047.5
872.0	1207.0	2047.5
872.0	1209.0	2047.5
874.0	1209.0	2047.5
873.0	1206.0	2047.5
874.0	1209.0	2047.5
875.0	1210.0	2047.5
872.0	1207.0	2047.5
875.0	1208.0	2047.5
875.0	1209.0	2047.5
872.0	1209.0	2047.5
872.0	1207.0	2047.5
874.0	1207.0	2047.5
874.0	1210.0	2047.5
872.0	1207.0	2047.5
872.0	1209.0	2047.5
873.0	1206.0	2047.5
875.0	1206.0	2047.5
873.0	1210.0	2047.5
876.0	1208.0	2047.5
877.0	1209.0	2047.5
873.0	1208.0	2047.5
873.0	1210.0	2047.5
874.0	1215.0	2047.5
872.0	1207.0	2047.5
873.0	1208.0	2047.5
875.0	1212.0	2047.5
871.0	1210.0	2047.5
873.0	1207.0	2047.5
871.0	1207.0	2047.5
873.0	1208.0	2047.5
873.0	1210.0	2047.5
872.0	1209.0	2047.5
872.0	1221.0	2047.5
875.0	1208.0	2047.5
873.0	1209.0	2047.5
873.0	1207.0	2047.5
873.0	1207.0	2047.5
873.0	1206.0	2047.5
875.0	1207.0	2047.5
874.0	1213.0	2047.5
872.0	1208.0	2047.5
874.0	1210.0	2047.5
874.0	1208.0	2047.5
874.0	1209.0	2047.5
873.0	1206.0	2047.5
874.0	1206.0	2047.5
873.0	1207.0	2047.5
874.0	1209.0	2047.5
873.0	1208.0	2047.5
873.0	1209.0	2047.5
872.0	1210.0	2047.5
874.0	1207.0	2047.5
873.0	1208.0	2047.5
872.0	1208.0	2047.5
875.0	1210.0	2047.5
873.0	1206.0	2047.5
873.0	1207.0	2047.5
871.0	1207.0	2047.5
873.0	1208.0	2047.5
875.0	1209.0	2047.5
872.0	1207.0	2047.5
874.0	1208.0	2047.5
872.0	1207.0	2047.5
871.0	1207.0	2047.5
872.0	1208.0	2047.5
872.0	1209.0	2047.5
873.0	1210.0	2047.5
872.0	1208.0	2047.5
873.0	1208.0	2047.5
873.0	1207.0	2047.5
879.0	1208.0	2047.5
873.0	1209.0	2047.5
871.0	1208.0	2047.5
872.0	1207.0	2047.5
873.0	1207.0	2047.5
874.0	1209.0	2047.5
874.0	1212.0	2047.5
876.0	1206.0	2047.5
873.0	1209.0	2047.5
873.0	1207.0	2047.5
873.0	1208.0	2047.5
874.0	1211.0	2047.5
873.0	1210.0	2047.5
875.0	1209.0	2047.5
877.0	1208.0	2047.5
873.0	1209.0	2047.5
873.0	1207.0	2047.5
872.0	1210.0	2047.5
872.0	1209.0	2047.5
874.0	1209.0	2047.5
872.0	1212.0	2047.5
874.0	1209.0	2047.5
875.0	1207.0	2047.5
873.0	1208.0	2047.5
872.0	1209.0	2047.5
873.0	1207.0	2047.5
872.0	1207.0	2047.5
873.0	1209.0	2047.5
873.0	1207.0	2047.5
875.0	1207.0	2047.5
874.0	1208.0	2047.5
874.0	1208.0	2047.5
868.0	1207.0	2047.5
873.0	1208.0	2047.5
874.0	1208.0	2047.5
876.0	1209.0	2047.5
873.0	1207.0	2047.5
882.0	1208.0	2047.5
872.0	1206.0	2047.5
873.0	1207.0	2047.5
872.0	1207.0	2047.5
874.0	1214.0	2047.5
875.0	1209.0	2047.5
871.0	1214.0	2047.5
874.0	1207.0	2047.5
874.0	1207.0	2047.5
872.0	1206.0	2047.5
873.0	1210.0	2047.5
875.0	1214.0	2047.5
873.0	1208.0	2047.5
873.0	1209.0	2047.5
867.0	1209.0	2047.5
873.0	1209.0	2047.5
874.0	1208.0	2047.5
873.0	1209.0	2047.5
874.0	1211.0	2047.5
873.0	1207.0	2047.5
874.0	1214.0	2047.5
878.0	1208.0	2047.5
872.0	1209.0	2047.5
872.0	1207.0	2047.5
873.0	1209.0	2047.5
873.0	1207.0	2047.5
876.0	1208.0	2047.5
873.0	1205.0	2047.5
874.0	1205.0	2047.5
874.0	1205.0	2047.5
873.0	1210.0	2047.5
873.0	1209.0	2047.5
872.0	1208.0	2047.5
873.0	1208.0	2047.5
873.0	1210.0	2047.5
874.0	1211.0	2047.5
873.0	1208.0	2047.5
880.0	1208.0	2047.5
874.0	1207.0	2047.5
872.0	1208.0	2047.5
873.0	1207.0	2047.5
875.0	1210.0	2047.5
873.0	1208.0	2047.5
871.0	1209.0	2047.5
879.0	1208.0	2047.5
873.0	1204.0	2047.5
872.0	1209.0	2047.5
874.0	1209.0	2047.5
874.0	1208.0	2047.5
873.0	1208.0	2047.5
873.0	1207.0	2047.5
873.0	1209.0	2047.5
873.0	1207.0	2047.5
869.0	1207.0	2047.5
874.0	1208.0	2047.5
875.0	1206.0	2047.5
872.0	1209.0	2047.5
873.0	1206.0	2047.5
872.0	1208.0	2047.5
872.0	1210.0	2047.5
876.0	1208.0	2047.5
873.0	1207.0	2047.5
871.0	1211.0	2047.5
874.0	1207.0	2047.5
872.0	1210.0	2047.5
874.0	1230.0	2047.5
874.0	1202.0	2047.5
874.0	1208.0	2047.5
873.0	1207.0	2047.5
876.0	1208.0	2047.5
872.0	1208.0	2047.5
872.0	1208.0	2047.5
873.0	1207.0	2047.5
874.0	1213.0	2047.5
873.0	1207.0	2047.5
871.0	1206.0	2047.5
876.0	1208.0	2047.5
874.0	1208.0	2047.5
873.0	1208.0	2047.5
873.0	1208.0	2047.5
873.0	1207.0	2047.5
872.0	1209.0	2047.5
873.0	1209.0	2047.5
873.0	1206.0	2047.5
876.0	1207.0	2047.5
2037.0	2002.0	2047.5
2037.0	2003.0	2047.5
2036.0	2001.0	2047.5
2038.0	2002.0	2047.5
2038.0	2001.0	2047.5
2036.0	2002.0	2047.5
2036.0	2006.0	2047.5
2035.0	2002.0	2047.5
2035.0	2000.0	2047.5
2030.0	2004.0	2047.5
2037.0	1998.0	2047.5
2038.0	2001.0	2047.5
2036.0	2003.0	2047.5
2039.0	2001.0	2047.5
2036.0	2007.0	2047.5
2035.0	2001.0	2047.5
2027.0	2002.0	2047.5
2029.0	2004.0	2047.5
2025.0	2002.0	2047.5
2026.0	2001.0	2047.5
2029.0	1987.0	2047.5
2026.0	1990.0	2047.5
2025.0	1987.0	2047.5
2027.0	1986.0	2047.5
2026.0	1989.0	2047.5
2027.0	1990.0	2047.5
2024.0	1987.0	2047.5
2026.0	1991.0	2047.5
2027.0	1991.0	2047.5
2027.0	1975.0	2047.5
2016.0	1975.0	2047.5
2017.0	1979.0	2047.5
2017.0	1973.0	2047.5
2020.0	1978.0	2047.5
2017.0	1975.0	2047.5
2017.0	1973.0	2047.5
2016.0	1980.0	2047.5
2017.0	1974.0	2047.5
2020.0	1976.0	2047.5
2017.0	1975.0	2047.5
2016.0	1969.0	2047.5
2018.0	1961.0	2047.5
2011.0	1964.0	2047.5
2008.0	1962.0	2047.5
2007.0	1961.0	2047.5
2007.0	1963.0	2047.5
2007.0	1962.0	2047.5
2000.0	1967.0	2047.5
2006.0	1960.0	2047.5
2007.0	1964.0	2047.5
2009.0	1960.0	2047.5
2007.0	1962.0	2047.5
2010.0	1963.0	2047.5
2006.0	1961.0	2047.5
2007.0	1964.0	2047.5
2009.0	1962.0	2047.5
2006.0	1952.0	2047.5
2006.0	1956.0	2047.5
2007.0	1949.0	2047.5
2007.0	1950.0	2047.5
2005.0	1949.0	2047.5
2008.0	1965.0	2047.5
2007.0	1949.0	2047.5
2008.0	1951.0	2047.5
2008.0	1949.0	2047.5
2006.0	1948.0	2047.5
2006.0	1952.0	2047.5
2007.0	1941.0	2047.5
2007.0	1938.0	2047.5
2008.0	1937.0	2047.5
2009.0	1938.0	2047.5
2007.0	1936.0	2047.5
1997.0	1938.0	2047.5
1999.0	1940.0	2047.5
2000.0	1937.0	2047.5
1997.0	1952.0	2047.5
1996.0	1950.0	2047.5
1990.0	1951.0	2047.5
1987.0	1944.0	2047.5
1988.0	1951.0	2047.5
1977.0	1949.0	2047.5
1978.0	1951.0	2047.5
1981.0	1949.0	2047.5
1979.0	1950.0	2047.5
1984.0	1950.0	2047.5
1969.0	1953.0	2047.5
1969.0	1945.0	2047.5
1969.0	1949.0	2047.5
1969.0	1949.0	2047.5
1972.0	1950.0	2047.5
1960.0	1948.0	2047.5
1959.0	1951.0	2047.5
1958.0	1951.0	2047.5
1959.0	1950.0	2047.5
1960.0	1953.0	2047.5
1959.0	1949.0	2047.5
1962.0	1951.0	2047.5
1961.0	1948.0	2047.5
1959.0	1952.0	2047.5
1957.0	1938.0	2047.5
1960.0	1937.0	2047.5
1960.0	1939.0	2047.5
1961.0	1941.0	2047.5
1959.0	1937.0	2047.5
1960.0	1937.0	2047.5
1957.0	1936.0	2047.5
1959.0	1938.0	2047.5
1959.0	1937.0	2047.5
1960.0	1935.0	2047.5
1959.0	1936.0	2047.5
1959.0	1939.0	2047.5
1960.0	1939.0	2047.5
1961.0	1938.0	2047.5
1962.0	1939.0	2047.5
1961.0	1934.0	2047.5
1960.0	1935.0	2047.5
1960.0	1936.0	2047.5
1972.0	1937.0	2047.5
1960.0	1934.0	2047.5
1960.0	1936.0	2047.5
1958.0	1936.0	2047.5
1962.0	1936.0	2047.5
1958.0	1936.0	2047.5
1951.0	1937.0	2047.5
1948.0	1939.0	2047.5
1951.0	1937.0	2047.5
1949.0	1936.0	2047.5
1949.0	1932.0	2047.5
1952.0	1938.0	2047.5
1948.0	1939.0	2047.5
1950.0	1938.0	2047.5
1948.0	1936.0	2047.5
1950.0	1951.0	2047.5
1950.0	1948.0	2047.5
1948.0	1950.0	2047.5
1951.0	1952.0	2047.5
1951.0	1949.0	2047.5
1949.0	1953.0	2047.5
1948.0	1947.0	2047.5
1952.0	1939.0	2047.5
1951.0	1937.0	2047.5
1951.0	1937.0	2047.5
1949.0	1938.0	2047.5
1948.0	1934.0	2047.5
1950.0	1938.0	2047.5
1952.0	1951.0	2047.5
1949.0	1952.0	2047.5
1952.0	1946.0	2047.5
1949.0	1951.0	2047.5
1952.0	1950.0	2047.5
1942.0	1950.0	2047.5
1942.0	1962.0	2047.5
1940.0	1950.0	2047.5
1941.0	1950.0	2047.5
1939.0	1951.0	2047.5
1944.0	1956.0	2047.5
1940.0	1951.0	2047.5
1938.0	1948.0	2047.5
1939.0	1949.0	2047.5
1941.0	1944.0	2047.5
1939.0	1950.0	2047.5
1942.0	1948.0	2047.5
1942.0	1949.0	2047.5
1940.0	1955.0	2047.5
1940.0	1950.0	2047.5
1942.0	1950.0	2047.5
1940.0	1949.0	2047.5
1943.0	1950.0	2047.5
1941.0	1949.0	2047.5
1939.0	1949.0	2047.5
1940.0	1948.0	2047.5
1942.0	1954.0	2047.5
1941.0	1952.0	2047.5
1941.0	1950.0	2047.5
1938.0	1951.0	2047.5
1941.0	1947.0	2047.5
1939.0	1950.0	2047.5
1940.0	1952.0	2047.5
1935.0	1952.0	2047.5
1940.0	1951.0	2047.5
1939.0	1949.0	2047.5
1952.0	1948.0	2047.5
1948.0	1953.0	2047.5
1949.0	1955.0	2047.5
1950.0	1948.0	2047.5
1950.0	1951.0	2047.5
1951.0	1948.0	2047.5
1949.0	1943.0	2047.5
1948.0	1950.0	2047.5
1952.0	1949.0	2047.5
1949.0	1949.0	2047.5
1950.0	1954.0	2047.5
1951.0	1951.0	2047.5
1950.0	1950.0	2047.5
1947.0	1938.0	2047.5
1949.0	1942.0	2047.5
1949.0	1935.0	2047.5
1950.0	1936.0	2047.5
1951.0	1937.0	2047.5
1948.0	1941.0	2047.5
1949.0	1936.0	2047.5
1952.0	1937.0	2047.5
1966.0	1937.0	2047.5
1950.0	1937.0	2047.5
1950.0	1933.0	2047.5
1951.0	1938.0	2047.5
1952.0	1936.0	2047.5
1947.0	1934.0	2047.5
1950.0	1936.0	2047.5
1950.0	1937.0	2047.5
1950.0	1938.0	2047.5
1949.0	1939.0	2047.5
1949.0	1938.0	2047.5
1951.0	1937.0	2047.5
1952.0	1937.0	2047.5
1949.0	1949.0	2047.5
1951.0	1949.0	2047.5
1951.0	1952.0	2047.5
1951.0	1949.0	2047.5
1949.0	1951.0	2047.5
1949.0	1955.0	2047.5
1949.0	1949.0	2047.5
1956.0	1963.0	2047.5
1949.0	1960.0	2402.532470703125
1951.0	1959.0	2337.22802734375
1949.0	1961.0	2402.228759765625
1952.0	1962.0	2307.57080078125
1949.0	1962.0	2405.06494140625
1949.0	1966.0	2406.146728515625
1949.0	1963.0	2406.86767578125
1946.0	1962.0	2504.025634765625
1948.0	1963.0	2440.017578125
1949.0	1963.0	2409.361083984375
1939.0	1961.0	2730.604248046875
1963.0	1963.0	1939.5496826171875
1940.0	1962.0	2672.37353515625
1942.0	1960.0	2595.505615234375
1941.0	1976.0	2614.967529296875
1942.0	1975.0	2571.633056640625
1940.0	1978.0	2625.488525390625
1940.0	1973.0	2614.36962890625
1941.0	1975.0	2573.065673828125
1941.0	1975.0	2563.919189453125
1940.0	1974.0	2588.065185546875
1939.0	1991.0	2612.2119140625
1942.0	1975.0	2506.264892578125
1941.0	1977.0	2532.927490234375
1941.0	1978.0	2525.78173828125
1940.0	1971.0	2551.156005859375
1941.0	1975.0	2512.736572265625
1948.0	1977.0	2285.792724609375
1950.0	1976.0	2228.392578125
1949.0	1975.0	2268.59130859375
1952.0	1976.0	2179.97607421875
1950.0	1977.0	2252.760498046875
1959.0	1976.0	1985.6351318359375
1960.0	1976.0	1975.9013671875
1959.0	1976.0	2030.3927001953125
1968.0	1975.0	1771.6806640625
1972.0	1975.0	1675.949462890625
1978.0	1973.0	1518.412841796875
1978.0	1976.0	1565.991943359375
1974.0	1978.0	1740.39794921875
1981.0	1975.0	1571.212158203125
1997.0	1979.0	1107.706298828125
1998.0	1976.0	1143.3966064453125
2009.0	1977.0	864.806884765625
2005.0	1975.0	1070.2767333984375
2006.0	1980.0	1111.1455078125
2018.0	1975.0	801.0408325195312
2020.0	1975.0	816.1565551757812
2026.0	1978.0	700.7440185546875
2026.0	1983.0	787.3113403320312
2028.0	1974.0	807.9088134765625
2027.0	1978.0	918.9722900390625
2037.0	1974.0	684.967529296875
2038.0	1973.0	739.2928466796875
2036.0	1974.0	886.5240478515625
2032.0	1975.0	1090.6683349609375
2037.0	1975.0	1002.0609130859375
2037.0	1975.0	1072.4976806640625
2037.0	1974.0	1138.6219482421875
2036.0	1976.0	1235.2884521484375
2038.0	1978.0	1229.6676025390625
2037.0	1977.0	1317.4781494140625
2036.0	1976.0	1402.425048828125
2025.0	1973.0	1795.1927490234375
2027.0	1975.0	1763.8109130859375
2016.0	1975.0	2143.997314453125
2016.0	1979.0	2156.972412109375
2008.0	1979.0	2420.681884765625
2000.0	1979.0	2672.150390625
1988.0	1977.0	3041.489013671875
1988.0	1975.0	3005.917724609375
1977.0	1990.0	3318.03759765625
1968.0	1990.0	3554.384521484375
1959.0	1987.0	3772.967529296875
1953.0	1987.0	3886.6728515625
1941.0	1988.0	4095.0
1931.0	2001.0	4095.0
1911.0	2002.0	4095.0
1902.0	2001.0	4095.0
1884.0	1998.0	4095.0
1882.0	2002.0	4095.0
1872.0	2016.0	4095.0
1864.0	2026.0	4095.0
1855.0	2027.0	4095.0
1845.0	2041.0	4095.0
1834.0	2044.0	4095.0
1826.0	2054.0	4095.0
1825.0	2053.0	4095.0
1816.0	2064.0	4095.0
1814.0	2067.0	4095.0
1805.0	2067.0	4095.0
1796.0	2066.0	4095.0
1798.0	2079.0	4095.0
1796.0	2079.0	4095.0
1798.0	2078.0	4095.0
1796.0	2081.0	4095.0
1796.0	2092.0	4095.0
1796.0	2092.0	4095.0
1796.0	2092.0	4095.0
1805.0	2092.0	4095.0
1805.0	2091.0	4095.0
1798.0	2093.0	4095.0
1800.0	2092.0	4095.0
1797.0	2090.0	4095.0
1788.0	2094.0	4095.0
1786.0	2091.0	4095.0
1788.0	2094.0	4095.0
1778.0	2091.0	4095.0
1776.0	2095.0	4095.0
1777.0	2097.0	4095.0
1779.0	2080.0	4095.0
1777.0	2078.0	4095.0
1776.0	2069.0	4095.0
1780.0	2066.0	3991.8232421875
1778.0	2053.0	3978.91650390625
1787.0	2058.0	3613.6826171875
1787.0	2040.0	3559.23193359375
1808.0	2027.0	2826.267822265625
1799.0	2025.0	3084.951171875
1808.0	2016.0	2773.384033203125
1806.0	2000.0	2821.9462890625
1816.0	1987.0	2499.816162109375
1826.0	1972.0	2187.17236328125
1834.0	1963.0	1949.3662109375
1854.0	1965.0	1340.522705078125
1856.0	1965.0	1339.694091796875
1874.0	1939.0	833.6608276367188
1877.0	1937.0	824.3961181640625
1892.0	1927.0	450.1101379394531
1910.0	1912.0	0.7735635638237
1932.0	1911.0	0.0
1940.0	1896.0	0.0
1957.0	1898.0	0.0
1971.0	1895.0	0.0
1979.0	1898.0	0.0
1978.0	1900.0	0.0
1997.0	1911.0	0.0
2005.0	1914.0	0.0
2016.0	1927.0	0.0
2026.0	1924.0	0.0
2037.0	1938.0	0.0
2036.0	1955.0	0.0
2044.0	1962.0	0.0
2059.0	1990.0	0.0
2067.0	2016.0	0.0
2067.0	2015.0	0.0
2069.0	2015.0	0.0
2073.0	2032.0	0.0
2075.0	2052.0	0.0
2073.0	2065.0	0.0
2084.0	2079.0	0.0
2073.0	2078.0	0.0
2075.0	2090.0	0.0
2074.0	2092.0	0.0
2066.0	2107.0	0.0
2055.0	2110.0	431.3965759277344
2056.0	2106.0	501.2425231933594
2050.0	2116.0	791.7401733398438
2044.0	2132.0	1065.281005859375
2036.0	2131.0	1388.8271484375
2032.0	2132.0	1560.19970703125
2025.0	2143.0	1819.6787109375
2019.0	2145.0	2040.488525390625
2011.0	2147.0	2313.513671875
2007.0	2144.0	2438.572265625
2000.0	2154.0	2661.42138671875
1996.0	2159.0	2771.845947265625
1988.0	2155.0	3001.529296875
1979.0	2158.0	3251.357177734375
1978.0	2160.0	3237.081787109375
1969.0	2154.0	3475.296630859375
1957.0	2153.0	3800.87109375
1952.0	2156.0	3889.685791015625
1952.0	2156.0	3808.655029296875
1949.0	2157.0	3827.731201171875
1941.0	2158.0	4000.04296875
1931.0	2156.0	4095.0
1920.0	2172.0	4095.0
1922.0	2171.0	4095.0
1911.0	2170.0	4095.0
1903.0	2170.0	4095.0
1902.0	2168.0	4095.0
1911.0	2156.0	4095.0
1910.0	2158.0	4095.0
1912.0	2156.0	3997.606689453125
1921.0	2146.0	3632.985595703125
1920.0	2145.0	3603.472412109375
1921.0	2127.0	3511.438232421875
1931.0	2132.0	3141.18798828125
1928.0	2120.0	3200.397216796875
1941.0	2104.0	2746.30419921875
1953.0	2097.0	2339.06201171875
1950.0	2079.0	2435.251220703125
1952.0	2079.0	2370.638427734375
1950.0	2080.0	2433.981689453125
1950.0	2064.0	2431.71875
1958.0	2068.0	2180.68408203125
1960.0	2055.0	2132.121337890625
1959.0	2053.0	2178.48876953125
1962.0	2054.0	2093.173828125
1960.0	2051.0	2170.606201171875
1956.0	2053.0	2312.5234375
1960.0	2056.0	2194.383056640625
1957.0	2053.0	2302.14501953125
1971.0	2052.0	1872.3887939453125
1966.0	2054.0	2059.692138671875
1969.0	2051.0	1984.885009765625
1978.0	2053.0	1722.3790283203125
1978.0	2053.0	1758.9578857421875
1979.0	2055.0	1762.460205078125
1979.0	2055.0	1795.9818115234375
1981.0	2052.0	1762.633056640625
1988.0	2054.0	1580.2525634765625
1986.0	2053.0	1688.0599365234375
1987.0	2052.0	1696.8277587890625
1990.0	2054.0	1640.244140625
1999.0	2053.0	1394.683837890625
1997.0	2053.0	1510.24853515625
1998.0	2053.0	1526.36376953125
1998.0	2054.0	1572.8529052734375
1997.0	2054.0	1646.3822021484375
1997.0	2053.0	1687.2154541015625
1998.0	2049.0	1693.8992919921875
1999.0	2053.0	1698.3436279296875
1997.0	2066.0	1797.435791015625
1996.0	2066.0	1863.366943359375
1997.0	2072.0	1861.560791015625
1999.0	2065.0	1825.754150390625
1997.0	2067.0	1917.2176513671875
2005.0	2069.0	1685.1934814453125
1999.0	2068.0	1904.208984375
2000.0	2076.0	1895.7493896484375
1998.0	2081.0	1983.1761474609375
2005.0	2079.0	1779.0299072265625
1998.0	2081.0	2025.73876953125
1998.0	2081.0	2045.0294189453125
1997.0	2080.0	2095.25439453125
1999.0	2094.0	2047.8343505859375
1994.0	2095.0	2226.386474609375
1997.0	2093.0	2145.807861328125
1998.0	2094.0	2127.808837890625
1998.0	2107.0	2141.493896484375
1996.0	2105.0	2217.861083984375
1998.0	2109.0	2165.2373046875
1999.0	2104.0	2144.694580078125
1998.0	2106.0	2189.0830078125
1989.0	2107.0	2479.038818359375
1988.0	2122.0	2504.858642578125
1986.0	2116.0	2563.60791015625
1991.0	2119.0	2396.067138671875
1987.0	2116.0	2519.83447265625
1990.0	2123.0	2418.369384765625
1989.0	2119.0	2446.86669921875
1987.0	2119.0	2507.17236328125
1989.0	2118.0	2437.663818359375
1988.0	2125.0	2466.400390625
1987.0	2117.0	2495.147705078125
1989.0	2118.0	2426.425537109375
1988.0	2119.0	2455.24169921875
1989.0	2123.0	2047.5
1989.0	2121.0	2047.5
1981.0	2119.0	2047.5
1978.0	2117.0	2047.5
1977.0	2121.0	2047.5
1979.0	2119.0	2047.5
1981.0	2118.0	2047.5
1980.0	2106.0	2047.5
1978.0	2100.0	2047.5
1988.0	2106.0	2047.5
1988.0	2105.0	2047.5
1989.0	2105.0	2047.5
1990.0	2097.0	2047.5
1989.0	2106.0	2047.5
1985.0	2106.0	2047.5
1999.0	2106.0	2047.5
1999.0	2102.0	2047.5
1999.0	2105.0	2047.5
1999.0	2106.0	2047.5
1998.0	2105.0	2047.5
1998.0	2102.0	2047.5
1998.0	2103.0	2047.5
1995.0	2096.0	2047.5
2007.0	2107.0	2047.5
2006.0	2109.0	2047.5
2008.0	2104.0	2047.5
2006.0	2104.0	2047.5
2007.0	2105.0	2047.5
2009.0	2101.0	2047.5
2009.0	2104.0	2047.5
2013.0	2105.0	2047.5
2007.0	2104.0	2047.5
2007.0	2106.0	2047.5
2007.0	2105.0	2047.5
2012.0	2092.0	2047.5
2008.0	2091.0	2047.5
2008.0	2091.0	2047.5
2007.0	2092.0	2047.5
2011.0	2092.0	2047.5
2007.0	2094.0	2047.5
2007.0	2092.0	2047.5
2008.0	2094.0	2047.5
2012.0	2093.0	2047.5
2007.0	2092.0	2047.5
2009.0	2098.0	2047.5
2006.0	2093.0	2047.5
2010.0	2090.0	2047.5
2007.0	2108.0	2047.5
2007.0	2105.0	2047.5
2007.0	2105.0	2047.5
2003.0	2105.0	2047.5
2010.0	2101.0	2047.5
2007.0	2106.0	2047.5
2018.0	2105.0	2047.5
2015.0	2105.0	2047.5
2016.0	2107.0	2047.5
2018.0	2105.0	2047.5
2019.0	2105.0	2047.5
2016.0	2106.0	2047.5
2015.0	2107.0	2047.5
2018.0	2105.0	2047.5
2019.0	2106.0	2047.5
2019.0	2105.0	2047.5
2017.0	2103.0	2047.5
2017.0	2103.0	2047.5
2016.0	2107.0	2047.5
2018.0	2107.0	2047.5
2016.0	2109.0	2047.5
2017.0	2105.0	2047.5
2016.0	2107.0	2047.5
2016.0	2106.0	2047.5
2020.0	2111.0	2047.5
2018.0	2103.0	2047.5
2019.0	2105.0	2047.5
2020.0	2104.0	2047.5
2017.0	2099.0	2047.5
2019.0	2105.0	2047.5
2021.0	2107.0	2047.5
2019.0	2098.0	2047.5
2016.0	2107.0	2047.5
2016.0	2105.0	2047.5
2023.0	2105.0	2047.5
2018.0	2102.0	2047.5
2026.0	2105.0	2047.5
2027.0	2104.0	2047.5
2037.0	2107.0	2047.5
2025.0	2108.0	2047.5
2026.0	2107.0	2047.5
2028.0	2103.0	2047.5
2027.0	2105.0	2047.5
2036.0	2104.0	2047.5
2036.0	2105.0	2047.5
2037.0	2116.0	2047.5
2037.0	2114.0	2047.5
2038.0	2112.0	2047.5
2038.0	2118.0	2047.5
2040.0	2117.0	2047.5
2037.0	2117.0	2047.5
2032.0	2127.0	2047.5
2036.0	2120.0	2047.5
2037.0	2120.0	2047.5
2037.0	2117.0	2047.5
2046.0	2124.0	2047.5
2046.0	2120.0	2047.5
2046.0	2118.0	2047.5
2043.0	2117.0	2047.5
2045.0	2115.0	2047.5
2045.0	2120.0	2047.5
2045.0	2118.0	2047.5
2046.0	2117.0	2047.5
2048.0	2116.0	2047.5
2045.0	2120.0	2047.5
2049.0	2118.0	2047.5
2046.0	2117.0	2047.5
2046.0	2111.0	2047.5
2046.0	2119.0	2047.5
2049.0	2118.0	2047.5
2046.0	2118.0	2047.5
2045.0	2113.0	2047.5
2045.0	2118.0	2047.5
2042.0	2117.0	2047.5
2045.0	2122.0	2047.5
2044.0	2117.0	2047.5
2044.0	2118.0	2047.5
2045.0	2117.0	2047.5
2046.0	2119.0	2047.5
2057.0	2119.0	2047.5
2054.0	2116.0	2047.5
2054.0	2119.0	2047.5
2056.0	2112.0	2047.5
2055.0	2120.0	2047.5
2069.0	2117.0	2047.5
2066.0	2118.0	2047.5
2066.0	2120.0	2047.5
2065.0	2121.0	2047.5
2064.0	2118.0	2047.5
2066.0	2118.0	2047.5
2066.0	2123.0	2047.5
2067.0	2119.0	2047.5
2066.0	2119.0	2047.5
2066.0	2115.0	2047.5
2066.0	2117.0	2047.5
2066.0	2117.0	2047.5
2065.0	2117.0	2047.5
2075.0	2116.0	2047.5
2075.0	2125.0	2047.5
2077.0	2117.0	2047.5
2073.0	2118.0	2047.5
2076.0	2115.0	2047.5
2074.0	2118.0	2047.5
2073.0	2118.0	2047.5
2079.0	2118.0	2047.5
2075.0	2116.0	2047.5
2076.0	2119.0	2047.5
2076.0	2117.0	2047.5
2071.0	2119.0	2047.5
2074.0	2117.0	2047.5
2076.0	2119.0	2047.5
2085.0	2120.0	2047.5
2085.0	2119.0	2047.5
2087.0	2120.0	2047.5
2086.0	2116.0	2047.5
2086.0	2119.0	2047.5
2083.0	2118.0	2047.5
2085.0	2115.0	2047.5
2093.0	2118.0	2047.5
2094.0	2118.0	2047.5
2093.0	2117.0	2047.5
2095.0	2118.0	2047.5
2105.0	2117.0	2047.5
2107.0	2120.0	2047.5
2104.0	2120.0	2047.5
2103.0	2112.0	2047.5
2104.0	2118.0	2047.5
2106.0	2120.0	2047.5
2105.0	2121.0	2047.5
2104.0	2116.0	2047.5
2104.0	2119.0	2047.5
2109.0	2105.0	2047.5
2105.0	2108.0	2047.5
2103.0	2103.0	2047.5
2104.0	2106.0	2047.5
2118.0	2106.0	2047.5
2106.0	2108.0	2047.5
2104.0	2105.0	2047.5
2106.0	2105.0	2047.5
2103.0	2106.0	2047.5
2106.0	2102.0	2047.5
2104.0	2105.0	2047.5
2106.0	2093.0	2047.5
2103.0	2091.0	2047.5
2104.0	2089.0	2047.5
2103.0	2093.0	2047.5
2105.0	2092.0	2047.5
2106.0	2094.0	2047.5
2105.0	2092.0	2047.5
2104.0	2080.0	2047.5
2112.0	2078.0	2047.5
2113.0	2081.0	2047.5
2114.0	2083.0	2047.5
2115.0	2081.0	2047.5
2115.0	2081.0	2047.5
2112.0	2080.0	2047.5
2114.0	2079.0	2047.5
2113.0	2079.0	2047.5
2111.0	2079.0	2047.5
2113.0	2078.0	2047.5
2112.0	2079.0	2047.5
2113.0	2080.0	2047.5
2112.0	2079.0	2047.5
2113.0	2080.0	2047.5
2115.0	2078.0	2047.5
2112.0	2079.0	2047.5
2115.0	2079.0	2047.5
2113.0	2078.0	2047.5
2113.0	2092.0	2047.5
2115.0	2091.0	2047.5
2112.0	2092.0	2047.5
2113.0	2084.0	2047.5
2116.0	2093.0	2047.5
2113.0	2090.0	2047.5
2112.0	2091.0	2047.5
2117.0	2103.0	2047.5
2113.0	2105.0	2047.5
2113.0	2107.0	2047.5
2113.0	2107.0	2047.5
2113.0	2101.0	2047.5
2113.0	2106.0	2047.5
2114.0	2118.0	2047.5
2113.0	2120.0	2047.5
2115.0	2119.0	2047.5
2114.0	2119.0	2047.5
2116.0	2118.0	2047.5
2126.0	2118.0	2047.5
2124.0	2119.0	2047.5
2123.0	2118.0	2047.5
2118.0	2118.0	2047.5
2126.0	2116.0	2047.5
2124.0	2118.0	2047.5
2132.0	2118.0	2047.5
2130.0	2117.0	2047.5
2131.0	2112.0	2047.5
2131.0	2117.0	2047.5
2135.0	2118.0	2047.5
2145.0	2104.0	2047.5
2143.0	2110.0	2047.5
2154.0	2107.0	2047.5
2153.0	2105.0	2047.5
2152.0	2107.0	2047.5
2153.0	2105.0	2047.5
2151.0	2103.0	2047.5
2156.0	2106.0	2047.5
2152.0	2108.0	2047.5
2164.0	2106.0	2047.5
2164.0	2105.0	2047.5
2176.0	2104.0	2047.5
2162.0	2107.0	2047.5
2164.0	2103.0	2047.5
2162.0	2105.0	2047.5
2162.0	2104.0	2047.5
2163.0	2106.0	2047.5
2164.0	2106.0	2047.5
2162.0	2104.0	2047.5
2182.0	2106.0	2047.5
2163.0	2108.0	2047.5
2161.0	2106.0	2047.5
2163.0	2104.0	2047.5
2162.0	2104.0	2047.5
2162.0	2101.0	2047.5
2173.0	2104.0	2047.5
2173.0	2104.0	2047.5
2171.0	2108.0	2047.5
2172.0	2088.0	2047.5
2173.0	2092.0	2047.5
2175.0	2093.0	2047.5
2181.0	2093.0	2047.5
2181.0	2079.0	2047.5
2182.0	2079.0	2047.5
2184.0	2081.0	2047.5
2182.0	2082.0	2047.5
2184.0	2095.0	2047.5
2191.0	2068.0	2047.5
2192.0	2066.0	2047.5
2190.0	2072.0	2047.5
2192.0	2068.0	2047.5
2190.0	2067.0	2047.5
2201.0	2052.0	2047.5
2200.0	2062.0	2047.5
2201.0	2055.0	2047.5
2203.0	2055.0	2047.5
2204.0	2051.0	2047.5
2201.0	2052.0	2047.5
2201.0	2053.0	2047.5
2203.0	2053.0	2047.5
2203.0	2055.0	2047.5
2203.0	2053.0	2047.5
2204.0	2054.0	2047.5
2204.0	2054.0	2047.5
2201.0	2041.0	2047.5
2210.0	2039.0	2047.5
2209.0	2041.0	2047.5
2214.0	2041.0	2047.5
2211.0	2035.0	2047.5
2214.0	2041.0	2047.5
2214.0	2041.0	2047.5
2210.0	2042.0	2047.5
2209.0	2042.0	2047.5
2216.0	2041.0	2047.5
2213.0	2042.0	2047.5
2210.0	2042.0	2047.5
2210.0	2040.0	2047.5
2212.0	2038.0	2047.5
2209.0	2039.0	2047.5
2209.0	2044.0	2047.5
2202.0	2041.0	2047.5
2203.0	2039.0	2047.5
2201.0	2041.0	2047.5
2202.0	2038.0	2047.5
2200.0	2054.0	2047.5
2202.0	2051.0	2047.5
2201.0	2053.0	2047.5
2201.0	2052.0	2047.5
2200.0	2053.0	2047.5
2202.0	2054.0	2047.5
2202.0	2052.0	2047.5
2200.0	2065.0	2047.5
2202.0	2065.0	2047.5
2199.0	2070.0	2047.5
2202.0	2063.0	2047.5
2201.0	2067.0	2047.5
2201.0	2067.0	2047.5
2199.0	2068.0	2047.5
2202.0	2072.0	2047.5
2202.0	2068.0	2047.5
2200.0	2080.0	2047.5
2213.0	2080.0	2047.5
2211.0	2084.0	2047.5
2205.0	2067.0	2047.5
2213.0	2067.0	2047.5
2210.0	2068.0	2047.5
2209.0	2067.0	2047.5
2202.0	2068.0	2047.5
2200.0	2066.0	2047.5
2204.0	2063.0	2047.5
2203.0	2065.0	2047.5
2205.0	2067.0	2047.5
2201.0	2069.0	2047.5
2201.0	2066.0	2047.5
2201.0	2066.0	2047.5
2198.0	2068.0	2047.5
2201.0	2067.0	2047.5
2202.0	2065.0	2047.5
2203.0	2068.0	2047.5
2198.0	2067.0	2047.5
2200.0	2064.0	2047.5
2200.0	2066.0	2047.5
2200.0	2069.0	2047.5
2203.0	2067.0	2047.5
2201.0	2068.0	2047.5
2201.0	2066.0	2047.5
2199.0	2066.0	2047.5
2203.0	2067.0	2047.5
2201.0	2065.0	2047.5
2200.0	2066.0	2047.5
2206.0	2065.0	2047.5
2200.0	2070.0	2047.5
2201.0	2067.0	2047.5
2202.0	2066.0	2047.5
2198.0	2067.0	2047.5
2202.0	2065.0	2047.5
2201.0	2066.0	2047.5
2202.0	2068.0	2047.5
2202.0	2066.0	2047.5
2203.0	2066.0	2047.5
2200.0	2067.0	2047.5
2207.0	2067.0	2047.5
2202.0	2065.0	2047.5
2201.0	2066.0	2047.5
2202.0	2066.0	2047.5
2200.0	2067.0	2047.5
2201.0	2071.0	2047.5
2201.0	2068.0	2047.5
2203.0	2064.0	2047.5
2200.0	2067.0	2047.5
2202.0	2062.0	2047.5
2200.0	2066.0	2047.5
2203.0	2052.0	2047.5
2201.0	2052.0	2047.5
2201.0	2051.0	2047.5
2202.0	2054.0	2047.5
2199.0	2053.0	2047.5
2201.0	2055.0	2047.5
2202.0	2054.0	2047.5
2205.0	2051.0	2047.5
2202.0	2053.0	2047.5
2211.0	2057.0	2047.5
2210.0	2055.0	2047.5
2210.0	2055.0	2047.5
2209.0	2051.0	2047.5
2211.0	2053.0	2047.5
2212.0	2054.0	2047.5
2210.0	2053.0	2047.5
2211.0	2053.0	2047.5
2210.0	2054.0	2047.5
2213.0	2053.0	2047.5
2210.0	2056.0	2047.5
2212.0	2051.0	2047.5
2210.0	2053.0	2047.5
2212.0	2052.0	2047.5
2212.0	2057.0	2047.5
2209.0	2054.0	2047.5
2210.0	2053.0	2047.5
2209.0	2052.0	2047.5
2210.0	2055.0	2047.5
2222.0	2052.0	2047.5
2222.0	2051.0	2047.5
2220.0	2052.0	2047.5
2220.0	2051.0	2047.5
2222.0	2041.0	2047.5
2232.0	2039.0	2047.5
2222.0	2039.0	2047.5
2221.0	2041.0	2047.5
2223.0	2041.0	2047.5
2218.0	2038.0	2047.5
2222.0	2037.0	2047.5
2221.0	2034.0	2047.5
2225.0	2025.0	2047.5
2219.0	2026.0	2047.5
2221.0	2016.0	2047.5
2221.0	2014.0	2047.5
2219.0	2015.0	2047.5
2231.0	2007.0	2047.5
2230.0	2015.0	2047.5
2221.0	2015.0	2047.5
2223.0	2015.0	2047.5
2221.0	2013.0	2047.5
2221.0	2014.0	2047.5
2217.0	2015.0	2047.5
2231.0	2017.0	2047.5
2230.0	2016.0	2047.5
2228.0	2010.0	2047.5
2231.0	2014.0	2047.5
2229.0	2013.0	2047.5
2228.0	2016.0	2047.5
2243.0	2015.0	2047.5
2229.0	2018.0	2047.5
2232.0	2012.0	2047.5
2229.0	2017.0	2047.5
2231.0	2014.0	2047.5
2229.0	2013.0	2047.5
2232.0	2013.0	2047.5
2233.0	2016.0	2047.5
2230.0	2013.0	2047.5
2230.0	2014.0	2047.5
2231.0	2000.0	2047.5
2229.0	2001.0	2047.5
2229.0	2008.0	2047.5
2230.0	2001.0	2047.5
2230.0	2002.0	2047.5
2231.0	2002.0	2047.5
2230.0	2003.0	2047.5
2233.0	2001.0	2047.5
2242.0	2002.0	2047.5
2239.0	2004.0	2047.5
2239.0	2001.0	2047.5
2241.0	2001.0	2047.5
2239.0	2002.0	2047.5
2240.0	2001.0	2047.5
2238.0	2002.0	2047.5
2237.0	2001.0	2047.5
2240.0	1999.0	2047.5
2241.0	2001.0	2047.5
2241.0	2002.0	2047.5
2240.0	2003.0	2047.5
2241.0	2002.0	2047.5
2240.0	2003.0	2047.5
2238.0	2002.0	2047.5
2242.0	2004.0	2047.5
2242.0	2002.0	2047.5
2239.0	2004.0	2047.5
2241.0	2002.0	2047.5
2241.0	2000.0	2047.5
2241.0	1990.0	2047.5
2235.0	1989.0	2047.5
2239.0	1996.0	2047.5
2240.0	1989.0	2047.5
2242.0	1989.0	2047.5
2240.0	1988.0	2047.5
2240.0	1990.0	2047.5
2242.0	1987.0	2047.5
2243.0	1987.0	2047.5
2239.0	1986.0	2047.5
2239.0	1988.0	2047.5
2243.0	1988.0	2047.5
2239.0	1988.0	2047.5
2240.0	1986.0	2047.5
2240.0	1988.0	2047.5
2244.0	1990.0	2047.5
2239.0	1990.0	2047.5
2242.0	1990.0	2047.5
2240.0	1988.0	2047.5
2240.0	1988.0	2047.5
2239.0	1990.0	2047.5
2240.0	1989.0	2047.5
2242.0	1989.0	2047.5
2241.0	1990.0	2047.5
2242.0	2002.0	2047.5
2238.0	2004.0	2047.5
2241.0	2003.0	2047.5
2239.0	2008.0	2047.5
2242.0	2004.0	2047.5
2244.0	2001.0	2047.5
2242.0	2003.0	2047.5
2242.0	2002.0	2047.5
2239.0	2001.0	2047.5
2239.0	2005.0	2047.5
2241.0	2017.0	2047.5
2240.0	2006.0	2047.5
2243.0	2001.0	2047.5
2240.0	2002.0	2047.5
2239.0	2003.0	2047.5
2238.0	2003.0	2047.5
2241.0	2000.0	2047.5
2240.0	2011.0	2047.5
2241.0	2003.0	2047.5
2244.0	2002.0	2047.5
2243.0	2001.0	2047.5
2241.0	2001.0	2047.5
2241.0	2001.0	2047.5
2239.0	2003.0	2047.5
2239.0	2002.0	2047.5
2239.0	2001.0	2047.5
2240.0	2000.0	2047.5
2240.0	2002.0	2047.5
2240.0	2003.0	2047.5
2243.0	2000.0	2047.5
2241.0	2004.0	2047.5
2240.0	2000.0	2047.5
2240.0	2000.0	2047.5
2236.0	2001.0	2047.5
2240.0	2007.0	2047.5
2239.0	2003.0	2047.5
2243.0	2000.0	2047.5
2241.0	2002.0	2047.5
2240.0	2002.0	2047.5
2241.0	2000.0	2047.5
2238.0	2001.0	2047.5
2240.0	2001.0	2047.5
2240.0	2001.0	2047.5
2241.0	2001.0	2047.5
2240.0	1999.0	2047.5
2239.0	2004.0	2047.5
2241.0	2002.0	2047.5
2236.0	2002.0	2047.5
2242.0	1998.0	2047.5
2241.0	2000.0	2047.5
2241.0	2002.0	2047.5
2242.0	2003.0	2047.5
2240.0	1999.0	2047.5
2241.0	2001.0	2047.5
2231.0	2002.0	2047.5
2228.0	2002.0	2047.5
2229.0	2001.0	2047.5
2230.0	2001.0	2047.5
2230.0	1987.0	2047.5
2229.0	1988.0	2047.5
2240.0	1988.0	2047.5
2237.0	1974.0	2047.5
2230.0	1993.0	2047.5
2231.0	1988.0	2047.5
2232.0	1988.0	2047.5
2228.0	1985.0	2047.5
2230.0	1987.0	2047.5
2232.0	1986.0	2047.5
2229.0	1987.0	2047.5
2230.0	2002.0	2047.5
2230.0	1988.0	2047.5
2238.0	1989.0	2047.5
2229.0	1989.0	2047.5
2229.0	1988.0	2047.5
2230.0	1989.0	2047.5
2229.0	1987.0	2047.5
2230.0	1993.0	2047.5
2231.0	1975.0	2047.5
2237.0	1962.0	2047.5
2240.0	1943.0	2047.5
2240.0	1950.0	2047.5
2241.0	1949.0	2047.5
2239.0	1951.0	2047.5
2241.0	1957.0	2047.5
2240.0	1937.0	2047.5
2238.0	1937.0	2047.5
2240.0	1935.0	2047.5
2241.0	1938.0	2047.5
2239.0	1938.0	2047.5
2240.0	1934.0	2047.5
2239.0	1936.0	2047.5
2239.0	1924.0	2047.5
2241.0	1925.0	2047.5
2240.0	1934.0	2047.5
2249.0	1923.0	2047.5
2263.0	1911.0	2047.5
2251.0	1903.0	2047.5
2249.0	1887.0	2047.5
2251.0	1886.0	2047.5
2259.0	1871.0	2047.5
2260.0	1872.0	2047.5
2259.0	1862.0	2047.5
2259.0	1847.0	2047.5
2260.0	1852.0	2047.5
2269.0	1823.0	2047.5
2285.0	1783.0	2047.5
2291.0	1749.0	2047.5
2289.0	1730.0	2047.5
2296.0	1736.0	2047.5
2300.0	1733.0	2047.5
2298.0	1733.0	2047.5
2298.0	1735.0	2047.5
2299.0	1732.0	2047.5
2298.0	1732.0	2047.5
2299.0	1731.0	2047.5
2294.0	1734.0	2047.5
2300.0	1727.0	2047.5
2299.0	1732.0	2047.5
2300.0	1735.0	2047.5
2298.0	1734.0	2047.5
2301.0	1731.0	2047.5
2301.0	1733.0	2047.5
2297.0	1732.0	2047.5
2298.0	1726.0	2047.5
2299.0	1731.0	2047.5
2296.0	1733.0	2047.5
2299.0	1749.0	2047.5
2298.0	1729.0	2047.5
2296.0	1734.0	2047.5
2299.0	1734.0	2047.5
2300.0	1732.0	2047.5
2302.0	1734.0	2047.5
2299.0	1731.0	2047.5
2298.0	1731.0	2047.5
2299.0	1731.0	2047.5
2300.0	1734.0	2047.5
2297.0	1729.0	2047.5
2298.0	1733.0	2047.5
2296.0	1733.0	2047.5
2300.0	1733.0	2047.5
2298.0	1735.0	2047.5
2294.0	1733.0	2047.5
2297.0	1726.0	2047.5
2298.0	1731.0	2047.5
2303.0	1731.0	2047.5
2300.0	1734.0	2047.5
2299.0	1732.0	2047.5
2297.0	1732.0	2047.5
2299.0	1731.0	2047.5
2299.0	1730.0	2047.5
2298.0	1733.0	2047.5
2299.0	1732.0	2047.5
2299.0	1728.0	2047.5
2298.0	1733.0	2047.5
2296.0	1733.0	2047.5
2299.0	1732.0	2047.5
2300.0	1734.0	2047.5
2303.0	1732.0	2047.5
2298.0	1737.0	2047.5
2299.0	1730.0	2047.5
2299.0	1734.0	2047.5
2299.0	1732.0	2047.5
2299.0	1731.0	2047.5
2300.0	1731.0	2047.5
2302.0	1732.0	2047.5
2298.0	1730.0	2047.5
2299.0	1732.0	2047.5
2296.0	1733.0	2047.5
2298.0	1737.0	2047.5
2297.0	1732.0	2047.5
2311.0	1730.0	2047.5
2298.0	1737.0	2047.5
2297.0	1733.0	2047.5
2301.0	1731.0	2047.5
2300.0	1731.0	2047.5
2299.0	1730.0	2047.5
2300.0	1732.0	2047.5
2298.0	1732.0	2047.5
2298.0	1732.0	2047.5
2300.0	1733.0	2047.5
2298.0	1730.0	2047.5
2301.0	1732.0	2047.5
2297.0	1734.0	2047.5
2297.0	1731.0	2047.5
2299.0	1736.0	2047.5
2300.0	1733.0	2047.5
2306.0	1732.0	2047.5
2299.0	1731.0	2047.5
2297.0	1733.0	2047.5
2299.0	1733.0	2047.5
2297.0	1732.0	2047.5
2299.0	1730.0	2047.5
2298.0	1733.0	2047.5
2299.0	1734.0	2047.5
2298.0	1736.0	2047.5
2300.0	1732.0	2047.5
2296.0	1732.0	2047.5
2299.0	1738.0	2047.5
2299.0	1735.0	2047.5
2312.0	1734.0	2047.5
2299.0	1732.0	2047.5
2298.0	1733.0	2047.5
2298.0	1732.0	2047.5
2298.0	1730.0	2047.5
2299.0	1733.0	2047.5
2322.0	1732.0	2047.5
2298.0	1733.0	2047.5
2299.0	1732.0	2047.5
2298.0	1734.0	2047.5
2298.0	1731.0	2047.5
2299.0	1731.0	2047.5
2297.0	1732.0	2047.5
2297.0	1732.0	2047.5
2298.0	1730.0	2047.5
2298.0	1732.0	2047.5
2304.0	1731.0	2047.5
2297.0	1731.0	2047.5
2298.0	1733.0	2047.5
2299.0	1733.0	2047.5
2299.0	1733.0	2047.5
2300.0	1733.0	2047.5
2298.0	1732.0	2047.5
2298.0	1735.0	2047.5
2297.0	1732.0	2047.5
2299.0	1731.0	2047.5
2297.0	1732.0	2047.5
2298.0	1733.0	2047.5
2299.0	1731.0	2047.5
2291.0	1731.0	2047.5
2298.0	1729.0	2047.5
2300.0	1732.0	2047.5
2300.0	1733.0	2047.5
2298.0	1730.0	2047.5
2297.0	1733.0	2047.5
2296.0	1734.0	2047.5
2299.0	1734.0	2047.5
2297.0	1731.0	2047.5
2299.0	1733.0	2047.5
2299.0	1732.0	2047.5
2298.0	1726.0	2047.5
2298.0	1731.0	2047.5
2300.0	1732.0	2047.5
2300.0	1731.0	2047.5
2298.0	1734.0	2047.5
2298.0	1730.0	2047.5
2299.0	1730.0	2047.5
2299.0	1733.0	2047.5
2302.0	1731.0	2047.5
2300.0	1735.0	2047.5
2302.0	1733.0	2047.5
2300.0	1731.0	2047.5
2298.0	1730.0	2047.5
2298.0	1732.0	2047.5
2300.0	1733.0	2047.5
2296.0	1732.0	2047.5
2299.0	1733.0	2047.5
2299.0	1732.0	2047.5
2297.0	1733.0	2047.5
2298.0	1734.0	2047.5
2298.0	1731.0	2047.5
2297.0	1732.0	2047.5
2298.0	1734.0	2047.5
2298.0	1732.0	2047.5
2294.0	1733.0	2047.5
2299.0	1726.0	2047.5
2298.0	1731.0	2047.5
2296.0	1733.0	2047.5
2297.0	1731.0	2047.5
2298.0	1731.0	2047.5
2300.0	1732.0	2047.5
2297.0	1730.0	2047.5
2299.0	1731.0	2047.5
2300.0	1732.0	2047.5
2298.0	1733.0	2047.5
2299.0	1730.0	2047.5
2296.0	1732.0	2047.5
2300.0	1732.0	2047.5
2298.0	1732.0	2047.5
2298.0	1732.0	2047.5
2298.0	1731.0	2047.5
2298.0	1732.0	2047.5
2301.0	1731.0	2047.5
2295.0	1732.0	2047.5
2299.0	1734.0	2047.5
2298.0	1737.0	2047.5
2300.0	1734.0	2047.5
2298.0	1733.0	2047.5
2300.0	1733.0	2047.5
2300.0	1734.0	2047.5
2300.0	1732.0	2047.5
2299.0	1732.0	2047.5
2298.0	1731.0	2047.5
2300.0	1728.0	2047.5
2299.0	1732.0	2047.5
2299.0	1733.0	2047.5
2298.0	1734.0	2047.5
2297.0	1732.0	2047.5
2300.0	1734.0	2047.5
2317.0	1732.0	2047.5
2299.0	1730.0	2047.5
2299.0	1730.0	2047.5
2299.0	1734.0	2047.5
2297.0	1737.0	2047.5
2297.0	1733.0	2047.5
2296.0	1732.0	2047.5
2299.0	1727.0	2047.5
2299.0	1732.0	2047.5
2294.0	1730.0	2047.5
2300.0	1737.0	2047.5
2297.0	1734.0	2047.5
2308.0	1731.0	2047.5
2299.0	1736.0	2047.5
2298.0	1734.0	2047.5
2302.0	1733.0	2047.5
2299.0	1736.0	2047.5
2299.0	1732.0	2047.5
2300.0	1731.0	2047.5
2299.0	1736.0	2047.5
2297.0	1731.0	2047.5
2298.0	1733.0	2047.5
2298.0	1734.0	2047.5
2299.0	1731.0	2047.5
2300.0	1731.0	2047.5
2298.0	1730.0	2047.5
2299.0	1732.0	2047.5
2299.0	1732.0	2047.5
2297.0	1734.0	2047.5
2297.0	1732.0	2047.5
2297.0	1732.0	2047.5
2298.0	1733.0	2047.5
2298.0	1737.0	2047.5
2299.0	1732.0	2047.5
2298.0	1731.0	2047.5
2297.0	1733.0	2047.5
2297.0	1734.0	2047.5
2297.0	1731.0	2047.5
2298.0	1729.0	2047.5
2300.0	1733.0	2047.5
2296.0	1732.0	2047.5
2298.0	1732.0	2047.5
2301.0	1732.0	2047.5
2297.0	1731.0	2047.5
2298.0	1732.0	2047.5
2298.0	1734.0	2047.5
2299.0	1734.0	2047.5
2298.0	1731.0	2047.5
2296.0	1729.0	2047.5
2298.0	1732.0	2047.5
2298.0	1731.0	2047.5
2297.0	1731.0	2047.5
2299.0	1730.0	2047.5
2299.0	1732.0	2047.5
2301.0	1733.0	2047.5
2300.0	1734.0	2047.5
2300.0	1736.0	2047.5
2298.0	1732.0	2047.5
2301.0	1733.0	2047.5
2299.0	1733.0	2047.5
2298.0	1733.0	2047.5
2301.0	1732.0	2047.5
2298.0	1735.0	2047.5
2297.0	1732.0	2047.5
2299.0	1731.0	2047.5
2299.0	1727.0	2047.5
2298.0	1732.0	2047.5
2306.0	1732.0	2047.5
2300.0	1729.0	2047.5
2298.0	1732.0	2047.5
2294.0	1732.0	2047.5
2298.0	1732.0	2047.5
2298.0	1733.0	2047.5
2295.0	1734.0	2047.5
2297.0	1735.0	2047.5
2297.0	1733.0	2047.5
2296.0	1733.0	2047.5
2301.0	1735.0	2047.5
2298.0	1734.0	2047.5
2296.0	1734.0	2047.5
2298.0	1737.0	2047.5
2298.0	1732.0	2047.5
2296.0	1732.0	2047.5
2298.0	1730.0	2047.5
2298.0	1732.0	2047.5
2299.0	1730.0	2047.5
2300.0	1733.0	2047.5
2298.0	1732.0	2047.5
2298.0	1732.0	2047.5
2297.0	1732.0	2047.5
2298.0	1732.0	2047.5
2299.0	1732.0	2047.5
2298.0	1735.0	2047.5
2299.0	1734.0	2047.5
2302.0	1733.0	2047.5
2298.0	1731.0	2047.5
2298.0	1733.0	2047.5
2297.0	1733.0	2047.5
2298.0	1731.0	2047.5
2298.0	1731.0	2047.5
2299.0	1732.0	2047.5
2297.0	1733.0	2047.5
2297.0	1732.0	2047.5
2299.0	1731.0	2047.5
2297.0	1731.0	2047.5
2298.0	1733.0	2047.5
2295.0	1732.0	2047.5
2300.0	1731.0	2047.5
2298.0	1731.0	2047.5
2299.0	1735.0	2047.5
2299.0	1732.0	2047.5
2298.0	1732.0	2047.5
2300.0	1731.0	2047.5
2299.0	1733.0	2047.5
2299.0	1732.0	2047.5
2300.0	1733.0	2047.5
2298.0	1731.0	2047.5
2298.0	1731.0	2047.5
2299.0	1732.0	2047.5
2299.0	1734.0	2047.5
2298.0	1729.0	2047.5
2300.0	1731.0	2047.5
2298.0	1735.0	2047.5
2300.0	1733.0	2047.5
2299.0	1733.0	2047.5
2299.0	1733.0	2047.5
2296.0	1734.0	2047.5
2300.0	1733.0	2047.5
2302.0	1734.0	2047.5
2300.0	1732.0	2047.5
2299.0	1731.0	2047.5
2297.0	1734.0	2047.5
2299.0	1731.0	2047.5
2294.0	1732.0	2047.5
2300.0	1735.0	2047.5
2298.0	1731.0	2047.5
2299.0	1733.0	2047.5
2300.0	1732.0	2047.5
2298.0	1732.0	2047.5
2298.0	1733.0	2047.5
2298.0	1731.0	2047.5
2297.0	1733.0	2047.5
2301.0	1732.0	2047.5
2299.0	1737.0	2047.5
2297.0	1731.0	2047.5
2298.0	1733.0	2047.5
2298.0	1733.0	2047.5
2298.0	1731.0	2047.5
2299.0	1733.0	2047.5
2299.0	1734.0	2047.5
2296.0	1734.0	2047.5
2297.0	1732.0	2047.5
2298.0	1733.0	2047.5
2297.0	1733.0	2047.5
2298.0	1730.0	2047.5
2299.0	1727.0	2047.5
2292.0	1733.0	2047.5
2297.0	1731.0	2047.5
2300.0	1732.0	2047.5
2299.0	1731.0	2047.5
2298.0	1730.0	2047.5
2298.0	1726.0	2047.5
2298.0	1732.0	2047.5
2297.0	1733.0	2047.5
2298.0	1730.0	2047.5
2298.0	1730.0	2047.5
2298.0	1732.0	2047.5
2299.0	1733.0	2047.5
2300.0	1732.0	2047.5
2298.0	1732.0	2047.5
2298.0	1731.0	2047.5
2297.0	1733.0	2047.5
2300.0	1731.0	2047.5
2299.0	1731.0	2047.5
2300.0	1732.0	2047.5
2297.0	1734.0	2047.5
2297.0	1733.0	2047.5
2300.0	1732.0	2047.5
2299.0	1734.0	2047.5
2303.0	1731.0	2047.5
2288.0	1733.0	2047.5
2299.0	1728.0	2047.5
2299.0	1731.0	2047.5
2300.0	1732.0	2047.5
2298.0	1734.0	2047.5
2296.0	1732.0	2047.5
2300.0	1733.0	2047.5
2299.0	1734.0	2047.5
2298.0	1733.0	2047.5
2296.0	1733.0	2047.5
2298.0	1733.0	2047.5
2296.0	1731.0	2047.5
2307.0	1733.0	2047.5
2300.0	1727.0	2047.5
2299.0	1733.0	2047.5
2300.0	1733.0	2047.5
2298.0	1738.0	2047.5
2299.0	1733.0	2047.5
2298.0	1733.0	2047.5
2300.0	1737.0	2047.5
2298.0	1731.0	2047.5
2297.0	1734.0	2047.5
2299.0	1738.0	2047.5
2298.0	1730.0	2047.5
2299.0	1732.0	2047.5
2299.0	1730.0	2047.5
2301.0	1732.0	2047.5
2299.0	1734.0	2047.5
2300.0	1729.0	2047.5
2298.0	1732.0	2047.5
2295.0	1735.0	2047.5
2298.0	1731.0	2047.5
2299.0	1732.0	2047.5
2297.0	1733.0	2047.5
2301.0	1731.0	2047.5
2299.0	1732.0	2047.5
2298.0	1732.0	2047.5
2298.0	1730.0	2047.5
2301.0	1732.0	2047.5
2297.0	1735.0	2047.5
2297.0	1723.0	2047.5
2305.0	1733.0	2047.5
2298.0	1732.0	2047.5
2299.0	1731.0	2047.5
2301.0	1733.0	2047.5
2301.0	1735.0	2047.5
2299.0	1733.0	2047.5
2298.0	1729.0	2047.5
2299.0	1747.0	2047.5
2298.0	1730.0	2047.5
2296.0	1732.0	2047.5
2300.0	1726.0	2047.5
2300.0	1731.0	2047.5
2299.0	1730.0	2047.5
2297.0	1731.0	2047.5
2300.0	1733.0	2047.5
2298.0	1731.0	2047.5
2301.0	1732.0	2047.5
2301.0	1733.0	2047.5
2324.0	1732.0	2047.5
2296.0	1734.0	2047.5
2301.0	1732.0	2047.5
2298.0	1729.0	2047.5
2298.0	1731.0	2047.5
2296.0	1733.0	2047.5
2298.0	1732.0	2047.5
2300.0	1734.0	2047.5
2296.0	1731.0	2047.5
2299.0	1728.0	2047.5
2298.0	1732.0	2047.5
2302.0	1734.0	2047.5
2317.0	1738.0	2047.5
2298.0	1731.0	2047.5
2297.0	1734.0	2047.5
2298.0	1736.0	2047.5
2299.0	1731.0	2047.5
2298.0	1734.0	2047.5
2298.0	1730.0	2047.5
2299.0	1734.0	2047.5
2298.0	1730.0	2047.5
2301.0	1732.0	2047.5
2300.0	1732.0	2047.5
2298.0	1732.0	2047.5
2297.0	1732.0	2047.5
2297.0	1732.0	2047.5
2300.0	1731.0	2047.5
2298.0	1735.0	2047.5
2295.0	1734.0	2047.5
2299.0	1733.0	2047.5
2298.0	1732.0	2047.5
2302.0	1734.0	2047.5
2297.0	1734.0	2047.5
2300.0	1732.0	2047.5
2295.0	1732.0	2047.5
2299.0	1732.0	2047.5
2298.0	1732.0	2047.5
2297.0	1731.0	2047.5
2298.0	1730.0	2047.5
2299.0	1731.0	2047.5
2298.0	1733.0	2047.5
2296.0	1731.0	2047.5
2297.0	1730.0	2047.5
2298.0	1731.0	2047.5
2298.0	1733.0	2047.5
2299.0	1731.0	2047.5
2299.0	1734.0	2047.5
2297.0	1732.0	2047.5
2305.0	1733.0	2047.5
2302.0	1734.0	2047.5
2299.0	1732.0	2047.5
2298.0	1733.0	2047.5
2298.0	1730.0	2047.5
2298.0	1732.0	2047.5
2299.0	1731.0	2047.5
2298.0	1731.0	2047.5
2298.0	1730.0	2047.5
2299.0	1732.0	2047.5
2297.0	1731.0	2047.5
2300.0	1735.0	2047.5
2298.0	1735.0	2047.5
2299.0	1730.0	2047.5
2303.0	1733.0	2047.5
2297.0	1730.0	2047.5
2299.0	1733.0	2047.5
2294.0	1733.0	2047.5
2297.0	1746.0	2047.5
2299.0	1732.0	2047.5
2298.0	1730.0	2047.5
2297.0	1731.0	2047.5
2299.0	1730.0	2047.5
2297.0	1732.0	2047.5
2300.0	1732.0	2047.5
2299.0	1734.0	2047.5
2297.0	1732.0	2047.5
2299.0	1731.0	2047.5
2298.0	1731.0	2047.5
2298.0	1730.0	2047.5
2297.0	1732.0	2047.5
2297.0	1731.0	2047.5
2300.0	1729.0	2047.5
2298.0	1731.0	2047.5
2300.0	1732.0	2047.5
2298.0	1729.0	2047.5
2299.0	1734.0	2047.5
2288.0	1731.0	2047.5
2298.0	1730.0	2047.5
2298.0	1731.0	2047.5
2297.0	1735.0	2047.5
2298.0	1733.0	2047.5
2301.0	1732.0	2047.5
2298.0	1733.0	2047.5
2298.0	1733.0	2047.5
2300.0	1734.0	2047.5
2300.0	1735.0	2047.5
2296.0	1732.0	2047.5
2298.0	1732.0	2047.5
2298.0	1729.0	2047.5
2301.0	1734.0	2047.5
2298.0	1731.0	2047.5
2298.0	1731.0	2047.5
2299.0	1733.0	2047.5
2299.0	1733.0	2047.5
2298.0	1731.0	2047.5
2298.0	1734.0	2047.5
2297.0	1732.0	2047.5
2298.0	1732.0	2047.5
2307.0	1734.0	2047.5
2298.0	1737.0	2047.5
2296.0	1732.0	2047.5
2299.0	1732.0	2047.5
2298.0	1739.0	2047.5
2298.0	1733.0	2047.5
2298.0	1732.0	2047.5
2300.0	1731.0	2047.5
2299.0	1732.0	2047.5
2298.0	1733.0	2047.5
2298.0	1733.0	2047.5
2301.0	1732.0	2047.5
2299.0	1735.0	2047.5
2298.0	1734.0	2047.5
2299.0	1732.0	2047.5
2297.0	1729.0	2047.5
2300.0	1734.0	2047.5
2299.0	1730.0	2047.5
2297.0	1732.0	2047.5
2301.0	1731.0	2047.5
2300.0	1732.0	2047.5
2298.0	1732.0	2047.5
2301.0	1731.0	2047.5
2298.0	1736.0	2047.5
2298.0	1731.0	2047.5
2298.0	1731.0	2047.5
2297.0	1730.0	2047.5
2301.0	1734.0	2047.5
2298.0	1732.0	2047.5
2300.0	1732.0	2047.5
2297.0	1733.0	2047.5
2299.0	1728.0	2047.5
2298.0	1732.0	2047.5
2304.0	1736.0	2047.5
2299.0	1731.0	2047.5
2298.0	1732.0	2047.5
2296.0	1731.0	2047.5
2299.0	1731.0	2047.5
2302.0	1732.0	2047.5
2298.0	1732.0	2047.5
2298.0	1734.0	2047.5
2296.0	1731.0	2047.5
2300.0	1735.0	2047.5
2298.0	1732.0	2047.5
2301.0	1731.0	2047.5
2297.0	1727.0	2047.5
2300.0	1732.0	2047.5
2297.0	1732.0	2047.5
2298.0	1738.0	2047.5
2297.0	1732.0	2047.5
2299.0	1734.0	2047.5
2298.0	1732.0	2047.5
2298.0	1734.0	2047.5
2299.0	1731.0	2047.5
2296.0	1731.0	2047.5
2301.0	1732.0	2047.5
2297.0	1731.0	2047.5
2298.0	1732.0	2047.5
2298.0	1732.0	2047.5
2297.0	1730.0	2047.5
2298.0	1732.0	2047.5
2298.0	1732.0	2047.5
2298.0	1730.0	2047.5
2297.0	1734.0	2047.5
2300.0	1730.0	2047.5
2300.0	1732.0	2047.5
2295.0	1732.0	2047.5
2298.0	1738.0	2047.5
2300.0	1732.0	2047.5
2298.0	1733.0	2047.5
2296.0	1732.0	2047.5
2302.0	1731.0	2047.5
2272.0	1731.0	2047.5
2297.0	1732.0	2047.5
2308.0	1735.0	2047.5
2298.0	1735.0	2047.5
2298.0	1732.0	2047.5
2297.0	1732.0	2047.5
2296.0	1732.0	2047.5
2299.0	1732.0	2047.5
2299.0	1733.0	2047.5
2300.0	1733.0	2047.5
2299.0	1732.0	2047.5
2300.0	1730.0	2047.5
2298.0	1733.0	2047.5
2296.0	1733.0	2047.5
2297.0	1738.0	2047.5
2296.0	1732.0	2047.5
2298.0	1732.0	2047.5
2297.0	1731.0	2047.5
2298.0	1733.0	2047.5
2300.0	1732.0	2047.5
2298.0	1731.0	2047.5
2301.0	1732.0	2047.5
2298.0	1741.0	2047.5
2298.0	1731.0	2047.5
2297.0	1733.0	2047.5
2300.0	1732.0	2047.5
2299.0	1733.0	2047.5
2296.0	1730.0	2047.5
2299.0	1732.0	2047.5
2303.0	1733.0	2047.5
2297.0	1727.0	2047.5
2300.0	1731.0	2047.5
2298.0	1731.0	2047.5
2299.0	1732.0	2047.5
2298.0	1731.0	2047.5
2298.0	1734.0	2047.5
2299.0	1735.0	2047.5
2304.0	1731.0	2047.5
2299.0	1730.0	2047.5
2297.0	1734.0	2047.5
2297.0	1733.0	2047.5
2298.0	1731.0	2047.5
2299.0	1732.0	2047.5
2299.0	1732.0	2047.5
2297.0	1732.0	2047.5
2296.0	1731.0	2047.5
2298.0	1732.0	2047.5
2297.0	1732.0	2047.5
2298.0	1733.0	2047.5
2297.0	1731.0	2047.5
2299.0	1732.0	2047.5
2297.0	1731.0	2047.5
2298.0	1733.0	2047.5
2300.0	1733.0	2047.5
2299.0	1729.0	2047.5
2298.0	1731.0	2047.5
2300.0	1736.0	2047.5
2298.0	1731.0	2047.5
2299.0	1733.0	2047.5
2298.0	1730.0	2047.5
2298.0	1730.0	2047.5
2292.0	1733.0	2047.5
2299.0	1740.0	2047.5
2300.0	1731.0	2047.5
2299.0	1734.0	2047.5
2301.0	1732.0	2047.5
2302.0	1732.0	2047.5
2299.0	1734.0	2047.5
2300.0	1732.0	2047.5
2297.0	1730.0	2047.5
2299.0	1732.0	2047.5
2300.0	1732.0	2047.5
2298.0	1732.0	2047.5
2298.0	1733.0	2047.5
2293.0	1732.0	2047.5
2298.0	1738.0	2047.5
2301.0	1732.0	2047.5
2298.0	1733.0	2047.5
2298.0	1731.0	2047.5
2300.0	1733.0	2047.5
2298.0	1733.0	2047.5
2298.0	1732.0	2047.5
2298.0	1732.0	2047.5
2299.0	1731.0	2047.5
2298.0	1732.0	2047.5
2297.0	1732.0	2047.5
2298.0	1734.0	2047.5
2296.0	1733.0	2047.5
2298.0	1734.0	2047.5
2299.0	1734.0	2047.5
2298.0	1732.0	2047.5
2298.0	1732.0	2047.5
2301.0	1733.0	2047.5
2300.0	1730.0	2047.5
2298.0	1733.0	2047.5
2301.0	1732.0	2047.5
2299.0	1731.0	2047.5
2297.0	1732.0	2047.5
2293.0	1730.0	2047.5
2297.0	1732.0	2047.5
2297.0	1732.0	2047.5
2299.0	1732.0	2047.5
2300.0	1733.0	2047.5
2298.0	1734.0	2047.5
2299.0	1731.0	2047.5
2299.0	1731.0	2047.5
2300.0	1735.0	2047.5
2300.0	1730.0	2047.5
2297.0	1732.0	2047.5
2298.0	1733.0	2047.5
2299.0	1733.0	2047.5
2298.0	1734.0	2047.5
2300.0	1732.0	2047.5
2297.0	1732.0	2047.5
2297.0	1730.0	2047.5
2299.0	1733.0	2047.5
2299.0	1732.0	2047.5
2299.0	1731.0	2047.5
2296.0	1731.0	2047.5
2298.0	1727.0	2047.5
2299.0	1732.0	2047.5
2297.0	1734.0	2047.5
2297.0	1733.0	2047.5
2301.0	1730.0	2047.5
2298.0	1738.0	2047.5
2297.0	1732.0	2047.5
2299.0	1731.0	2047.5
2298.0	1732.0	2047.5
2301.0	1731.0	2047.5
2298.0	1734.0	2047.5
2298.0	1733.0	2047.5
2299.0	1733.0	2047.5
2298.0	1731.0	2047.5
2303.0	1733.0	2047.5
2297.0	1729.0	2047.5
2299.0	1732.0	2047.5
2293.0	1732.0	2047.5
2298.0	1733.0	2047.5
2298.0	1732.0	2047.5
2298.0	1732.0	2047.5
2300.0	1733.0	2047.5
2305.0	1735.0	2047.5
2297.0	1733.0	2047.5
2298.0	1732.0	2047.5
2297.0	1732.0	2047.5
2299.0	1727.0	2047.5
2298.0	1733.0	2047.5
2299.0	1734.0	2047.5
2297.0	1734.0	2047.5
2299.0	1733.0	2047.5
2299.0	1732.0	2047.5
2299.0	1734.0	2047.5
2299.0	1733.0	2047.5
2297.0	1733.0	2047.5
2297.0	1732.0	2047.5
2301.0	1730.0	2047.5
2300.0	1733.0	2047.5
2298.0	1735.0	2047.5
2299.0	1732.0	2047.5
2299.0	1735.0	2047.5
2299.0	1730.0	2047.5
2299.0	1733.0	2047.5
2299.0	1734.0	2047.5
2300.0	1731.0	2047.5
2299.0	1733.0	2047.5
2300.0	1744.0	2047.5
2299.0	1750.0	2047.5
2298.0	1732.0	2047.5
2299.0	1733.0	2047.5
2303.0	1733.0	2047.5
2299.0	1735.0	2047.5
2300.0	1734.0	2047.5
2297.0	1733.0	2047.5
2299.0	1733.0	2047.5
2305.0	1731.0	2047.5
2299.0	1729.0	2047.5
2299.0	1735.0	2047.5
2298.0	1733.0	2047.5
2298.0	1733.0	2047.5
2299.0	1733.0	2047.5
2300.0	1732.0	2047.5
2296.0	1731.0	2047.5
2298.0	1730.0	2047.5
2301.0	1731.0	2047.5
2295.0	1731.0	2047.5
2293.0	1735.0	2047.5
2298.0	1732.0	2047.5
2297.0	1733.0	2047.5
2298.0	1733.0	2047.5
2299.0	1732.0	2047.5
2299.0	1740.0	2047.5
2298.0	1732.0	2047.5
2297.0	1733.0	2047.5
2298.0	1732.0	2047.5
2297.0	1730.0	2047.5
2300.0	1733.0	2047.5
2296.0	1734.0	2047.5
2297.0	1732.0	2047.5
2296.0	1732.0	2047.5
2298.0	1732.0	2047.5
2300.0	1729.0	2047.5
2299.0	1733.0	2047.5
2299.0	1732.0	2047.5
2302.0	1732.0	2047.5
2294.0	1733.0	2047.5
2298.0	1730.0	2047.5
2298.0	1733.0	2047.5
2298.0	1733.0	2047.5
2299.0	1733.0	2047.5
2300.0	1732.0	2047.5
2298.0	1737.0	2047.5
2298.0	1731.0	2047.5
2298.0	1731.0	2047.5
2298.0	1731.0	2047.5
2304.0	1734.0	2047.5
2298.0	1745.0	2047.5
2298.0	1735.0	2047.5
2299.0	1733.0	2047.5
2297.0	1733.0	2047.5
2311.0	1733.0	2047.5
2288.0	1734.0	2047.5
2298.0	1729.0	2047.5
2298.0	1732.0	2047.5
2298.0	1732.0	2047.5
2295.0	1733.0	2047.5
2298.0	1730.0	2047.5
2298.0	1733.0	2047.5
2298.0	1734.0	2047.5
2300.0	1732.0	2047.5
2297.0	1732.0	2047.5
2298.0	1731.0	2047.5
2300.0	1733.0	2047.5
2300.0	1733.0	2047.5
2298.0	1732.0	2047.5
2299.0	1732.0	2047.5
2298.0	1732.0	2047.5
2298.0	1732.0	2047.5
2298.0	1728.0	2047.5
2298.0	1734.0	2047.5
2299.0	1732.0	2047.5
2298.0	1730.0	2047.5
2301.0	1731.0	2047.5
2298.0	1736.0	2047.5
2297.0	1731.0	2047.5
2299.0	1733.0	2047.5
2298.0	1730.0	2047.5
2299.0	1733.0	2047.5
2299.0	1729.0	2047.5
2298.0	1733.0	2047.5
2300.0	1731.0	2047.5
2302.0	1732.0	2047.5
2303.0	1734.0	2047.5
2297.0	1733.0	2047.5
2298.0	1733.0	2047.5
2299.0	1733.0	2047.5
2298.0	1729.0	2047.5
2293.0	1732.0	2047.5
2297.0	1730.0	2047.5
2298.0	1730.0	2047.5
2297.0	1732.0	2047.5
2297.0	1732.0	2047.5
2297.0	1731.0	2047.5
2298.0	1727.0	2047.5
2299.0	1732.0	2047.5
2298.0	1729.0	2047.5
2299.0	1733.0	2047.5
2298.0	1731.0	2047.5
2299.0	1734.0	2047.5
2295.0	1733.0	2047.5
2299.0	1733.0	2047.5
2298.0	1732.0	2047.5
2298.0	1732.0	2047.5
2297.0	1730.0	2047.5
2303.0	1730.0	2047.5
2298.0	1734.0	2047.5
2297.0	1733.0	2047.5
2298.0	1732.0	2047.5
2299.0	1733.0	2047.5
2297.0	1731.0	2047.5
2297.0	1733.0	2047.5
2300.0	1733.0	2047.5
2298.0	1730.0	2047.5
2298.0	1732.0	2047.5
2297.0	1731.0	2047.5
2298.0	1730.0	2047.5
2300.0	1733.0	2047.5
2299.0	1731.0	2047.5
2299.0	1734.0	2047.5
2299.0	1732.0	2047.5
2299.0	1733.0	2047.5
2314.0	1732.0	2047.5
2298.0	1739.0	2047.5
2298.0	1732.0	2047.5
2300.0	1735.0	2047.5
2298.0	1731.0	2047.5
2298.0	1730.0	2047.5
2299.0	1731.0	2047.5
2301.0	1735.0	2047.5
2298.0	1731.0	2047.5
2298.0	1731.0	2047.5
2298.0	1733.0	2047.5
2299.0	1733.0	2047.5
2296.0	1730.0	2047.5
2299.0	1731.0	2047.5
2298.0	1734.0	2047.5
2298.0	1733.0	2047.5
2297.0	1732.0	2047.5
2299.0	1730.0	2047.5
2299.0	1732.0	2047.5
2300.0	1732.0	2047.5
2298.0	1730.0	2047.5
2299.0	1732.0	2047.5
2297.0	1732.0	2047.5
2298.0	1731.0	2047.5
2298.0	1734.0	2047.5
2300.0	1733.0	2047.5
2299.0	1732.0	2047.5
2302.0	1733.0	2047.5
2299.0	1734.0	2047.5
2296.0	1733.0	2047.5
2298.0	1732.0	2047.5
2301.0	1734.0	2047.5
2299.0	1732.0	2047.5
2299.0	1732.0	2047.5
2299.0	1735.0	2047.5
2298.0	1731.0	2047.5
2298.0	1732.0	2047.5
2298.0	1735.0	2047.5
2302.0	1732.0	2047.5
2298.0	1734.0	2047.5
2298.0	1731.0	2047.5
2298.0	1735.0	2047.5
2299.0	1733.0	2047.5
2298.0	1731.0	2047.5
2298.0	1732.0	2047.5
2301.0	1734.0	2047.5
2298.0	1736.0	2047.5
2299.0	1734.0	2047.5
2298.0	1732.0	2047.5
2299.0	1733.0	2047.5
2297.0	1732.0	2047.5
2298.0	1730.0	2047.5
2299.0	1731.0	2047.5
2297.0	1735.0	2047.5
2300.0	1729.0	2047.5
2299.0	1732.0	2047.5
2297.0	1732.0	2047.5
2297.0	1732.0	2047.5
2298.0	1732.0	2047.5
2298.0	1735.0	2047.5
2299.0	1724.0	2047.5
2298.0	1733.0	2047.5
2299.0	1732.0	2047.5
2298.0	1735.0	2047.5
2297.0	1732.0	2047.5
2299.0	1732.0	2047.5
2297.0	1733.0	2047.5
2298.0	1725.0	2047.5
2300.0	1731.0	2047.5
2299.0	1732.0	2047.5
2298.0	1731.0	2047.5
2297.0	1732.0	2047.5
2299.0	1730.0	2047.5
2295.0	1733.0	2047.5
2298.0	1734.0	2047.5
2298.0	1732.0	2047.5
2298.0	1732.0	2047.5
2298.0	1731.0	2047.5
2300.0	1733.0	2047.5
2298.0	1730.0	2047.5
2300.0	1731.0	2047.5
2299.0	1737.0	2047.5
2298.0	1734.0	2047.5
2298.0	1729.0	2047.5
2299.0	1730.0	2047.5
2299.0	1733.0	2047.5
2296.0	1732.0	2047.5
2300.0	1731.0	2047.5
2300.0	1736.0	2047.5
2297.0	1733.0	2047.5
2299.0	1730.0	2047.5
2297.0	1731.0	2047.5
2298.0	1733.0	2047.5
2299.0	1734.0	2047.5
2297.0	1731.0	2047.5
2300.0	1738.0	2047.5
2299.0	1734.0	2047.5
2298.0	1735.0	2047.5
2299.0	1731.0	2047.5
2298.0	1732.0	2047.5
2297.0	1730.0	2047.5
2309.0	1729.0	2047.5
2298.0	1736.0	2047.5
2298.0	1731.0	2047.5
2298.0	1730.0	2047.5
2300.0	1733.0	2047.5
2298.0	1733.0	2047.5
2299.0	1731.0	2047.5
2302.0	1733.0	2047.5
2298.0	1730.0	2047.5
2300.0	1729.0	2047.5
2301.0	1734.0	2047.5
2298.0	1731.0	2047.5
2299.0	1733.0	2047.5
2300.0	1730.0	2047.5
2297.0	1732.0	2047.5
2297.0	1732.0	2047.5
2305.0	1731.0	2047.5
2298.0	1732.0	2047.5
2297.0	1732.0	2047.5
2300.0	1731.0	2047.5
2299.0	1727.0	2047.5
2300.0	1733.0	2047.5
2299.0	1731.0	2047.5
2294.0	1734.0	2047.5
2298.0	1737.0	2047.5
2299.0	1733.0	2047.5
2297.0	1730.0	2047.5
2297.0	1732.0	2047.5
2299.0	1732.0	2047.5
2299.0	1731.0	2047.5
2301.0	1734.0	2047.5
2297.0	1730.0	2047.5
2302.0	1735.0	2047.5
2300.0	1729.0	2047.5
2299.0	1732.0	2047.5
2300.0	1735.0	2047.5
2298.0	1732.0	2047.5
2298.0	1732.0	2047.5
2299.0	1731.0	2047.5
2297.0	1731.0	2047.5
2299.0	1732.0	2047.5
2306.0	1732.0	2047.5
2298.0	1733.0	2047.5
2300.0	1732.0	2047.5
2296.0	1737.0	2047.5
2299.0	1732.0	2047.5
2299.0	1734.0	2047.5
2299.0	1731.0	2047.5
2297.0	1732.0	2047.5
2298.0	1732.0	2047.5
2302.0	1734.0	2047.5
2299.0	1738.0	2047.5
2300.0	1732.0	2047.5
2299.0	1728.0	2047.5
2300.0	1732.0	2047.5
2297.0	1733.0	2047.5
2297.0	1732.0	2047.5
2298.0	1729.0	2047.5
2298.0	1733.0	2047.5
2300.0	1732.0	2047.5
2298.0	1728.0	2047.5
2302.0	1732.0	2047.5
2298.0	1735.0	2047.5
2299.0	1733.0	2047.5
2299.0	1733.0	2047.5
2300.0	1731.0	2047.5
2300.0	1731.0	2047.5
2298.0	1733.0	2047.5
2297.0	1732.0	2047.5
2299.0	1716.0	2047.5
2300.0	1734.0	2047.5
2297.0	1732.0	2047.5
2298.0	1733.0	2047.5
2297.0	1733.0	2047.5
2298.0	1731.0	2047.5
2298.0	1733.0	2047.5
2299.0	1732.0	2047.5
2303.0	1731.0	2047.5
2298.0	1732.0	2047.5
2300.0	1731.0	2047.5
2298.0	1736.0	2047.5
2299.0	1731.0	2047.5
2299.0	1734.0	2047.5
2298.0	1731.0	2047.5
2297.0	1735.0	2047.5
2297.0	1733.0	2047.5
2296.0	1731.0	2047.5
2298.0	1731.0	2047.5
2305.0	1730.0	2047.5
2300.0	1739.0	2047.5
2302.0	1731.0	2047.5
2298.0	1730.0	2047.5
2299.0	1730.0	2047.5
2298.0	1734.0	2047.5
2299.0	1733.0	2047.5
2298.0	1732.0	2047.5
2301.0	1731.0	2047.5
2296.0	1732.0	2047.5
2298.0	1731.0	2047.5
2300.0	1730.0	2047.5
2298.0	1729.0	2047.5
2298.0	1733.0	2047.5
2298.0	1730.0	2047.5
2297.0	1731.0	2047.5
2297.0	1732.0	2047.5
2297.0	1732.0	2047.5
2297.0	1731.0	2047.5
2299.0	1730.0	2047.5
2310.0	1731.0	2047.5
2298.0	1732.0	2047.5
2295.0	1730.0	2047.5
2298.0	1740.0	2047.5
2298.0	1733.0	2047.5
2298.0	1729.0	2047.5
2299.0	1733.0	2047.5
2297.0	1732.0	2047.5
2300.0	1733.0	2047.5
2297.0	1734.0	2047.5
2298.0	1733.0	2047.5
2294.0	1732.0	2047.5
2298.0	1730.0	2047.5
2305.0	1733.0	2047.5
2298.0	1735.0	2047.5
2297.0	1732.0	2047.5
2299.0	1730.0	2047.5
2297.0	1733.0	2047.5
2298.0	1732.0	2047.5
2300.0	1732.0	2047.5
2296.0	1734.0	2047.5
2299.0	1731.0	2047.5
2298.0	1733.0	2047.5
2298.0	1731.0	2047.5
2296.0	1731.0	2047.5
2299.0	1731.0	2047.5
2298.0	1731.0	2047.5
2298.0	1730.0	2047.5
2299.0	1734.0	2047.5
2298.0	1732.0	2047.5
2299.0	1733.0	2047.5
2299.0	1732.0	2047.5
2298.0	1732.0	2047.5
2301.0	1734.0	2047.5
2298.0	1732.0	2047.5
2299.0	1724.0	2047.5
2300.0	1731.0	2047.5
2293.0	1732.0	2047.5
2298.0	1732.0	2047.5
2304.0	1736.0	2047.5
2297.0	1733.0	2047.5
2300.0	1733.0	2047.5
2299.0	1730.0	2047.5
2301.0	1733.0	2047.5
2299.0	1732.0	2047.5
2298.0	1733.0	2047.5
2299.0	1732.0	2047.5
2298.0	1732.0	2047.5
2298.0	1732.0	2047.5
2299.0	1732.0	2047.5
2296.0	1735.0	2047.5
2297.0	1730.0	2047.5
2302.0	1731.0	2047.5
2298.0	1736.0	2047.5
2299.0	1734.0	2047.5
2299.0	1735.0	2047.5
2300.0	1731.0	2047.5
2299.0	1736.0	2047.5
2297.0	1723.0	2047.5
2298.0	1733.0	2047.5
2300.0	1731.0	2047.5
2298.0	1730.0	2047.5
2298.0	1733.0	2047.5
2300.0	1734.0	2047.5
2296.0	1731.0	2047.5
2301.0	1736.0	2047.5
2298.0	1746.0	2047.5
2300.0	1732.0	2047.5
2299.0	1737.0	2047.5
2300.0	1733.0	2047.5
2298.0	1736.0	2047.5
2298.0	1733.0	2047.5
2297.0	1732.0	2047.5
2298.0	1732.0	2047.5
2300.0	1731.0	2047.5
2299.0	1731.0	2047.5
2299.0	1733.0	2047.5
2297.0	1735.0	2047.5
2300.0	1732.0	2047.5
2298.0	1733.0	2047.5
2301.0	1734.0	2047.5
2298.0	1729.0	2047.5
2301.0	1732.0	2047.5
2298.0	1728.0	2047.5
2298.0	1732.0	2047.5
2299.0	1732.0	2047.5
2299.0	1732.0	2047.5
2298.0	1731.0	2047.5
2299.0	1730.0	2047.5
2299.0	1733.0	2047.5
2297.0	1731.0	2047.5
2297.0	1731.0	2047.5
2299.0	1731.0	2047.5
2297.0	1731.0	2047.5
2298.0	1732.0	2047.5
2300.0	1733.0	2047.5
2299.0	1733.0	2047.5
2311.0	1731.0	2047.5
2300.0	1732.0	2047.5
2300.0	1731.0	2047.5
2298.0	1732.0	2047.5
2300.0	1732.0	2047.5
2300.0	1726.0	2047.5
2297.0	1733.0	2047.5
2301.0	1732.0	2047.5
2299.0	1732.0	2047.5
2297.0	1732.0	2047.5
2299.0	1732.0	2047.5
2299.0	1734.0	2047.5
2300.0	1734.0	2047.5
2299.0	1730.0	2047.5
2298.0	1730.0	2047.5
2298.0	1733.0	2047.5
2299.0	1732.0	2047.5
2296.0	1732.0	2047.5
2299.0	1731.0	2047.5
2302.0	1733.0	2047.5
2293.0	1731.0	2047.5
2299.0	1734.0	2047.5
2299.0	1735.0	2047.5
2300.0	1733.0	2047.5
2299.0	1728.0	2047.5
2298.0	1733.0	2047.5
2297.0	1732.0	2047.5
2298.0	1731.0	2047.5
2298.0	1732.0	2047.5
2298.0	1732.0	2047.5
2297.0	1734.0	2047.5
2298.0	1731.0	2047.5
2298.0	1731.0	2047.5
2298.0	1733.0	2047.5
2297.0	1734.0	2047.5
2299.0	1734.0	2047.5
2297.0	1731.0	2047.5
2300.0	1732.0	2047.5
2305.0	1731.0	2047.5
2298.0	1732.0	2047.5
2302.0	1733.0	2047.5
2299.0	1732.0	2047.5
2300.0	1731.0	2047.5
2297.0	1731.0	2047.5
2298.0	1733.0	2047.5
2298.0	1730.0	2047.5
2298.0	1730.0	2047.5
2298.0	1725.0	2047.5
2298.0	1734.0	2047.5
2298.0	1732.0	2047.5
2299.0	1731.0	2047.5
2296.0	1734.0	2047.5
2298.0	1731.0	2047.5
2300.0	1733.0	2047.5
2298.0	1732.0	2047.5
2298.0	1732.0	2047.5
2299.0	1733.0	2047.5
2299.0	1734.0	2047.5
2299.0	1732.0	2047.5
2300.0	1734.0	2047.5
2301.0	1732.0	2047.5
2298.0	1731.0	2047.5
2298.0	1731.0	2047.5
2299.0	1734.0	2047.5
2298.0	1729.0	2047.5
2303.0	1731.0	2047.5
2298.0	1732.0	2047.5
2296.0	1733.0	2047.5
2298.0	1728.0	2047.5
2299.0	1732.0	2047.5
2299.0	1737.0	2047.5
2298.0	1732.0	2047.5
2300.0	1729.0	2047.5
2300.0	1734.0	2047.5
2296.0	1737.0	2047.5
2298.0	1734.0	2047.5
2298.0	1733.0	2047.5
2299.0	1731.0	2047.5
2298.0	1730.0	2047.5
2299.0	1733.0	2047.5
2299.0	1730.0	2047.5
2297.0	1733.0	2047.5
2298.0	1729.0	2047.5
2298.0	1732.0	2047.5
2298.0	1732.0	2047.5
2298.0	1734.0	2047.5
2298.0	1733.0	2047.5
2298.0	1734.0	2047.5
2298.0	1733.0	2047.5
2298.0	1734.0	2047.5
2298.0	1734.0	2047.5
2297.0	1731.0	2047.5
2298.0	1732.0	2047.5
2301.0	1731.0	2047.5
2297.0	1734.0	2047.5
2302.0	1731.0	2047.5
2296.0	1732.0	2047.5
2298.0	1731.0	2047.5
2297.0	1732.0	2047.5
2300.0	1731.0	2047.5
2311.0	1734.0	2047.5
2298.0	1734.0	2047.5
2302.0	1732.0	2047.5
2299.0	1730.0	2047.5
2299.0	1733.0	2047.5
2297.0	1731.0	2047.5
2297.0	1732.0	2047.5
2298.0	1729.0	2047.5
2295.0	1734.0	2047.5
2297.0	1728.0	2047.5
2302.0	1733.0	2047.5
2300.0	1743.0	2047.5
2299.0	1732.0	2047.5
2299.0	1736.0	2047.5
2299.0	1732.0	2047.5
2298.0	1735.0	2047.5
2301.0	1733.0	2047.5
2299.0	1725.0	2047.5
2298.0	1732.0	2047.5
2297.0	1734.0	2047.5
2299.0	1730.0	2047.5
2299.0	1736.0	2047.5
2298.0	1732.0	2047.5
2298.0	1734.0	2047.5
2299.0	1735.0	2047.5
2300.0	1728.0	2047.5
2298.0	1733.0	2047.5
2298.0	1730.0	2047.5
2299.0	1733.0	2047.5
2297.0	1732.0	2047.5
2297.0	1732.0	2047.5
2298.0	1733.0	2047.5
2298.0	1731.0	2047.5
2299.0	1734.0	2047.5
2301.0	1733.0	2047.5
2298.0	1731.0	2047.5
2298.0	1731.0	2047.5
2296.0	1730.0	2047.5
2298.0	1731.0	2047.5
2298.0	1732.0	2047.5
2300.0	1731.0	2047.5
2299.0	1736.0	2047.5
2298.0	1732.0	2047.5
2300.0	1733.0	2047.5
2299.0	1732.0	2047.5
2298.0	1735.0	2047.5
2298.0	1732.0	2047.5
2297.0	1734.0	2047.5
2299.0	1733.0	2047.5
2299.0	1732.0	2047.5
2298.0	1731.0	2047.5
2298.0	1733.0	2047.5
2299.0	1731.0	2047.5
2299.0	1734.0	2047.5
2299.0	1731.0	2047.5
2298.0	1731.0	2047.5
2299.0	1733.0	2047.5
2299.0	1732.0	2047.5
2299.0	1732.0	2047.5
2300.0	1732.0	2047.5
2301.0	1732.0	2047.5
2298.0	1734.0	2047.5
2298.0	1734.0	2047.5
2299.0	1728.0	2047.5
2300.0	1732.0	2047.5
2299.0	1734.0	2047.5
2300.0	1732.0	2047.5
2298.0	1737.0	2047.5
2297.0	1732.0	2047.5
2297.0	1732.0	2047.5
2297.0	1731.0	2047.5
2297.0	1730.0	2047.5
2299.0	1732.0	2047.5
2298.0	1730.0	2047.5
2300.0	1732.0	2047.5
2299.0	1733.0	2047.5
2297.0	1731.0	2047.5
2299.0	1737.0	2047.5
2300.0	1733.0	2047.5
2300.0	1736.0	2047.5
2298.0	1733.0	2047.5
2298.0	1727.0	2047.5
2299.0	1730.0	2047.5
2300.0	1734.0	2047.5
2297.0	1733.0	2047.5
2297.0	1735.0	2047.5
2299.0	1731.0	2047.5
2297.0	1733.0	2047.5
2301.0	1732.0	2047.5
2298.0	1730.0	2047.5
2294.0	1731.0	2047.5
2298.0	1728.0	2047.5
2301.0	1732.0	2047.5
2298.0	1736.0	2047.5
2304.0	1733.0	2047.5
2299.0	1731.0	2047.5
2297.0	1731.0	2047.5
2297.0	1732.0	2047.5
2298.0	1732.0	2047.5
2298.0	1733.0	2047.5
2296.0	1731.0	2047.5
2301.0	1732.0	2047.5
2297.0	1731.0	2047.5
2301.0	1731.0	2047.5
2299.0	1733.0	2047.5
2298.0	1731.0	2047.5
2298.0	1732.0	2047.5
2297.0	1734.0	2047.5
2301.0	1731.0	2047.5
2297.0	1731.0	2047.5
2297.0	1732.0	2047.5
2298.0	1732.0	2047.5
2301.0	1734.0	2047.5
2297.0	1731.0	2047.5
2299.0	1732.0	2047.5
2299.0	1733.0	2047.5
2298.0	1732.0	2047.5
2297.0	1733.0	2047.5
2298.0	1731.0	2047.5
2301.0	1732.0	2047.5
2298.0	1732.0	2047.5
2298.0	1733.0	2047.5
2299.0	1732.0	2047.5
2298.0	1731.0	2047.5
2298.0	1733.0	2047.5
2298.0	1732.0	2047.5
2298.0	1738.0	2047.5
2299.0	1731.0	2047.5
2299.0	1731.0	2047.5
2299.0	1733.0	2047.5
2298.0	1734.0	2047.5
2301.0	1730.0	2047.5
2298.0	1733.0	2047.5
2294.0	1730.0	2047.5
2296.0	1733.0	2047.5
2299.0	1732.0	2047.5
2297.0	1731.0	2047.5
2299.0	1731.0	2047.5
2298.0	1731.0	2047.5
2298.0	1733.0	2047.5
2297.0	1733.0	2047.5
2299.0	1731.0	2047.5
2299.0	1731.0	2047.5
2299.0	1730.0	2047.5
2297.0	1732.0	2047.5
2297.0	1729.0	2047.5
2298.0	1731.0	2047.5
2298.0	1738.0	2047.5
2298.0	1731.0	2047.5
2297.0	1734.0	2047.5
2300.0	1731.0	2047.5
2300.0	1737.0	2047.5
2300.0	1733.0	2047.5
