874.0	884.0
875.0	885.0
874.0	886.0
876.0	884.0
876.0	885.0
875.0	886.0
875.0	886.0
876.0	887.0
876.0	889.0
877.0	888.0
877.0	888.0
874.0	887.0
877.0	891.0
875.0	886.0
875.0	887.0
875.0	886.0
875.0	885.0
875.0	885.0
874.0	886.0
875.0	889.0
876.0	885.0
876.0	885.0
877.0	891.0
874.0	885.0
876.0	888.0
874.0	885.0
874.0	885.0
874.0	885.0
874.0	887.0
875.0	885.0
875.0	885.0
877.0	887.0
874.0	886.0
872.0	885.0
874.0	891.0
875.0	885.0
875.0	887.0
875.0	887.0
874.0	886.0
875.0	886.0
875.0	888.0
877.0	890.0
875.0	887.0
875.0	886.0
874.0	888.0
875.0	895.0
874.0	886.0
875.0	885.0
875.0	887.0
873.0	886.0
874.0	886.0
872.0	885.0
874.0	887.0
875.0	887.0
876.0	886.0
875.0	886.0
875.0	891.0
875.0	888.0
875.0	888.0
874.0	887.0
874.0	884.0
875.0	886.0
875.0	886.0
873.0	885.0
874.0	886.0
874.0	886.0
876.0	885.0
875.0	885.0
876.0	886.0
875.0	888.0
876.0	886.0
876.0	887.0
876.0	885.0
877.0	887.0
874.0	888.0
874.0	886.0
874.0	886.0
875.0	886.0
875.0	889.0
875.0	887.0
876.0	885.0
873.0	886.0
875.0	887.0
876.0	886.0
875.0	887.0
876.0	886.0
875.0	887.0
874.0	887.0
876.0	886.0
875.0	886.0
875.0	888.0
875.0	887.0
876.0	885.0
874.0	887.0
875.0	886.0
875.0	886.0
876.0	885.0
875.0	884.0
874.0	886.0
875.0	886.0
872.0	885.0
877.0	886.0
875.0	885.0
877.0	886.0
874.0	885.0
874.0	885.0
874.0	886.0
875.0	887.0
874.0	886.0
876.0	887.0
875.0	887.0
875.0	886.0
875.0	890.0
874.0	886.0
875.0	886.0
876.0	886.0
875.0	888.0
876.0	885.0
875.0	886.0
874.0	887.0
875.0	888.0
874.0	887.0
876.0	885.0
873.0	885.0
875.0	889.0
874.0	887.0
875.0	886.0
876.0	887.0
877.0	887.0
875.0	889.0
877.0	887.0
876.0	886.0
874.0	888.0
875.0	887.0
876.0	885.0
873.0	884.0
874.0	886.0
876.0	888.0
882.0	887.0
874.0	889.0
876.0	886.0
874.0	887.0
875.0	887.0
875.0	894.0
875.0	888.0
877.0	886.0
876.0	888.0
876.0	885.0
874.0	885.0
875.0	888.0
875.0	886.0
874.0	884.0
874.0	888.0
875.0	888.0
875.0	886.0
875.0	884.0
875.0	886.0
877.0	886.0
875.0	886.0
874.0	888.0
874.0	887.0
884.0	887.0
876.0	885.0
874.0	888.0
873.0	886.0
873.0	887.0
874.0	886.0
875.0	886.0
875.0	885.0
874.0	885.0
874.0	890.0
876.0	887.0
875.0	884.0
875.0	884.0
876.0	885.0
874.0	887.0
875.0	885.0
873.0	887.0
876.0	887.0
875.0	885.0
876.0	887.0
875.0	885.0
876.0	885.0
895.0	886.0
876.0	888.0
875.0	884.0
875.0	885.0
877.0	887.0
877.0	886.0
877.0	886.0
875.0	887.0
873.0	884.0
882.0	886.0
875.0	893.0
876.0	887.0
876.0	888.0
874.0	886.0
873.0	895.0
876.0	887.0
876.0	887.0
875.0	885.0
874.0	889.0
874.0	886.0
874.0	886.0
875.0	886.0
876.0	886.0
875.0	888.0
876.0	886.0
874.0	885.0
873.0	883.0
875.0	882.0
875.0	888.0
876.0	886.0
873.0	885.0
873.0	885.0
875.0	886.0
874.0	885.0
874.0	886.0
875.0	885.0
875.0	885.0
874.0	887.0
875.0	886.0
876.0	886.0
876.0	886.0
874.0	886.0
877.0	887.0
875.0	885.0
875.0	884.0
875.0	886.0
876.0	888.0
873.0	886.0
878.0	885.0
875.0	888.0
874.0	887.0
874.0	888.0
880.0	887.0
875.0	888.0
876.0	885.0
874.0	885.0
878.0	886.0
874.0	888.0
874.0	887.0
874.0	886.0
877.0	886.0
875.0	885.0
870.0	888.0
875.0	885.0
883.0	887.0
875.0	889.0
874.0	886.0
875.0	886.0
875.0	886.0
875.0	885.0
876.0	888.0
875.0	887.0
884.0	883.0
876.0	885.0
874.0	887.0
874.0	885.0
876.0	886.0
875.0	886.0
875.0	887.0
877.0	886.0
881.0	888.0
873.0	884.0
874.0	886.0
875.0	887.0
879.0	886.0
875.0	888.0
874.0	885.0
874.0	885.0
884.0	886.0
877.0	882.0
876.0	887.0
873.0	886.0
877.0	886.0
873.0	888.0
875.0	886.0
874.0	885.0
877.0	885.0
875.0	885.0
874.0	887.0
875.0	888.0
880.0	885.0
875.0	887.0
876.0	887.0
877.0	887.0
878.0	886.0
876.0	889.0
873.0	884.0
876.0	885.0
880.0	886.0
875.0	884.0
875.0	886.0
875.0	883.0
877.0	887.0
874.0	888.0
875.0	886.0
875.0	886.0
876.0	887.0
876.0	888.0
876.0	887.0
875.0	886.0
875.0	886.0
874.0	885.0
873.0	887.0
876.0	887.0
875.0	887.0
876.0	885.0
875.0	886.0
875.0	887.0
875.0	886.0
876.0	888.0
874.0	885.0
875.0	887.0
875.0	887.0
875.0	884.0
874.0	890.0
874.0	885.0
875.0	886.0
899.0	885.0
875.0	890.0
876.0	885.0
875.0	885.0
874.0	885.0
876.0	887.0
876.0	887.0
876.0	886.0
876.0	886.0
876.0	884.0
872.0	887.0
874.0	886.0
872.0	887.0
875.0	885.0
874.0	886.0
874.0	887.0
873.0	886.0
875.0	887.0
875.0	887.0
875.0	886.0
875.0	888.0
873.0	886.0
873.0	884.0
875.0	887.0
876.0	888.0
873.0	886.0
875.0	891.0
874.0	885.0
875.0	887.0
876.0	887.0
877.0	885.0
875.0	885.0
877.0	885.0
874.0	887.0
877.0	887.0
875.0	886.0
873.0	886.0
875.0	885.0
874.0	884.0
875.0	886.0
875.0	886.0
875.0	887.0
874.0	887.0
875.0	885.0
875.0	886.0
876.0	887.0
874.0	886.0
874.0	886.0
874.0	885.0
875.0	886.0
879.0	885.0
873.0	888.0
876.0	886.0
874.0	886.0
874.0	887.0
875.0	887.0
2054.0	2040.0
2057.0	2037.0
2055.0	2041.0
2055.0	2039.0
2058.0	2030.0
2057.0	2028.0
2058.0	2027.0
2056.0	2029.0
2056.0	2027.0
2057.0	2028.0
2057.0	2025.0
2046.0	2015.0
2047.0	2014.0
2046.0	2014.0
2061.0	2014.0
2047.0	2018.0
2036.0	2012.0
2036.0	2001.0
2036.0	2001.0
2037.0	2002.0
2037.0	2004.0
2037.0	2003.0
2036.0	2003.0
2035.0	1999.0
2037.0	2009.0
2036.0	2002.0
2037.0	2002.0
2037.0	2001.0
2033.0	2003.0
2025.0	2001.0
2026.0	2003.0
2027.0	2000.0
2026.0	2002.0
2027.0	2005.0
2028.0	2002.0
2028.0	2001.0
2027.0	2001.0
2019.0	2015.0
2017.0	2014.0
2016.0	2014.0
2020.0	2015.0
2018.0	2014.0
2017.0	2012.0
2017.0	2017.0
2017.0	2015.0
2017.0	2015.0
2021.0	2033.0
2018.0	2014.0
2018.0	2014.0
2017.0	2014.0
2016.0	2013.0
2020.0	2011.0
2017.0	2014.0
2017.0	2016.0
2016.0	2015.0
2015.0	2017.0
2009.0	2016.0
2011.0	2014.0
2007.0	2016.0
2005.0	2011.0
2006.0	2017.0
2010.0	2014.0
2007.0	2014.0
2009.0	2015.0
2008.0	2015.0
2008.0	2016.0
2006.0	2016.0
2007.0	2016.0
2004.0	2014.0
2007.0	2015.0
2008.0	2016.0
2017.0	2013.0
2019.0	2029.0
2017.0	2031.0
2018.0	2027.0
2019.0	2028.0
2023.0	2029.0
2016.0	2021.0
2019.0	2017.0
2016.0	2006.0
2018.0	2013.0
2019.0	2013.0
2018.0	2012.0
2019.0	2015.0
2017.0	2013.0
2017.0	2016.0
2017.0	2007.0
2018.0	2015.0
2017.0	2016.0
2017.0	2015.0
2020.0	2009.0
2016.0	2015.0
2017.0	2014.0
2018.0	2014.0
2026.0	2014.0
2029.0	2011.0
2028.0	2016.0
2028.0	2013.0
2026.0	2017.0
2029.0	2016.0
2026.0	2014.0
2028.0	2015.0
2027.0	2014.0
2018.0	2021.0
2026.0	2015.0
2027.0	2017.0
2028.0	2016.0
2027.0	2016.0
2026.0	2011.0
2027.0	2013.0
2026.0	2015.0
2026.0	2014.0
2026.0	2018.0
2026.0	2015.0
2027.0	2013.0
2027.0	2016.0
2026.0	2013.0
2026.0	2015.0
2027.0	2015.0
2025.0	2015.0
2027.0	2015.0
2027.0	2020.0
2037.0	2031.0
2038.0	2027.0
2036.0	2027.0
2039.0	2029.0
2038.0	2039.0
2038.0	2041.0
2039.0	2038.0
2037.0	2040.0
2038.0	2048.0
2038.0	2040.0
2035.0	2038.0
2038.0	2040.0
2038.0	2039.0
2037.0	2038.0
2036.0	2039.0
2036.0	2038.0
2042.0	2040.0
2037.0	2045.0
2039.0	2041.0
2037.0	2042.0
2034.0	2037.0
2036.0	2041.0
2038.0	2039.0
2037.0	2040.0
2035.0	2043.0
2038.0	2039.0
2036.0	2632.0
2037.0	2307.0
2038.0	2159.0
2078.0	2069.0
2076.0	2065.0
2076.0	2064.0
2066.0	2060.0
2066.0	2073.0
2063.0	2059.0
2062.0	2053.0
2061.0	2053.0
2061.0	2051.0
2060.0	2051.0
2061.0	2051.0
2061.0	2053.0
2060.0	2050.0
2063.0	2051.0
2063.0	2052.0
2061.0	2054.0
2062.0	2053.0
2063.0	2052.0
2063.0	2051.0
2062.0	2052.0
2068.0	2059.0
2069.0	2060.0
2068.0	2061.0
2070.0	2060.0
2071.0	2060.0
2074.0	2060.0
2073.0	2068.0
2068.0	2061.0
2069.0	2060.0
2070.0	2059.0
2069.0	2061.0
2070.0	2061.0
2069.0	2061.0
2070.0	2059.0
2069.0	2059.0
2075.0	2059.0
2072.0	2055.0
2069.0	2063.0
2070.0	2061.0
2069.0	2059.0
2070.0	2060.0
2073.0	2062.0
2070.0	2060.0
2068.0	2061.0
2067.0	2058.0
2071.0	2058.0
2071.0	2066.0
2068.0	2065.0
2071.0	2061.0
2069.0	2062.0
2036.0	3342.0
2035.0	3401.0
2037.0	3404.0
2037.0	3402.0
2038.0	3401.0
2037.0	3406.0
2037.0	3402.0
2037.0	3403.0
2037.0	3402.0
2037.0	3403.0
2038.0	3402.0
2044.0	3402.0
2039.0	3402.0
2037.0	3410.0
2036.0	3401.0
2038.0	3403.0
2038.0	3403.0
2037.0	3403.0
2038.0	3401.0
2038.0	3403.0
2038.0	3404.0
2036.0	3409.0
2038.0	3404.0
2037.0	3402.0
2036.0	3402.0
2037.0	3403.0
2039.0	3403.0
2038.0	3402.0
2040.0	3408.0
2038.0	3398.0
2039.0	3406.0
2038.0	3406.0
2036.0	3403.0
2038.0	3405.0
2038.0	3402.0
2037.0	3406.0
2037.0	3404.0
2039.0	3402.0
2035.0	3405.0
2036.0	3404.0
2039.0	3404.0
2041.0	3403.0
2040.0	3398.0
2037.0	3401.0
2035.0	3404.0
2037.0	3403.0
2038.0	3403.0
2037.0	3403.0
2038.0	3403.0
2038.0	3404.0
2036.0	3403.0
2036.0	3405.0
2037.0	3404.0
2036.0	3402.0
2035.0	3402.0
2039.0	3407.0
2036.0	3403.0
2037.0	3408.0
2036.0	3403.0
2037.0	3401.0
2037.0	3405.0
2039.0	3406.0
2038.0	3403.0
2037.0	3402.0
2037.0	3405.0
2035.0	3405.0
2037.0	3406.0
2037.0	3398.0
2035.0	3401.0
2040.0	3404.0
2065.0	2065.0
2066.0	2069.0
2066.0	2066.0
2065.0	2067.0
2066.0	2066.0
2066.0	2067.0
2063.0	2066.0
2065.0	2066.0
2066.0	2059.0
2066.0	2067.0
2064.0	2068.0
2065.0	2067.0
2064.0	2066.0
2066.0	2063.0
2065.0	2067.0
2067.0	2067.0
2068.0	2068.0
2067.0	2067.0
2066.0	2066.0
2065.0	2064.0
2066.0	2066.0
2065.0	2066.0
2065.0	2065.0
2065.0	2079.0
2065.0	2066.0
2065.0	2066.0
2087.0	2066.0
2064.0	2065.0
2067.0	2069.0
2065.0	2065.0
2066.0	2062.0
2065.0	2066.0
2070.0	2066.0
2065.0	2064.0
2066.0	2064.0
2064.0	2066.0
2066.0	2067.0
2067.0	2072.0
2066.0	2065.0
2067.0	2067.0
2066.0	2067.0
2069.0	2066.0
2067.0	2065.0
2065.0	2065.0
2067.0	2067.0
2065.0	2065.0
2065.0	2069.0
2065.0	2064.0
2067.0	2068.0
2065.0	2066.0
2068.0	2064.0
2064.0	2065.0
2066.0	2064.0
2066.0	2064.0
2065.0	2065.0
2067.0	2073.0
2065.0	2066.0
2065.0	2065.0
2065.0	2065.0
2064.0	2066.0
2065.0	2063.0
2067.0	2066.0
2065.0	2068.0
2061.0	2069.0
2066.0	2059.0
2065.0	2064.0
2066.0	2066.0
2066.0	2065.0
2066.0	2059.0
2069.0	2067.0
2065.0	2064.0
2064.0	2067.0
2076.0	2065.0
2065.0	2070.0
2067.0	2065.0
2065.0	2063.0
2064.0	2065.0
2066.0	2064.0
2065.0	2066.0
2065.0	2065.0
2064.0	2065.0
2066.0	2064.0
2067.0	2064.0
2065.0	2066.0
2066.0	2065.0
2067.0	2066.0
2066.0	2065.0
2066.0	2065.0
2066.0	2064.0
2064.0	2065.0
2067.0	2072.0
2065.0	2065.0
2065.0	2066.0
2065.0	2066.0
2064.0	2065.0
2065.0	2065.0
2066.0	2065.0
2066.0	2066.0
2060.0	2064.0
2065.0	2071.0
2065.0	2064.0
2066.0	2065.0
2064.0	2066.0
2067.0	2081.0
2064.0	2066.0
2064.0	2064.0
2065.0	2066.0
2069.0	2065.0
2065.0	2069.0
2065.0	2064.0
2066.0	2066.0
2063.0	2065.0
2063.0	2064.0
2065.0	2066.0
2069.0	2066.0
2064.0	2067.0
2067.0	2070.0
2064.0	2064.0
2061.0	2065.0
2065.0	2063.0
2071.0	2066.0
2066.0	2066.0
2066.0	2065.0
2066.0	2066.0
2064.0	2064.0
2064.0	2065.0
2066.0	2066.0
2064.0	2068.0
2064.0	2065.0
2066.0	2063.0
2065.0	2063.0
2064.0	2064.0
2065.0	2064.0
2067.0	2065.0
2069.0	2071.0
2066.0	2065.0
2064.0	2066.0
2066.0	2065.0
2068.0	2068.0
2064.0	2065.0
2065.0	2065.0
2065.0	2065.0
2069.0	2065.0
2066.0	2070.0
2064.0	2066.0
2034.0	2064.0
2066.0	2066.0
2064.0	2068.0
2067.0	2065.0
2066.0	2068.0
2065.0	2065.0
2064.0	2062.0
2063.0	2067.0
2065.0	2066.0
2064.0	2066.0
2073.0	2067.0
2066.0	2070.0
2065.0	2065.0
2065.0	2065.0
2066.0	2065.0
2065.0	2063.0
2066.0	2067.0
2065.0	2065.0
2063.0	2066.0
2067.0	2059.0
2067.0	2064.0
2065.0	2065.0
2065.0	2066.0
2066.0	2064.0
2065.0	2069.0
2065.0	2066.0
2065.0	2065.0
2064.0	2066.0
2065.0	2065.0
2064.0	2066.0
2066.0	2064.0
2066.0	2067.0
2064.0	2072.0
2066.0	2065.0
2064.0	2065.0
2065.0	2067.0
2067.0	2065.0
2065.0	2068.0
2069.0	2067.0
2065.0	2066.0
2059.0	2065.0
2064.0	2070.0
2066.0	2065.0
2066.0	2065.0
2065.0	2064.0
2066.0	2068.0
2066.0	2067.0
2067.0	2067.0
2066.0	2065.0
2066.0	2063.0
2066.0	2063.0
2067.0	2067.0
2065.0	2066.0
2071.0	2062.0
2068.0	2071.0
2068.0	2066.0
2066.0	2067.0
2063.0	2065.0
2068.0	2067.0
2066.0	2065.0
2067.0	2067.0
2069.0	2067.0
2068.0	2068.0
2065.0	2067.0
2064.0	2066.0
2063.0	2065.0
2082.0	2062.0
2066.0	2065.0
2065.0	2065.0
2065.0	2065.0
2069.0	2066.0
2067.0	2066.0
2067.0	2067.0
2067.0	2068.0
2063.0	2066.0
2065.0	2073.0
2066.0	2066.0
2066.0	2066.0
2066.0	2065.0
2063.0	2081.0
2065.0	2066.0
2065.0	2067.0
2065.0	2065.0
2067.0	2065.0
2065.0	2064.0
2065.0	2066.0
2068.0	2067.0
2069.0	2066.0
2067.0	2064.0
2064.0	2066.0
2065.0	2065.0
2064.0	2064.0
2065.0	2070.0
2066.0	2066.0
2065.0	2065.0
2065.0	2064.0
2067.0	2079.0
2065.0	2065.0
2066.0	2064.0
2065.0	2064.0
2065.0	2065.0
2064.0	2066.0
2065.0	2066.0
2064.0	2066.0
2069.0	2065.0
2065.0	2071.0
2065.0	2067.0
2065.0	2065.0
2063.0	2065.0
2068.0	2064.0
2066.0	2065.0
2064.0	2065.0
2065.0	2065.0
2068.0	2079.0
2066.0	2066.0
2065.0	2065.0
2065.0	2066.0
2069.0	2067.0
2064.0	2062.0
2066.0	2066.0
2065.0	2066.0
2069.0	2081.0
2064.0	2063.0
2065.0	2064.0
2065.0	2066.0
2064.0	2065.0
2057.0	2072.0
2065.0	2065.0
2065.0	2064.0
2067.0	2067.0
2065.0	2074.0
2066.0	2066.0
2065.0	2065.0
2066.0	2066.0
2068.0	2064.0
2068.0	2063.0
2067.0	2068.0
2067.0	2065.0
2069.0	2068.0
2064.0	2063.0
2066.0	2065.0
2067.0	2065.0
2064.0	2066.0
2065.0	2072.0
2068.0	2068.0
2068.0	2069.0
2066.0	2065.0
2064.0	2064.0
2064.0	2065.0
2065.0	2063.0
2064.0	2065.0
2070.0	2066.0
2067.0	2069.0
2066.0	2067.0
2068.0	2068.0
2063.0	2061.0
2064.0	2066.0
2063.0	2065.0
2065.0	2066.0
2065.0	2063.0
2065.0	2072.0
2066.0	2066.0
2064.0	2065.0
2067.0	2068.0
2066.0	2063.0
2066.0	2067.0
2069.0	2067.0
2064.0	2065.0
2066.0	2066.0
2066.0	2068.0
2066.0	2065.0
2064.0	2065.0
2065.0	2065.0
2064.0	2065.0
2064.0	2066.0
2066.0	2065.0
2064.0	2064.0
2065.0	2069.0
2065.0	2064.0
2066.0	2064.0
2066.0	2067.0
2062.0	2062.0
2065.0	2064.0
2068.0	2067.0
2067.0	2067.0
2072.0	2064.0
2065.0	2063.0
2065.0	2065.0
2066.0	2066.0
2063.0	2067.0
2067.0	2068.0
2065.0	2064.0
2066.0	2066.0
2065.0	2067.0
2068.0	2072.0
2065.0	2066.0
2065.0	2067.0
2066.0	2067.0
2063.0	2064.0
2068.0	2067.0
2066.0	2065.0
2066.0	2064.0
2073.0	2065.0
2065.0	2067.0
2067.0	2064.0
2065.0	2066.0
2064.0	2065.0
2066.0	2067.0
2065.0	2067.0
2064.0	2064.0
2065.0	2066.0
2065.0	2061.0
2066.0	2066.0
2067.0	2067.0
2065.0	2065.0
2066.0	2064.0
2065.0	2069.0
2065.0	2066.0
2065.0	2065.0
2066.0	2066.0
2064.0	2064.0
2066.0	2065.0
2067.0	2065.0
2063.0	2064.0
2065.0	2063.0
2067.0	2067.0
2067.0	2066.0
2066.0	2066.0
2067.0	2069.0
2066.0	2067.0
2065.0	2064.0
2066.0	2067.0
2066.0	2082.0
2065.0	2067.0
2066.0	2065.0
2065.0	2069.0
2067.0	2070.0
2066.0	2066.0
2059.0	2066.0
2065.0	2065.0
2067.0	2062.0
2067.0	2065.0
2067.0	2066.0
2067.0	2065.0
2069.0	2064.0
2065.0	2064.0
2065.0	2066.0
2065.0	2067.0
2070.0	2066.0
2067.0	2069.0
2065.0	2065.0
2066.0	2065.0
2079.0	2067.0
2067.0	2071.0
2064.0	2066.0
2065.0	2067.0
2067.0	2066.0
2065.0	2063.0
2066.0	2065.0
2065.0	2067.0
2065.0	2068.0
2067.0	2072.0
2066.0	2066.0
2063.0	2064.0
2066.0	2066.0
2067.0	2062.0
2069.0	2066.0
2066.0	2066.0
2068.0	2068.0
2065.0	2064.0
2068.0	2066.0
2066.0	2063.0
2066.0	2065.0
2074.0	2068.0
2065.0	2071.0
2066.0	2066.0
2064.0	2064.0
2066.0	2064.0
2066.0	2070.0
2064.0	2068.0
2065.0	2064.0
2063.0	2066.0
2067.0	2067.0
2064.0	2066.0
2064.0	2064.0
2064.0	2065.0
2067.0	2060.0
2068.0	2067.0
2067.0	2065.0
2066.0	2064.0
2064.0	2065.0
2066.0	2066.0
2064.0	2065.0
2066.0	2066.0
2066.0	2070.0
2066.0	2066.0
2066.0	2067.0
2067.0	2066.0
2068.0	2066.0
2066.0	2066.0
2064.0	2066.0
2064.0	2063.0
2050.0	2061.0
2064.0	2065.0
2067.0	2065.0
2064.0	2065.0
2066.0	2061.0
2066.0	2063.0
2064.0	2067.0
2066.0	2066.0
2066.0	2064.0
2066.0	2064.0
2066.0	2067.0
2067.0	2066.0
2064.0	2065.0
2064.0	2067.0
2064.0	2065.0
2066.0	2065.0
2069.0	2066.0
2065.0	2063.0
2067.0	2064.0
2065.0	2066.0
2072.0	2065.0
2067.0	2070.0
2066.0	2064.0
2065.0	2067.0
2063.0	2062.0
2067.0	2069.0
2067.0	2065.0
2066.0	2064.0
2069.0	2064.0
2067.0	2068.0
2067.0	2065.0
2065.0	2064.0
2066.0	2065.0
2066.0	2068.0
2065.0	2065.0
2065.0	2068.0
2067.0	2067.0
2066.0	2067.0
2064.0	2065.0
2065.0	2067.0
2078.0	2066.0
2065.0	2066.0
2066.0	2065.0
2066.0	2066.0
2065.0	2064.0
2066.0	2064.0
2065.0	2067.0
2065.0	2065.0
2061.0	2068.0
2067.0	2067.0
2066.0	2064.0
2066.0	2066.0
2064.0	2065.0
2066.0	2068.0
2066.0	2065.0
2066.0	2067.0
2065.0	2063.0
2064.0	2058.0
2067.0	2066.0
2065.0	2067.0
2065.0	2065.0
2065.0	2065.0
2067.0	2066.0
2067.0	2066.0
2064.0	2067.0
2064.0	2066.0
2066.0	2064.0
2065.0	2065.0
2065.0	2066.0
2065.0	2062.0
2067.0	2064.0
2066.0	2064.0
2065.0	2066.0
2068.0	2070.0
2066.0	2065.0
2066.0	2066.0
2065.0	2068.0
2066.0	2063.0
2065.0	2066.0
2065.0	2064.0
2065.0	2067.0
2070.0	2069.0
2068.0	2068.0
2064.0	2066.0
2066.0	2064.0
2066.0	2080.0
2063.0	2066.0
2064.0	2064.0
2066.0	2065.0
2066.0	2071.0
2064.0	2067.0
2065.0	2066.0
2065.0	2067.0
2067.0	2063.0
2066.0	2064.0
2068.0	2066.0
2065.0	2064.0
2066.0	2065.0
2064.0	2065.0
2067.0	2067.0
2064.0	2065.0
2066.0	2061.0
2065.0	2066.0
2065.0	2066.0
2065.0	2064.0
2066.0	2064.0
2066.0	2064.0
2064.0	2064.0
2064.0	2065.0
2067.0	2065.0
2066.0	2061.0
2066.0	2066.0
2065.0	2066.0
2067.0	2064.0
2066.0	2064.0
2066.0	2064.0
2065.0	2065.0
2072.0	2065.0
2065.0	2063.0
2067.0	2066.0
2065.0	2063.0
2068.0	2066.0
2065.0	2063.0
2064.0	2064.0
2066.0	2065.0
2073.0	2066.0
2065.0	2068.0
2064.0	2065.0
2064.0	2064.0
2067.0	2066.0
2064.0	2069.0
2067.0	2066.0
2065.0	2066.0
2068.0	2067.0
2067.0	2071.0
2066.0	2064.0
2067.0	2066.0
2077.0	2067.0
2065.0	2067.0
2064.0	2065.0
2066.0	2066.0
2066.0	2066.0
2065.0	2067.0
2066.0	2066.0
2065.0	2067.0
2063.0	2066.0
2064.0	2071.0
2066.0	2065.0
2067.0	2065.0
2064.0	2065.0
2067.0	2066.0
2067.0	2066.0
2068.0	2067.0
2065.0	2065.0
2067.0	2063.0
2067.0	2067.0
2065.0	2067.0
2065.0	2065.0
2064.0	2060.0
2066.0	2066.0
2066.0	2065.0
2065.0	2067.0
2065.0	2072.0
2066.0	2066.0
2065.0	2064.0
2065.0	2065.0
2066.0	2067.0
2065.0	2067.0
2067.0	2067.0
2065.0	2066.0
2070.0	2069.0
2067.0	2066.0
2066.0	2066.0
2066.0	2065.0
2067.0	2081.0
2065.0	2065.0
2065.0	2065.0
2066.0	2065.0
2064.0	2069.0
2066.0	2066.0
2066.0	2065.0
2067.0	2066.0
2068.0	2067.0
2064.0	2066.0
2067.0	2066.0
2067.0	2066.0
2067.0	2063.0
2066.0	2065.0
2065.0	2062.0
2064.0	2067.0
2065.0	2061.0
2067.0	2066.0
2065.0	2067.0
2065.0	2067.0
2066.0	2064.0
2065.0	2066.0
2065.0	2066.0
2066.0	2066.0
2067.0	2062.0
2067.0	2068.0
2067.0	2067.0
2065.0	2066.0
2067.0	2064.0
2067.0	2068.0
2064.0	2066.0
2065.0	2066.0
2060.0	2064.0
2066.0	2063.0
2066.0	2064.0
2066.0	2066.0
2066.0	2063.0
2069.0	2067.0
2065.0	2066.0
2065.0	2064.0
2064.0	2065.0
2068.0	2064.0
2065.0	2065.0
2065.0	2065.0
2068.0	2065.0
2065.0	2069.0
2066.0	2066.0
2066.0	2066.0
2068.0	2066.0
2065.0	2067.0
2068.0	2068.0
2065.0	2066.0
2072.0	2066.0
2067.0	2063.0
2064.0	2065.0
2068.0	2066.0
2064.0	2065.0
2066.0	2067.0
2063.0	2065.0
2065.0	2066.0
2066.0	2067.0
2066.0	2059.0
2066.0	2067.0
2065.0	2065.0
2065.0	2065.0
2067.0	2066.0
2067.0	2066.0
2065.0	2066.0
2064.0	2066.0
2067.0	2069.0
2068.0	2067.0
2063.0	2065.0
2064.0	2065.0
2066.0	2060.0
2065.0	2064.0
2069.0	2067.0
2066.0	2064.0
2069.0	2069.0
2066.0	2066.0
2068.0	2066.0
2065.0	2065.0
2066.0	2079.0
2065.0	2066.0
2090.0	2065.0
2064.0	2064.0
2067.0	2071.0
2067.0	2068.0
2067.0	2065.0
2067.0	2066.0
2065.0	2069.0
2067.0	2065.0
2065.0	2067.0
2065.0	2065.0
2065.0	2062.0
2064.0	2065.0
2065.0	2064.0
2064.0	2065.0
2067.0	2065.0
2064.0	2065.0
2066.0	2066.0
2068.0	2066.0
2065.0	2064.0
2065.0	2067.0
2065.0	2066.0
2066.0	2064.0
2062.0	2065.0
2065.0	2065.0
2066.0	2067.0
2065.0	2065.0
2065.0	2065.0
2065.0	2064.0
2065.0	2066.0
2065.0	2065.0
2070.0	2071.0
2067.0	2062.0
2057.0	2066.0
2065.0	2065.0
2069.0	2068.0
2064.0	2068.0
2064.0	2065.0
2064.0	2066.0
2070.0	2068.0
2065.0	2068.0
2065.0	2066.0
2066.0	2067.0
2060.0	2065.0
2065.0	2063.0
2065.0	2065.0
2066.0	2063.0
2062.0	2065.0
2065.0	2065.0
2065.0	2066.0
2066.0	2069.0
2064.0	2064.0
2067.0	2065.0
2065.0	2066.0
2068.0	2067.0
2064.0	2063.0
2065.0	2063.0
2065.0	2067.0
2066.0	2064.0
2066.0	2066.0
2065.0	2071.0
2065.0	2065.0
2065.0	2068.0
2064.0	2066.0
2066.0	2059.0
2065.0	2066.0
2066.0	2065.0
2065.0	2064.0
2067.0	2063.0
2064.0	2066.0
2066.0	2066.0
2066.0	2066.0
2063.0	2064.0
2065.0	2061.0
2064.0	2065.0
2065.0	2064.0
2067.0	2066.0
2067.0	2067.0
2067.0	2066.0
2066.0	2064.0
2069.0	2067.0
2064.0	2069.0
2064.0	2067.0
2066.0	2067.0
2060.0	2068.0
2068.0	2068.0
2065.0	2064.0
2065.0	2066.0
2064.0	2066.0
2065.0	2066.0
2065.0	2066.0
2066.0	2063.0
2064.0	2067.0
2067.0	2067.0
2065.0	2067.0
2063.0	2067.0
2067.0	2067.0
2066.0	2074.0
2065.0	2064.0
2065.0	2065.0
2066.0	2066.0
2066.0	2064.0
2065.0	2067.0
2066.0	2066.0
2065.0	2066.0
2063.0	2064.0
2065.0	2062.0
2067.0	2065.0
2064.0	2066.0
2063.0	2065.0
2067.0	2065.0
2066.0	2066.0
2065.0	2066.0
2065.0	2064.0
2066.0	2064.0
2066.0	2062.0
2064.0	2065.0
2062.0	2065.0
2065.0	2067.0
2066.0	2065.0
2064.0	2067.0
2064.0	2066.0
2065.0	2067.0
2068.0	2065.0
2066.0	2065.0
2064.0	2065.0
2067.0	2068.0
2064.0	2067.0
2063.0	2066.0
2064.0	2064.0
2067.0	2061.0
2064.0	2068.0
2066.0	2064.0
2064.0	2066.0
2065.0	2065.0
2065.0	2065.0
2066.0	2065.0
2064.0	2065.0
2069.0	2065.0
2065.0	2067.0
2066.0	2066.0
2065.0	2064.0
2062.0	2064.0
2068.0	2070.0
2067.0	2065.0
2064.0	2065.0
2065.0	2066.0
2064.0	2066.0
2066.0	2067.0
2068.0	2067.0
2065.0	2063.0
2068.0	2073.0
2065.0	2067.0
2065.0	2063.0
2064.0	2065.0
2065.0	2058.0
2068.0	2068.0
2065.0	2065.0
2064.0	2064.0
2065.0	2064.0
2063.0	2065.0
2066.0	2066.0
2065.0	2064.0
2072.0	2066.0
2064.0	2069.0
2066.0	2066.0
2067.0	2066.0
2059.0	2065.0
2066.0	2069.0
2066.0	2066.0
2068.0	2067.0
2064.0	2065.0
2067.0	2071.0
2065.0	2065.0
2066.0	2066.0
2065.0	2066.0
2063.0	2072.0
2065.0	2065.0
2066.0	2065.0
2064.0	2064.0
2066.0	2064.0
2065.0	2066.0
2064.0	2066.0
2066.0	2063.0
2064.0	2064.0
2065.0	2067.0
2065.0	2066.0
2066.0	2068.0
2065.0	2065.0
2066.0	2066.0
2065.0	2065.0
2066.0	2066.0
2063.0	2065.0
2063.0	2059.0
2063.0	2064.0
2065.0	2065.0
2065.0	2067.0
2068.0	2075.0
2065.0	2066.0
2065.0	2064.0
2064.0	2066.0
2067.0	2065.0
2066.0	2068.0
2065.0	2064.0
2067.0	2067.0
2070.0	2065.0
2065.0	2063.0
2065.0	2064.0
2065.0	2064.0
2080.0	2066.0
2064.0	2063.0
2065.0	2066.0
2065.0	2065.0
2064.0	2064.0
2064.0	2064.0
2067.0	2068.0
2065.0	2066.0
2063.0	2065.0
2066.0	2072.0
2065.0	2065.0
2065.0	2065.0
2066.0	2064.0
2066.0	2059.0
2066.0	2065.0
2067.0	2068.0
2064.0	2065.0
2067.0	2063.0
2067.0	2064.0
2066.0	2063.0
2065.0	2066.0
2071.0	2064.0
2064.0	2060.0
2065.0	2065.0
2064.0	2064.0
2061.0	2069.0
2067.0	2069.0
2066.0	2066.0
2066.0	2065.0
2064.0	2066.0
2065.0	2065.0
2066.0	2066.0
2065.0	2067.0
2064.0	2065.0
2064.0	2070.0
2064.0	2067.0
2065.0	2064.0
2065.0	2064.0
2063.0	2078.0
2066.0	2064.0
2064.0	2066.0
2065.0	2064.0
2066.0	2063.0
2066.0	2066.0
2068.0	2067.0
2068.0	2069.0
2070.0	2065.0
2068.0	2072.0
2066.0	2067.0
2066.0	2064.0
2080.0	2067.0
2066.0	2063.0
2064.0	2067.0
2060.0	2065.0
2063.0	2065.0
2066.0	2067.0
2066.0	2066.0
2065.0	2065.0
2064.0	2067.0
2065.0	2070.0
2064.0	2066.0
2064.0	2064.0
2066.0	2067.0
2064.0	2078.0
2065.0	2066.0
2065.0	2064.0
2065.0	2065.0
2065.0	2061.0
2065.0	2067.0
2066.0	2064.0
2065.0	2067.0
2072.0	2065.0
2067.0	2064.0
2064.0	2065.0
2067.0	2064.0
2080.0	2065.0
2064.0	2063.0
2066.0	2068.0
2065.0	2066.0
2063.0	2064.0
2067.0	2066.0
2065.0	2064.0
2069.0	2065.0
2066.0	2065.0
2067.0	2065.0
2064.0	2065.0
2067.0	2067.0
2063.0	2064.0
2066.0	2079.0
2066.0	2066.0
2063.0	2066.0
2064.0	2064.0
2066.0	2062.0
2064.0	2065.0
2068.0	2066.0
2066.0	2067.0
2068.0	2066.0
2066.0	2062.0
2064.0	2067.0
2065.0	2064.0
2069.0	2064.0
2065.0	2064.0
2065.0	2066.0
2066.0	2064.0
2064.0	2065.0
2066.0	2066.0
2065.0	2064.0
2067.0	2065.0
2063.0	2066.0
2066.0	2069.0
2065.0	2065.0
2066.0	2066.0
2065.0	2064.0
2064.0	2066.0
2065.0	2067.0
2064.0	2066.0
2065.0	2066.0
2069.0	2066.0
2065.0	2065.0
2066.0	2065.0
2064.0	2065.0
2069.0	2065.0
2068.0	2063.0
2064.0	2066.0
2065.0	2066.0
2074.0	2066.0
2065.0	2063.0
2065.0	2067.0
2066.0	2065.0
2065.0	2066.0
2066.0	2066.0
2066.0	2065.0
2064.0	2065.0
2062.0	2066.0
2067.0	2066.0
2064.0	2065.0
2064.0	2066.0
2065.0	2065.0
2068.0	2062.0
2066.0	2066.0
2066.0	2065.0
2065.0	2066.0
2070.0	2067.0
2066.0	2068.0
2065.0	2065.0
2066.0	2065.0
2063.0	2064.0
2064.0	2067.0
2067.0	2066.0
2066.0	2065.0
2065.0	2065.0
2064.0	2068.0
2064.0	2066.0
2065.0	2065.0
2065.0	2064.0
2065.0	2072.0
2066.0	2066.0
2066.0	2066.0
2066.0	2065.0
2065.0	2064.0
2065.0	2064.0
2066.0	2065.0
2064.0	2063.0
2071.0	2065.0
2065.0	2069.0
2068.0	2066.0
2064.0	2065.0
2066.0	2064.0
2067.0	2072.0
2066.0	2064.0
2065.0	2064.0
2065.0	2065.0
2065.0	2064.0
2065.0	2065.0
2066.0	2066.0
2064.0	2065.0
2064.0	2069.0
2067.0	2068.0
2066.0	2066.0
2064.0	2066.0
2071.0	2065.0
2066.0	2070.0
2066.0	2064.0
2064.0	2067.0
2067.0	2064.0
2065.0	2070.0
2065.0	2064.0
2064.0	2065.0
2065.0	2065.0
2064.0	2064.0
2065.0	2065.0
2065.0	2066.0
2065.0	2065.0
2064.0	2070.0
2065.0	2065.0
2065.0	2067.0
2067.0	2067.0
2064.0	2063.0
2064.0	2062.0
2065.0	2064.0
2066.0	2064.0
2078.0	2067.0
2066.0	2072.0
2066.0	2066.0
2066.0	2067.0
2065.0	2065.0
2064.0	2060.0
2065.0	2064.0
2064.0	2065.0
2065.0	2067.0
2065.0	2063.0
2064.0	2064.0
2065.0	2065.0
2065.0	2067.0
2068.0	2065.0
2064.0	2069.0
2065.0	2065.0
2065.0	2065.0
2063.0	2065.0
2064.0	2061.0
2065.0	2065.0
2065.0	2066.0
2065.0	2063.0
2066.0	2059.0
2066.0	2066.0
2065.0	2064.0
2064.0	2065.0
2067.0	2066.0
2066.0	2065.0
2064.0	2065.0
2064.0	2064.0
2063.0	2065.0
2057.0	2067.0
2065.0	2065.0
2065.0	2066.0
2065.0	2066.0
2066.0	2071.0
2066.0	2065.0
2065.0	2065.0
2065.0	2066.0
2067.0	2059.0
2066.0	2065.0
2069.0	2067.0
2066.0	2066.0
2069.0	2066.0
2066.0	2068.0
2065.0	2065.0
2065.0	2066.0
2066.0	2065.0
2065.0	2066.0
2066.0	2064.0
2068.0	2068.0
2066.0	2067.0
2069.0	2070.0
2067.0	2067.0
2068.0	2067.0
2064.0	2061.0
2065.0	2064.0
2065.0	2061.0
2065.0	2066.0
2065.0	2065.0
2074.0	2066.0
2066.0	2070.0
2065.0	2063.0
2066.0	2066.0
2066.0	2066.0
2066.0	2068.0
2065.0	2067.0
2065.0	2066.0
2066.0	2065.0
2065.0	2062.0
2066.0	2063.0
2065.0	2067.0
2064.0	2065.0
2064.0	2065.0
2067.0	2068.0
2065.0	2066.0
2066.0	2066.0
2065.0	2063.0
2069.0	2074.0
2066.0	2066.0
2065.0	2064.0
2063.0	2065.0
2061.0	2064.0
2066.0	2062.0
2066.0	2065.0
2066.0	2065.0
2069.0	2063.0
2064.0	2062.0
2065.0	2066.0
2064.0	2066.0
2065.0	2065.0
2064.0	2066.0
2067.0	2064.0
2065.0	2063.0
2064.0	2064.0
2067.0	2062.0
2066.0	2066.0
2066.0	2063.0
2065.0	2067.0
2068.0	2064.0
2064.0	2066.0
2065.0	2065.0
2065.0	2065.0
2066.0	2065.0
2063.0	2070.0
2065.0	2065.0
2065.0	2064.0
2066.0	2066.0
2068.0	2060.0
2068.0	2070.0
2065.0	2064.0
2064.0	2066.0
2063.0	2064.0
2066.0	2069.0
2065.0	2065.0
2068.0	2065.0
2064.0	2065.0
2066.0	2063.0
2065.0	2065.0
2064.0	2064.0
2066.0	2065.0
2066.0	2064.0
2065.0	2062.0
2066.0	2065.0
2064.0	2064.0
2063.0	2066.0
2066.0	2067.0
2064.0	2065.0
2068.0	2066.0
2064.0	2066.0
2066.0	2064.0
2067.0	2067.0
2064.0	2065.0
2065.0	2066.0
2069.0	2064.0
2066.0	2065.0
2066.0	2066.0
2065.0	2065.0
2066.0	2064.0
2065.0	2073.0
2065.0	2065.0
2064.0	2063.0
2066.0	2064.0
2065.0	2062.0
2065.0	2061.0
2065.0	2067.0
2064.0	2065.0
2070.0	2066.0
2067.0	2060.0
2067.0	2066.0
2065.0	2065.0
2065.0	2064.0
2066.0	2073.0
2065.0	2065.0
2065.0	2065.0
2068.0	2066.0
2071.0	2066.0
2066.0	2064.0
2066.0	2063.0
2063.0	2066.0
2066.0	2065.0
2065.0	2068.0
2064.0	2067.0
2064.0	2064.0
2066.0	2066.0
2070.0	2065.0
2067.0	2063.0
2064.0	2065.0
2066.0	2066.0
2066.0	2068.0
2066.0	2079.0
2064.0	2067.0
2067.0	2066.0
2065.0	2065.0
2070.0	2065.0
2065.0	2065.0
2065.0	2066.0
2065.0	2064.0
2063.0	2066.0
2066.0	2062.0
2066.0	2066.0
2066.0	2065.0
2064.0	2066.0
2067.0	2065.0
2068.0	2067.0
2065.0	2066.0
2066.0	2066.0
2066.0	2064.0
2065.0	2063.0
2064.0	2066.0
2064.0	2065.0
2065.0	2064.0
2066.0	2065.0
2066.0	2066.0
2064.0	2069.0
2065.0	2065.0
2064.0	2066.0
2066.0	2063.0
2065.0	2066.0
2067.0	2067.0
2064.0	2067.0
2064.0	2065.0
2067.0	2066.0
2067.0	2067.0
2066.0	2066.0
2065.0	2066.0
2068.0	2062.0
2066.0	2066.0
2066.0	2065.0
2065.0	2065.0
2069.0	2066.0
2067.0	2063.0
2065.0	2067.0
2066.0	2065.0
2064.0	2065.0
2066.0	2064.0
2066.0	2066.0
2066.0	2065.0
2066.0	2066.0
2065.0	2064.0
2065.0	2064.0
2065.0	2064.0
2065.0	2066.0
2065.0	2066.0
2067.0	2067.0
2065.0	2064.0
2064.0	2065.0
2067.0	2066.0
2061.0	2068.0
2066.0	2070.0
2066.0	2064.0
2065.0	2065.0
2064.0	2065.0
2064.0	2061.0
2066.0	2067.0
2066.0	2066.0
2068.0	2067.0
2064.0	2064.0
2065.0	2071.0
2065.0	2066.0
2066.0	2065.0
2067.0	2065.0
2067.0	2061.0
2066.0	2065.0
2065.0	2066.0
2065.0	2065.0
2071.0	2065.0
2066.0	2061.0
2064.0	2065.0
2065.0	2066.0
2065.0	2067.0
2067.0	2064.0
2063.0	2065.0
2065.0	2065.0
2065.0	2066.0
2061.0	2068.0
2064.0	2068.0
2064.0	2065.0
2066.0	2064.0
2065.0	2063.0
2062.0	2065.0
2065.0	2061.0
2064.0	2066.0
2067.0	2065.0
2064.0	2065.0
2065.0	2073.0
2068.0	2067.0
2066.0	2064.0
2065.0	2066.0
2073.0	2064.0
2068.0	2070.0
2065.0	2065.0
2064.0	2064.0
2064.0	2066.0
2065.0	2066.0
2066.0	2064.0
2066.0	2066.0
2066.0	2065.0
2069.0	2064.0
2067.0	2067.0
2065.0	2065.0
2065.0	2064.0
2065.0	2066.0
2069.0	2065.0
2065.0	2066.0
2065.0	2065.0
2065.0	2065.0
2064.0	2066.0
2065.0	2065.0
2063.0	2063.0
2066.0	2064.0
2068.0	2066.0
2069.0	2065.0
2066.0	2068.0
2067.0	2068.0
2064.0	2066.0
2067.0	2068.0
2067.0	2058.0
2065.0	2066.0
2066.0	2067.0
2064.0	2065.0
2063.0	2065.0
2067.0	2073.0
2066.0	2064.0
2066.0	2065.0
2065.0	2065.0
2070.0	2065.0
2066.0	2065.0
2066.0	2065.0
2065.0	2065.0
2066.0	2067.0
2068.0	2062.0
2065.0	2065.0
2065.0	2066.0
2066.0	2064.0
2064.0	2066.0
2065.0	2061.0
2066.0	2065.0
2065.0	2066.0
2065.0	2065.0
2063.0	2065.0
2064.0	2064.0
2067.0	2065.0
2065.0	2066.0
2063.0	2065.0
2066.0	2063.0
2067.0	2064.0
2066.0	2064.0
2066.0	2065.0
2064.0	2064.0
2065.0	2071.0
2065.0	2065.0
2066.0	2064.0
2065.0	2066.0
2069.0	2065.0
2063.0	2064.0
2066.0	2065.0
2066.0	2067.0
2066.0	2066.0
2068.0	2063.0
2064.0	2068.0
2068.0	2065.0
2067.0	2065.0
2062.0	2064.0
2066.0	2062.0
2066.0	2066.0
2066.0	2064.0
2065.0	2065.0
2070.0	2066.0
2066.0	2068.0
2067.0	2064.0
2065.0	2066.0
2067.0	2066.0
2067.0	2059.0
2065.0	2066.0
2066.0	2066.0
2067.0	2068.0
2061.0	2070.0
2065.0	2069.0
2066.0	2064.0
2066.0	2064.0
2065.0	2067.0
2072.0	2066.0
2065.0	2071.0
2064.0	2066.0
2065.0	2066.0
2066.0	2064.0
2062.0	2071.0
2066.0	2066.0
2067.0	2067.0
2067.0	2066.0
2063.0	2066.0
2067.0	2066.0
2065.0	2066.0
2064.0	2064.0
2065.0	2065.0
2066.0	2064.0
2068.0	2067.0
2066.0	2063.0
2065.0	2066.0
2065.0	2066.0
2067.0	2081.0
2068.0	2067.0
2067.0	2066.0
2065.0	2064.0
2076.0	2068.0
2065.0	2071.0
2064.0	2066.0
2066.0	2065.0
2065.0	2063.0
2066.0	2064.0
2064.0	2064.0
2065.0	2065.0
2064.0	2065.0
2064.0	2064.0
2065.0	2086.0
2065.0	2065.0
2069.0	2064.0
2064.0	2065.0
2071.0	2066.0
2067.0	2066.0
2064.0	2063.0
2065.0	2065.0
2064.0	2066.0
2065.0	2070.0
2064.0	2067.0
2066.0	2066.0
2065.0	2066.0
2064.0	2064.0
2063.0	2068.0
2066.0	2066.0
2064.0	2065.0
2066.0	2064.0
2071.0	2066.0
2064.0	2064.0
2065.0	2064.0
2065.0	2063.0
2065.0	2066.0
2066.0	2064.0
2065.0	2069.0
2067.0	2066.0
2064.0	2066.0
2065.0	2065.0
2065.0	2071.0
2066.0	2066.0
2067.0	2065.0
2066.0	2065.0
2069.0	2066.0
2065.0	2067.0
2066.0	2067.0
2066.0	2065.0
2062.0	2066.0
2066.0	2063.0
2067.0	2062.0
2067.0	2067.0
2065.0	2066.0
2065.0	2066.0
2065.0	2063.0
2068.0	2065.0
2065.0	2065.0
2065.0	2064.0
2067.0	2064.0
2065.0	2064.0
2063.0	2065.0
2065.0	2064.0
2064.0	2066.0
2070.0	2062.0
2066.0	2063.0
2066.0	2066.0
2067.0	2067.0
2065.0	2065.0
2065.0	2071.0
2065.0	2065.0
2065.0	2067.0
2065.0	2063.0
2068.0	2065.0
2064.0	2066.0
2066.0	2065.0
2064.0	2063.0
2065.0	2065.0
2066.0	2065.0
2065.0	2067.0
2065.0	2066.0
2065.0	2066.0
2067.0	2067.0
2065.0	2061.0
2065.0	2066.0
2065.0	2063.0
2065.0	2066.0
2063.0	2066.0
2064.0	2071.0
2067.0	2068.0
2066.0	2065.0
2066.0	2064.0
2067.0	2065.0
2066.0	2067.0
2065.0	2065.0
2069.0	2067.0
2064.0	2063.0
2069.0	2064.0
2066.0	2065.0
2065.0	2066.0
2065.0	2066.0
2066.0	2066.0
2071.0	2063.0
2067.0	2063.0
2066.0	2064.0
2065.0	2065.0
2065.0	2064.0
2066.0	2072.0
2065.0	2065.0
2067.0	2068.0
2065.0	2066.0
2063.0	2065.0
2065.0	2069.0
2069.0	2066.0
2064.0	2065.0
2066.0	2064.0
2063.0	2065.0
2065.0	2065.0
2067.0	2065.0
2066.0	2065.0
2065.0	2066.0
2067.0	2064.0
2068.0	2063.0
2065.0	2066.0
2065.0	2064.0
2064.0	2064.0
2064.0	2069.0
2065.0	2064.0
2066.0	2063.0
2065.0	2066.0
2066.0	2066.0
2066.0	2061.0
2065.0	2066.0
2065.0	2064.0
2066.0	2064.0
2073.0	2064.0
2066.0	2067.0
2064.0	2064.0
2065.0	2065.0
2069.0	2066.0
2069.0	2063.0
2065.0	2065.0
2067.0	2064.0
2064.0	2065.0
2066.0	2064.0
2066.0	2065.0
2066.0	2067.0
2067.0	2066.0
2066.0	2065.0
2067.0	2065.0
2067.0	2060.0
2065.0	2066.0
2065.0	2066.0
2066.0	2066.0
2064.0	2064.0
2067.0	2071.0
2064.0	2065.0
2064.0	2065.0
2067.0	2066.0
2062.0	2065.0
2064.0	2062.0
2063.0	2065.0
2067.0	2067.0
2065.0	2064.0
2066.0	2065.0
2065.0	2060.0
2065.0	2066.0
2064.0	2065.0
2064.0	2067.0
2067.0	2065.0
2067.0	2066.0
2063.0	2067.0
2066.0	2067.0
2066.0	2065.0
2068.0	2066.0
2063.0	2070.0
2065.0	2065.0
2065.0	2068.0
2064.0	2064.0
2071.0	2066.0
2065.0	2067.0
2068.0	2067.0
2065.0	2066.0
2065.0	2064.0
2066.0	2064.0
2066.0	2064.0
2067.0	2063.0
2066.0	2064.0
2066.0	2042.0
2064.0	2066.0
2065.0	2067.0
2065.0	2064.0
2067.0	2065.0
2065.0	2065.0
2067.0	2064.0
2065.0	2062.0
2065.0	2066.0
2065.0	2065.0
2066.0	2066.0
2066.0	2063.0
2067.0	2066.0
2066.0	2065.0
2068.0	2064.0
2066.0	2064.0
2066.0	2065.0
2066.0	2065.0
2064.0	2064.0
2064.0	2064.0
2066.0	2065.0
2069.0	2072.0
2064.0	2067.0
2066.0	2066.0
2065.0	2066.0
2066.0	2064.0
2066.0	2070.0
2065.0	2068.0
2067.0	2065.0
2065.0	2066.0
2064.0	2065.0
2066.0	2082.0
2064.0	2063.0
2065.0	2067.0
2066.0	2066.0
2065.0	2065.0
2067.0	2069.0
2064.0	2066.0
2064.0	2064.0
2066.0	2066.0
2067.0	2067.0
2066.0	2061.0
2065.0	2063.0
2066.0	2066.0
2066.0	2065.0
2065.0	2067.0
2066.0	2068.0
2066.0	2066.0
2065.0	2066.0
2065.0	2064.0
2064.0	2065.0
2064.0	2085.0
2066.0	2066.0
2067.0	2065.0
2065.0	2066.0
2062.0	2065.0
2066.0	2072.0
2065.0	2064.0
2067.0	2067.0
2065.0	2064.0
2062.0	2063.0
2066.0	2062.0
2065.0	2067.0
2068.0	2069.0
2065.0	2065.0
2059.0	2065.0
2063.0	2063.0
2067.0	2067.0
2065.0	2065.0
2066.0	2066.0
2063.0	2064.0
2065.0	2060.0
2064.0	2068.0
2067.0	2066.0
2067.0	2067.0
2060.0	2064.0
2065.0	2069.0
2065.0	2067.0
2066.0	2066.0
2065.0	2064.0
2063.0	2065.0
2068.0	2069.0
2064.0	2060.0
2068.0	2067.0
2063.0	2064.0
2062.0	2065.0
2065.0	2069.0
2068.0	2068.0
2062.0	2064.0
2065.0	2064.0
2064.0	2065.0
2065.0	2058.0
2065.0	2066.0
2069.0	2067.0
2065.0	2066.0
2062.0	2062.0
2065.0	2070.0
2065.0	2063.0
2064.0	2065.0
2065.0	2067.0
2063.0	2065.0
2065.0	2066.0
2067.0	2068.0
2065.0	2064.0
2065.0	2066.0
2063.0	2064.0
2067.0	2073.0
2066.0	2065.0
2065.0	2066.0
2065.0	2064.0
2064.0	2066.0
2065.0	2065.0
2066.0	2066.0
2065.0	2064.0
2065.0	2066.0
2067.0	2065.0
2067.0	2073.0
2066.0	2068.0
2064.0	2064.0
2063.0	2067.0
2064.0	2064.0
2066.0	2060.0
2068.0	2067.0
2066.0	2066.0
2064.0	2065.0
2065.0	2064.0
2067.0	2064.0
2064.0	2065.0
2065.0	2065.0
2064.0	2065.0
2065.0	2065.0
2062.0	2065.0
2066.0	2069.0
2065.0	2067.0
2067.0	2066.0
2064.0	2066.0
2068.0	2065.0
2065.0	2070.0
2066.0	2067.0
2067.0	2066.0
2066.0	2065.0
2073.0	2066.0
2067.0	2064.0
2066.0	2065.0
2064.0	2068.0
2068.0	2067.0
2065.0	2066.0
2065.0	2069.0
2064.0	2065.0
2066.0	2065.0
2065.0	2067.0
2070.0	2065.0
2067.0	2065.0
2065.0	2065.0
2067.0	2066.0
2064.0	2065.0
2060.0	2065.0
2065.0	2065.0
2065.0	2065.0
2066.0	2065.0
2065.0	2067.0
2063.0	2066.0
2066.0	2062.0
2065.0	2067.0
2066.0	2066.0
2065.0	2065.0
2065.0	2065.0
2063.0	2072.0
2066.0	2066.0
2066.0	2066.0
2066.0	2066.0
2064.0	2067.0
2067.0	2059.0
2064.0	2063.0
2065.0	2065.0
2065.0	2065.0
2064.0	2064.0
2065.0	2063.0
2064.0	2069.0
2067.0	2066.0
2065.0	2066.0
2064.0	2065.0
2069.0	2065.0
2067.0	2066.0
2065.0	2067.0
2068.0	2067.0
2064.0	2065.0
2064.0	2066.0
2063.0	2070.0
2066.0	2066.0
2064.0	2065.0
2065.0	2066.0
2064.0	2065.0
2065.0	2072.0
2067.0	2067.0
2068.0	2067.0
2066.0	2064.0
2064.0	2063.0
2069.0	2066.0
2067.0	2071.0
2067.0	2066.0
2065.0	2065.0
2064.0	2066.0
2073.0	2064.0
2065.0	2063.0
2069.0	2068.0
2065.0	2066.0
2065.0	2065.0
2068.0	2068.0
2065.0	2058.0
2067.0	2066.0
2066.0	2066.0
2065.0	2066.0
2065.0	2065.0
2067.0	2062.0
2064.0	2064.0
2066.0	2065.0
2065.0	2065.0
2064.0	2064.0
2068.0	2064.0
2067.0	2064.0
2066.0	2065.0
2067.0	2064.0
2066.0	2067.0
2065.0	2063.0
2066.0	2063.0
2066.0	2066.0
2067.0	2064.0
2063.0	2064.0
2065.0	2065.0
2066.0	2060.0
2064.0	2066.0
2068.0	2067.0
2066.0	2065.0
2064.0	2065.0
2066.0	2077.0
2066.0	2067.0
2066.0	2066.0
2065.0	2067.0
2065.0	2065.0
2065.0	2065.0
2066.0	2070.0
2065.0	2065.0
2066.0	2066.0
2065.0	2078.0
2067.0	2065.0
2066.0	2067.0
2066.0	2067.0
2066.0	2066.0
2066.0	2065.0
2065.0	2064.0
2066.0	2071.0
2064.0	2067.0
2065.0	2067.0
2064.0	2065.0
2066.0	2066.0
2063.0	2064.0
2066.0	2065.0
2065.0	2064.0
2064.0	2056.0
2064.0	2065.0
2072.0	2065.0
2066.0	2062.0
2065.0	2066.0
2065.0	2067.0
2066.0	2067.0
2065.0	2067.0
2065.0	2080.0
2064.0	2064.0
2066.0	2065.0
2064.0	2064.0
2065.0	2065.0
2067.0	2066.0
2066.0	2071.0
2053.0	2066.0
2067.0	2066.0
2065.0	2064.0
2064.0	2066.0
2065.0	2064.0
2066.0	2063.0
2065.0	2064.0
2066.0	2067.0
2066.0	2065.0
2065.0	2064.0
2066.0	2061.0
2065.0	2066.0
2067.0	2064.0
2065.0	2065.0
2068.0	2064.0
2074.0	2071.0
2067.0	2065.0
2064.0	2064.0
2066.0	2065.0
2065.0	2065.0
2067.0	2058.0
2066.0	2064.0
2065.0	2065.0
2067.0	2067.0
2064.0	2065.0
2068.0	2062.0
2066.0	2065.0
2066.0	2065.0
2066.0	2066.0
2063.0	2062.0
2067.0	2065.0
2066.0	2066.0
2065.0	2064.0
2065.0	2065.0
2065.0	2065.0
2068.0	2066.0
2065.0	2068.0
2066.0	2066.0
2064.0	2066.0
2064.0	2064.0
2063.0	2065.0
2065.0	2062.0
2065.0	2063.0
2065.0	2068.0
2068.0	2060.0
2053.0	2064.0
2073.0	2066.0
2065.0	2067.0
2064.0	2065.0
2067.0	2066.0
2065.0	2068.0
2065.0	2064.0
2068.0	2069.0
2066.0	2064.0
2066.0	2066.0
2065.0	2065.0
2066.0	2066.0
2069.0	2065.0
2067.0	2067.0
2064.0	2066.0
2065.0	2066.0
2065.0	2064.0
2061.0	2068.0
2067.0	2072.0
2065.0	2066.0
2065.0	2065.0
2067.0	2066.0
2065.0	2065.0
2061.0	2067.0
2066.0	2065.0
2065.0	2066.0
2066.0	2064.0
2065.0	2064.0
2065.0	2067.0
2067.0	2068.0
2065.0	2064.0
2065.0	2067.0
2065.0	2064.0
2066.0	2064.0
2067.0	2064.0
2065.0	2065.0
2066.0	2065.0
2064.0	2063.0
2067.0	2065.0
2060.0	2064.0
2066.0	2069.0
2067.0	2065.0
2065.0	2065.0
2067.0	2065.0
2066.0	2065.0
2067.0	2063.0
2067.0	2063.0
2066.0	2065.0
2065.0	2064.0
2067.0	2068.0
2059.0	2065.0
2064.0	2071.0
2067.0	2065.0
2065.0	2066.0
2063.0	2064.0
2065.0	2067.0
2067.0	2064.0
2064.0	2065.0
2066.0	2063.0
2066.0	2062.0
2065.0	2066.0
2066.0	2066.0
2066.0	2069.0
2066.0	2065.0
2065.0	2065.0
2065.0	2066.0
2065.0	2064.0
2067.0	2063.0
2065.0	2069.0
2064.0	2064.0
2064.0	2065.0
2066.0	2068.0
2064.0	2065.0
2066.0	2068.0
2064.0	2066.0
2066.0	2066.0
2068.0	2066.0
2065.0	2066.0
2064.0	2065.0
2065.0	2067.0
2066.0	2064.0
2067.0	2067.0
2064.0	2066.0
2066.0	2067.0
2065.0	2061.0
2064.0	2062.0
2065.0	2066.0
2065.0	2064.0
2065.0	2067.0
2070.0	2067.0
2066.0	2066.0
2065.0	2065.0
2068.0	2066.0
2069.0	2068.0
2065.0	2064.0
2068.0	2066.0
2066.0	2066.0
2066.0	2066.0
2066.0	2066.0
2066.0	2065.0
2063.0	2065.0
2065.0	2064.0
2065.0	2064.0
2068.0	2067.0
2066.0	2065.0
2064.0	2067.0
2063.0	2064.0
2067.0	2071.0
2066.0	2066.0
2066.0	2068.0
2065.0	2067.0
2068.0	2070.0
2063.0	2065.0
2065.0	2062.0
2066.0	2064.0
2066.0	2065.0
2064.0	2065.0
2066.0	2065.0
2069.0	2064.0
2066.0	2066.0
2064.0	2066.0
2064.0	2064.0
2066.0	2064.0
2064.0	2065.0
2066.0	2062.0
2068.0	2069.0
2066.0	2066.0
2064.0	2064.0
2065.0	2065.0
2061.0	2067.0
2067.0	2072.0
2065.0	2066.0
2066.0	2065.0
2065.0	2066.0
2065.0	2065.0
2071.0	2068.0
2066.0	2066.0
2068.0	2066.0
2067.0	2067.0
2066.0	2063.0
2065.0	2065.0
2065.0	2065.0
2066.0	2067.0
2066.0	2064.0
2065.0	2067.0
2065.0	2063.0
2066.0	2068.0
2065.0	2060.0
2066.0	2064.0
2066.0	2065.0
2065.0	2066.0
2065.0	2064.0
2067.0	2067.0
2065.0	2061.0
2065.0	2066.0
2066.0	2064.0
2063.0	2067.0
2066.0	2065.0
2063.0	2064.0
2067.0	2081.0
2066.0	2065.0
2066.0	2066.0
2062.0	2064.0
2065.0	2066.0
2062.0	2065.0
2069.0	2071.0
2065.0	2063.0
2066.0	2065.0
2065.0	2065.0
2066.0	2065.0
2068.0	2067.0
2064.0	2067.0
2065.0	2065.0
2065.0	2063.0
2064.0	2066.0
2066.0	2067.0
2071.0	2068.0
2066.0	2069.0
2064.0	2066.0
2067.0	2066.0
2066.0	2065.0
2067.0	2066.0
2067.0	2064.0
2065.0	2069.0
2065.0	2064.0
2064.0	2063.0
2065.0	2064.0
2064.0	2067.0
2066.0	2063.0
2066.0	2069.0
2066.0	2065.0
2064.0	2065.0
2064.0	2065.0
2064.0	2066.0
2068.0	2077.0
2067.0	2063.0
2065.0	2064.0
2067.0	2068.0
2066.0	2064.0
2078.0	2066.0
